0.3010299956639812  9054
0.47712125471966244  8389
0.6020599913279624  9849
0.6989700043360189  8985
0.7781512503836436  9008
0.8450980400142568  8922
0.9030899869919435  9023
0.9542425094393249  8521
1.0  8600
1.0413926851582251  8769
1.0791812460476249  8219
1.1139433523068367  10520
1.146128035678238  9159
1.1760912590556813  8279
1.2041199826559248  8406
1.2304489213782739  9146
1.255272505103306  9294
1.2787536009528289  8827
1.3010299956639813  8806
1.3222192947339193  7839
1.3424226808222062  8814
1.3617278360175928  7176
1.380211241711606  7264
1.3979400086720377  6068
1.414973347970818  5903
1.4313637641589874  4862
1.4471580313422192  4568
1.462397997898956  3942
1.4771212547196624  4352
1.4913616938342726  4252
1.505149978319906  4055
1.5185139398778875  4448
1.5314789170422551  3746
1.5440680443502757  4151
1.5563025007672873  3661
1.568201724066995  4035
1.5797835966168101  3859
1.591064607026499  3778
1.6020599913279623  3860
1.6127838567197355  3447
1.6232492903979006  3848
1.6334684555795864  3714
1.6434526764861874  4191
1.6532125137753437  4000
1.662757831681574  3949
1.6720978579357175  3870
1.6812412373755872  3941
1.6901960800285136  3608
1.6989700043360187  4217
1.7075701760979363  3992
1.7160033436347992  4060
1.724275869600789  4036
1.7323937598229686  4033
1.7403626894942439  4064
1.7481880270062005  4017
1.7558748556724915  4271
1.7634279935629373  3965
1.7708520116421442  4373
1.7781512503836436  3720
1.7853298350107671  3946
1.792391689498254  3695
1.7993405494535817  4352
1.806179973983887  3895
1.8129133566428555  4333
1.8195439355418688  4099
1.8260748027008264  4082
1.8325089127062364  4553
1.8388490907372552  3972
1.845098040014257  3812
1.8512583487190752  3545
1.8573324964312685  3771
1.863322860120456  3943
1.8692317197309762  3719
1.8750612633917  4142
1.8808135922807914  3541
1.8864907251724818  3644
1.8920946026904804  3957
1.8976270912904414  3931
1.9030899869919435  3790
1.9084850188786497  4233
1.9138138523837167  3642
1.919078092376074  3542
1.9242792860618816  4071
1.9294189257142926  4030
1.9344984512435677  3995
1.9395192526186185  3600
1.9444826721501687  3848
1.9493900066449128  4035
1.954242509439325  4119
1.9590413923210936  4136
1.9637878273455553  3557
1.968482948553935  4182
1.9731278535996986  3880
1.9777236052888478  3569
1.9822712330395684  3954
1.9867717342662448  3958
1.9912260756924949  3844
1.99563519459755  3794
2.0  3965
2.0043213737826426  3726
2.0086001717619175  4303
2.012837224705172  3899
2.0170333392987803  4192
2.0211892990699383  4152
2.0253058652647704  3683
2.0293837776852097  4131
2.03342375548695  3318
2.037426497940624  4427
2.041392685158225  4049
2.0453229787866576  3578
2.0492180226701815  4174
2.0530784434834195  3397
2.0569048513364727  4145
2.060697840353612  3985
2.0644579892269186  3834
2.0681858617461617  3899
2.0718820073061255  4256
2.0755469613925306  3540
2.0791812460476247  4254
2.0827853703164503  3807
2.0863598306747484  4148
2.089905111439398  4354
2.093421685162235  3162
2.0969100130080562  4038
2.100370545117563  3856
2.103803720955957  4146
2.1072099696478683  4203
2.110589710299249  4405
2.113943352306837  4364
2.1172712956557644  4676
2.12057393120585  3964
2.123851640967086  3926
2.1271047983648077  4163
2.130333768495006  3742
2.1335389083702174  3395
2.1367205671564067  3871
2.1398790864012365  3861
2.143014800254095  4030
2.146128035678238  3798
2.1492191126553797  3733
2.1522883443830563  3394
2.155336037465062  4453
2.1583624920952498  3984
2.161368002234975  4052
2.164352855784437  4697
2.167317334748176  3588
2.1702617153949575  4614
2.173186268412274  3694
2.1760912590556813  3813
2.1789769472931693  4305
2.1818435879447726  3884
2.184691430817599  3974
2.187520720836463  3895
2.1903316981702914  3767
2.1931245983544616  3663
2.1958996524092336  4033
2.1986570869544226  4876
2.2013971243204513  4039
2.2041199826559246  4164
2.2068258760318495  3453
2.2095150145426308  3900
2.2121876044039577  4001
2.214843848047698  4001
2.2174839442139063  4119
2.220108088040055  4454
2.2227164711475833  3963
2.225309281725863  3790
2.2278867046136734  3737
2.230448921378274  3775
2.2329961103921536  3973
2.2355284469075487  4393
2.2380461031287955  3946
2.2405492482826  4209
2.2430380486862944  4314
2.24551266781415  3718
2.247973266361807  4313
2.250420002308894  3979
2.2528530309798933  3731
2.255272505103306  4288
2.2576785748691846  4173
2.2600713879850747  3534
2.2624510897304293  3614
2.2648178230095364  3649
2.2671717284030137  3907
2.2695129442179165  4044
2.271841606536499  3921
2.27415784926368  4621
2.2764618041732443  4212
2.278753600952829  4143
2.2810333672477277  3524
2.2833012287035497  3830
2.285557309007774  3530
2.287801729930226  3907
2.290034611362518  4087
2.292256071356476  3439
2.294466226161593  4169
2.296665190261531  3711
2.298853076409707  3730
2.3010299956639813  4039
2.303196057420489  3840
2.305351369446624  4008
2.307496037913213  3898
2.3096301674258988  3823
2.311753861055754  3682
2.3138672203691533  4097
2.315970345456918  3948
2.3180633349627615  3867
2.3201462861110542  4072
2.322219294733919  3471
2.3242824552976926  3922
2.326335860928751  4151
2.3283796034387376  4320
2.330413773349191  3705
2.3324384599156054  4285
2.3344537511509307  4008
2.3364597338485296  3931
2.3384564936046046  4103
2.3404441148401185  3644
2.342422680822206  3920
2.3443922736851106  4099
2.346352974450639  4380
2.3483048630481607  3960
2.3502480183341627  3708
2.3521825181113627  4330
2.3541084391474008  3764
2.3560258571931225  3723
2.357934847000454  3844
2.359835482339888  4076
2.361727836017593  3482
2.3636119798921444  4048
2.3654879848909  3949
2.367355921026019  3689
2.369215857410143  3625
2.3710678622717363  3425
2.3729120029701067  4222
2.374748346010104  3912
2.376576957056512  3574
2.3783979009481375  3704
2.380211241711606  3698
2.3820170425748683  4022
2.383815365980431  3867
2.385606273598312  3474
2.387389826338729  4230
2.3891660843645326  4113
2.3909351071033793  4153
2.392696953259666  4062
2.3944516808262164  3686
2.3961993470957363  3821
2.3979400086720375  3886
2.399673721481038  4361
2.401400540781544  4047
2.403120521175818  4088
2.404833716619938  3850
2.406540180433955  3674
2.4082399653118496  4116
2.4099331233312946  4018
2.41161970596323  3389
2.413299764081252  4235
2.4149733479708178  4336
2.416640507338281  4326
2.4183012913197452  4618
2.419955748489758  3538
2.4216039268698313  4488
2.423245873936808  3925
2.424881636631067  3984
2.4265112613645754  3790
2.428134794028789  4094
2.429752280002408  3640
2.4313637641589874  4061
2.432969290874406  4060
2.4345689040341987  3779
2.436162647040756  3598
2.437750562820388  3874
2.439332693830263  3870
2.4409090820652177  3399
2.4424797690644486  4104
2.444044795918076  4187
2.4456042032735974  3600
2.4471580313422194  4408
2.44870631990508  4159
2.450249108319361  4169
2.45178643552429  3787
2.4533183400470375  3787
2.45484486000851  4043
2.456366033129043  3902
2.4578818967339924  3682
2.459392487759231  3545
2.4608978427565478  4140
2.462397997898956  3950
2.4638929889859074  3927
2.4653828514484184  4091
2.4668676203541096  3982
2.4683473304121573  4033
2.469822015978163  3965
2.4712917110589387  3732
2.4727564493172123  3921
2.4742162640762553  3936
2.4756711883244296  4176
2.4771212547196626  4381
2.4785664955938436  3793
2.4800069429571505  3443
2.481442628502305  3916
2.482873583608754  4503
2.484299839346786  3912
2.48572142648158  4564
2.4871383754771865  3695
2.4885507165004443  3664
2.4899584794248346  4075
2.4913616938342726  3451
2.4927603890268375  3825
2.494154594018443  4280
2.4955443375464483  3579
2.496929648073215  3677
2.4983105537896004  3793
2.499687082618404  3823
2.5010592622177517  3892
2.5024271199844326  4042
2.503790683057181  3697
2.505149978319906  4222
2.506505032404872  4178
2.507855871695831  4069
2.509202522331103  3881
2.510545010206612  4199
2.5118833609788744  3791
2.513217600067939  3571
2.514547752660286  4245
2.515873843711679  4274
2.5171958979499744  3969
2.5185139398778875  3778
2.519827993775719  3934
2.5211380837040362  3578
2.5224442335063197  4211
2.5237464668115646  3250
2.525044807036845  4088
2.526339277389844  4225
2.5276299008713385  3612
2.5289167002776547  3977
2.530199698203082  4029
2.531478917042255  3756
2.5327543789924976  3223
2.534026106056135  4350
2.5352941200427703  3812
2.53655844257153  3948
2.537819095073274  4125
2.5390760987927767  4123
2.5403294747908736  3738
2.5415792439465807  4138
2.5428254269591797  3782
2.5440680443502757  4452
2.545307116465824  4010
2.546542663478131  3933
2.5477747053878224  3989
2.5490032620257876  4371
2.550228353055094  3692
2.5514499979728753  4099
2.552668216112193  4176
2.5538830266438746  3821
2.5550944485783194  3761
2.5563025007672873  4004
2.5575072019056577  4098
2.558708570533166  3743
2.5599066250361124  4228
2.561101383649056  3199
2.5622928644564746  3484
2.5634810853944106  3946
2.5646660642520893  4128
2.5658478186735176  3595
2.56702636615906  3906
2.568201724066995  3701
2.569373909615046  3906
2.5705429398818973  3975
2.571708831808688  3958
2.5728716022004803  3973
2.574031267727719  3948
2.575187844927661  4433
2.576341350205793  4021
2.5774917998372255  3865
2.578639209968072  4134
2.57978359661681  4352
2.5809249756756194  3871
2.582063362911709  3868
2.583198773968623  4134
2.584331224367531  3990
2.5854607295085006  3883
2.586587304671755  3772
2.5877109650189114  3955
2.5888317255942073  4098
2.5899496013257077  3713
2.591064607026499  3485
2.5921767573958667  4197
2.593286067020457  3895
2.5943925503754266  3767
2.595496221825574  3988
2.59659709562646  4158
2.597695185925512  4075
2.598790506763115  3722
2.5998830720736876  4263
2.6009728956867484  4015
2.6020599913279625  3580
2.603144372620182  3996
2.60422605308447  3465
2.6053050461411096  3909
2.606381365110605  4168
2.6074550232146687  3561
2.6085260335771943  4049
2.60959440922522  4693
2.61066016308988  3913
2.611723308007342  3789
2.6127838567197355  4246
2.6138418218760693  3367
2.6148972160331345  4683
2.615950051656401  3710
2.617000341120899  3470
2.6180480967120925  3922
2.6190933306267428  4246
2.6201360549737576  3813
2.621176281775035  4216
2.622214022966295  3802
2.6232492903979003  4532
2.6242820958356683  3691
2.625312450961674  3871
2.6263403673750423  4135
2.6273658565927325  3977
2.6283889300503116  3916
2.629409599102719  3988
2.630427875025024  4111
2.6314437690131722  3689
2.6324572921847245  4051
2.6334684555795866  4209
2.6344772701607315  4229
2.635483746814912  4317
2.6364878963533656  4087
2.637489729512511  3758
2.6384892569546374  3865
2.639486489268586  3935
2.640481436970422  3876
2.6414741105040997  4089
2.6424645202421213  4380
2.6434526764861874  4071
2.6444385894678386  4020
2.645422269349092  4102
2.6464037262230695  3659
2.6473829701146196  3636
2.6483600109809315  3948
2.649334858712142  4042
2.6503075231319366  3882
2.651278013998144  3888
2.6522463410033232  3791
2.6532125137753435  3856
2.6541765418779604  4020
2.655138434811382  4443
2.656098202012832  3527
2.6570558528571038  3923
2.6580113966571126  3962
2.658964842664435  3965
2.6599162000698504  4137
2.660865478003869  4201
2.661812685537261  3967
2.662757831681574  3876
2.663700925389648  3576
2.6646419755561257  4463
2.6655809910179533  3836
2.6665179805548807  4060
2.667452952889954  3825
2.66838591669  4138
2.6693168805661123  3914
2.670245853074124  4060
2.6711728427150834  4051
2.6720978579357175  4162
2.673020907128896  3786
2.673941998634088  3667
2.6748611407378116  4259
2.6757783416740852  3609
2.6766936096248664  3871
2.677606952720493  3923
2.678518379040114  3634
2.6794278966121188  3776
2.680335513414563  3820
2.681241237375587  4438
2.682145076373832  3893
2.6830470382388496  4364
2.683947130751512  3969
2.6848453616444123  3991
2.6857417386022635  4557
2.6866362692622934  4198
2.6875289612146345  3779
2.6884198220027105  4243
2.6893088591236203  4453
2.690196080028514  4206
2.6910814921229687  3620
2.69196510276736  4022
2.69284691927723  3787
2.693726948923647  4367
2.694605198933569  3634
2.6954816764901977  4487
2.696356388733332  3629
2.6972293427597176  4447
2.6981005456233897  4452
2.6989700043360187  4031
2.699837725867246  3341
2.7007037171450192  3904
2.7015679850559273  3941
2.7024305364455254  3956
2.7032913781186614  3781
2.7041505168397992  4454
2.705007959333336  3991
2.7058637122839193  4427
2.7067177823367587  4365
2.7075701760979363  3615
2.708420900134713  3516
2.709269960975831  4180
2.7101173651118162  4006
2.710963118995276  3850
2.711807229041191  3360
2.7126497016272113  3991
2.7134905430939424  4196
2.714329759745233  4163
2.7151673578484576  3646
2.716003343634799  3553
2.7168377232995247  4129
2.717670503002262  3822
2.718501688867274  4010
2.7193312869837265  3820
2.720159303405957  4312
2.7209857441537393  3919
2.7218106152125467  4074
2.722633922533812  3763
2.7234556720351857  3789
2.724275869600789  3815
2.725094521081469  4102
2.7259116322950483  4333
2.7267272090265724  3826
2.727541257028556  4101
2.7283537820212285  3498
2.72916478969277  3751
2.7299742856995555  4193
2.7307822756663893  3988
2.7315887651867388  4126
2.7323937598229686  4399
2.7331972651065692  3576
2.733999286538387  4391
2.734799829588847  3612
2.73559889969818  3887
2.7363965022766426  4005
2.7371926427047373  3713
2.737987326333431  4022
2.738780558484369  3954
2.739572344450092  3910
2.7403626894942437  4141
2.741151598851785  3825
2.741939077729199  3956
2.7427251313046983  4246
2.74350976472843  3363
2.7442929831226763  3580
2.7450747915820575  3748
2.745855195173729  3923
2.7466341989375787  4133
2.747411807886423  3877
2.7481880270062002  3716
2.7489628612561616  4620
2.749736315569061  3859
2.7505083948513462  3668
2.751279103983342  3746
2.7520484478194387  4013
2.7528164311882715  3655
2.7535830588929064  4001
2.754348335711019  3863
2.7551122663950713  3935
2.7558748556724915  4008
2.756636108245848  4287
2.7573960287930244  3799
2.75815462196739  3924
2.7589118923979736  4040
2.7596678446896306  4067
2.760422483423212  3803
2.7611758131557314  3954
2.761927838420529  3987
2.762678563727436  3571
2.7634279935629373  3654
2.7641761323903307  3966
2.7649229846498886  3833
2.765668554759014  4161
2.7664128471123997  3542
2.7671558660821804  3973
2.767897616018091  3586
2.7686381012476144  3692
2.7693773260761385  3875
2.7701152947871015  3587
2.7708520116421442  4155
2.7715874808812555  3916
2.77232170672292  3754
2.7730546933642626  3722
2.7737864449811935  3327
2.7745169657285498  3790
2.7752462597402365  3977
2.775974331129369  4174
2.776701183988411  3993
2.7774268223893115  4286
2.7781512503836434  3624
2.7788744720027396  3620
2.7795964912578244  3771
2.780317312140151  3982
2.7810369386211318  3985
2.781755374652469  3809
2.782472624166286  3984
2.7831886910752575  3934
2.783903579272735  3976
2.784617292632875  3970
2.785329835010767  4174
2.786041210242554  4103
2.7867514221455614  3637
2.787460474518415  3725
2.788168371141168  3719
2.788875115775417  3955
2.7895807121644256  3910
2.7902851640332416  4286
2.790988475088816  3941
2.791690649020118  3943
2.792391689498254  4449
2.79309160017658  3859
2.7937903846908188  3725
2.7944880466591697  3752
2.795184589682424  4137
2.7958800173440754  3877
2.7965743332104296  3937
2.7972675408307164  4032
2.797959643737196  3911
2.798650645445269  4164
2.7993405494535817  3976
2.8000293592441343  3403
2.800717078282385  3880
2.801403710017355  3628
2.802089257881733  3992
2.8027737252919755  3728
2.803457115648414  4028
2.8041394323353503  4007
2.8048206787211623  3591
2.8055008581584002  4396
2.806179973983887  4063
2.8068580295188172  4090
2.807535028068853  4123
2.808210972924222  3757
2.808885867359812  4163
2.8095597146352675  3715
2.8102325179950842  3385
2.8109042806687006  3970
2.8115750058705933  3964
2.812244696800369  3990
2.8129133566428557  3829
2.813580988568192  4226
2.81424759573192  4033
2.814913181275074  3818
2.815577748324267  4068
2.816241299991783  3932
2.8169038393756605  3404
2.8175653695597807  4001
2.8182258936139557  3715
2.8188854145940097  3997
2.8195439355418688  4034
2.82020145948564  3755
2.8208579894397  3907
2.821513528404773  4222
2.8221680793680175  3729
2.8228216453031045  3947
2.823474229170301  4074
2.824125833916549  3698
2.824776462475546  3998
2.8254261177678233  3769
2.8260748027008264  4009
2.826722520168992  3707
2.8273692730538253  4071
2.828015064223977  4057
2.82865989653532  3881
2.829303772831025  4300
2.829946695941636  3787
2.8305886686851442  3634
2.8312296938670634  3525
2.8318697742805017  4443
2.832508912706236  3773
2.833147111912785  4017
2.833784374656479  3626
2.8344207036815328  4408
2.835056101720116  3610
2.8356905714924254  4361
2.8363241157067516  4240
2.8369567370595505  4329
2.837588438235511  4378
2.8382192219076257  4105
2.838849090737255  3694
2.8394780473741985  4322
2.840106094456758  3406
2.8407332346118066  4557
2.841359470454855  3840
2.8419848045901137  3810
2.842609239610562  3596
2.8432327780980096  3875
2.843855422623161  4366
2.8444771757456815  4054
2.845098040014257  4160
2.8457180179666586  3656
2.846337112129805  4065
2.846955325019824  4237
2.847572659142112  4038
2.848189116991399  4364
2.8488047010518036  3733
2.8494194137968996  3859
2.850033257689769  4043
2.8506462351830666  3576
2.8512583487190755  4548
2.851869600729766  4105
2.8524799936368566  4391
2.8530895298518657  4160
2.8536982117761744  3716
2.8543060418010806  4074
2.8549130223078554  4602
2.8555191556678  3551
2.8561244442423  3976
2.8567288903828825  4057
2.8573324964312685  4164
2.857935264719429  3491
2.858537197569639  4353
2.859138297294531  3658
2.859738566197147  3990
2.8603380065709936  3973
2.8609366207000937  3839
2.8615344108590377  3952
2.862131379313037  4569
2.8627275283179747  3668
2.863322860120456  4027
2.8639173769578603  4162
2.864511081058392  4076
2.8651039746411278  4030
2.8656960599160706  4538
2.8662873390841948  3954
2.866877814337499  4467
2.8674674878590514  3840
2.8680563618230415  3744
2.8686444383948255  4468
2.8692317197309762  4136
2.869818207979328  3484
2.870403905279027  3719
2.8709888137605755  3693
2.8715729355458786  4245
2.8721562727482928  3644
2.8727388274726686  3683
2.873320601815399  3772
2.8739015978644615  3669
2.8744818176994666  4147
2.8750612633917  3805
2.8756399370041685  3764
2.876217840591642  3941
2.8767949762007006  4074
2.877371345869774  3603
2.8779469516291885  3706
2.8785217955012063  4509
2.8790958795000727  4356
2.8796692056320534  3986
2.88024177589548  4197
2.8808135922807914  3981
2.8813846567705728  3778
2.8819549713396007  4043
2.8825245379548803  3788
2.8830933585756897  4108
2.8836614351536176  3623
2.884228769632604  3969
2.884795363948981  4047
2.885361220031512  3853
2.885926339801431  3332
2.886490725172482  4177
2.8870543780509568  3913
2.887617300335736  4300
2.888179493918325  3526
2.8887409606828927  4256
2.88930170250631  3678
2.8898617212581885  3837
2.890421018800914  3967
2.890979596989689  4128
2.8915374576725643  3655
2.8920946026904804  4042
2.8926510338773004  4034
2.893206753059848  4481
2.8937617620579434  4008
2.8943160626844384  4257
2.8948696567452528  3711
2.895422546039408  4113
2.8959747323590648  4068
2.8965262174895554  4107
2.89707700320942  3232
2.8976270912904414  4196
2.8981764834976764  4267
2.8987251815894934  4114
2.8992731873176036  3867
2.8998205024270964  3524
2.9003671286564705  4161
2.900913067737669  3729
2.9014583213961123  3651
2.9020028913507296  3644
2.902546779313991  3773
2.9030899869919438  4636
2.9036325160842376  3885
2.9041743682841634  3765
2.904715545278681  3779
2.905256048748451  4391
2.9057958803678687  4075
2.906335041805091  3790
2.90687353472207  4286
2.907411360774586  3447
2.9079485216122722  3542
2.90848501887865  3934
2.909020854211156  3589
2.9095560292411755  4316
2.910090545594068  3778
2.910624404889201  4099
2.9111576087399764  3839
2.9116901587538613  4113
2.9122220565324155  3988
2.912753303671323  4082
2.9132839017604186  3575
2.9138138523837167  4195
2.9143431571194407  3449
2.9148718175400505  3887
2.91539983521227  3896
2.9159272116971158  4038
2.916453948549925  3811
2.9169800473203824  3625
2.9175055095525466  4144
2.9180303367848803  3883
2.9185545305502734  3966
2.9190780923760737  4068
2.919601023784111  4265
2.920123326290724  3415
2.9206450014067875  3603
2.921166050637739  3927
2.921686475483602  3989
2.9222062774390163  3893
2.92272545799326  4035
2.9232440186302764  4100
2.9237619608287004  3932
2.9242792860618816  4025
2.924795995797912  4404
2.9253120914996495  4116
2.9258275746247424  3826
2.926342446625655  4233
2.926856708949692  3809
2.9273703630390235  3876
2.9278834103307068  4458
2.9283958522567137  4074
2.928907690243953  4221
2.929418925714293  3911
2.929929560084588  3912
2.9304395947667  3943
2.930949031167523  4296
2.931457870689005  4088
2.931966114728173  4192
2.932473764677153  4015
2.932980821923198  4435
2.9334872878487053  4103
2.9339931638312424  3968
2.934498451243568  4289
2.935003151453655  3665
2.9355072658247128  4385
2.9360107957152097  4342
2.936513742478893  3620
2.9370161074648142  3811
2.937517892017347  4362
2.9380190974762104  3839
2.938519725176492  3751
2.9390197764486663  4117
2.9395192526186187  4173
2.9400181550076634  4417
2.940516484932567  4021
2.9410142437055695  3998
2.941511432634403  3648
2.942008053022313  4043
2.9425041061680806  3567
2.9429995933660407  3213
2.9434945159061026  4196
2.9439888750737717  4195
2.9444826721501687  3672
2.9449759084120477  3997
2.94546858513182  4226
2.9459607035775686  4011
2.946452265013073  4170
2.9469432706978256  3369
2.9474337218870508  3994
2.9479236198317262  3978
2.948412965778601  3924
2.9489017609702137  4099
2.949390006644913  3646
2.949877704036875  3882
2.950364854376123  4124
2.9508514588885464  3762
2.951337518795918  4312
2.951823035315912  3761
2.9523080096621253  3611
2.952792443044092  3985
2.9532763366673045  4024
2.9537596917332287  3869
2.9542425094393248  3468
2.954724790979063  4225
2.9552065375419416  4386
2.9556877503135057  4138
2.9561684304753633  3657
2.9566485792052033  4265
2.957128197676813  4017
2.957607287060095  4283
2.958085848521085  4133
2.9585638832219674  4088
2.9590413923210934  3702
2.9595183769729982  3830
2.959994838328416  3524
2.960470777534299  4352
2.960946195733831  3833
2.9614210940664485  4293
2.9618954736678504  3600
2.962369335670021  3933
2.9628426812012423  3866
2.9633155113861114  4033
2.963787827345555  4156
2.964259630196849  3765
2.9647309210536292  4176
2.965201701025912  3861
2.9656719712201065  3862
2.9661417327390325  3692
2.966610986681934  3854
2.967079734144497  4235
2.967547976218862  4354
2.968015713993642  3903
2.9684829485539352  3806
2.9689496809813427  4102
2.9694159123539814  3669
2.9698816437465  4412
2.9703468762300935  4227
2.9708116108725178  3602
2.971275848738105  4473
2.971739590887778  4252
2.9722028383790646  3803
2.972665592266111  3842
2.9731278535996988  4188
2.973589623427257  3822
2.9740509027928774  4235
2.9745116927373285  4146
2.974971994298069  3518
2.975431808509263  4006
2.975891136401793  3721
2.9763499790032735  3493
2.976808337338066  3878
2.977266212427293  3915
2.9777236052888476  4020
2.978180516937414  4020
2.9786369483844743  3768
2.979092900638326  4326
2.979548374704095  4305
2.9800033715837464  3672
2.9804578922761  3691
2.9809119377768436  4213
2.9813655090785445  3738
2.9818186071706636  3662
2.9822712330395684  3935
2.9827233876685453  3550
2.983175072037813  4538
2.9836262871245345  3739
2.984077033902831  4340
2.9845273133437926  4035
2.9849771264154934  4154
2.9854264740830017  3716
2.9858753573083936  4410
2.986323777050765  4174
2.9867717342662448  3464
2.9872192299080047  3733
2.9876662649262746  3617
2.988112840268352  3828
2.9885589568786157  3953
2.989004615698537  3943
2.9894498176666917  3734
2.989894563718773  4242
2.9903388547876015  3915
2.9907826918031377  3719
2.9912260756924947  4318
2.9916690073799486  4252
2.9921114877869495  3776
2.9925535178321354  3767
2.9929950984313414  3491
2.9934362304976116  4227
2.993876914941211  4037
2.9943171526696366  3864
2.9947569445876283  3833
2.9951962915971793  3889
2.99563519459755  3715
2.9960736544852753  3932
2.9965116721541785  4314
2.996949248495381  4218
2.997386384397313  4016
2.9978230807457256  4056
2.998259338423699  3898
2.998695158311656  4017
2.999130541287371  3808
2.9995654882259823  4240
3.0  3710
3.000434077479319  3795
3.0008677215312267  3769
3.0013009330204183  4044
3.0017337128090005  3721
3.002166061756508  3747
3.0025979807199086  3607
3.003029470553618  4045
3.0034605321095067  4033
3.0038911662369103  3701
3.0043213737826426  4339
3.004751155591001  4207
3.0051805125037805  3758
3.0056094453602804  3542
3.0060379549973173  4177
3.0064660422492318  3612
3.0068937079479006  3750
3.0073209529227447  3578
3.00774777800074  4085
3.0081741840064264  4423
3.0086001717619175  3887
3.0090257420869104  3909
3.009450895798694  4297
3.00987563371216  3402
3.010299956639812  3934
3.010723865391773  3633
3.0111473607757975  4264
3.0115704435972783  4066
3.011993114659257  3821
3.012415374762433  4217
3.012837224705172  4280
3.0132586652835167  3970
3.0136796972911926  4339
3.0141003215196207  3862
3.0145205387579237  3542
3.0149403497929366  3949
3.0153597554092144  3947
3.015778756389041  4023
3.016197353512439  4073
3.016615547557177  3978
3.0170333392987803  3614
3.017450729510536  3787
3.0178677189635055  4198
3.018284308426531  4452
3.0187004986662433  3755
3.019116290447073  3750
3.0195316845312554  4035
3.0199466816788423  3612
3.0203612826477078  4087
3.020775488193558  4215
3.0211892990699383  3579
3.021602716028242  4253
3.02201573981772  4168
3.0224283711854865  3996
3.022840610876528  3437
3.0232524596337114  4068
3.0236639181977933  3790
3.024074987307426  3759
3.024485667699167  4716
3.024895960107485  4002
3.0253058652647704  3509
3.025715383901341  3974
3.0261245167454502  4182
3.0265332645232967  4167
3.0269416279590295  3958
3.0273496077747564  3808
3.0277572046905536  4087
3.0281644194244697  4559
3.0285712526925375  4478
3.028977705208778  3511
3.0293837776852097  3796
3.029789470831856  4101
3.030194785356751  3767
3.030599721965951  3565
3.0310042813635367  4021
3.031408464251624  3905
3.0318122713303706  3598
3.0322157032979815  3837
3.03261876085072  3627
3.0330214446829107  4040
3.03342375548695  3740
3.03382569395331  3712
3.0342272607705505  3682
3.0346284566253203  4143
3.0350292822023683  3571
3.0354297381845483  4444
3.035829825252828  3828
3.0362295440862948  3780
3.036628895362161  3885
3.037027879755775  3971
3.037426497940624  4094
3.037824750588342  3984
3.0382226383687185  3854
3.038620161949703  3932
3.039017321997412  3608
3.0394141191761372  3432
3.0398105541483504  3841
3.0402066275747113  3675
3.040602340114073  4261
3.0409976924234905  3835
3.041392685158225  3943
3.041787318971752  4235
3.042181594515766  3864
3.0425755124401905  3693
3.0429690733931802  3859
3.0433622780211294  3757
3.0437551269686796  4402
3.044147620878723  4117
3.044539760392411  3931
3.04493154614916  4334
3.0453229787866576  3830
3.0457140589408676  3847
3.0461047872460387  4169
3.0464951643347082  4114
3.04688519083771  3807
3.0472748673841794  3519
3.04766419460156  3871
3.048053173115609  3666
3.0484418035504044  3864
3.04883008652835  3902
3.0492180226701815  3969
3.049605612594973  3766
3.0499928569201424  3749
3.050379756261458  3921
3.0507663112330423  3970
3.0511525224473814  3615
3.0515383905153275  3164
3.0519239160461065  3787
3.0523090996473234  3849
3.052693941924968  3651
3.0530784434834195  3913
3.053462604925455  3699
3.0538464268522527  3730
3.0542299098633974  3517
3.0546130545568877  4197
3.0549958615291417  3647
3.055378331375  3683
3.0557604646877348  3753
3.056142262059052  3556
3.0565237240791006  3836
3.0569048513364727  3888
3.0572856444182146  3585
3.0576661039098294  3411
3.0580462303952816  3720
3.058426024457005  3540
3.0588054866759067  3391
3.059184617631371  3691
3.0595634179012676  3736
3.059941888061955  3723
3.060320028688285  3931
3.060697840353612  3449
3.0610753236297916  3947
3.061452479087193  3489
3.061829307294699  3639
3.0622058088197126  3863
3.062581984228163  3503
3.0629578340845103  3634
3.0633333589517497  3208
3.0637085593914173  3670
3.064083435963596  3379
3.0644579892269186  3124
3.064832219738574  3628
3.065206128054312  3621
3.0655797147284485  3533
3.06595298031387  3395
3.0663259253620376  3517
3.0666985504229953  3397
3.0670708560453703  3606
3.0674428427763805  3187
3.0678145111618402  3154
3.0681858617461617  3813
3.068556895072363  3358
3.068927611682072  3612
3.0692980121155293  3046
3.0696680969115957  3430
3.070037866607755  3254
3.0704073217401198  3696
3.0707764628434346  3290
3.0711452904510828  3338
3.071513805095089  3457
3.0718820073061255  3432
3.072249897613515  3490
3.0726174765452368  3376
3.0729847446279304  3314
3.073351702386901  3260
3.0737183503461227  3507
3.074084689028244  3646
3.074450718954591  3164
3.074816440645175  3053
3.0751818546186915  3222
3.0755469613925306  3058
3.0759117614827773  3230
3.076276255404218  3264
3.076640443670342  3170
3.0770043267933502  3093
3.0773679052841563  2650
3.077731179652392  3081
3.0780941504064105  3133
3.0784568180532927  3204
3.0788191830988487  2942
3.0791812460476247  3109
3.079543007402906  3024
3.079904467666721  2822
3.0802656273398448  3053
3.0806264869218056  2924
3.080987046910887  2876
3.0813473078041325  3172
3.081707270097349  3109
3.082066934285113  2851
3.0824263008607717  2903
3.0827853703164503  3155
3.0831441431430524  2572
3.0835026198302673  2743
3.083860800866573  2815
3.0842186867392387  2953
3.084576277934331  2892
3.084933574936716  2826
3.085290578230065  2788
3.0856472882968564  2559
3.0860037056183818  2710
3.0863598306747484  2672
3.0867156639448825  2463
3.0870712059065353  2325
3.0874264570362855  2434
3.087781417809542  2425
3.0881360887005513  2669
3.0884904701823963  2507
3.088844562727004  2725
3.089198366805149  2515
3.089551882886454  2247
3.089905111439398  2511
3.090258052931316  2404
3.090610707828407  2243
3.0909630765957314  2359
3.091315159697223  2463
3.0916669575956846  2341
3.092018470752797  2214
3.0923696996291206  2034
3.0927206446840994  1992
3.0930713063760633  2012
3.093421685162235  2020
3.09377178149873  2012
3.0941215958405612  1833
3.094471128641645  1935
3.0948203803548  2057
3.095169351431755  1778
3.095518042323151  1816
3.0958664534785427  1733
3.0962145853464054  1875
3.0965624383741357  1821
3.0969100130080562  1742
3.09725730969342  1606
3.097604328874411  1668
3.09795107099415  1775
3.0982975364946976  1577
3.098643725817057  1436
3.0989896394011773  1467
3.0993352776859577  1403
3.09968064110925  1401
3.1000257301078626  1373
3.100370545117563  1304
3.1007150865730817  1338
3.1010593549081156  1251
3.101403350555331  1280
3.1017470739463664  1285
3.1020905255118367  1192
3.1024337056813365  984
3.1027766148834415  969
3.1031192535457137  1085
3.103461622094705  1183
3.103803720955957  1093
3.104145550554008  1030
3.104487111312395  1043
3.1048284036536553  879
3.1051694279993316  868
3.1055101847699738  925
3.1058506743851435  826
3.1061908972634154  844
3.1065308538223815  739
3.106870544478654  736
3.1072099696478683  724
3.1075491297446862  576
3.1078880251827985  566
3.1082266563749283  623
3.1085650237328344  550
3.1089031276673134  602
3.109240968588203  532
3.1095785469043866  523
3.1099158630237933  495
3.110252917353403  465
3.110589710299249  454
3.1109262422664203  426
3.1112625136590655  356
3.111598524880394  379
3.1119342763326814  348
3.1122697684172707  348
3.1126050015345745  354
3.11293997608408  301
3.1132746924643504  277
3.1136091510730277  238
3.113943352306837  243
3.1142772965615864  250
3.114610984232173  228
3.1149444157125847  243
3.1152775913959014  200
3.1156105116742996  184
3.115943176939055  174
3.116275587580544  173
3.1166077439882485  169
3.116939646550756  117
3.1172712956557644  113
3.117602691690084  104
3.1179338350396413  118
3.118264726089479  82
3.118595365223762  92
3.1189257528257768  86
3.1192558892779365  82
3.119585774961784  70
3.119915410257991  77
3.1202447955463652  64
3.12057393120585  61
3.1209028176145273  77
3.1212314551496214  49
3.1215598441875008  41
3.121887985103681  38
3.1222158782728267  45
3.1225435240687545  31
3.1228709228644354  22
3.1231980750319988  30
3.123524980942732  28
3.123851640967086  19
3.124178055474675  33
3.1245042248342823  21
3.1248301494138593  17
3.12515582958053  14
3.125481265700594  14
3.125806458139527  5
3.1261314072619846  3
3.1264561134318045  13
3.126780577012009  8
3.1271047983648077  10
3.127428777851599  4
3.1277525158329733  2
3.1280760126687155  3
3.1283992687178066  5
3.128722284338427  4
3.1290450598879582  2
3.1293675957229854  2
3.129689892199301  3
3.1300119496719043  1
3.130333768495006  2
3.130655349022031  1
3.130976691605617  1
3.131297796597623  2
3.1316186643491255  1
3.1319392952104246  1
3.132899769944483  6
3.1332194567324945  3
3.1335389083702174  3
3.133858125203335  2
3.1341771075767664  1
3.1344958558346736  1
3.13481437032046  1
3.1357685145678222  1
3.1360860973840974  1
3.1367205671564067  1
3.137354111370733  1
