0.3010299956639812  60418
0.47712125471966244  48931
0.6020599913279624  56017
0.6989700043360189  51647
0.7781512503836436  54465
0.8450980400142568  52498
0.9030899869919435  52513
0.9542425094393249  56218
1.0  49735
1.0413926851582251  55709
1.0791812460476249  53980
1.1139433523068367  52909
1.146128035678238  54843
1.1760912590556813  49526
1.2041199826559248  51930
1.2304489213782739  53895
1.255272505103306  50056
1.2787536009528289  51084
1.3010299956639813  49863
1.3222192947339193  52841
1.3424226808222062  58082
1.3617278360175928  54247
1.380211241711606  49684
1.3979400086720377  53057
1.414973347970818  49021
1.4313637641589874  57164
1.4471580313422192  53433
1.462397997898956  47352
1.4771212547196624  49104
1.4913616938342726  43647
1.505149978319906  41817
1.5185139398778875  34339
1.5314789170422551  33794
1.5440680443502757  27894
1.5563025007672873  27521
1.568201724066995  22395
1.5797835966168101  17997
1.591064607026499  16696
1.6020599913279623  15201
1.6127838567197355  14191
1.6232492903979006  12957
1.6334684555795864  10967
1.6434526764861874  13561
1.6532125137753437  11506
1.662757831681574  11217
1.6720978579357175  11663
1.6812412373755872  11343
1.6901960800285136  11917
1.6989700043360187  10385
1.7075701760979363  12487
1.7160033436347992  10853
1.724275869600789  10770
1.7323937598229686  11553
1.7403626894942439  13466
1.7481880270062005  13212
1.7558748556724915  11618
1.7634279935629373  13291
1.7708520116421442  11325
1.7781512503836436  10802
1.7853298350107671  12263
1.792391689498254  10169
1.7993405494535817  13735
1.806179973983887  12199
1.8129133566428555  12488
1.8195439355418688  13589
1.8260748027008264  10341
1.8325089127062364  13170
1.8388490907372552  12594
1.845098040014257  12808
1.8512583487190752  11762
1.8573324964312685  11866
1.863322860120456  11464
1.8692317197309762  12748
1.8750612633917  10307
1.8808135922807914  12798
1.8864907251724818  12708
1.8920946026904804  9871
1.8976270912904414  13580
1.9030899869919435  11907
1.9084850188786497  12971
1.9138138523837167  9929
1.919078092376074  10480
1.9242792860618816  12110
1.9294189257142926  10463
1.9344984512435677  13928
1.9395192526186185  12208
1.9444826721501687  10879
1.9493900066449128  11619
1.954242509439325  9553
1.9590413923210936  12278
1.9637878273455553  12448
1.968482948553935  10625
1.9731278535996986  11856
1.9777236052888478  10486
1.9822712330395684  11706
1.9867717342662448  12062
1.9912260756924949  11392
1.99563519459755  11160
2.0  11205
2.0043213737826426  12450
2.0086001717619175  13152
2.012837224705172  12670
2.0170333392987803  9926
2.0211892990699383  11817
2.0253058652647704  12387
2.0293837776852097  10789
2.03342375548695  13735
2.037426497940624  12562
2.041392685158225  12248
2.0453229787866576  11612
2.0492180226701815  11100
2.0530784434834195  13447
2.0569048513364727  11572
2.060697840353612  12130
2.0644579892269186  11631
2.0681858617461617  11959
2.0718820073061255  12641
2.0755469613925306  12243
2.0791812460476247  10166
2.0827853703164503  12957
2.0863598306747484  12652
2.089905111439398  11234
2.093421685162235  11649
2.0969100130080562  13025
2.100370545117563  11902
2.103803720955957  10329
2.1072099696478683  10776
2.110589710299249  12131
2.113943352306837  12315
2.1172712956557644  12426
2.12057393120585  10155
2.123851640967086  11116
2.1271047983648077  12471
2.130333768495006  10649
2.1335389083702174  11165
2.1367205671564067  10674
2.1398790864012365  12842
2.143014800254095  10630
2.146128035678238  10241
2.1492191126553797  13087
2.1522883443830563  11817
2.155336037465062  9880
2.1583624920952498  12532
2.161368002234975  11319
2.164352855784437  11923
2.167317334748176  12318
2.1702617153949575  11004
2.173186268412274  10640
2.1760912590556813  14756
2.1789769472931693  10022
2.1818435879447726  11388
2.184691430817599  11606
2.187520720836463  10753
2.1903316981702914  10352
2.1931245983544616  11202
2.1958996524092336  11492
2.1986570869544226  11577
2.2013971243204513  11574
2.2041199826559246  13545
2.2068258760318495  11080
2.2095150145426308  12317
2.2121876044039577  11555
2.214843848047698  11949
2.2174839442139063  12493
2.220108088040055  11161
2.2227164711475833  11331
2.225309281725863  12926
2.2278867046136734  13204
2.230448921378274  11920
2.2329961103921536  12185
2.2355284469075487  12746
2.2380461031287955  10412
2.2405492482826  10164
2.2430380486862944  12246
2.24551266781415  13304
2.247973266361807  10536
2.250420002308894  10439
2.2528530309798933  11850
2.255272505103306  12060
2.2576785748691846  12896
2.2600713879850747  12047
2.2624510897304293  10173
2.2648178230095364  11443
2.2671717284030137  10275
2.2695129442179165  12937
2.271841606536499  10988
2.27415784926368  11362
2.2764618041732443  11112
2.278753600952829  9720
2.2810333672477277  9878
2.2833012287035497  11002
2.285557309007774  11489
2.287801729930226  12120
2.290034611362518  11519
2.292256071356476  9461
2.294466226161593  11494
2.296665190261531  12234
2.298853076409707  13343
2.3010299956639813  11759
2.303196057420489  12008
2.305351369446624  12262
2.307496037913213  11533
2.3096301674258988  12022
2.311753861055754  10474
2.3138672203691533  11150
2.315970345456918  12098
2.3180633349627615  10930
2.3201462861110542  12730
2.322219294733919  11303
2.3242824552976926  9874
2.326335860928751  11589
2.3283796034387376  13078
2.330413773349191  13384
2.3324384599156054  13363
2.3344537511509307  10942
2.3364597338485296  12018
2.3384564936046046  11478
2.3404441148401185  13643
2.342422680822206  13618
2.3443922736851106  13309
2.346352974450639  11181
2.3483048630481607  12367
2.3502480183341627  10502
2.3521825181113627  11277
2.3541084391474008  11997
2.3560258571931225  10978
2.357934847000454  13622
2.359835482339888  12595
2.361727836017593  10238
2.3636119798921444  11925
2.3654879848909  12501
2.367355921026019  12356
2.369215857410143  11732
2.3710678622717363  12966
2.3729120029701067  11330
2.374748346010104  13399
2.376576957056512  11598
2.3783979009481375  10028
2.380211241711606  12259
2.3820170425748683  10673
2.383815365980431  12521
2.385606273598312  10032
2.387389826338729  10790
2.3891660843645326  12068
2.3909351071033793  11536
2.392696953259666  11017
2.3944516808262164  11861
2.3961993470957363  11525
2.3979400086720375  11882
2.399673721481038  13510
2.401400540781544  9607
2.403120521175818  11586
2.404833716619938  12186
2.406540180433955  12503
2.4082399653118496  11273
2.4099331233312946  11428
2.41161970596323  11201
2.413299764081252  13314
2.4149733479708178  10976
2.416640507338281  11558
2.4183012913197452  10623
2.419955748489758  11966
2.4216039268698313  14242
2.423245873936808  10292
2.424881636631067  12546
2.4265112613645754  11614
2.428134794028789  9754
2.429752280002408  11466
2.4313637641589874  11497
2.432969290874406  13330
2.4345689040341987  12437
2.436162647040756  12059
2.437750562820388  11800
2.439332693830263  11909
2.4409090820652177  13944
2.4424797690644486  13338
2.444044795918076  11976
2.4456042032735974  11452
2.4471580313422194  11648
2.44870631990508  12210
2.450249108319361  10647
2.45178643552429  12428
2.4533183400470375  10920
2.45484486000851  12303
2.456366033129043  12561
2.4578818967339924  9863
2.459392487759231  10959
2.4608978427565478  10329
2.462397997898956  12345
2.4638929889859074  13351
2.4653828514484184  11738
2.4668676203541096  10013
2.4683473304121573  11566
2.469822015978163  11661
2.4712917110589387  12607
2.4727564493172123  10806
2.4742162640762553  12900
2.4756711883244296  12784
2.4771212547196626  11864
2.4785664955938436  10805
2.4800069429571505  12545
2.481442628502305  12196
2.482873583608754  10915
2.484299839346786  12936
2.48572142648158  12518
2.4871383754771865  11938
2.4885507165004443  10991
2.4899584794248346  12326
2.4913616938342726  12141
2.4927603890268375  10534
2.494154594018443  12302
2.4955443375464483  11728
2.496929648073215  10639
2.4983105537896004  8939
2.499687082618404  10631
2.5010592622177517  10948
2.5024271199844326  12165
2.503790683057181  11726
2.505149978319906  10227
2.506505032404872  13029
2.507855871695831  11421
2.509202522331103  12297
2.510545010206612  12360
2.5118833609788744  11674
2.513217600067939  10562
2.514547752660286  12989
2.515873843711679  11576
2.5171958979499744  9566
2.5185139398778875  11471
2.519827993775719  13066
2.5211380837040362  12862
2.5224442335063197  12033
2.5237464668115646  11590
2.525044807036845  12232
2.526339277389844  10789
2.5276299008713385  13000
2.5289167002776547  10421
2.530199698203082  12337
2.531478917042255  12426
2.5327543789924976  11692
2.534026106056135  9677
2.5352941200427703  12044
2.53655844257153  11023
2.537819095073274  13290
2.5390760987927767  12264
2.5403294747908736  11579
2.5415792439465807  10989
2.5428254269591797  13586
2.5440680443502757  12178
2.545307116465824  9694
2.546542663478131  12122
2.5477747053878224  10147
2.5490032620257876  11980
2.550228353055094  13003
2.5514499979728753  11496
2.552668216112193  12233
2.5538830266438746  11526
2.5550944485783194  11046
2.5563025007672873  13355
2.5575072019056577  11882
2.558708570533166  12284
2.5599066250361124  11667
2.561101383649056  11605
2.5622928644564746  12657
2.5634810853944106  10940
2.5646660642520893  12096
2.5658478186735176  12136
2.56702636615906  14167
2.568201724066995  11505
2.569373909615046  11422
2.5705429398818973  13385
2.571708831808688  9611
2.5728716022004803  10854
2.574031267727719  10658
2.575187844927661  10363
2.576341350205793  10836
2.5774917998372255  11510
2.578639209968072  12116
2.57978359661681  11658
2.5809249756756194  11864
2.582063362911709  11922
2.583198773968623  11351
2.584331224367531  12486
2.5854607295085006  9581
2.586587304671755  12764
2.5877109650189114  11635
2.5888317255942073  11611
2.5899496013257077  13399
2.591064607026499  12798
2.5921767573958667  12482
2.593286067020457  12615
2.5943925503754266  11089
2.595496221825574  11617
2.59659709562646  10832
2.597695185925512  12401
2.598790506763115  11841
2.5998830720736876  12019
2.6009728956867484  11445
2.6020599913279625  10478
2.603144372620182  11601
2.60422605308447  11701
2.6053050461411096  11769
2.606381365110605  12271
2.6074550232146687  12501
2.6085260335771943  11386
2.60959440922522  11386
2.61066016308988  13060
2.611723308007342  10577
2.6127838567197355  12627
2.6138418218760693  10851
2.6148972160331345  12028
2.615950051656401  13711
2.617000341120899  11453
2.6180480967120925  12365
2.6190933306267428  12387
2.6201360549737576  12851
2.621176281775035  12897
2.622214022966295  10125
2.6232492903979003  11882
2.6242820958356683  12439
2.625312450961674  10764
2.6263403673750423  11115
2.6273658565927325  11182
2.6283889300503116  10583
2.629409599102719  11202
2.630427875025024  11072
2.6314437690131722  11741
2.6324572921847245  11978
2.6334684555795866  11794
2.6344772701607315  10936
2.635483746814912  11129
2.6364878963533656  12940
2.637489729512511  11783
2.6384892569546374  11711
2.639486489268586  10755
2.640481436970422  12473
2.6414741105040997  11676
2.6424645202421213  10790
2.6434526764861874  11433
2.6444385894678386  12787
2.645422269349092  12955
2.6464037262230695  12211
2.6473829701146196  12338
2.6483600109809315  11272
2.649334858712142  10344
2.6503075231319366  11790
2.651278013998144  11992
2.6522463410033232  11189
2.6532125137753435  11945
2.6541765418779604  11380
2.655138434811382  13794
2.656098202012832  10645
2.6570558528571038  11519
2.6580113966571126  11213
2.658964842664435  10393
2.6599162000698504  12391
2.660865478003869  10562
2.661812685537261  12116
2.662757831681574  11208
2.663700925389648  11737
2.6646419755561257  12802
2.6655809910179533  12404
2.6665179805548807  13536
2.667452952889954  13138
2.66838591669  11966
2.6693168805661123  13088
2.670245853074124  12873
2.6711728427150834  14031
2.6720978579357175  12563
2.673020907128896  9883
2.673941998634088  11093
2.6748611407378116  10844
2.6757783416740852  11026
2.6766936096248664  11138
2.677606952720493  11970
2.678518379040114  11465
2.6794278966121188  12353
2.680335513414563  11228
2.681241237375587  14076
2.682145076373832  11481
2.6830470382388496  10108
2.683947130751512  12314
2.6848453616444123  11416
2.6857417386022635  11104
2.6866362692622934  11316
2.6875289612146345  10338
2.6884198220027105  12544
2.6893088591236203  12781
2.690196080028514  11315
2.6910814921229687  11683
2.69196510276736  12078
2.69284691927723  13146
2.693726948923647  10311
2.694605198933569  11641
2.6954816764901977  12438
2.696356388733332  11944
2.6972293427597176  12223
2.6981005456233897  11897
2.6989700043360187  11544
2.699837725867246  11543
2.7007037171450192  14434
2.7015679850559273  11504
2.7024305364455254  13184
2.7032913781186614  13715
2.7041505168397992  12749
2.705007959333336  13415
2.7058637122839193  13122
2.7067177823367587  11802
2.7075701760979363  11756
2.708420900134713  10504
2.709269960975831  11963
2.7101173651118162  12566
2.710963118995276  11382
2.711807229041191  12899
2.7126497016272113  10993
2.7134905430939424  12803
2.714329759745233  12355
2.7151673578484576  11715
2.716003343634799  14323
2.7168377232995247  11822
2.717670503002262  11246
2.718501688867274  11398
2.7193312869837265  12151
2.720159303405957  11056
2.7209857441537393  11838
2.7218106152125467  12381
2.722633922533812  13295
2.7234556720351857  9839
2.724275869600789  10960
2.725094521081469  14747
2.7259116322950483  12944
2.7267272090265724  12070
2.727541257028556  11619
2.7283537820212285  12102
2.72916478969277  12302
2.7299742856995555  11293
2.7307822756663893  10570
2.7315887651867388  13152
2.7323937598229686  12068
2.7331972651065692  10949
2.733999286538387  12360
2.734799829588847  12415
2.73559889969818  11956
2.7363965022766426  12485
2.7371926427047373  10069
2.737987326333431  12185
2.738780558484369  14393
2.739572344450092  11007
2.7403626894942437  11579
2.741151598851785  12711
2.741939077729199  12841
2.7427251313046983  11912
2.74350976472843  12309
2.7442929831226763  12138
2.7450747915820575  11623
2.745855195173729  11379
2.7466341989375787  11943
2.747411807886423  11636
2.7481880270062002  10541
2.7489628612561616  10524
2.749736315569061  9913
2.7505083948513462  12336
2.751279103983342  12361
2.7520484478194387  12811
2.7528164311882715  12595
2.7535830588929064  11291
2.754348335711019  12274
2.7551122663950713  11425
2.7558748556724915  13500
2.756636108245848  9662
2.7573960287930244  10629
2.75815462196739  11918
2.7589118923979736  14184
2.7596678446896306  12754
2.760422483423212  10195
2.7611758131557314  11291
2.761927838420529  11893
2.762678563727436  10369
2.7634279935629373  12739
2.7641761323903307  12629
2.7649229846498886  11718
2.765668554759014  12253
2.7664128471123997  12572
2.7671558660821804  10617
2.767897616018091  10599
2.7686381012476144  12085
2.7693773260761385  11320
2.7701152947871015  10316
2.7708520116421442  12273
2.7715874808812555  10346
2.77232170672292  13578
2.7730546933642626  11534
2.7737864449811935  12342
2.7745169657285498  9883
2.7752462597402365  12457
2.775974331129369  12496
2.776701183988411  10933
2.7774268223893115  12604
2.7781512503836434  11926
2.7788744720027396  12132
2.7795964912578244  13749
2.780317312140151  12692
2.7810369386211318  12388
2.781755374652469  11277
2.782472624166286  10624
2.7831886910752575  12113
2.783903579272735  11830
2.784617292632875  12471
2.785329835010767  11445
2.786041210242554  12144
2.7867514221455614  11541
2.787460474518415  10777
2.788168371141168  11577
2.788875115775417  11093
2.7895807121644256  9699
2.7902851640332416  11062
2.790988475088816  9892
2.791690649020118  13869
2.792391689498254  10488
2.79309160017658  11164
2.7937903846908188  10172
2.7944880466591697  11763
2.795184589682424  13308
2.7958800173440754  12645
2.7965743332104296  12690
2.7972675408307164  10866
2.797959643737196  11959
2.798650645445269  11617
2.7993405494535817  11404
2.8000293592441343  11818
2.800717078282385  9492
2.801403710017355  10318
2.802089257881733  11373
2.8027737252919755  11134
2.803457115648414  10319
2.8041394323353503  12725
2.8048206787211623  12843
2.8055008581584002  13010
2.806179973983887  13774
2.8068580295188172  13999
2.807535028068853  11749
2.808210972924222  11803
2.808885867359812  10370
2.8095597146352675  12655
2.8102325179950842  13002
2.8109042806687006  12409
2.8115750058705933  13006
2.812244696800369  11176
2.8129133566428557  12194
2.813580988568192  12685
2.81424759573192  10491
2.814913181275074  13101
2.815577748324267  11920
2.816241299991783  10601
2.8169038393756605  11006
2.8175653695597807  12412
2.8182258936139557  11201
2.8188854145940097  11784
2.8195439355418688  10561
2.82020145948564  11743
2.8208579894397  11216
2.821513528404773  11628
2.8221680793680175  12102
2.8228216453031045  11169
2.823474229170301  12176
2.824125833916549  10241
2.824776462475546  13031
2.8254261177678233  11336
2.8260748027008264  11327
2.826722520168992  13062
2.8273692730538253  10883
2.828015064223977  12694
2.82865989653532  10837
2.829303772831025  12841
2.829946695941636  11880
2.8305886686851442  12148
2.8312296938670634  11515
2.8318697742805017  13851
2.832508912706236  10809
2.833147111912785  12697
2.833784374656479  11793
2.8344207036815328  11862
2.835056101720116  12201
2.8356905714924254  11330
2.8363241157067516  11972
2.8369567370595505  12908
2.837588438235511  9706
2.8382192219076257  11333
2.838849090737255  11949
2.8394780473741985  12589
2.840106094456758  11426
2.8407332346118066  12125
2.841359470454855  11926
2.8419848045901137  13705
2.842609239610562  13191
2.8432327780980096  10285
2.843855422623161  10757
2.8444771757456815  11175
2.845098040014257  11880
2.8457180179666586  12418
2.846337112129805  13149
2.846955325019824  11501
2.847572659142112  10933
2.848189116991399  12394
2.8488047010518036  12007
2.8494194137968996  9773
2.850033257689769  11637
2.8506462351830666  10738
2.8512583487190755  12027
2.851869600729766  13534
2.8524799936368566  10470
2.8530895298518657  12075
2.8536982117761744  9814
2.8543060418010806  10485
2.8549130223078554  11887
2.8555191556678  11156
2.8561244442423  12382
2.8567288903828825  12624
2.8573324964312685  11727
2.857935264719429  12453
2.858537197569639  13472
2.859138297294531  14107
2.859738566197147  10575
2.8603380065709936  11476
2.8609366207000937  12031
2.8615344108590377  10379
2.862131379313037  10326
2.8627275283179747  12835
2.863322860120456  11291
2.8639173769578603  12555
2.864511081058392  12393
2.8651039746411278  11562
2.8656960599160706  10521
2.8662873390841948  11486
2.866877814337499  12014
2.8674674878590514  12930
2.8680563618230415  11202
2.8686444383948255  12245
2.8692317197309762  11729
2.869818207979328  11305
2.870403905279027  12741
2.8709888137605755  13068
2.8715729355458786  12250
2.8721562727482928  11243
2.8727388274726686  11621
2.873320601815399  11219
2.8739015978644615  10084
2.8744818176994666  11145
2.8750612633917  13294
2.8756399370041685  13064
2.876217840591642  12453
2.8767949762007006  12637
2.877371345869774  11995
2.8779469516291885  10549
2.8785217955012063  10540
2.8790958795000727  12900
2.8796692056320534  12599
2.88024177589548  12303
2.8808135922807914  11661
2.8813846567705728  11591
2.8819549713396007  10155
2.8825245379548803  11900
2.8830933585756897  13226
2.8836614351536176  11894
2.884228769632604  11276
2.884795363948981  11769
2.885361220031512  11527
2.885926339801431  10933
2.886490725172482  11459
2.8870543780509568  10675
2.887617300335736  11231
2.888179493918325  12489
2.8887409606828927  11570
2.88930170250631  12371
2.8898617212581885  12396
2.890421018800914  14034
2.890979596989689  10678
2.8915374576725643  10305
2.8920946026904804  9979
2.8926510338773004  11028
2.893206753059848  11693
2.8937617620579434  13841
2.8943160626844384  12670
2.8948696567452528  11279
2.895422546039408  9733
2.8959747323590648  13588
2.8965262174895554  9826
2.89707700320942  11669
2.8976270912904414  11558
2.8981764834976764  11063
2.8987251815894934  12981
2.8992731873176036  12761
2.8998205024270964  12018
2.9003671286564705  12315
2.900913067737669  11840
2.9014583213961123  10610
2.9020028913507296  10874
2.902546779313991  12541
2.9030899869919438  10853
2.9036325160842376  12187
2.9041743682841634  12157
2.904715545278681  11740
2.905256048748451  11568
2.9057958803678687  12094
2.906335041805091  11537
2.90687353472207  11359
2.907411360774586  10119
2.9079485216122722  14384
2.90848501887865  12483
2.909020854211156  12116
2.9095560292411755  11974
2.910090545594068  10897
2.910624404889201  13279
2.9111576087399764  11879
2.9116901587538613  12008
2.9122220565324155  11033
2.912753303671323  11006
2.9132839017604186  10598
2.9138138523837167  11973
2.9143431571194407  10425
2.9148718175400505  11723
2.91539983521227  12545
2.9159272116971158  12296
2.916453948549925  11671
2.9169800473203824  12167
2.9175055095525466  11181
2.9180303367848803  12223
2.9185545305502734  11275
2.9190780923760737  12100
2.919601023784111  10181
2.920123326290724  12355
2.9206450014067875  11697
2.921166050637739  10957
2.921686475483602  13246
2.9222062774390163  12771
2.92272545799326  12272
2.9232440186302764  10364
2.9237619608287004  11246
2.9242792860618816  12273
2.924795995797912  10823
2.9253120914996495  12334
2.9258275746247424  11019
2.926342446625655  12835
2.926856708949692  10911
2.9273703630390235  12906
2.9278834103307068  12066
2.9283958522567137  11376
2.928907690243953  10990
2.929418925714293  11099
2.929929560084588  10512
2.9304395947667  11233
2.930949031167523  11941
2.931457870689005  10452
2.931966114728173  13133
2.932473764677153  11571
2.932980821923198  12469
2.9334872878487053  9875
2.9339931638312424  11889
2.934498451243568  11391
2.935003151453655  13129
2.9355072658247128  11746
2.9360107957152097  10631
2.936513742478893  11652
2.9370161074648142  11182
2.937517892017347  11740
2.9380190974762104  11712
2.938519725176492  11045
2.9390197764486663  11749
2.9395192526186187  11836
2.9400181550076634  11512
2.940516484932567  10211
2.9410142437055695  11888
2.941511432634403  11417
2.942008053022313  12316
2.9425041061680806  12301
2.9429995933660407  12513
2.9434945159061026  12073
2.9439888750737717  10219
2.9444826721501687  12148
2.9449759084120477  12802
2.94546858513182  10807
2.9459607035775686  13208
2.946452265013073  11511
2.9469432706978256  13190
2.9474337218870508  11709
2.9479236198317262  10201
2.948412965778601  12367
2.9489017609702137  12546
2.949390006644913  12073
2.949877704036875  12236
2.950364854376123  12381
2.9508514588885464  10751
2.951337518795918  12916
2.951823035315912  11304
2.9523080096621253  12394
2.952792443044092  10901
2.9532763366673045  12935
2.9537596917332287  11639
2.9542425094393248  10351
2.954724790979063  11935
2.9552065375419416  9811
2.9556877503135057  12185
2.9561684304753633  9348
2.9566485792052033  12457
2.957128197676813  11325
2.957607287060095  11060
2.958085848521085  11297
2.9585638832219674  11624
2.9590413923210934  12043
2.9595183769729982  12392
2.959994838328416  10948
2.960470777534299  11849
2.960946195733831  11336
2.9614210940664485  11808
2.9618954736678504  11611
2.962369335670021  13005
2.9628426812012423  10873
2.9633155113861114  10970
2.963787827345555  11217
2.964259630196849  12853
2.9647309210536292  11870
2.965201701025912  10149
2.9656719712201065  10576
2.9661417327390325  12257
2.966610986681934  13219
2.967079734144497  11588
2.967547976218862  11693
2.968015713993642  11104
2.9684829485539352  11642
2.9689496809813427  11200
2.9694159123539814  14505
2.9698816437465  10642
2.9703468762300935  11247
2.9708116108725178  13200
2.971275848738105  12107
2.971739590887778  11774
2.9722028383790646  10607
2.972665592266111  11948
2.9731278535996988  11263
2.973589623427257  12097
2.9740509027928774  12586
2.9745116927373285  10599
2.974971994298069  12774
2.975431808509263  12447
2.975891136401793  10113
2.9763499790032735  12186
2.976808337338066  10954
2.977266212427293  10843
2.9777236052888476  13807
2.978180516937414  12121
2.9786369483844743  12051
2.979092900638326  12683
2.979548374704095  12327
2.9800033715837464  11547
2.9804578922761  11797
2.9809119377768436  11550
2.9813655090785445  12202
2.9818186071706636  11030
2.9822712330395684  9610
2.9827233876685453  11527
2.983175072037813  11393
2.9836262871245345  11982
2.984077033902831  12667
2.9845273133437926  10302
2.9849771264154934  12144
2.9854264740830017  12897
2.9858753573083936  11317
2.986323777050765  10874
2.9867717342662448  10109
2.9872192299080047  11477
2.9876662649262746  12696
2.988112840268352  10861
2.9885589568786157  11309
2.989004615698537  11871
2.9894498176666917  14318
2.989894563718773  11160
2.9903388547876015  11246
2.9907826918031377  11541
2.9912260756924947  13364
2.9916690073799486  11628
2.9921114877869495  12646
2.9925535178321354  12054
2.9929950984313414  11802
2.9934362304976116  12149
2.993876914941211  11441
2.9943171526696366  11614
2.9947569445876283  11230
2.9951962915971793  12258
2.99563519459755  11884
2.9960736544852753  11429
2.9965116721541785  11181
2.996949248495381  10097
2.997386384397313  10429
2.9978230807457256  12688
2.998259338423699  12129
2.998695158311656  11307
2.999130541287371  12527
2.9995654882259823  12576
3.0  11098
3.000434077479319  11990
3.0008677215312267  11864
3.0013009330204183  11383
3.0017337128090005  11824
3.002166061756508  13996
3.0025979807199086  12223
3.003029470553618  12432
3.0034605321095067  11571
3.0038911662369103  12718
3.0043213737826426  12731
3.004751155591001  12958
3.0051805125037805  12328
3.0056094453602804  12023
3.0060379549973173  12335
3.0064660422492318  12648
3.0068937079479006  12626
3.0073209529227447  10659
3.00774777800074  10809
3.0081741840064264  13783
3.0086001717619175  11636
3.0090257420869104  10454
3.009450895798694  11848
3.00987563371216  12090
3.010299956639812  9820
3.010723865391773  12314
3.0111473607757975  12084
3.0115704435972783  13060
3.011993114659257  10195
3.012415374762433  13605
3.012837224705172  10550
3.0132586652835167  10038
3.0136796972911926  11427
3.0141003215196207  12201
3.0145205387579237  12229
3.0149403497929366  12468
3.0153597554092144  12720
3.015778756389041  11986
3.016197353512439  10230
3.016615547557177  11471
3.0170333392987803  11563
3.017450729510536  11648
3.0178677189635055  10674
3.018284308426531  10386
3.0187004986662433  11143
3.019116290447073  13163
3.0195316845312554  13066
3.0199466816788423  11969
3.0203612826477078  11727
3.020775488193558  12376
3.0211892990699383  10679
3.021602716028242  11723
3.02201573981772  10871
3.0224283711854865  12302
3.022840610876528  12034
3.0232524596337114  12323
3.0236639181977933  10562
3.024074987307426  12616
3.024485667699167  10833
3.024895960107485  10579
3.0253058652647704  11688
3.025715383901341  12009
3.0261245167454502  12204
3.0265332645232967  11283
3.0269416279590295  10042
3.0273496077747564  11797
3.0277572046905536  9917
3.0281644194244697  12173
3.0285712526925375  12448
3.028977705208778  10417
3.0293837776852097  10601
3.029789470831856  12082
3.030194785356751  12523
3.030599721965951  11713
3.0310042813635367  12101
3.031408464251624  11945
3.0318122713303706  10787
3.0322157032979815  11116
3.03261876085072  10989
3.0330214446829107  10291
3.03342375548695  11351
3.03382569395331  12958
3.0342272607705505  11326
3.0346284566253203  9854
3.0350292822023683  11695
3.0354297381845483  12000
3.035829825252828  11021
3.0362295440862948  12852
3.036628895362161  10572
3.037027879755775  12988
3.037426497940624  12097
3.037824750588342  11459
3.0382226383687185  10363
3.038620161949703  11666
3.039017321997412  9460
3.0394141191761372  14443
3.0398105541483504  10945
3.0402066275747113  12596
3.040602340114073  12216
3.0409976924234905  10787
3.041392685158225  11327
3.041787318971752  10283
3.042181594515766  11292
3.0425755124401905  11530
3.0429690733931802  11710
3.0433622780211294  11133
3.0437551269686796  11855
3.044147620878723  12086
3.044539760392411  11064
3.04493154614916  12709
3.0453229787866576  12452
3.0457140589408676  11639
3.0461047872460387  12687
3.0464951643347082  10779
3.04688519083771  13140
3.0472748673841794  9752
3.04766419460156  12333
3.048053173115609  12254
3.0484418035504044  12860
3.04883008652835  10443
3.0492180226701815  12005
3.049605612594973  10930
3.0499928569201424  11986
3.050379756261458  13982
3.0507663112330423  10711
3.0511525224473814  12688
3.0515383905153275  11263
3.0519239160461065  11501
3.0523090996473234  11469
3.052693941924968  12626
3.0530784434834195  11466
3.053462604925455  12161
3.0538464268522527  12882
3.0542299098633974  9531
3.0546130545568877  12550
3.0549958615291417  12123
3.055378331375  12411
3.0557604646877348  11029
3.056142262059052  12367
3.0565237240791006  13198
3.0569048513364727  11911
3.0572856444182146  14266
3.0576661039098294  11321
3.0580462303952816  10553
3.058426024457005  12062
3.0588054866759067  10669
3.059184617631371  12739
3.0595634179012676  12811
3.059941888061955  11816
3.060320028688285  12575
3.060697840353612  12683
3.0610753236297916  11241
3.061452479087193  11096
3.061829307294699  11324
3.0622058088197126  11762
3.062581984228163  10849
3.0629578340845103  11636
3.0633333589517497  12226
3.0637085593914173  11612
3.064083435963596  10642
3.0644579892269186  10940
3.064832219738574  11293
3.065206128054312  10552
3.0655797147284485  11777
3.06595298031387  12802
3.0663259253620376  10965
3.0666985504229953  11313
3.0670708560453703  10628
3.0674428427763805  13177
3.0678145111618402  12590
3.0681858617461617  12660
3.068556895072363  13836
3.068927611682072  9287
3.0692980121155293  11879
3.0696680969115957  12329
3.070037866607755  11394
3.0704073217401198  10427
3.0707764628434346  12630
3.0711452904510828  12384
3.071513805095089  12455
3.0718820073061255  11316
3.072249897613515  10599
3.0726174765452368  12161
3.0729847446279304  10479
3.073351702386901  10438
3.0737183503461227  11446
3.074084689028244  11644
3.074450718954591  11867
3.074816440645175  10540
3.0751818546186915  12397
3.0755469613925306  10405
3.0759117614827773  13067
3.076276255404218  11350
3.076640443670342  11536
3.0770043267933502  12373
3.0773679052841563  11573
3.077731179652392  10284
3.0780941504064105  11808
3.0784568180532927  11092
3.0788191830988487  12028
3.0791812460476247  12033
3.079543007402906  11024
3.079904467666721  11389
3.0802656273398448  11754
3.0806264869218056  11166
3.080987046910887  11202
3.0813473078041325  11652
3.081707270097349  10687
3.082066934285113  11393
3.0824263008607717  12020
3.0827853703164503  11633
3.0831441431430524  11667
3.0835026198302673  10823
3.083860800866573  11983
3.0842186867392387  11768
3.084576277934331  13427
3.084933574936716  12120
3.085290578230065  11239
3.0856472882968564  10371
3.0860037056183818  12030
3.0863598306747484  12930
3.0867156639448825  12622
3.0870712059065353  11977
3.0874264570362855  12418
3.087781417809542  11785
3.0881360887005513  11758
3.0884904701823963  10518
3.088844562727004  12038
3.089198366805149  13293
3.089551882886454  11173
3.089905111439398  11119
3.090258052931316  11708
3.090610707828407  11784
3.0909630765957314  10389
3.091315159697223  10929
3.0916669575956846  13437
3.092018470752797  11435
3.0923696996291206  9925
3.0927206446840994  11368
3.0930713063760633  11374
3.093421685162235  10823
3.09377178149873  13833
3.0941215958405612  11558
3.094471128641645  11212
3.0948203803548  11070
3.095169351431755  13091
3.095518042323151  9715
3.0958664534785427  11126
3.0962145853464054  12061
3.0965624383741357  10133
3.0969100130080562  11683
3.09725730969342  12355
3.097604328874411  10590
3.09795107099415  12450
3.0982975364946976  11378
3.098643725817057  11500
3.0989896394011773  11078
3.0993352776859577  12896
3.09968064110925  11540
3.1000257301078626  11581
3.100370545117563  11643
3.1007150865730817  12046
3.1010593549081156  10917
3.101403350555331  12562
3.1017470739463664  12336
3.1020905255118367  11066
3.1024337056813365  11584
3.1027766148834415  10560
3.1031192535457137  13679
3.103461622094705  12779
3.103803720955957  10962
3.104145550554008  11496
3.104487111312395  11856
3.1048284036536553  12395
3.1051694279993316  11235
3.1055101847699738  10270
3.1058506743851435  13216
3.1061908972634154  10306
3.1065308538223815  12788
3.106870544478654  13983
3.1072099696478683  10997
3.1075491297446862  10527
3.1078880251827985  12324
3.1082266563749283  13601
3.1085650237328344  10965
3.1089031276673134  10971
3.109240968588203  13107
3.1095785469043866  13600
3.1099158630237933  12168
3.110252917353403  10379
3.110589710299249  10140
3.1109262422664203  10454
3.1112625136590655  12350
3.111598524880394  10498
3.1119342763326814  12349
3.1122697684172707  10779
3.1126050015345745  12393
3.11293997608408  13566
3.1132746924643504  12094
3.1136091510730277  10437
3.113943352306837  11325
3.1142772965615864  10438
3.114610984232173  11994
3.1149444157125847  11389
3.1152775913959014  11178
3.1156105116742996  11178
3.115943176939055  12358
3.116275587580544  13359
3.1166077439882485  11409
3.116939646550756  10822
3.1172712956557644  12251
3.117602691690084  12239
3.1179338350396413  11105
3.118264726089479  11918
3.118595365223762  11787
3.1189257528257768  12294
3.1192558892779365  12141
3.119585774961784  12196
3.119915410257991  11959
3.1202447955463652  11981
3.12057393120585  11431
3.1209028176145273  11520
3.1212314551496214  10571
3.1215598441875008  12720
3.121887985103681  11018
3.1222158782728267  9700
3.1225435240687545  12406
3.1228709228644354  14047
3.1231980750319988  10804
3.123524980942732  13806
3.123851640967086  12948
3.124178055474675  13418
3.1245042248342823  12819
3.1248301494138593  11149
3.12515582958053  11887
3.125481265700594  12124
3.125806458139527  10857
3.1261314072619846  11894
3.1264561134318045  10861
3.126780577012009  12502
3.1271047983648077  11885
3.127428777851599  12577
3.1277525158329733  11885
3.1280760126687155  10112
3.1283992687178066  11764
3.128722284338427  11533
3.1290450598879582  12624
3.1293675957229854  12848
3.129689892199301  10233
3.1300119496719043  11129
3.130333768495006  13172
3.130655349022031  14006
3.130976691605617  13371
3.131297796597623  11263
3.1316186643491255  11072
3.1319392952104246  11153
3.1322596895310446  12489
3.132579847659737  12226
3.132899769944483  9570
3.1332194567324945  11783
3.1335389083702174  14052
3.133858125203335  10601
3.1341771075767664  12979
3.1344958558346736  11868
3.13481437032046  9820
3.1351326513767748  12448
3.1354506993455136  10807
3.1357685145678222  11926
3.1360860973840974  10843
3.13640344813399  9983
3.1367205671564067  11284
3.1370374547895126  11695
3.137354111370733  11190
3.137670537236755  11760
3.137986732723532  11179
3.1383026981662816  12354
3.1386184338994925  13219
3.1389339402569236  11313
3.139249217571607  11047
3.13956426617585  10859
3.1398790864012365  9540
3.140193678578631  9378
3.1405080430381798  10683
3.1408221801093106  10974
3.141136090120739  11152
3.1414497734004674  12308
3.141763230275788  12629
3.1420764610732848  10065
3.142389466118836  11693
3.1427022457376155  11767
3.143014800254095  9899
3.143327129992046  11709
3.1436392352745433  10836
3.1439511164239633  10904
3.144262773761991  11491
3.144574207609616  10910
3.144885418287142  10342
3.1451964061141817  13187
3.1455071714096627  11694
3.1458177144918276  14387
3.146128035678238  12835
3.1464381352857744  10819
3.14674801363064  11922
3.1470576710283598  11369
3.1473671077937864  12129
3.1476763242410986  13371
3.147985320683805  11640
3.1482940974347455  12452
3.1486026548060932  11110
3.1489109931093564  11606
3.1492191126553797  12843
3.149527013754348  13160
3.149834696715785  11814
3.1501421618485588  11942
3.150449409460881  12135
3.150756439860309  11746
3.15106325335375  11489
3.1513698502474603  12685
3.151676230847048  10835
3.151982395457474  12442
3.1522883443830563  12472
3.15259407792747  10966
3.1528995963937474  12018
3.153204900084284  12714
3.1535099893008374  12904
3.153814864344529  12666
3.154119525515847  11693
3.154423973114647  11458
3.1547282074401557  11723
3.1550322287909704  12009
3.155336037465062  11324
3.1556396337597765  10904
3.1559430179718366  13211
3.1562461903973444  11864
3.1565491513317814  11887
3.156851901070011  12268
3.1571544399062814  11487
3.157456768134226  13064
3.1577588860468637  10637
3.158060793936605  11403
3.1583624920952498  11470
3.1586639808139894  13063
3.15896526038341  12054
3.159266331093494  12429
3.1595671932336202  11050
3.1598678470925665  11764
3.160168292958512  12759
3.1604685311190375  11841
3.1607685618611283  13051
3.1610683854711747  11944
3.161368002234975  12646
3.161667412437736  13708
3.161966616364075  14135
3.1622656142980214  12220
3.162564406523019  11213
3.162862993321926  12289
3.1631613749770184  11163
3.16345955176999  11816
3.163757523981956  11072
3.1640552918934515  11109
3.164352855784437  12763
3.1646502159342966  12397
3.1649473726218416  10952
3.1652443261253107  10274
3.165541076722373  9919
3.1658376246901283  10549
3.166133970305109  11698
3.166430113843283  12565
3.166726055580052  13302
3.1670217957902564  13289
3.167317334748176  11626
3.16761267272753  12152
3.16790781000148  11610
3.168202746842631  13191
3.1684974835230326  14016
3.1687920203141817  11265
3.1690863574870227  11844
3.1693804953119495  13966
3.1696744340588068  9902
3.1699681739968923  12274
3.1702617153949575  12955
3.1705550585212086  10932
3.170848203643309  11673
3.1711411510283822  11592
3.171433900943008  11530
3.171726453653231  11867
3.1720188094245563  11940
3.172310968521954  10588
3.17260293120986  12237
3.1728946977521764  13493
3.173186268412274  11782
3.1734776434529945  13225
3.17376882313665  10965
3.1740598077250253  12086
3.1743505974793798  10874
3.1746411926604483  10403
3.1749315935284423  9219
3.1752218003430523  14405
3.1755118133634475  11847
3.1758016328482794  10250
3.1760912590556813  11408
3.1763806922432702  12115
3.17666993266815  12694
3.176958980586908  10837
3.1772478362556233  12318
3.1775364999298623  11577
3.177824971864682  11896
3.1781132523146316  12354
3.178401341533755  10221
3.17868923977559  12494
3.1789769472931693  10737
3.1792644643390253  13582
3.1795517911651876  10862
3.179838928023187  13002
3.180125875164054  11241
3.180412632838324  12524
3.1806992012960347  13088
3.1809855807867304  13021
3.1812717715594614  11622
3.1815577738627865  11466
3.1818435879447726  12967
3.182129214052998  10925
3.182414652434554  10891
3.1826999033360424  10646
3.182984967003582  12447
3.1832698436828046  11576
3.1835545336188615  12353
3.1838390370564214  11948
3.184123354239671  9851
3.1844074854123203  11203
3.184691430817599  13094
3.184975190698261  10116
3.185258765296585  11599
3.185542154854375  11929
3.185825359612962  11731
3.1861083798132053  10069
3.186391215695493  11921
3.1866738674997452  12190
3.1869563354654122  12456
3.187238619831479  11035
3.187520720836463  12966
3.1878026387184195  10858
3.188084373714938  13222
3.188365926063148  11685
3.188647295999717  12653
3.1889284837608534  13245
3.189209489582306  12371
3.1894903136993675  11362
3.189770956346874  11149
3.190051417759206  11047
3.1903316981702914  11946
3.190611797813605  12095
3.1908917169221698  10874
3.1911714557285586  11428
3.1914510144648953  12392
3.1917303933628562  10979
3.1920095926536702  12216
3.1922886125681202  12709
3.1925674533365456  12013
3.192846115188842  10803
3.1931245983544616  12578
3.1934029030624176  13023
3.1936810295412816  11531
3.193958978019187  13378
3.1942367487238292  12502
3.194514341882467  11931
3.1947917577219247  11442
3.1950689964685903  11854
3.1953460583484197  12915
3.1956229435869368  12376
3.1958996524092336  10570
3.1961761850399735  11450
3.196452541703389  10531
3.196728722623287  12722
3.1970047280230456  11948
3.197280558125619  10938
3.1975562131535367  12059
3.197831693328903  12228
3.1981069988734014  12774
3.1983821300082944  11890
3.1986570869544226  11645
3.198931869932209  10513
3.1992064791616577  10348
3.199480914862356  12480
3.1997551772534747  11353
3.2000292665537704  12845
3.200303182981585  11439
3.2005769267548483  11044
3.2008504980910772  11819
3.2011238972073794  11744
3.2013971243204513  11320
3.2016701796465816  10280
3.20194306340165  10807
3.2022157758011316  10055
3.2024883170600935  11459
3.2027606873931997  11686
3.2030328870147105  11935
3.203304916138483  11208
3.2035767749779724  13139
3.2038484637462346  11804
3.2041199826559246  13035
3.2043913319193  10015
3.204662511748219  11524
3.204933522354145  11245
3.2052043639481447  14027
3.205475036740891  12972
3.205745540942662  10619
3.2060158767633444  9946
3.2062860444124324  11697
3.2065560440990297  11449
3.2068258760318495  11836
3.207095540419218  10032
3.2073650374690716  12541
3.2076343673889616  10127
3.2079035303860515  12558
3.2081725266671217  11400
3.208441356438567  12244
3.208710019906401  11367
3.2089785172762535  12791
3.2092468487533736  13409
3.2095150145426308  11478
3.209783014848515  11731
3.2100508498751372  11003
3.210318519826232  13558
3.2105860249051563  13073
3.210853365314893  10583
3.2111205412580492  12327
3.2113875529368587  11060
3.2116544005531824  10521
3.2119210843085093  11607
3.2121876044039577  10334
3.212453961040276  11770
3.2127201544178425  12127
3.212986184736668  12348
3.2132520521963968  11679
3.2135177569963047  12919
3.2137832993353044  10806
3.2140486794119414  10895
3.2143138974244  12937
3.214578953570499  11967
3.214843848047698  11039
3.215108581053093  12532
3.215373152783422  11109
3.215637563435062  10430
3.215901813204032  12912
3.216165902285993  12510
3.216429830876251  12441
3.2166935991697545  12793
3.216957207361097  11084
3.217220655644519  11268
3.2174839442139063  10409
3.2177470732627937  13525
3.218010042984363  10756
3.2182728535714475  13261
3.218535505216528  11842
3.2187979981117376  12826
3.219060332448861  11205
3.219322508419337  11634
3.2195845262142546  13540
3.219846386024361  10698
3.220108088040055  12206
3.2203696324513946  11228
3.220631019448092  11786
3.2208922492195193  11534
3.2211533219547053  11630
3.2214142378423385  10370
3.2216749970707688  12229
3.2219355998280053  11227
3.22219604630172  12717
3.222456336679247  12654
3.2227164711475833  11370
3.2229764498933915  13302
3.2232362731029975  12314
3.2234959409623944  12112
3.2237554536572413  10334
3.224014811372864  12150
3.2242740142942576  11832
3.2245330626060857  12658
3.2247919564926817  11843
3.225050696138049  11591
3.225309281725863  10967
3.225567713439471  12609
3.2258259914618934  10875
3.226084115975824  12073
3.226342087163631  11941
3.2265999052073573  13331
3.2268575702887237  10805
3.2271150825891253  10558
3.2273724422896364  12355
3.227629649571009  11164
3.2278867046136734  10437
3.2281436075977417  10070
3.228400358703005  11244
3.2286569581089353  13099
3.228913405994688  11313
3.229169702539101  12184
3.229425847920695  10685
3.229681842317676  12436
3.229937685907934  11794
3.230193378869046  10506
3.230448921378274  12962
3.230704313612569  11561
3.230959555748569  10780
3.231214647962601  11174
3.2314695904306814  12397
3.2317243833285163  10129
3.231979026831504  11556
3.2322335211147335  12725
3.232487866352986  12078
3.232742062720737  11845
3.2329961103921536  11130
3.2332500095411003  10547
3.2335037603411343  11852
3.2337573629655103  12992
3.2340108175871793  10614
3.2342641243787895  14059
3.2345172835126865  12365
3.2347702951609163  10087
3.2350231594952237  12320
3.2352758766870524  10628
3.2355284469075487  11508
3.2357808703275603  13498
3.236033147117636  11213
3.2362852774480286  10650
3.236537261488694  11239
3.2367890994092927  13572
3.237040791379191  11820
3.237292337567459  11280
3.2375437381428744  11980
3.2377949932739227  11238
3.2380461031287955  10574
3.238297067875394  11263
3.2385478876813276  9674
3.238798562713917  13171
3.2390490931401916  10804
3.2392994791268923  11353
3.239549720840473  10799
3.2397998184470986  10895
3.2400497721126476  11493
3.2402995820027125  11235
3.2405492482826  11991
3.240798771117331  11358
3.241048150671644  11118
3.2412973871099933  11575
3.2415464805965484  10282
3.241795431295199  11900
3.2420442393695508  10968
3.2422929049829308  10791
3.2425414282983844  11883
3.2427898094786767  11950
3.2430380486862944  10565
3.243286146083446  12472
3.243534101832062  12330
3.243781916093795  11879
3.244029589030022  11257
3.244277120801843  10746
3.244524511570084  11708
3.244771761495295  9588
3.245018870737753  10662
3.245265839457461  12835
3.24551266781415  10281
3.245759355967277  12430
3.246005904076029  13023
3.246252312299322  11676
3.246498580795801  12454
3.2467447097238415  9860
3.24699069924155  11612
3.247236549506764  11193
3.2474822606770544  11302
3.2477278329097232  10478
3.247973266361807  10931
3.248218561190075  10602
3.248463717551032  11855
3.2487087356009177  11334
3.2489536154957075  11466
3.249198357391113  11016
3.249442961442582  9799
3.2496874278053016  9947
3.249931756634195  11846
3.250175948083925  10454
3.250420002308894  11472
3.2506639194632436  9465
3.250907699700856  10137
3.2511513431753545  10448
3.2513948500401044  10774
3.251638220448212  11902
3.2518814545525276  11607
3.252124552505644  12649
3.2523675144598987  11711
3.252610340567373  9497
3.2528530309798933  11129
3.2530955858490316  12140
3.2533380053261065  11422
3.253580289562183  10855
3.2538224387080734  10329
3.254064452914338  11470
3.2543063323312857  10833
3.2545480771089736  11932
3.25478968739721  12001
3.2550311633455515  13202
3.255272505103306  11586
3.2555137128195333  10434
3.255754786643044  10928
3.255995726722402  11559
3.256236533205923  12777
3.256477206241677  11570
3.256717745977487  11558
3.256958152560932  11656
3.2571984261393445  10321
3.257438566859814  10454
3.2576785748691846  11001
3.2579184503140586  12285
3.2581581933407944  13831
3.258397804095509  11270
3.2586372827240764  12410
3.258876629372131  11701
3.2591158441850663  11715
3.2593549273080344  11857
3.2595938788859486  11637
3.2598326990634834  11618
3.2600713879850747  12691
3.26030994579492  11104
3.2605483726369795  11370
3.2607866686549762  10263
3.2610248339923973  11299
3.2612628687924934  11472
3.2615007731982804  11763
3.2617385473525378  13180
3.2619761913978125  10549
3.262213705476417  11695
3.2624510897304293  11179
3.2626883443016963  10802
3.2629254693318317  10319
3.2631624649622166  9948
3.263399331334002  11182
3.263636068588108  12397
3.2638726768652235  10187
3.2641091563058082  11420
3.2643455070500926  9549
3.2645817292380777  10648
3.2648178230095364  10960
3.2650537885040145  12183
3.26528962586083  9911
3.2655253352190736  13027
3.2657609167176105  10901
3.265996370495079  10577
3.266231696689893  10322
3.2664668954402414  9704
3.2667019668840878  11169
3.266936911159173  11213
3.2671717284030137  11196
3.267406418752904  10885
3.2676409823459154  10869
3.2678754193188975  10696
3.2681097298084785  10933
3.268343913951065  10584
3.268577971882843  11949
3.2688119037397803  10735
3.269045709657623  10106
3.2692793897718984  10584
3.2695129442179165  9902
3.269746373130767  12226
3.269979676645324  11954
3.2702128548962426  9698
3.2704459080179626  11935
3.2706788361447066  10587
3.2709116394104814  12244
3.2711443179490782  10742
3.2713768718940743  10330
3.271609301378832  11782
3.271841606536499  10409
3.27207378750001  10420
3.2723058444020863  10350
3.2725377773752373  11379
3.2727695865517594  11855
3.2730012720637376  10697
3.2732328340430454  10292
3.273464272621346  10496
3.273695587930092  10513
3.2739267801005254  10797
3.27415784926368  10101
3.274388795550379  11047
3.274619619091238  10888
3.274850320016665  10479
3.2750808984568587  12051
3.2753113545418118  10638
3.2755416884013098  10070
3.2757719001649312  11194
3.27600198996205  11308
3.2762319579218335  12040
3.2764618041732443  11850
3.27669152884504  10957
3.276921132065774  11415
3.277150613963797  11121
3.2773799746672547  12376
3.2776092143040914  10776
3.2778383330020473  10893
3.2780673308886628  10493
3.2782962080912736  12458
3.2785249647370174  10556
3.278753600952829  12268
3.278982116865443  11269
3.279210512601395  11349
3.2794387882870204  12325
3.2796669440484556  10669
3.279894980011638  9046
3.2801228963023075  10413
3.280350693046006  11066
3.2805783703680764  10133
3.280805928393667  9913
3.2810333672477277  11574
3.281260687055013  11647
3.2814878879400813  10159
3.281714970027296  10143
3.281941933440825  10663
3.2821687783046416  11362
3.2823955047425257  9971
3.2826221128780624  9801
3.282848602834645  9919
3.2830749747354715  8858
3.2833012287035497  11430
3.2835273648616936  10923
3.2837533833325265  11072
3.28397928423848  11361
3.284205067701794  11756
3.2844307338445193  10816
3.2846562827885157  10883
3.284881714655453  10191
3.285107029566812  9797
3.2853322276438846  10632
3.285557309007774  10308
3.285782273779395  10456
3.2860071220794747  10920
3.286231854028553  11088
3.286456469746983  9716
3.28668096935493  9313
3.286905352972375  11817
3.287129620719111  11417
3.2873537727147464  9070
3.2875778090787056  10632
3.287801729930226  10878
3.2880255353883627  10654
3.288249225571986  10143
3.2884728005997825  10842
3.288696260590256  9663
3.2889196056617265  10797
3.289142835932333  9758
3.2893659515200318  9386
3.2895889525425965  10964
3.2898118391176214  10486
3.290034611362518  10434
3.2902572693945182  11622
3.290479813330673  10283
3.2907022432878543  10035
3.2909245593827543  11789
3.2911467617318855  9700
3.291368850451583  8635
3.2915908256580013  9750
3.291812687467119  9753
3.2920344359947364  10479
3.292256071356476  9844
3.292477593667784  9257
3.29269900304393  11859
3.292920299600006  9676
3.2931414834509307  10484
3.2933625547114453  10334
3.2935835134961167  9149
3.2938043599193367  10572
3.2940250940953226  10350
3.2942457161381182  10084
3.294466226161593  9930
3.2946866242794433  9988
3.2949069106051923  10701
3.295127085252191  10310
3.295347148333618  9228
3.295567099962479  11267
3.295786940251609  9594
3.2960066693136723  8980
3.2962262872611605  11178
3.296445794206396  9336
3.296665190261531  11118
3.296884475538547  9828
3.2971036501492565  11223
3.2973227142053028  9707
3.2975416678181597  10474
3.297760511099134  9683
3.2979792441593623  9566
3.298197867109815  10773
3.2984163800612945  10613
3.2986347831244354  9480
3.298853076409707  8988
3.2990712600274095  9430
3.29928933408768  10076
3.2995072987004876  9134
3.2997251539756367  10509
3.299942900022767  10683
3.3001605369513523  9307
3.3003780648707024  9840
3.3005954838899636  10089
3.300812794118117  9850
3.3010299956639813  10748
3.3012470886362113  10113
3.3014640731433  10488
3.3016809492935764  11078
3.301897717195208  9559
3.302114376956201  10381
3.302330928684399  9977
3.3025473724874854  9365
3.3027637084729817  10053
3.3029799367482493  9617
3.303196057420489  10156
3.303412070596742  9940
3.30362797638389  9805
3.3038437748886547  9950
3.3040594662175993  10069
3.3042750504771283  9586
3.3044905277734875  9107
3.3047058982127653  9452
3.3049211619008916  9248
3.305136318943639  9787
3.305351369446624  9072
3.305566313515304  9522
3.3057811512549824  9982
3.3059958827708047  9381
3.3062105081677613  9984
3.3064250275506875  10068
3.3066394410242617  9108
3.3068537486930087  9937
3.3070679506612985  9968
3.307282047033346  9556
3.307496037913213  8745
3.307709923404807  9721
3.307923703611882  9604
3.3081373786380386  9549
3.308350948586726  9843
3.3085644135612386  8382
3.3087777736647213  9282
3.3089910290001643  9576
3.3092041796704077  9223
3.30941722577814  9026
3.3096301674258988  9250
3.3098430047160705  10636
3.3100557377508912  8422
3.3102683666324477  8808
3.3104808914626753  9114
3.3106933123433606  9020
3.3109056293761414  9136
3.311117842662506  9875
3.3113299523037933  10049
3.311541958401195  9011
3.311753861055754  8214
3.3119656603683665  9469
3.3121773564397787  9484
3.312388949370592  7968
3.3126004392612596  8639
3.312811826212088  8611
3.313023110323238  8827
3.313234291694724  9591
3.313445370426414  8251
3.3136563466180315  8652
3.3138672203691533  8841
3.3140779917792127  8405
3.3142886609474975  8630
3.3144992279731516  8329
3.314709692955174  8751
3.31492005599242  9101
3.315130317183602  9538
3.3153404766272883  8332
3.315550534421905  8876
3.3157604906657347  9053
3.315970345456918  9537
3.3161800988934527  7982
3.3163897510731952  8257
3.3165993020938607  9077
3.316808752053022  8810
3.3170181010481117  8533
3.31722734917642  8363
3.317436496535099  8950
3.3176455432211585  8312
3.317854489331469  8500
3.3180633349627615  6868
3.318272080211627  8395
3.3184807251745174  9073
3.318689269947746  8695
3.3188977146274867  7640
3.3191060593097763  8582
3.319314304090512  9548
3.3195224490654542  9077
3.3197304943302246  7693
3.3199384399803087  8481
3.3201462861110542  8271
3.3203540328176717  8046
3.3205616801952367  8144
3.3207692283386865  8331
3.3209766773428235  7625
3.3211840273023143  8782
3.321391278311689  7738
3.3215984304653436  8836
3.3218054838575393  7974
3.3220124385824006  8562
3.322219294733919  7580
3.3224260524059526  9293
3.3226327116922234  7785
3.322839272686321  7627
3.3230457354817013  7395
3.323252100171687  8014
3.3234583668494677  8337
3.3236645356081  7062
3.323870606540509  7886
3.3240765797394864  7781
3.3242824552976926  7341
3.3244882333076564  7401
3.3246939138617746  7395
3.3248994970523134  7113
3.3251049829714074  7323
3.325310371711061  7629
3.325515663363148  7368
3.325720858019412  6659
3.325925955771466  7147
3.3261309567107946  7614
3.326335860928751  7140
3.3265406685165617  7556
3.3267453795653217  7104
3.326949994165999  7370
3.3271545124094315  7174
3.3273589343863303  6927
3.327563260187278  7105
3.327767489902729  7507
3.3279716236230104  7359
3.3281756614383227  7360
3.3283796034387376  6970
3.328583449714202  7496
3.3287872003545345  6762
3.3289908554494287  6557
3.329194415088451  7097
3.329397879361043  6625
3.3296012483565187  6912
3.3298045221640695  7441
3.330007700872759  6417
3.330210784571528  7213
3.330413773349191  7145
3.3306166672944384  6973
3.330819466495837  6631
3.3310221710418286  6808
3.3312247810207323  7198
3.331427296520743  6618
3.3316297176299323  6344
3.331832044436249  7275
3.332034277027518  6709
3.3322364154914434  6558
3.3324384599156054  5557
3.3326404103874627  6226
3.3328422669943514  6133
3.3330440298234874  6230
3.3332456989619628  7120
3.3334472744967503  6460
3.3336487565147013  7108
3.333850145102545  6301
3.334051440346892  6741
3.334252642334231  6239
3.3344537511509307  6295
3.3346547668832414  6586
3.3348556896172914  5776
3.3350565194390915  6701
3.3352572564345317  6215
3.3354579006893843  6363
3.3356584522893016  6328
3.335858911319818  5948
3.336059277866349  6361
3.336259552014193  6069
3.3364597338485296  5873
3.3366598234544202  5676
3.336859820916809  5836
3.3370597263205246  5634
3.3372595397502756  5816
3.337459261290656  5696
3.3376588910261424  5755
3.3378584290410944  5780
3.3380578754197563  5569
3.3382572302462554  5598
3.3384564936046046  6384
3.3386556655787003  5749
3.338854746252323  5894
3.339053735709139  5546
3.3392526340327  5412
3.3394514413064407  5502
3.339650157613684  5532
3.339848783037637  5463
3.340047317661393  5483
3.3402457615679317  5953
3.3404441148401185  5373
3.3406423775607053  4730
3.3408405498123317  4626
3.341038631677523  5262
3.3412366232386925  4642
3.34143452457814  4906
3.3416323357780544  5035
3.3418300569205104  4373
3.3420276880874717  4765
3.3422252293607904  4689
3.342422680822206  4722
3.342620042553348  4538
3.342817314635733  4454
3.343014497150768  5101
3.3432115901797474  4627
3.3434085938038574  4349
3.343605508104172  4430
3.343802333161655  4244
3.3439990690571615  4592
3.344195715871435  4412
3.3443922736851106  4771
3.344588742578714  4154
3.344785122632661  4448
3.344981413927258  4152
3.345177616542704  4182
3.3453737305590883  4260
3.345569756056392  3993
3.345765693114488  3691
3.3459615418131414  4323
3.346157302232008  4048
3.346352974450639  3973
3.346548558548474  4214
3.346744054604849  3898
3.3469394626989906  3984
3.34713478291002  3667
3.3473300153169503  3703
3.3475251599986895  3369
3.347720217034038  3626
3.3479151865016914  3424
3.3481100684802376  3582
3.3483048630481607  3376
3.348499570283838  3509
3.348694190265541  3601
3.348888723071438  3059
3.34908316877959  3542
3.3492775274679554  3382
3.3494717992143856  3149
3.34966598409663  3170
3.3498600821923312  3295
3.3500540935790304  2800
3.3502480183341627  3127
3.350441856535061  3084
3.3506356082589543  2969
3.350829273582968  2833
3.3510228525841237  3061
3.351216345339342  3013
3.351409751925439  2649
3.351603072419129  2454
3.3517963068970236  2516
3.351989455435632  2527
3.3521825181113627  2502
3.35237549500052  2628
3.3525683861793087  2374
3.3527611917238307  2364
3.3529539117100877  2303
3.3531465462139796  2322
3.3533390953113047  2386
3.353531559077762  2043
3.353723937588949  2299
3.353916230920363  2139
3.3541084391474008  1996
3.35430056234536  2135
3.3544926005894364  2026
3.3546845539547285  1929
3.354876422516234  1808
3.3550682063488506  1959
3.3552599055273786  1756
3.3554515201265174  1844
3.355643050220869  1774
3.355834495884936  1674
3.3560258571931225  1675
3.3562171342197353  1699
3.3564083270389813  1605
3.356599435724971  1296
3.356790460351716  1405
3.3569814009931314  1447
3.3571722577230334  1430
3.3573630306151427  1451
3.3575537197430814  1377
3.3577443251803754  1318
3.357934847000454  1229
3.3581252852766488  1273
3.358315640082196  1265
3.3585059114902354  1236
3.3586960995738107  1272
3.358886204405869  1270
3.359076226059263  1178
3.3592661646067485  1009
3.3594560201209864  998
3.359645792674543  974
3.359835482339888  903
3.3600250891893975  1042
3.3602146132953523  897
3.3604040547299387  950
3.360593413565249  825
3.36078268987328  834
3.3609718837259357  803
3.361160995195026  692
3.3613500243522663  676
3.361538971269279  679
3.361727836017593  732
3.3619166186686433  655
3.362105319293773  634
3.362293937964231  589
3.3624824747511743  679
3.362670929725667  532
3.36285930295868  535
3.3630475945210936  616
3.363235804483694  584
3.3634239329171765  481
3.3636119798921444  418
3.3637999454791094  493
3.3639878297484915  408
3.3641756327706194  427
3.3643633546157306  396
3.364550995353972  442
3.3647385550553985  393
3.364926033789976  476
3.3651134316275773  422
3.3653007486379876  294
3.3654879848909  312
3.3656751404559175  337
3.365862215402555  298
3.3660492098002353  265
3.366236123718293  215
3.3664229572259727  267
3.3666097103924297  280
3.36679638328673  176
3.3669829759778507  201
3.367169488534681  196
3.367355921026019  247
3.3675422735205767  178
3.3677285460869766  230
3.3679147387937527  175
3.3681008517093516  168
3.368286884902131  174
3.3684728384403617  138
3.368658712392227  129
3.3688445068258215  149
3.3690302218091532  131
3.369215857410143  113
3.3694014136966244  90
3.369586890736344  102
3.369772288596963  104
3.369957607346053  102
3.370142847051102  77
3.3703280077795106  91
3.3705130895985924  82
3.370698092575577  80
3.370883016777606  88
3.3710678622717363  71
3.3712526291249394  77
3.371437317404101  59
3.3716219271760215  65
3.371806458507416  55
3.371990911464915  56
3.372175286115064  58
3.3723595825243238  41
3.3725438007590705  40
3.3727279408855955  52
3.3729120029701067  36
3.373095987078727  33
3.373279893277496  34
3.373463721632369  28
3.3736474722092176  21
3.3738311450738303  22
3.3740147402919116  21
3.374198257929083  27
3.374381698050882  26
3.374565060722765  13
3.374748346010104  11
3.3749315539781883  14
3.375114684692225  7
3.375297738217339  3
3.3754807146185724  12
3.3756636139608855  19
3.375846436309156  2
3.3760291817281805  11
3.376211850282673  6
3.3763944420372662  1
3.376576957056512  9
3.37675939540488  5
3.3769417571467586  8
3.377124042346456  16
3.377306251068199  9
3.3774883833761327  5
3.377670439334323  6
3.3778524190067545  10
3.3780343224573315  7
3.378216149749878  6
3.3783979009481375  5
3.378579576115775  5
3.3787611753163733  9
3.378942698613437  7
3.379124146070392  1
3.3794868137172736  4
3.379668034033654  2
3.380030247967831  1
3.380211241711606  2
3.3803921600570273  2
3.3805730030668872  7
3.3807537708039  5
3.380934463330702  6
3.3811150807098507  1
3.38147609027503  4
3.381656482585787  1
3.3818367999983434  1
3.3820170425748683  1
3.382197210377454  1
3.3825573219087857  1
3.382917135087531  1
3.3830969299490943  1
3.3832766504076504  1
3.383456296524753  3
3.383815365980431  1
3.3845326154942486  1
