0.3010299956639812  4150
0.47712125471966244  4176
0.6020599913279624  4123
0.6989700043360189  4250
0.7781512503836436  4071
0.8450980400142568  4259
0.9030899869919435  4072
0.9542425094393249  4236
1.0  4041
1.0413926851582251  4093
1.0791812460476249  4229
1.1139433523068367  4110
1.146128035678238  4018
1.1760912590556813  4185
1.2041199826559248  4237
1.2304489213782739  4178
1.255272505103306  4068
1.2787536009528289  4187
1.3010299956639813  4088
1.3222192947339193  4246
1.3424226808222062  4159
1.3617278360175928  4022
1.380211241711606  4001
1.3979400086720377  4151
1.414973347970818  4104
1.4313637641589874  3981
1.4471580313422192  3820
1.462397997898956  3935
1.4771212547196624  3741
1.4913616938342726  3721
1.505149978319906  3435
1.5185139398778875  3635
1.5314789170422551  3683
1.5440680443502757  3547
1.5563025007672873  3517
1.568201724066995  3627
1.5797835966168101  3507
1.591064607026499  3538
1.6020599913279623  3467
1.6127838567197355  3563
1.6232492903979006  3520
1.6334684555795864  3582
1.6434526764861874  3623
1.6532125137753437  3621
1.662757831681574  3487
1.6720978579357175  3633
1.6812412373755872  3438
1.6901960800285136  3542
1.6989700043360187  3534
1.7075701760979363  3475
1.7160033436347992  3555
1.724275869600789  3573
1.7323937598229686  3458
1.7403626894942439  3606
1.7481880270062005  3503
1.7558748556724915  3454
1.7634279935629373  3391
1.7708520116421442  3515
1.7781512503836436  3587
1.7853298350107671  3550
1.792391689498254  3390
1.7993405494535817  3617
1.806179973983887  3540
1.8129133566428555  3376
1.8195439355418688  3575
1.8260748027008264  3411
1.8325089127062364  3552
1.8388490907372552  3568
1.845098040014257  3458
1.8512583487190752  3591
1.8573324964312685  3500
1.863322860120456  3476
1.8692317197309762  3569
1.8750612633917  3677
1.8808135922807914  3569
1.8864907251724818  3550
1.8920946026904804  3639
1.8976270912904414  3601
1.9030899869919435  3522
1.9084850188786497  3511
1.9138138523837167  3587
1.919078092376074  3679
1.9242792860618816  3500
1.9294189257142926  3600
1.9344984512435677  3524
1.9395192526186185  3501
1.9444826721501687  3421
1.9493900066449128  3487
1.954242509439325  3565
1.9590413923210936  3592
1.9637878273455553  3549
1.968482948553935  3645
1.9731278535996986  3442
1.9777236052888478  3583
1.9822712330395684  3434
1.9867717342662448  3786
1.9912260756924949  3530
1.99563519459755  3585
2.0  3530
2.0043213737826426  3574
2.0086001717619175  3412
2.012837224705172  3538
2.0170333392987803  3420
2.0211892990699383  3556
2.0253058652647704  3577
2.0293837776852097  3500
2.03342375548695  3526
2.037426497940624  3506
2.041392685158225  3623
2.0453229787866576  3675
2.0492180226701815  3488
2.0530784434834195  3425
2.0569048513364727  3555
2.060697840353612  3624
2.0644579892269186  3554
2.0681858617461617  3409
2.0718820073061255  3654
2.0755469613925306  3540
2.0791812460476247  3500
2.0827853703164503  3643
2.0863598306747484  3440
2.089905111439398  3506
2.093421685162235  3523
2.0969100130080562  3596
2.100370545117563  3630
2.103803720955957  3493
2.1072099696478683  3589
2.110589710299249  3585
2.113943352306837  3498
2.1172712956557644  3619
2.12057393120585  3545
2.123851640967086  3577
2.1271047983648077  3344
2.130333768495006  3596
2.1335389083702174  3600
2.1367205671564067  3488
2.1398790864012365  3502
2.143014800254095  3599
2.146128035678238  3466
2.1492191126553797  3658
2.1522883443830563  3546
2.155336037465062  3588
2.1583624920952498  3402
2.161368002234975  3485
2.164352855784437  3604
2.167317334748176  3710
2.1702617153949575  3668
2.173186268412274  3541
2.1760912590556813  3533
2.1789769472931693  3497
2.1818435879447726  3388
2.184691430817599  3509
2.187520720836463  3495
2.1903316981702914  3429
2.1931245983544616  3715
2.1958996524092336  3564
2.1986570869544226  3443
2.2013971243204513  3476
2.2041199826559246  3558
2.2068258760318495  3416
2.2095150145426308  3503
2.2121876044039577  3452
2.214843848047698  3514
2.2174839442139063  3489
2.220108088040055  3615
2.2227164711475833  3625
2.225309281725863  3528
2.2278867046136734  3538
2.230448921378274  3473
2.2329961103921536  3508
2.2355284469075487  3548
2.2380461031287955  3487
2.2405492482826  3492
2.2430380486862944  3540
2.24551266781415  3585
2.247973266361807  3606
2.250420002308894  3516
2.2528530309798933  3472
2.255272505103306  3519
2.2576785748691846  3583
2.2600713879850747  3759
2.2624510897304293  3672
2.2648178230095364  3536
2.2671717284030137  3716
2.2695129442179165  3631
2.271841606536499  3592
2.27415784926368  3481
2.2764618041732443  3540
2.278753600952829  3469
2.2810333672477277  3470
2.2833012287035497  3512
2.285557309007774  3331
2.287801729930226  3550
2.290034611362518  3583
2.292256071356476  3505
2.294466226161593  3619
2.296665190261531  3628
2.298853076409707  3524
2.3010299956639813  3490
2.303196057420489  3655
2.305351369446624  3639
2.307496037913213  3531
2.3096301674258988  3560
2.311753861055754  3572
2.3138672203691533  3558
2.315970345456918  3510
2.3180633349627615  3672
2.3201462861110542  3519
2.322219294733919  3594
2.3242824552976926  3541
2.326335860928751  3522
2.3283796034387376  3543
2.330413773349191  3602
2.3324384599156054  3668
2.3344537511509307  3681
2.3364597338485296  3587
2.3384564936046046  3612
2.3404441148401185  3558
2.342422680822206  3652
2.3443922736851106  3586
2.346352974450639  3530
2.3483048630481607  3467
2.3502480183341627  3414
2.3521825181113627  3458
2.3541084391474008  3577
2.3560258571931225  3577
2.357934847000454  3729
2.359835482339888  3703
2.361727836017593  3557
2.3636119798921444  3560
2.3654879848909  3560
2.367355921026019  3509
2.369215857410143  3549
2.3710678622717363  3518
2.3729120029701067  3446
2.374748346010104  3480
2.376576957056512  3637
2.3783979009481375  3530
2.380211241711606  3595
2.3820170425748683  3504
2.383815365980431  3662
2.385606273598312  3569
2.387389826338729  3513
2.3891660843645326  3485
2.3909351071033793  3604
2.392696953259666  3459
2.3944516808262164  3504
2.3961993470957363  3488
2.3979400086720375  3565
2.399673721481038  3640
2.401400540781544  3547
2.403120521175818  3625
2.404833716619938  3376
2.406540180433955  3732
2.4082399653118496  3373
2.4099331233312946  3669
2.41161970596323  3529
2.413299764081252  3490
2.4149733479708178  3562
2.416640507338281  3729
2.4183012913197452  3565
2.419955748489758  3728
2.4216039268698313  3491
2.423245873936808  3620
2.424881636631067  3692
2.4265112613645754  3529
2.428134794028789  3523
2.429752280002408  3657
2.4313637641589874  3438
2.432969290874406  3567
2.4345689040341987  3584
2.436162647040756  3551
2.437750562820388  3606
2.439332693830263  3557
2.4409090820652177  3574
2.4424797690644486  3592
2.444044795918076  3582
2.4456042032735974  3520
2.4471580313422194  3535
2.44870631990508  3599
2.450249108319361  3610
2.45178643552429  3590
2.4533183400470375  3495
2.45484486000851  3409
2.456366033129043  3675
2.4578818967339924  3572
2.459392487759231  3496
2.4608978427565478  3657
2.462397997898956  3559
2.4638929889859074  3603
2.4653828514484184  3789
2.4668676203541096  3673
2.4683473304121573  3631
2.469822015978163  3560
2.4712917110589387  3571
2.4727564493172123  3430
2.4742162640762553  3436
2.4756711883244296  3482
2.4771212547196626  3582
2.4785664955938436  3704
2.4800069429571505  3487
2.481442628502305  3496
2.482873583608754  3597
2.484299839346786  3605
2.48572142648158  3691
2.4871383754771865  3545
2.4885507165004443  3481
2.4899584794248346  3505
2.4913616938342726  3588
2.4927603890268375  3520
2.494154594018443  3580
2.4955443375464483  3622
2.496929648073215  3506
2.4983105537896004  3592
2.499687082618404  3540
2.5010592622177517  3715
2.5024271199844326  3440
2.503790683057181  3558
2.505149978319906  3501
2.506505032404872  3567
2.507855871695831  3452
2.509202522331103  3646
2.510545010206612  3474
2.5118833609788744  3581
2.513217600067939  3549
2.514547752660286  3430
2.515873843711679  3587
2.5171958979499744  3380
2.5185139398778875  3533
2.519827993775719  3565
2.5211380837040362  3539
2.5224442335063197  3664
2.5237464668115646  3587
2.525044807036845  3502
2.526339277389844  3500
2.5276299008713385  3540
2.5289167002776547  3576
2.530199698203082  3476
2.531478917042255  3341
2.5327543789924976  3472
2.534026106056135  3558
2.5352941200427703  3464
2.53655844257153  3577
2.537819095073274  3518
2.5390760987927767  3500
2.5403294747908736  3619
2.5415792439465807  3638
2.5428254269591797  3489
2.5440680443502757  3516
2.545307116465824  3679
2.546542663478131  3537
2.5477747053878224  3642
2.5490032620257876  3490
2.550228353055094  3600
2.5514499979728753  3635
2.552668216112193  3497
2.5538830266438746  3615
2.5550944485783194  3526
2.5563025007672873  3471
2.5575072019056577  3493
2.558708570533166  3513
2.5599066250361124  3643
2.561101383649056  3646
2.5622928644564746  3561
2.5634810853944106  3612
2.5646660642520893  3555
2.5658478186735176  3726
2.56702636615906  3567
2.568201724066995  3551
2.569373909615046  3540
2.5705429398818973  3477
2.571708831808688  3530
2.5728716022004803  3600
2.574031267727719  3424
2.575187844927661  3541
2.576341350205793  3555
2.5774917998372255  3658
2.578639209968072  3480
2.57978359661681  3547
2.5809249756756194  3613
2.582063362911709  3593
2.583198773968623  3625
2.584331224367531  3571
2.5854607295085006  3384
2.586587304671755  3565
2.5877109650189114  3551
2.5888317255942073  3543
2.5899496013257077  3462
2.591064607026499  3557
2.5921767573958667  3521
2.593286067020457  3486
2.5943925503754266  3483
2.595496221825574  3577
2.59659709562646  3583
2.597695185925512  3577
2.598790506763115  3446
2.5998830720736876  3481
2.6009728956867484  3620
2.6020599913279625  3575
2.603144372620182  3640
2.60422605308447  3549
2.6053050461411096  3507
2.606381365110605  3493
2.6074550232146687  3535
2.6085260335771943  3532
2.60959440922522  3609
2.61066016308988  3697
2.611723308007342  3597
2.6127838567197355  3542
2.6138418218760693  3399
2.6148972160331345  3521
2.615950051656401  3618
2.617000341120899  3438
2.6180480967120925  3432
2.6190933306267428  3551
2.6201360549737576  3543
2.621176281775035  3471
2.622214022966295  3500
2.6232492903979003  3592
2.6242820958356683  3518
2.625312450961674  3520
2.6263403673750423  3568
2.6273658565927325  3675
2.6283889300503116  3323
2.629409599102719  3622
2.630427875025024  3426
2.6314437690131722  3510
2.6324572921847245  3714
2.6334684555795866  3555
2.6344772701607315  3614
2.635483746814912  3563
2.6364878963533656  3619
2.637489729512511  3599
2.6384892569546374  3519
2.639486489268586  3618
2.640481436970422  3430
2.6414741105040997  3478
2.6424645202421213  3554
2.6434526764861874  3506
2.6444385894678386  3517
2.645422269349092  3515
2.6464037262230695  3629
2.6473829701146196  3481
2.6483600109809315  3476
2.649334858712142  3501
2.6503075231319366  3514
2.651278013998144  3581
2.6522463410033232  3596
2.6532125137753435  3518
2.6541765418779604  3420
2.655138434811382  3616
2.656098202012832  3656
2.6570558528571038  3598
2.6580113966571126  3549
2.658964842664435  3675
2.6599162000698504  3542
2.660865478003869  3587
2.661812685537261  3645
2.662757831681574  3611
2.663700925389648  3571
2.6646419755561257  3445
2.6655809910179533  3366
2.6665179805548807  3650
2.667452952889954  3504
2.66838591669  3467
2.6693168805661123  3509
2.670245853074124  3639
2.6711728427150834  3483
2.6720978579357175  3648
2.673020907128896  3484
2.673941998634088  3624
2.6748611407378116  3505
2.6757783416740852  3417
2.6766936096248664  3519
2.677606952720493  3426
2.678518379040114  3634
2.6794278966121188  3546
2.680335513414563  3463
2.681241237375587  3540
2.682145076373832  3622
2.6830470382388496  3523
2.683947130751512  3558
2.6848453616444123  3550
2.6857417386022635  3470
2.6866362692622934  3501
2.6875289612146345  3611
2.6884198220027105  3600
2.6893088591236203  3609
2.690196080028514  3532
2.6910814921229687  3719
2.69196510276736  3509
2.69284691927723  3364
2.693726948923647  3641
2.694605198933569  3517
2.6954816764901977  3323
2.696356388733332  3545
2.6972293427597176  3607
2.6981005456233897  3510
2.6989700043360187  3501
2.699837725867246  3611
2.7007037171450192  3535
2.7015679850559273  3670
2.7024305364455254  3417
2.7032913781186614  3514
2.7041505168397992  3527
2.705007959333336  3550
2.7058637122839193  3466
2.7067177823367587  3724
2.7075701760979363  3525
2.708420900134713  3597
2.709269960975831  3493
2.7101173651118162  3642
2.710963118995276  3530
2.711807229041191  3492
2.7126497016272113  3515
2.7134905430939424  3677
2.714329759745233  3499
2.7151673578484576  3658
2.716003343634799  3535
2.7168377232995247  3581
2.717670503002262  3606
2.718501688867274  3545
2.7193312869837265  3616
2.720159303405957  3528
2.7209857441537393  3522
2.7218106152125467  3468
2.722633922533812  3462
2.7234556720351857  3540
2.724275869600789  3505
2.725094521081469  3480
2.7259116322950483  3458
2.7267272090265724  3616
2.727541257028556  3485
2.7283537820212285  3556
2.72916478969277  3490
2.7299742856995555  3578
2.7307822756663893  3411
2.7315887651867388  3482
2.7323937598229686  3517
2.7331972651065692  3526
2.733999286538387  3498
2.734799829588847  3508
2.73559889969818  3613
2.7363965022766426  3510
2.7371926427047373  3466
2.737987326333431  3640
2.738780558484369  3541
2.739572344450092  3584
2.7403626894942437  3438
2.741151598851785  3539
2.741939077729199  3670
2.7427251313046983  3515
2.74350976472843  3642
2.7442929831226763  3564
2.7450747915820575  3518
2.745855195173729  3660
2.7466341989375787  3463
2.747411807886423  3405
2.7481880270062002  3575
2.7489628612561616  3528
2.749736315569061  3505
2.7505083948513462  3577
2.751279103983342  3373
2.7520484478194387  3564
2.7528164311882715  3408
2.7535830588929064  3658
2.754348335711019  3524
2.7551122663950713  3401
2.7558748556724915  3487
2.756636108245848  3670
2.7573960287930244  3658
2.75815462196739  3534
2.7589118923979736  3572
2.7596678446896306  3698
2.760422483423212  3636
2.7611758131557314  3649
2.761927838420529  3711
2.762678563727436  3562
2.7634279935629373  3560
2.7641761323903307  3582
2.7649229846498886  3352
2.765668554759014  3476
2.7664128471123997  3493
2.7671558660821804  3578
2.767897616018091  3639
2.7686381012476144  3691
2.7693773260761385  3408
2.7701152947871015  3561
2.7708520116421442  3497
2.7715874808812555  3457
2.77232170672292  3573
2.7730546933642626  3451
2.7737864449811935  3602
2.7745169657285498  3496
2.7752462597402365  3432
2.775974331129369  3604
2.776701183988411  3465
2.7774268223893115  3422
2.7781512503836434  3521
2.7788744720027396  3575
2.7795964912578244  3640
2.780317312140151  3492
2.7810369386211318  3555
2.781755374652469  3694
2.782472624166286  3454
2.7831886910752575  3591
2.783903579272735  3603
2.784617292632875  3447
2.785329835010767  3496
2.786041210242554  3559
2.7867514221455614  3547
2.787460474518415  3554
2.788168371141168  3644
2.788875115775417  3578
2.7895807121644256  3663
2.7902851640332416  3437
2.790988475088816  3536
2.791690649020118  3499
2.792391689498254  3426
2.79309160017658  3518
2.7937903846908188  3597
2.7944880466591697  3475
2.795184589682424  3602
2.7958800173440754  3491
2.7965743332104296  3515
2.7972675408307164  3529
2.797959643737196  3602
2.798650645445269  3501
2.7993405494535817  3570
2.8000293592441343  3521
2.800717078282385  3568
2.801403710017355  3598
2.802089257881733  3590
2.8027737252919755  3662
2.803457115648414  3514
2.8041394323353503  3645
2.8048206787211623  3626
2.8055008581584002  3424
2.806179973983887  3623
2.8068580295188172  3680
2.807535028068853  3525
2.808210972924222  3460
2.808885867359812  3544
2.8095597146352675  3389
2.8102325179950842  3587
2.8109042806687006  3566
2.8115750058705933  3670
2.812244696800369  3571
2.8129133566428557  3687
2.813580988568192  3691
2.81424759573192  3525
2.814913181275074  3648
2.815577748324267  3652
2.816241299991783  3411
2.8169038393756605  3450
2.8175653695597807  3526
2.8182258936139557  3462
2.8188854145940097  3523
2.8195439355418688  3567
2.82020145948564  3492
2.8208579894397  3487
2.821513528404773  3372
2.8221680793680175  3495
2.8228216453031045  3591
2.823474229170301  3522
2.824125833916549  3595
2.824776462475546  3599
2.8254261177678233  3637
2.8260748027008264  3550
2.826722520168992  3613
2.8273692730538253  3571
2.828015064223977  3561
2.82865989653532  3499
2.829303772831025  3520
2.829946695941636  3590
2.8305886686851442  3498
2.8312296938670634  3511
2.8318697742805017  3627
2.832508912706236  3714
2.833147111912785  3682
2.833784374656479  3716
2.8344207036815328  3558
2.835056101720116  3551
2.8356905714924254  3530
2.8363241157067516  3473
2.8369567370595505  3434
2.837588438235511  3481
2.8382192219076257  3543
2.838849090737255  3510
2.8394780473741985  3561
2.840106094456758  3539
2.8407332346118066  3535
2.841359470454855  3523
2.8419848045901137  3560
2.842609239610562  3424
2.8432327780980096  3511
2.843855422623161  3515
2.8444771757456815  3467
2.845098040014257  3612
2.8457180179666586  3580
2.846337112129805  3542
2.846955325019824  3507
2.847572659142112  3570
2.848189116991399  3496
2.8488047010518036  3501
2.8494194137968996  3693
2.850033257689769  3597
2.8506462351830666  3670
2.8512583487190755  3586
2.851869600729766  3478
2.8524799936368566  3591
2.8530895298518657  3630
2.8536982117761744  3445
2.8543060418010806  3674
2.8549130223078554  3469
2.8555191556678  3605
2.8561244442423  3573
2.8567288903828825  3348
2.8573324964312685  3594
2.857935264719429  3691
2.858537197569639  3567
2.859138297294531  3608
2.859738566197147  3478
2.8603380065709936  3450
2.8609366207000937  3639
2.8615344108590377  3559
2.862131379313037  3431
2.8627275283179747  3567
2.863322860120456  3636
2.8639173769578603  3589
2.864511081058392  3522
2.8651039746411278  3495
2.8656960599160706  3458
2.8662873390841948  3416
2.866877814337499  3658
2.8674674878590514  3543
2.8680563618230415  3471
2.8686444383948255  3528
2.8692317197309762  3538
2.869818207979328  3520
2.870403905279027  3675
2.8709888137605755  3438
2.8715729355458786  3442
2.8721562727482928  3559
2.8727388274726686  3411
2.873320601815399  3584
2.8739015978644615  3546
2.8744818176994666  3680
2.8750612633917  3484
2.8756399370041685  3595
2.876217840591642  3545
2.8767949762007006  3401
2.877371345869774  3492
2.8779469516291885  3654
2.8785217955012063  3522
2.8790958795000727  3479
2.8796692056320534  3590
2.88024177589548  3540
2.8808135922807914  3593
2.8813846567705728  3503
2.8819549713396007  3566
2.8825245379548803  3539
2.8830933585756897  3574
2.8836614351536176  3775
2.884228769632604  3600
2.884795363948981  3593
2.885361220031512  3416
2.885926339801431  3484
2.886490725172482  3577
2.8870543780509568  3506
2.887617300335736  3395
2.888179493918325  3637
2.8887409606828927  3514
2.88930170250631  3604
2.8898617212581885  3519
2.890421018800914  3760
2.890979596989689  3607
2.8915374576725643  3501
2.8920946026904804  3601
2.8926510338773004  3534
2.893206753059848  3457
2.8937617620579434  3641
2.8943160626844384  3538
2.8948696567452528  3541
2.895422546039408  3611
2.8959747323590648  3431
2.8965262174895554  3375
2.89707700320942  3552
2.8976270912904414  3507
2.8981764834976764  3622
2.8987251815894934  3600
2.8992731873176036  3618
2.8998205024270964  3464
2.9003671286564705  3672
2.900913067737669  3610
2.9014583213961123  3402
2.9020028913507296  3361
2.902546779313991  3566
2.9030899869919438  3498
2.9036325160842376  3637
2.9041743682841634  3620
2.904715545278681  3517
2.905256048748451  3518
2.9057958803678687  3618
2.906335041805091  3513
2.90687353472207  3516
2.907411360774586  3487
2.9079485216122722  3559
2.90848501887865  3674
2.909020854211156  3526
2.9095560292411755  3449
2.910090545594068  3702
2.910624404889201  3424
2.9111576087399764  3528
2.9116901587538613  3546
2.9122220565324155  3642
2.912753303671323  3393
2.9132839017604186  3579
2.9138138523837167  3569
2.9143431571194407  3633
2.9148718175400505  3609
2.91539983521227  3531
2.9159272116971158  3560
2.916453948549925  3565
2.9169800473203824  3456
2.9175055095525466  3485
2.9180303367848803  3576
2.9185545305502734  3624
2.9190780923760737  3521
2.919601023784111  3543
2.920123326290724  3517
2.9206450014067875  3523
2.921166050637739  3428
2.921686475483602  3513
2.9222062774390163  3492
2.92272545799326  3688
2.9232440186302764  3374
2.9237619608287004  3661
2.9242792860618816  3628
2.924795995797912  3625
2.9253120914996495  3573
2.9258275746247424  3461
2.926342446625655  3570
2.926856708949692  3637
2.9273703630390235  3537
2.9278834103307068  3616
2.9283958522567137  3583
2.928907690243953  3604
2.929418925714293  3594
2.929929560084588  3597
2.9304395947667  3503
2.930949031167523  3558
2.931457870689005  3464
2.931966114728173  3507
2.932473764677153  3666
2.932980821923198  3504
2.9334872878487053  3486
2.9339931638312424  3586
2.934498451243568  3576
2.935003151453655  3663
2.9355072658247128  3619
2.9360107957152097  3589
2.936513742478893  3661
2.9370161074648142  3549
2.937517892017347  3550
2.9380190974762104  3536
2.938519725176492  3482
2.9390197764486663  3651
2.9395192526186187  3552
2.9400181550076634  3476
2.940516484932567  3694
2.9410142437055695  3659
2.941511432634403  3415
2.942008053022313  3448
2.9425041061680806  3431
2.9429995933660407  3609
2.9434945159061026  3534
2.9439888750737717  3524
2.9444826721501687  3470
2.9449759084120477  3592
2.94546858513182  3397
2.9459607035775686  3525
2.946452265013073  3555
2.9469432706978256  3582
2.9474337218870508  3574
2.9479236198317262  3461
2.948412965778601  3505
2.9489017609702137  3433
2.949390006644913  3612
2.949877704036875  3573
2.950364854376123  3445
2.9508514588885464  3441
2.951337518795918  3629
2.951823035315912  3655
2.9523080096621253  3520
2.952792443044092  3418
2.9532763366673045  3602
2.9537596917332287  3576
2.9542425094393248  3508
2.954724790979063  3501
2.9552065375419416  3564
2.9556877503135057  3497
2.9561684304753633  3621
2.9566485792052033  3540
2.957128197676813  3543
2.957607287060095  3545
2.958085848521085  3454
2.9585638832219674  3493
2.9590413923210934  3591
2.9595183769729982  3562
2.959994838328416  3540
2.960470777534299  3609
2.960946195733831  3621
2.9614210940664485  3533
2.9618954736678504  3601
2.962369335670021  3528
2.9628426812012423  3497
2.9633155113861114  3636
2.963787827345555  3520
2.964259630196849  3624
2.9647309210536292  3582
2.965201701025912  3488
2.9656719712201065  3661
2.9661417327390325  3549
2.966610986681934  3598
2.967079734144497  3533
2.967547976218862  3517
2.968015713993642  3428
2.9684829485539352  3556
2.9689496809813427  3577
2.9694159123539814  3611
2.9698816437465  3532
2.9703468762300935  3651
2.9708116108725178  3511
2.971275848738105  3690
2.971739590887778  3533
2.9722028383790646  3506
2.972665592266111  3504
2.9731278535996988  3495
2.973589623427257  3539
2.9740509027928774  3551
2.9745116927373285  3584
2.974971994298069  3515
2.975431808509263  3504
2.975891136401793  3649
2.9763499790032735  3671
2.976808337338066  3439
2.977266212427293  3578
2.9777236052888476  3568
2.978180516937414  3660
2.9786369483844743  3499
2.979092900638326  3629
2.979548374704095  3539
2.9800033715837464  3609
2.9804578922761  3654
2.9809119377768436  3529
2.9813655090785445  3511
2.9818186071706636  3542
2.9822712330395684  3544
2.9827233876685453  3577
2.983175072037813  3644
2.9836262871245345  3348
2.984077033902831  3551
2.9845273133437926  3465
2.9849771264154934  3589
2.9854264740830017  3580
2.9858753573083936  3585
2.986323777050765  3658
2.9867717342662448  3595
2.9872192299080047  3676
2.9876662649262746  3590
2.988112840268352  3545
2.9885589568786157  3575
2.989004615698537  3490
2.9894498176666917  3615
2.989894563718773  3516
2.9903388547876015  3527
2.9907826918031377  3493
2.9912260756924947  3478
2.9916690073799486  3680
2.9921114877869495  3619
2.9925535178321354  3523
2.9929950984313414  3541
2.9934362304976116  3602
2.993876914941211  3467
2.9943171526696366  3617
2.9947569445876283  3546
2.9951962915971793  3514
2.99563519459755  3670
2.9960736544852753  3636
2.9965116721541785  3463
2.996949248495381  3657
2.997386384397313  3541
2.9978230807457256  3589
2.998259338423699  3651
2.998695158311656  3570
2.999130541287371  3525
2.9995654882259823  3606
3.0  3489
3.000434077479319  3482
3.0008677215312267  3530
3.0013009330204183  3602
3.0017337128090005  3439
3.002166061756508  3508
3.0025979807199086  3442
3.003029470553618  3554
3.0034605321095067  3603
3.0038911662369103  3673
3.0043213737826426  3581
3.004751155591001  3584
3.0051805125037805  3483
3.0056094453602804  3603
3.0060379549973173  3471
3.0064660422492318  3658
3.0068937079479006  3555
3.0073209529227447  3610
3.00774777800074  3507
3.0081741840064264  3512
3.0086001717619175  3573
3.0090257420869104  3502
3.009450895798694  3491
3.00987563371216  3474
3.010299956639812  3420
3.010723865391773  3514
3.0111473607757975  3596
3.0115704435972783  3661
3.011993114659257  3434
3.012415374762433  3514
3.012837224705172  3391
3.0132586652835167  3556
3.0136796972911926  3575
3.0141003215196207  3546
3.0145205387579237  3486
3.0149403497929366  3430
3.0153597554092144  3570
3.015778756389041  3572
3.016197353512439  3511
3.016615547557177  3480
3.0170333392987803  3615
3.017450729510536  3552
3.0178677189635055  3532
3.018284308426531  3526
3.0187004986662433  3522
3.019116290447073  3507
3.0195316845312554  3643
3.0199466816788423  3719
3.0203612826477078  3535
3.020775488193558  3561
3.0211892990699383  3739
3.021602716028242  3413
3.02201573981772  3596
3.0224283711854865  3600
3.022840610876528  3584
3.0232524596337114  3631
3.0236639181977933  3415
3.024074987307426  3584
3.024485667699167  3556
3.024895960107485  3553
3.0253058652647704  3519
3.025715383901341  3499
3.0261245167454502  3598
3.0265332645232967  3448
3.0269416279590295  3601
3.0273496077747564  3527
3.0277572046905536  3543
3.0281644194244697  3642
3.0285712526925375  3446
3.028977705208778  3496
3.0293837776852097  3698
3.029789470831856  3542
3.030194785356751  3556
3.030599721965951  3512
3.0310042813635367  3582
3.031408464251624  3467
3.0318122713303706  3544
3.0322157032979815  3540
3.03261876085072  3474
3.0330214446829107  3497
3.03342375548695  3641
3.03382569395331  3465
3.0342272607705505  3530
3.0346284566253203  3669
3.0350292822023683  3472
3.0354297381845483  3659
3.035829825252828  3558
3.0362295440862948  3636
3.036628895362161  3637
3.037027879755775  3540
3.037426497940624  3461
3.037824750588342  3758
3.0382226383687185  3534
3.038620161949703  3426
3.039017321997412  3491
3.0394141191761372  3631
3.0398105541483504  3510
3.0402066275747113  3548
3.040602340114073  3591
3.0409976924234905  3612
3.041392685158225  3468
3.041787318971752  3581
3.042181594515766  3559
3.0425755124401905  3551
3.0429690733931802  3656
3.0433622780211294  3615
3.0437551269686796  3626
3.044147620878723  3571
3.044539760392411  3576
3.04493154614916  3626
3.0453229787866576  3488
3.0457140589408676  3727
3.0461047872460387  3378
3.0464951643347082  3576
3.04688519083771  3569
3.0472748673841794  3579
3.04766419460156  3443
3.048053173115609  3573
3.0484418035504044  3520
3.04883008652835  3475
3.0492180226701815  3667
3.049605612594973  3477
3.0499928569201424  3420
3.050379756261458  3399
3.0507663112330423  3515
3.0511525224473814  3526
3.0515383905153275  3532
3.0519239160461065  3587
3.0523090996473234  3474
3.052693941924968  3505
3.0530784434834195  3543
3.053462604925455  3534
3.0538464268522527  3625
3.0542299098633974  3526
3.0546130545568877  3584
3.0549958615291417  3596
3.055378331375  3471
3.0557604646877348  3599
3.056142262059052  3597
3.0565237240791006  3507
3.0569048513364727  3480
3.0572856444182146  3414
3.0576661039098294  3635
3.0580462303952816  3527
3.058426024457005  3603
3.0588054866759067  3476
3.059184617631371  3530
3.0595634179012676  3556
3.059941888061955  3539
3.060320028688285  3650
3.060697840353612  3557
3.0610753236297916  3439
3.061452479087193  3624
3.061829307294699  3430
3.0622058088197126  3749
3.062581984228163  3580
3.0629578340845103  3666
3.0633333589517497  3568
3.0637085593914173  3604
3.064083435963596  3694
3.0644579892269186  3502
3.064832219738574  3517
3.065206128054312  3292
3.0655797147284485  3529
3.06595298031387  3619
3.0663259253620376  3603
3.0666985504229953  3583
3.0670708560453703  3557
3.0674428427763805  3684
3.0678145111618402  3545
3.0681858617461617  3402
3.068556895072363  3462
3.068927611682072  3536
3.0692980121155293  3487
3.0696680969115957  3534
3.070037866607755  3532
3.0704073217401198  3530
3.0707764628434346  3563
3.0711452904510828  3436
3.071513805095089  3532
3.0718820073061255  3541
3.072249897613515  3361
3.0726174765452368  3511
3.0729847446279304  3672
3.073351702386901  3484
3.0737183503461227  3485
3.074084689028244  3448
3.074450718954591  3474
3.074816440645175  3554
3.0751818546186915  3615
3.0755469613925306  3510
3.0759117614827773  3531
3.076276255404218  3593
3.076640443670342  3618
3.0770043267933502  3588
3.0773679052841563  3611
3.077731179652392  3380
3.0780941504064105  3443
3.0784568180532927  3521
3.0788191830988487  3480
3.0791812460476247  3757
3.079543007402906  3515
3.079904467666721  3577
3.0802656273398448  3516
3.0806264869218056  3519
3.080987046910887  3679
3.0813473078041325  3458
3.081707270097349  3598
3.082066934285113  3509
3.0824263008607717  3559
3.0827853703164503  3632
3.0831441431430524  3496
3.0835026198302673  3625
3.083860800866573  3485
3.0842186867392387  3673
3.084576277934331  3601
3.084933574936716  3650
3.085290578230065  3551
3.0856472882968564  3433
3.0860037056183818  3570
3.0863598306747484  3516
3.0867156639448825  3592
3.0870712059065353  3520
3.0874264570362855  3445
3.087781417809542  3635
3.0881360887005513  3611
3.0884904701823963  3521
3.088844562727004  3526
3.089198366805149  3566
3.089551882886454  3491
3.089905111439398  3475
3.090258052931316  3631
3.090610707828407  3634
3.0909630765957314  3430
3.091315159697223  3570
3.0916669575956846  3615
3.092018470752797  3519
3.0923696996291206  3629
3.0927206446840994  3567
3.0930713063760633  3658
3.093421685162235  3555
3.09377178149873  3607
3.0941215958405612  3687
3.094471128641645  3638
3.0948203803548  3504
3.095169351431755  3510
3.095518042323151  3512
3.0958664534785427  3611
3.0962145853464054  3578
3.0965624383741357  3680
3.0969100130080562  3674
3.09725730969342  3544
3.097604328874411  3652
3.09795107099415  3690
3.0982975364946976  3500
3.098643725817057  3454
3.0989896394011773  3613
3.0993352776859577  3605
3.09968064110925  3544
3.1000257301078626  3397
3.100370545117563  3538
3.1007150865730817  3488
3.1010593549081156  3501
3.101403350555331  3481
3.1017470739463664  3608
3.1020905255118367  3519
3.1024337056813365  3581
3.1027766148834415  3439
3.1031192535457137  3541
3.103461622094705  3576
3.103803720955957  3436
3.104145550554008  3596
3.104487111312395  3591
3.1048284036536553  3510
3.1051694279993316  3561
3.1055101847699738  3594
3.1058506743851435  3504
3.1061908972634154  3497
3.1065308538223815  3532
3.106870544478654  3346
3.1072099696478683  3523
3.1075491297446862  3788
3.1078880251827985  3592
3.1082266563749283  3517
3.1085650237328344  3584
3.1089031276673134  3432
3.109240968588203  3502
3.1095785469043866  3544
3.1099158630237933  3482
3.110252917353403  3477
3.110589710299249  3685
3.1109262422664203  3727
3.1112625136590655  3570
3.111598524880394  3614
3.1119342763326814  3656
3.1122697684172707  3461
3.1126050015345745  3503
3.11293997608408  3657
3.1132746924643504  3475
3.1136091510730277  3564
3.113943352306837  3613
3.1142772965615864  3462
3.114610984232173  3500
3.1149444157125847  3556
3.1152775913959014  3589
3.1156105116742996  3651
3.115943176939055  3583
3.116275587580544  3523
3.1166077439882485  3499
3.116939646550756  3655
3.1172712956557644  3538
3.117602691690084  3475
3.1179338350396413  3491
3.118264726089479  3493
3.118595365223762  3484
3.1189257528257768  3637
3.1192558892779365  3585
3.119585774961784  3573
3.119915410257991  3664
3.1202447955463652  3572
3.12057393120585  3478
3.1209028176145273  3489
3.1212314551496214  3430
3.1215598441875008  3616
3.121887985103681  3646
3.1222158782728267  3563
3.1225435240687545  3574
3.1228709228644354  3576
3.1231980750319988  3458
3.123524980942732  3525
3.123851640967086  3579
3.124178055474675  3516
3.1245042248342823  3609
3.1248301494138593  3600
3.12515582958053  3563
3.125481265700594  3463
3.125806458139527  3569
3.1261314072619846  3597
3.1264561134318045  3682
3.126780577012009  3501
3.1271047983648077  3667
3.127428777851599  3655
3.1277525158329733  3569
3.1280760126687155  3584
3.1283992687178066  3556
3.128722284338427  3611
3.1290450598879582  3577
3.1293675957229854  3536
3.129689892199301  3532
3.1300119496719043  3614
3.130333768495006  3534
3.130655349022031  3491
3.130976691605617  3554
3.131297796597623  3558
3.1316186643491255  3660
3.1319392952104246  3479
3.1322596895310446  3563
3.132579847659737  3533
3.132899769944483  3564
3.1332194567324945  3648
3.1335389083702174  3493
3.133858125203335  3442
3.1341771075767664  3556
3.1344958558346736  3596
3.13481437032046  3484
3.1351326513767748  3660
3.1354506993455136  3494
3.1357685145678222  3493
3.1360860973840974  3611
3.13640344813399  3578
3.1367205671564067  3345
3.1370374547895126  3589
3.137354111370733  3425
3.137670537236755  3484
3.137986732723532  3532
3.1383026981662816  3609
3.1386184338994925  3625
3.1389339402569236  3540
3.139249217571607  3784
3.13956426617585  3718
3.1398790864012365  3531
3.140193678578631  3704
3.1405080430381798  3586
3.1408221801093106  3492
3.141136090120739  3454
3.1414497734004674  3417
3.141763230275788  3464
3.1420764610732848  3579
3.142389466118836  3620
3.1427022457376155  3536
3.143014800254095  3572
3.143327129992046  3454
3.1436392352745433  3465
3.1439511164239633  3599
3.144262773761991  3471
3.144574207609616  3673
3.144885418287142  3484
3.1451964061141817  3503
3.1455071714096627  3381
3.1458177144918276  3464
3.146128035678238  3521
3.1464381352857744  3661
3.14674801363064  3564
3.1470576710283598  3611
3.1473671077937864  3593
3.1476763242410986  3533
3.147985320683805  3650
3.1482940974347455  3682
3.1486026548060932  3636
3.1489109931093564  3589
3.1492191126553797  3496
3.149527013754348  3637
3.149834696715785  3730
3.1501421618485588  3612
3.150449409460881  3484
3.150756439860309  3566
3.15106325335375  3496
3.1513698502474603  3674
3.151676230847048  3596
3.151982395457474  3581
3.1522883443830563  3480
3.15259407792747  3548
3.1528995963937474  3500
3.153204900084284  3557
3.1535099893008374  3514
3.153814864344529  3558
3.154119525515847  3410
3.154423973114647  3541
3.1547282074401557  3583
3.1550322287909704  3547
3.155336037465062  3575
3.1556396337597765  3481
3.1559430179718366  3575
3.1562461903973444  3417
3.1565491513317814  3532
3.156851901070011  3479
3.1571544399062814  3539
3.157456768134226  3537
3.1577588860468637  3554
3.158060793936605  3505
3.1583624920952498  3517
3.1586639808139894  3534
3.15896526038341  3656
3.159266331093494  3561
3.1595671932336202  3691
3.1598678470925665  3479
3.160168292958512  3648
3.1604685311190375  3443
3.1607685618611283  3598
3.1610683854711747  3598
3.161368002234975  3455
3.161667412437736  3650
3.161966616364075  3450
3.1622656142980214  3512
3.162564406523019  3560
3.162862993321926  3516
3.1631613749770184  3499
3.16345955176999  3502
3.163757523981956  3630
3.1640552918934515  3684
3.164352855784437  3543
3.1646502159342966  3461
3.1649473726218416  3524
3.1652443261253107  3520
3.165541076722373  3621
3.1658376246901283  3507
3.166133970305109  3523
3.166430113843283  3531
3.166726055580052  3555
3.1670217957902564  3676
3.167317334748176  3607
3.16761267272753  3504
3.16790781000148  3569
3.168202746842631  3608
3.1684974835230326  3539
3.1687920203141817  3545
3.1690863574870227  3508
3.1693804953119495  3508
3.1696744340588068  3462
3.1699681739968923  3619
3.1702617153949575  3577
3.1705550585212086  3423
3.170848203643309  3609
3.1711411510283822  3529
3.171433900943008  3672
3.171726453653231  3411
3.1720188094245563  3342
3.172310968521954  3537
3.17260293120986  3528
3.1728946977521764  3483
3.173186268412274  3732
3.1734776434529945  3403
3.17376882313665  3503
3.1740598077250253  3633
3.1743505974793798  3492
3.1746411926604483  3596
3.1749315935284423  3635
3.1752218003430523  3531
3.1755118133634475  3566
3.1758016328482794  3506
3.1760912590556813  3549
3.1763806922432702  3537
3.17666993266815  3604
3.176958980586908  3598
3.1772478362556233  3602
3.1775364999298623  3535
3.177824971864682  3512
3.1781132523146316  3598
3.178401341533755  3461
3.17868923977559  3573
3.1789769472931693  3563
3.1792644643390253  3593
3.1795517911651876  3482
3.179838928023187  3515
3.180125875164054  3473
3.180412632838324  3651
3.1806992012960347  3512
3.1809855807867304  3620
3.1812717715594614  3597
3.1815577738627865  3583
3.1818435879447726  3658
3.182129214052998  3311
3.182414652434554  3568
3.1826999033360424  3583
3.182984967003582  3573
3.1832698436828046  3555
3.1835545336188615  3539
3.1838390370564214  3476
3.184123354239671  3667
3.1844074854123203  3537
3.184691430817599  3528
3.184975190698261  3547
3.185258765296585  3333
3.185542154854375  3522
3.185825359612962  3508
3.1861083798132053  3614
3.186391215695493  3501
3.1866738674997452  3434
3.1869563354654122  3566
3.187238619831479  3690
3.187520720836463  3593
3.1878026387184195  3646
3.188084373714938  3439
3.188365926063148  3686
3.188647295999717  3625
3.1889284837608534  3571
3.189209489582306  3501
3.1894903136993675  3459
3.189770956346874  3571
3.190051417759206  3548
3.1903316981702914  3677
3.190611797813605  3692
3.1908917169221698  3566
3.1911714557285586  3605
3.1914510144648953  3479
3.1917303933628562  3508
3.1920095926536702  3538
3.1922886125681202  3531
3.1925674533365456  3654
3.192846115188842  3477
3.1931245983544616  3453
3.1934029030624176  3540
3.1936810295412816  3688
3.193958978019187  3600
3.1942367487238292  3591
3.194514341882467  3629
3.1947917577219247  3513
3.1950689964685903  3578
3.1953460583484197  3535
3.1956229435869368  3640
3.1958996524092336  3561
3.1961761850399735  3487
3.196452541703389  3430
3.196728722623287  3589
3.1970047280230456  3577
3.197280558125619  3585
3.1975562131535367  3468
3.197831693328903  3462
3.1981069988734014  3430
3.1983821300082944  3528
3.1986570869544226  3553
3.198931869932209  3671
3.1992064791616577  3439
3.199480914862356  3573
3.1997551772534747  3622
3.2000292665537704  3535
3.200303182981585  3525
3.2005769267548483  3466
3.2008504980910772  3508
3.2011238972073794  3462
3.2013971243204513  3474
3.2016701796465816  3532
3.20194306340165  3546
3.2022157758011316  3545
3.2024883170600935  3503
3.2027606873931997  3619
3.2030328870147105  3550
3.203304916138483  3574
3.2035767749779724  3506
3.2038484637462346  3505
3.2041199826559246  3529
3.2043913319193  3485
3.204662511748219  3517
3.204933522354145  3445
3.2052043639481447  3547
3.205475036740891  3579
3.205745540942662  3553
3.2060158767633444  3435
3.2062860444124324  3527
3.2065560440990297  3480
3.2068258760318495  3503
3.207095540419218  3639
3.2073650374690716  3579
3.2076343673889616  3568
3.2079035303860515  3691
3.2081725266671217  3587
3.208441356438567  3522
3.208710019906401  3505
3.2089785172762535  3551
3.2092468487533736  3508
3.2095150145426308  3464
3.209783014848515  3568
3.2100508498751372  3472
3.210318519826232  3477
3.2105860249051563  3611
3.210853365314893  3626
3.2111205412580492  3607
3.2113875529368587  3411
3.2116544005531824  3476
3.2119210843085093  3558
3.2121876044039577  3467
3.212453961040276  3490
3.2127201544178425  3551
3.212986184736668  3531
3.2132520521963968  3557
3.2135177569963047  3556
3.2137832993353044  3654
3.2140486794119414  3458
3.2143138974244  3634
3.214578953570499  3557
3.214843848047698  3543
3.215108581053093  3414
3.215373152783422  3664
3.215637563435062  3379
3.215901813204032  3649
3.216165902285993  3677
3.216429830876251  3649
3.2166935991697545  3545
3.216957207361097  3472
3.217220655644519  3497
3.2174839442139063  3547
3.2177470732627937  3388
3.218010042984363  3492
3.2182728535714475  3502
3.218535505216528  3559
3.2187979981117376  3560
3.219060332448861  3634
3.219322508419337  3527
3.2195845262142546  3671
3.219846386024361  3586
3.220108088040055  3585
3.2203696324513946  3536
3.220631019448092  3553
3.2208922492195193  3666
3.2211533219547053  3486
3.2214142378423385  3477
3.2216749970707688  3539
3.2219355998280053  3545
3.22219604630172  3478
3.222456336679247  3645
3.2227164711475833  3611
3.2229764498933915  3489
3.2232362731029975  3537
3.2234959409623944  3540
3.2237554536572413  3670
3.224014811372864  3589
3.2242740142942576  3467
3.2245330626060857  3526
3.2247919564926817  3525
3.225050696138049  3482
3.225309281725863  3454
3.225567713439471  3584
3.2258259914618934  3840
3.226084115975824  3469
3.226342087163631  3585
3.2265999052073573  3584
3.2268575702887237  3599
3.2271150825891253  3609
3.2273724422896364  3534
3.227629649571009  3569
3.2278867046136734  3554
3.2281436075977417  3469
3.228400358703005  3575
3.2286569581089353  3479
3.228913405994688  3494
3.229169702539101  3668
3.229425847920695  3562
3.229681842317676  3617
3.229937685907934  3464
3.230193378869046  3467
3.230448921378274  3588
3.230704313612569  3521
3.230959555748569  3555
3.231214647962601  3522
3.2314695904306814  3494
3.2317243833285163  3672
3.231979026831504  3571
3.2322335211147335  3651
3.232487866352986  3583
3.232742062720737  3621
3.2329961103921536  3553
3.2332500095411003  3496
3.2335037603411343  3660
3.2337573629655103  3517
3.2340108175871793  3537
3.2342641243787895  3536
3.2345172835126865  3522
3.2347702951609163  3430
3.2350231594952237  3612
3.2352758766870524  3594
3.2355284469075487  3785
3.2357808703275603  3618
3.236033147117636  3526
3.2362852774480286  3572
3.236537261488694  3540
3.2367890994092927  3634
3.237040791379191  3420
3.237292337567459  3765
3.2375437381428744  3517
3.2377949932739227  3501
3.2380461031287955  3496
3.238297067875394  3490
3.2385478876813276  3442
3.238798562713917  3620
3.2390490931401916  3488
3.2392994791268923  3549
3.239549720840473  3596
3.2397998184470986  3523
3.2400497721126476  3778
3.2402995820027125  3568
3.2405492482826  3537
3.240798771117331  3523
3.241048150671644  3640
3.2412973871099933  3448
3.2415464805965484  3448
3.241795431295199  3537
3.2420442393695508  3483
3.2422929049829308  3573
3.2425414282983844  3581
3.2427898094786767  3634
3.2430380486862944  3460
3.243286146083446  3622
3.243534101832062  3673
3.243781916093795  3589
3.244029589030022  3662
3.244277120801843  3573
3.244524511570084  3500
3.244771761495295  3589
3.245018870737753  3405
3.245265839457461  3514
3.24551266781415  3476
3.245759355967277  3591
3.246005904076029  3464
3.246252312299322  3592
3.246498580795801  3615
3.2467447097238415  3468
3.24699069924155  3479
3.247236549506764  3477
3.2474822606770544  3413
3.2477278329097232  3538
3.247973266361807  3376
3.248218561190075  3553
3.248463717551032  3415
3.2487087356009177  3607
3.2489536154957075  3629
3.249198357391113  3553
3.249442961442582  3587
3.2496874278053016  3558
3.249931756634195  3585
3.250175948083925  3404
3.250420002308894  3533
3.2506639194632436  3331
3.250907699700856  3623
3.2511513431753545  3499
3.2513948500401044  3547
3.251638220448212  3392
3.2518814545525276  3551
3.252124552505644  3605
3.2523675144598987  3667
3.252610340567373  3513
3.2528530309798933  3620
3.2530955858490316  3553
3.2533380053261065  3575
3.253580289562183  3565
3.2538224387080734  3546
3.254064452914338  3445
3.2543063323312857  3629
3.2545480771089736  3578
3.25478968739721  3574
3.2550311633455515  3556
3.255272505103306  3486
3.2555137128195333  3466
3.255754786643044  3716
3.255995726722402  3649
3.256236533205923  3445
3.256477206241677  3511
3.256717745977487  3530
3.256958152560932  3508
3.2571984261393445  3583
3.257438566859814  3627
3.2576785748691846  3617
3.2579184503140586  3602
3.2581581933407944  3535
3.258397804095509  3519
3.2586372827240764  3451
3.258876629372131  3517
3.2591158441850663  3637
3.2593549273080344  3367
3.2595938788859486  3443
3.2598326990634834  3536
3.2600713879850747  3602
3.26030994579492  3453
3.2605483726369795  3624
3.2607866686549762  3458
3.2610248339923973  3386
3.2612628687924934  3488
3.2615007731982804  3586
3.2617385473525378  3519
3.2619761913978125  3462
3.262213705476417  3418
3.2624510897304293  3588
3.2626883443016963  3541
3.2629254693318317  3655
3.2631624649622166  3523
3.263399331334002  3506
3.263636068588108  3544
3.2638726768652235  3515
3.2641091563058082  3549
3.2643455070500926  3628
3.2645817292380777  3396
3.2648178230095364  3591
3.2650537885040145  3504
3.26528962586083  3592
3.2655253352190736  3617
3.2657609167176105  3616
3.265996370495079  3560
3.266231696689893  3514
3.2664668954402414  3432
3.2667019668840878  3624
3.266936911159173  3619
3.2671717284030137  3681
3.267406418752904  3507
3.2676409823459154  3650
3.2678754193188975  3604
3.2681097298084785  3615
3.268343913951065  3586
3.268577971882843  3544
3.2688119037397803  3637
3.269045709657623  3458
3.2692793897718984  3532
3.2695129442179165  3619
3.269746373130767  3405
3.269979676645324  3540
3.2702128548962426  3530
3.2704459080179626  3626
3.2706788361447066  3606
3.2709116394104814  3476
3.2711443179490782  3520
3.2713768718940743  3582
3.271609301378832  3436
3.271841606536499  3660
3.27207378750001  3602
3.2723058444020863  3579
3.2725377773752373  3581
3.2727695865517594  3555
3.2730012720637376  3680
3.2732328340430454  3462
3.273464272621346  3647
3.273695587930092  3481
3.2739267801005254  3428
3.27415784926368  3496
3.274388795550379  3371
3.274619619091238  3557
3.274850320016665  3482
3.2750808984568587  3692
3.2753113545418118  3442
3.2755416884013098  3537
3.2757719001649312  3654
3.27600198996205  3400
3.2762319579218335  3516
3.2764618041732443  3507
3.27669152884504  3504
3.276921132065774  3571
3.277150613963797  3516
3.2773799746672547  3709
3.2776092143040914  3513
3.2778383330020473  3537
3.2780673308886628  3518
3.2782962080912736  3462
3.2785249647370174  3651
3.278753600952829  3571
3.278982116865443  3525
3.279210512601395  3606
3.2794387882870204  3570
3.2796669440484556  3609
3.279894980011638  3606
3.2801228963023075  3479
3.280350693046006  3549
3.2805783703680764  3597
3.280805928393667  3641
3.2810333672477277  3544
3.281260687055013  3415
3.2814878879400813  3644
3.281714970027296  3457
3.281941933440825  3517
3.2821687783046416  3531
3.2823955047425257  3420
3.2826221128780624  3613
3.282848602834645  3522
3.2830749747354715  3477
3.2833012287035497  3538
3.2835273648616936  3434
3.2837533833325265  3642
3.28397928423848  3523
3.284205067701794  3520
3.2844307338445193  3447
3.2846562827885157  3452
3.284881714655453  3493
3.285107029566812  3558
3.2853322276438846  3625
3.285557309007774  3508
3.285782273779395  3492
3.2860071220794747  3610
3.286231854028553  3612
3.286456469746983  3661
3.28668096935493  3440
3.286905352972375  3474
3.287129620719111  3619
3.2873537727147464  3497
3.2875778090787056  3444
3.287801729930226  3573
3.2880255353883627  3679
3.288249225571986  3562
3.2884728005997825  3501
3.288696260590256  3557
3.2889196056617265  3471
3.289142835932333  3421
3.2893659515200318  3383
3.2895889525425965  3609
3.2898118391176214  3755
3.290034611362518  3570
3.2902572693945182  3464
3.290479813330673  3615
3.2907022432878543  3481
3.2909245593827543  3539
3.2911467617318855  3516
3.291368850451583  3509
3.2915908256580013  3546
3.291812687467119  3540
3.2920344359947364  3646
3.292256071356476  3419
3.292477593667784  3633
3.29269900304393  3755
3.292920299600006  3516
3.2931414834509307  3422
3.2933625547114453  3560
3.2935835134961167  3453
3.2938043599193367  3599
3.2940250940953226  3454
3.2942457161381182  3528
3.294466226161593  3605
3.2946866242794433  3509
3.2949069106051923  3470
3.295127085252191  3514
3.295347148333618  3612
3.295567099962479  3606
3.295786940251609  3455
3.2960066693136723  3544
3.2962262872611605  3639
3.296445794206396  3575
3.296665190261531  3573
3.296884475538547  3475
3.2971036501492565  3414
3.2973227142053028  3631
3.2975416678181597  3526
3.297760511099134  3457
3.2979792441593623  3470
3.298197867109815  3521
3.2984163800612945  3591
3.2986347831244354  3650
3.298853076409707  3557
3.2990712600274095  3627
3.29928933408768  3558
3.2995072987004876  3523
3.2997251539756367  3538
3.299942900022767  3557
3.3001605369513523  3477
3.3003780648707024  3504
3.3005954838899636  3462
3.300812794118117  3563
3.3010299956639813  3576
3.3012470886362113  3584
3.3014640731433  3365
3.3016809492935764  3466
3.301897717195208  3556
3.302114376956201  3565
3.302330928684399  3484
3.3025473724874854  3531
3.3027637084729817  3680
3.3029799367482493  3562
3.303196057420489  3506
3.303412070596742  3605
3.30362797638389  3497
3.3038437748886547  3603
3.3040594662175993  3446
3.3042750504771283  3527
3.3044905277734875  3426
3.3047058982127653  3484
3.3049211619008916  3527
3.305136318943639  3601
3.305351369446624  3568
3.305566313515304  3567
3.3057811512549824  3601
3.3059958827708047  3562
3.3062105081677613  3571
3.3064250275506875  3611
3.3066394410242617  3469
3.3068537486930087  3402
3.3070679506612985  3509
3.307282047033346  3587
3.307496037913213  3525
3.307709923404807  3510
3.307923703611882  3428
3.3081373786380386  3590
3.308350948586726  3599
3.3085644135612386  3448
3.3087777736647213  3566
3.3089910290001643  3508
3.3092041796704077  3551
3.30941722577814  3489
3.3096301674258988  3486
3.3098430047160705  3518
3.3100557377508912  3503
3.3102683666324477  3515
3.3104808914626753  3470
3.3106933123433606  3500
3.3109056293761414  3611
3.311117842662506  3486
3.3113299523037933  3557
3.311541958401195  3592
3.311753861055754  3452
3.3119656603683665  3571
3.3121773564397787  3611
3.312388949370592  3526
3.3126004392612596  3658
3.312811826212088  3670
3.313023110323238  3497
3.313234291694724  3535
3.313445370426414  3602
3.3136563466180315  3456
3.3138672203691533  3558
3.3140779917792127  3519
3.3142886609474975  3516
3.3144992279731516  3535
3.314709692955174  3511
3.31492005599242  3493
3.315130317183602  3622
3.3153404766272883  3444
3.315550534421905  3563
3.3157604906657347  3551
3.315970345456918  3540
3.3161800988934527  3489
3.3163897510731952  3577
3.3165993020938607  3517
3.316808752053022  3622
3.3170181010481117  3656
3.31722734917642  3635
3.317436496535099  3387
3.3176455432211585  3435
3.317854489331469  3649
3.3180633349627615  3585
3.318272080211627  3544
3.3184807251745174  3550
3.318689269947746  3602
3.3188977146274867  3542
3.3191060593097763  3590
3.319314304090512  3478
3.3195224490654542  3612
3.3197304943302246  3561
3.3199384399803087  3415
3.3201462861110542  3514
3.3203540328176717  3601
3.3205616801952367  3581
3.3207692283386865  3441
3.3209766773428235  3501
3.3211840273023143  3488
3.321391278311689  3458
3.3215984304653436  3648
3.3218054838575393  3443
3.3220124385824006  3485
3.322219294733919  3530
3.3224260524059526  3598
3.3226327116922234  3556
3.322839272686321  3548
3.3230457354817013  3532
3.323252100171687  3556
3.3234583668494677  3575
3.3236645356081  3575
3.323870606540509  3454
3.3240765797394864  3551
3.3242824552976926  3408
3.3244882333076564  3620
3.3246939138617746  3592
3.3248994970523134  3654
3.3251049829714074  3623
3.325310371711061  3532
3.325515663363148  3476
3.325720858019412  3568
3.325925955771466  3674
3.3261309567107946  3640
3.326335860928751  3485
3.3265406685165617  3495
3.3267453795653217  3617
3.326949994165999  3533
3.3271545124094315  3459
3.3273589343863303  3518
3.327563260187278  3604
3.327767489902729  3483
3.3279716236230104  3543
3.3281756614383227  3485
3.3283796034387376  3472
3.328583449714202  3538
3.3287872003545345  3446
3.3289908554494287  3541
3.329194415088451  3451
3.329397879361043  3518
3.3296012483565187  3597
3.3298045221640695  3506
3.330007700872759  3585
3.330210784571528  3482
3.330413773349191  3758
3.3306166672944384  3498
3.330819466495837  3592
3.3310221710418286  3618
3.3312247810207323  3652
3.331427296520743  3550
3.3316297176299323  3531
3.331832044436249  3635
3.332034277027518  3618
3.3322364154914434  3566
3.3324384599156054  3739
3.3326404103874627  3463
3.3328422669943514  3708
3.3330440298234874  3574
3.3332456989619628  3456
3.3334472744967503  3477
3.3336487565147013  3660
3.333850145102545  3576
3.334051440346892  3386
3.334252642334231  3495
3.3344537511509307  3555
3.3346547668832414  3708
3.3348556896172914  3476
3.3350565194390915  3564
3.3352572564345317  3689
3.3354579006893843  3554
3.3356584522893016  3586
3.335858911319818  3477
3.336059277866349  3460
3.336259552014193  3578
3.3364597338485296  3576
3.3366598234544202  3534
3.336859820916809  3410
3.3370597263205246  3723
3.3372595397502756  3662
3.337459261290656  3521
3.3376588910261424  3463
3.3378584290410944  3451
3.3380578754197563  3408
3.3382572302462554  3648
3.3384564936046046  3622
3.3386556655787003  3618
3.338854746252323  3494
3.339053735709139  3430
3.3392526340327  3540
3.3394514413064407  3598
3.339650157613684  3589
3.339848783037637  3607
3.340047317661393  3398
3.3402457615679317  3548
3.3404441148401185  3657
3.3406423775607053  3531
3.3408405498123317  3586
3.341038631677523  3643
3.3412366232386925  3505
3.34143452457814  3528
3.3416323357780544  3445
3.3418300569205104  3528
3.3420276880874717  3731
3.3422252293607904  3483
3.342422680822206  3558
3.342620042553348  3558
3.342817314635733  3724
3.343014497150768  3644
3.3432115901797474  3546
3.3434085938038574  3568
3.343605508104172  3537
3.343802333161655  3547
3.3439990690571615  3588
3.344195715871435  3492
3.3443922736851106  3642
3.344588742578714  3620
3.344785122632661  3559
3.344981413927258  3519
3.345177616542704  3480
3.3453737305590883  3456
3.345569756056392  3607
3.345765693114488  3579
3.3459615418131414  3418
3.346157302232008  3603
3.346352974450639  3618
3.346548558548474  3445
3.346744054604849  3681
3.3469394626989906  3577
3.34713478291002  3498
3.3473300153169503  3531
3.3475251599986895  3572
3.347720217034038  3684
3.3479151865016914  3371
3.3481100684802376  3545
3.3483048630481607  3551
3.348499570283838  3436
3.348694190265541  3486
3.348888723071438  3558
3.34908316877959  3499
3.3492775274679554  3621
3.3494717992143856  3550
3.34966598409663  3435
3.3498600821923312  3531
3.3500540935790304  3418
3.3502480183341627  3590
3.350441856535061  3540
3.3506356082589543  3602
3.350829273582968  3427
3.3510228525841237  3523
3.351216345339342  3600
3.351409751925439  3508
3.351603072419129  3625
3.3517963068970236  3459
3.351989455435632  3639
3.3521825181113627  3476
3.35237549500052  3542
3.3525683861793087  3481
3.3527611917238307  3645
3.3529539117100877  3574
3.3531465462139796  3595
3.3533390953113047  3568
3.353531559077762  3621
3.353723937588949  3607
3.353916230920363  3629
3.3541084391474008  3455
3.35430056234536  3716
3.3544926005894364  3495
3.3546845539547285  3602
3.354876422516234  3591
3.3550682063488506  3609
3.3552599055273786  3513
3.3554515201265174  3422
3.355643050220869  3694
3.355834495884936  3591
3.3560258571931225  3674
3.3562171342197353  3582
3.3564083270389813  3597
3.356599435724971  3531
3.356790460351716  3525
3.3569814009931314  3535
3.3571722577230334  3631
3.3573630306151427  3496
3.3575537197430814  3651
3.3577443251803754  3683
3.357934847000454  3545
3.3581252852766488  3453
3.358315640082196  3597
3.3585059114902354  3401
3.3586960995738107  3551
3.358886204405869  3607
3.359076226059263  3552
3.3592661646067485  3680
3.3594560201209864  3532
3.359645792674543  3487
3.359835482339888  3664
3.3600250891893975  3653
3.3602146132953523  3661
3.3604040547299387  3469
3.360593413565249  3600
3.36078268987328  3469
3.3609718837259357  3592
3.361160995195026  3506
3.3613500243522663  3442
3.361538971269279  3571
3.361727836017593  3606
3.3619166186686433  3591
3.362105319293773  3517
3.362293937964231  3508
3.3624824747511743  3583
3.362670929725667  3637
3.36285930295868  3621
3.3630475945210936  3387
3.363235804483694  3554
3.3634239329171765  3530
3.3636119798921444  3479
3.3637999454791094  3460
3.3639878297484915  3548
3.3641756327706194  3460
3.3643633546157306  3467
3.364550995353972  3478
3.3647385550553985  3433
3.364926033789976  3592
3.3651134316275773  3482
3.3653007486379876  3482
3.3654879848909  3430
3.3656751404559175  3453
3.365862215402555  3508
3.3660492098002353  3543
3.366236123718293  3426
3.3664229572259727  3408
3.3666097103924297  3579
3.36679638328673  3457
3.3669829759778507  3638
3.367169488534681  3575
3.367355921026019  3498
3.3675422735205767  3466
3.3677285460869766  3565
3.3679147387937527  3455
3.3681008517093516  3463
3.368286884902131  3605
3.3684728384403617  3689
3.368658712392227  3632
3.3688445068258215  3607
3.3690302218091532  3506
3.369215857410143  3510
3.3694014136966244  3664
3.369586890736344  3581
3.369772288596963  3608
3.369957607346053  3759
3.370142847051102  3458
3.3703280077795106  3547
3.3705130895985924  3522
3.370698092575577  3541
3.370883016777606  3618
3.3710678622717363  3492
3.3712526291249394  3580
3.371437317404101  3538
3.3716219271760215  3550
3.371806458507416  3697
3.371990911464915  3532
3.372175286115064  3592
3.3723595825243238  3556
3.3725438007590705  3459
3.3727279408855955  3520
3.3729120029701067  3597
3.373095987078727  3447
3.373279893277496  3651
3.373463721632369  3549
3.3736474722092176  3491
3.3738311450738303  3497
3.3740147402919116  3644
3.374198257929083  3541
3.374381698050882  3686
3.374565060722765  3532
3.374748346010104  3562
3.3749315539781883  3595
3.375114684692225  3476
3.375297738217339  3483
3.3754807146185724  3568
3.3756636139608855  3506
3.375846436309156  3572
3.3760291817281805  3698
3.376211850282673  3561
3.3763944420372662  3621
3.376576957056512  3599
3.37675939540488  3680
3.3769417571467586  3478
3.377124042346456  3648
3.377306251068199  3617
3.3774883833761327  3598
3.377670439334323  3565
3.3778524190067545  3578
3.3780343224573315  3425
3.378216149749878  3494
3.3783979009481375  3441
3.378579576115775  3540
3.3787611753163733  3619
3.378942698613437  3498
3.379124146070392  3693
3.379305517750582  3377
3.3794868137172736  3564
3.379668034033654  3541
3.37984917876283  3572
3.380030247967831  3478
3.380211241711606  3575
3.3803921600570273  3656
3.3805730030668872  3488
3.3807537708039  3491
3.380934463330702  3693
3.3811150807098507  3629
3.381295623003826  3535
3.38147609027503  3468
3.381656482585787  3464
3.3818367999983434  3574
3.3820170425748683  3450
3.382197210377454  3510
3.3823773034681137  3570
3.3825573219087857  3600
3.3827372657613304  3460
3.382917135087531  3672
3.3830969299490943  3545
3.3832766504076504  3645
3.383456296524753  3610
3.3836358683618797  3463
3.383815365980431  3439
3.383994789441733  3576
3.3841741388070337  3632
3.384353414137506  3444
3.3845326154942486  3499
3.3847117429382823  3549
3.3848907965305544  3511
3.385069776331935  3473
3.38524868240322  3514
3.3854275148051305  3491
3.385606273598312  3457
3.3857849588433355  3643
3.385963570600697  3589
3.3861421089308186  3635
3.386320573894046  3485
3.386498965550653  3564
3.3866772839608377  3470
3.386855529184724  3564
3.387033701282363  3483
3.3872118003137306  3574
3.387389826338729  3742
3.387567779417189  3630
3.3877456596088638  3603
3.3879234669734366  3551
3.3881012015705165  3783
3.388278863459639  3569
3.3884564527002667  3447
3.388633969351789  3595
3.3888114134735234  3505
3.388988785124714  3574
3.3891660843645326  3472
3.389343311252078  3487
3.3895204658463776  3484
3.3896975482063856  3564
3.3898745583909853  3639
3.3900514964589874  3533
3.3902283624691303  3664
3.390405156480081  3595
3.390581878550435  3528
3.390758528738717  3577
3.3909351071033793  3451
3.3911116137028023  3665
3.3912880485952974  3620
3.3914644118391033  3453
3.3916407034923877  3556
3.391816923613249  3609
3.3919930722597127  3450
3.392169149489736  3525
3.392345155361204  3743
3.3925210899319325  3597
3.392696953259666  3607
3.3928727454020793  3619
3.3930484664167784  3478
3.3932241163612975  3524
3.393399695293102  3600
3.3935752032695876  3584
3.39375064034808  3413
3.3939260065858368  3520
3.3941013020400446  3635
3.3942765267678214  3517
3.3944516808262164  3461
3.394626764272209  3597
3.394801777162711  3412
3.394976719554564  3622
3.3951515915045425  3566
3.395326393069351  3541
3.395501124305626  3390
3.395675785269936  3535
3.3958503760187813  3584
3.3960248966085933  3438
3.3961993470957363  3447
3.3963737275365067  3560
3.396548037987132  3496
3.3967222785037734  3657
3.396896449142524  3566
3.397070549959409  3575
3.397244581010386  3523
3.397418542351348  3586
3.3975924340381165  3416
3.39776625612645  3578
3.3979400086720375  3470
3.3981136917305026  3581
3.398287305357401  3642
3.3984608496082234  3523
3.398634324538392  3439
3.3988077302032647  3526
3.398981066658131  3577
3.3991543339582164  3614
3.399327532158679  3509
3.3995006613146104  3600
3.399673721481038  3430
3.3998467127129226  3516
3.4000196350651586  3630
3.400192488592576  3499
3.400365273349939  3561
3.400537989391946  3554
3.400710636773231  3615
3.4008832155483626  3512
3.401055725771844  3574
3.401228167498113  3467
3.401400540781544  3748
3.401572845676446  3581
3.401745082237063  3581
3.4019172505175748  3455
3.402089350572097  3565
3.40226138245468  3461
3.402433346219312  3565
3.4026052419199146  3520
3.402777069610347  3479
3.4029488293444046  3679
3.403120521175818  3565
3.4032921451582543  3511
3.4034637013453173  3507
3.403635189790548  3466
3.4038066105474227  3549
3.403977963669355  3601
3.404149249209695  3555
3.404320467221731  3539
3.404491617758686  3410
3.4046627008737222  3397
3.404833716619938  3507
3.4050046650503694  3457
3.4051755462179893  3497
3.405346360175709  3431
3.4055171069763763  3632
3.4056877866727775  3585
3.4058583993176366  3602
3.406028944963615  3552
3.406199423663313  3583
3.4063698354692673  3570
3.406540180433955  3559
3.40671045860979  3511
3.4068806700491248  3554
3.40705081480425  3640
3.4072208929273966  3568
3.4073909044707316  3508
3.4075608494863627  3588
3.4077307280263356  3561
3.407900540142635  3541
3.4080702858871854  3696
3.4082399653118496  3466
3.40840957846843  3521
3.4085791254086675  3664
3.408748606184244  3622
3.4089180208467798  3426
3.409087369447835  3672
3.4092566520389096  3469
3.4094258686714434  3633
3.4095950193968156  3594
3.4097641042663462  3547
3.4099331233312946  3715
3.4101020766428607  3492
3.4102709642521845  3584
3.4104397862103464  3503
3.410608542568368  3652
3.41077723337721  3660
3.4109458586877746  3520
3.4111144185509046  3541
3.4112829130173843  3527
3.4114513421379375  3602
3.41161970596323  3538
3.411788004543869  3542
3.4119562379304016  3522
3.412124406173317  3539
3.4122925093230463  3482
3.412460547429961  3477
3.4126285205443754  3452
3.4127964287165433  3709
3.4129642719966626  3506
3.413132050434872  3436
3.413299764081252  3597
3.413467412985825  3545
3.413634997198556  3525
3.4138025167693513  3527
3.4139699717480614  3506
3.414137362184477  3501
3.4143046881283317  3514
3.4144719496293026  3569
3.414639146737009  3543
3.4148062795010126  3535
3.4149733479708178  3466
3.4151403521958725  3403
3.4153072922255676  3567
3.4154741681092355  3710
3.4156409798961542  3586
3.4158077276355434  3696
3.415974411376566  3588
3.416141031168329  3602
3.4163075870598827  3496
3.4164740791002206  3543
3.416640507338281  3435
3.4168068718229443  3651
3.4169731726030363  3522
3.4171394097273255  3689
3.4173055832445254  3504
3.417471693203293  3653
3.4176377396522297  3607
3.417803722639881  3538
3.417969642214737  3582
3.418135498425232  3466
3.4183012913197452  3418
3.4184670209466006  3543
3.4186326873540653  3623
3.4187982905903533  3575
3.4189638307036225  3554
3.4191293077419758  3604
3.4192947217534604  3538
3.4194600727860704  3415
3.419625360887743  3595
3.419790586106363  3478
3.419955748489758  3607
3.420120848085703  3541
3.4202858849419178  3644
3.4204508591060683  3516
3.420615770625765  3509
3.4207806195485655  3604
3.420945405921972  3454
3.4211101297934343  3644
3.4212747912103465  3464
3.4214393902200495  3709
3.4216039268698313  3531
3.421768401206924  3598
3.4219328132785085  3527
3.4220971631317103  3642
3.4222614508136027  3513
3.4224256763712044  3592
3.422589839851482  3545
3.422753941301348  3526
3.422917980767662  3493
3.423081958297231  3566
3.423245873936808  3694
3.4234097277330933  3522
3.4235735197327357  3700
3.423737249982329  3561
3.4239009185284166  3685
3.4240645254174877  3579
3.42422807069598  3453
3.4243915544102776  3438
3.4245549766067134  3494
3.424718337331567  3480
3.424881636631067  3643
3.425044874551389  3533
3.4252080511386565  3429
3.425371166438941  3655
3.4255342204982635  3570
3.425697213362591  3537
3.4258601450778405  3521
3.4260230156898763  3490
3.426185825244511  3553
3.4263485737875077  3664
3.4265112613645754  3467
3.426673888021373  3578
3.426836453803508  3519
3.426998958756537  3562
3.4271614029259654  3663
3.427323786357247  3546
3.4274861090957853  3414
3.4276483711869328  3423
3.42781057267599  3536
3.427972713608209  3542
3.428134794028789  3471
3.4282968139828798  3492
3.42845877351558  3556
3.428620672671939  3453
3.4287825114969546  3515
3.428944290035574  3638
3.4291060083326967  3550
3.4292676664331685  3455
3.429429264381788  3611
3.4295908022233017  3469
3.429752280002408  3452
3.4299136977637543  3624
3.430075055551939  3517
3.4302363534115106  3573
3.4303975913869666  3529
3.4305587695227575  3563
3.4307198878632823  3541
3.4308809464528913  3505
3.4310419453358856  3631
3.431202884556517  3558
3.4313637641589874  3530
3.431524584187451  3587
3.4316853446860116  3559
3.4318460456987254  3563
3.4320066872695985  3535
3.4321672694425884  3601
3.4323277922616042  3478
3.4324882557705063  3596
3.4326486600131068  3573
3.4328090050331683  3626
3.432969290874406  3685
3.4331295175804857  3564
3.433289685195026  3514
3.433449793761596  3546
3.433609843323718  3585
3.433769833924866  3573
3.433929765608464  3513
3.4340896384178907  3413
3.4342494523964757  3609
3.4344092075875  3491
3.4345689040341987  3672
3.4347285417797577  3472
3.434888120867316  3520
3.4350476413399647  3560
3.4352071032407476  3473
3.4353665066126613  3588
3.435525851498655  3400
3.43568513794163  3620
3.4358443659844413  3492
3.4360035356698964  3446
3.436162647040756  3328
3.4363217001397333  3618
3.436480695009495  3519
3.436639631692661  3611
3.4367985102318035  3525
3.4369573306694496  3399
3.4371160930480786  3665
3.4372747974101237  3522
3.437433443797971  3533
3.4375920322539613  3575
3.437750562820388  3637
3.4379090355394983  3635
3.438067450453494  3419
3.4382258076045296  3547
3.438384107034714  3582
3.4385423487861106  3627
3.4387005329007363  3393
3.438858659420562  3516
3.4390167283875126  3495
3.4391747398434687  3584
3.439332693830263  3601
3.4394905903896835  3611
3.4396484295634737  3541
3.4398062113933303  3635
3.439963935920905  3597
3.4401216031878037  3640
3.440279213235588  3493
3.4404367661057735  3624
3.440594261839831  3447
3.4407517004791854  3490
3.4409090820652177  3511
3.4410664066392633  3388
3.4412236742426123  3453
3.4413808849165113  3601
3.441538038702161  3506
3.441695135640717  3493
3.441852175773292  3582
3.442009159140952  3578
3.44216608578472  3525
3.4423229557455746  3518
3.4424797690644486  3565
3.442636525782232  3473
3.442793225939769  3601
3.4429498695778618  3505
3.443106456737266  3497
3.443262987458695  3493
3.4434194617828173  3508
3.4435758797502576  3637
3.4437322414015967  3464
3.443888546777372  3514
3.444044795918076  3688
3.4442009888641594  3406
3.4443571256560275  3493
3.444513206334043  3735
3.4446692309385245  3643
3.4448251995097476  3514
3.4449811120879446  3518
3.445136968713304  3693
3.4452927694259716  3615
3.44544851426605  3547
3.4456042032735974  3637
3.445759836488631  3500
3.4459154139511234  3582
3.446070935701005  3476
3.446226401778163  3555
3.446381812222442  3629
3.446537167073644  3658
3.4466924663715273  3469
3.446847710155809  3522
3.4470028984661623  3624
3.4471580313422194  3452
3.4473131088235682  3598
3.4474681309497557  3650
3.447623097760286  3624
3.447778009294621  3631
3.4479328655921804  3643
3.448087666692341  3548
3.448242412634439  3570
3.4483971034577676  3455
3.448551739201578  3570
3.44870631990508  3559
3.4488608456074408  3546
3.4490153163477864  3532
3.449169732165201  3572
3.449324093098727  3678
3.449478399187365  3445
3.4496326504700745  3485
3.4497868469857735  3572
3.4499409887733377  3483
3.4500950758716025  3542
3.450249108319361  3482
3.450403086155366  3595
3.450557009418329  3510
3.450710878146919  3522
3.450864692379766  3503
3.4510184521554574  3577
3.45117215751254  3748
3.4513258084895195  3580
3.4514794051248616  3496
3.4516329474569907  3605
3.45178643552429  3607
3.451939869365103  3524
3.4520932490177314  3701
3.452246574520437  3575
3.4523998459114416  3533
3.452553063228925  3473
3.452706226511029  3506
3.452859335795852  3536
3.4530123911214554  3594
3.4531653925258574  3449
3.4533183400470375  3660
3.453471233722936  3489
3.4536240735914507  3588
3.4537768596904423  3600
3.4539295920577286  3573
3.45408227073109  3474
3.4542348957482654  3527
3.454387467146955  3552
3.4545399849648186  3470
3.454692449239477  3657
3.45484486000851  3538
3.45499721730946  3621
3.4551495211798278  3458
3.4553017716570764  3530
3.4554539687786283  3569
3.455606112581867  3461
3.455758203104137  3462
3.455910240382743  3534
3.4560622244549513  3577
3.456214155357989  3626
3.456366033129043  3520
3.4565178578052627  3523
3.4566696294237578  3453
3.456821348021599  3671
3.456973013635818  3436
3.457124626303409  3486
3.4572761860613257  3507
3.4574276929464847  3550
3.4575791469957626  3503
3.4577305482459986  3527
3.4578818967339924  3565
3.458033192496506  3435
3.4581844355702627  3622
3.4583356259919475  3643
3.4584867637982066  3556
3.4586378490256493  3571
3.458788881710845  3545
3.458939861890326  3632
3.4590907896005865  3570
3.459241664878082  3501
3.459392487759231  3487
3.459543258280413  3486
3.4596939764779706  3566
3.459844642388208  3413
3.4599952560473914  3486
3.46014581749175  3541
3.4602963267574753  3495
3.4604467838807205  3473
3.4605971888976015  3593
3.460747541844197  3471
3.4608978427565478  3567
3.4610480916706576  3594
3.461198288622493  3493
3.461348433647983  3656
3.4614985267830187  3476
3.4616485680634552  3502
3.461798557525109  3518
3.461948495203762  3471
3.462098381135156  3612
3.4622482153549976  3615
3.462397997898956  3571
3.4625477288026643  3456
3.4626974081017172  3624
3.4628470358316736  3681
3.462996612028056  3506
3.4631461367263494  3428
3.4632956099620027  3522
3.4634450317704277  3500
3.463594402187  3530
3.463743721247059  3586
3.4638929889859074  3692
3.464042205438811  3601
3.4641913706409997  3497
3.4643404846276673  3592
3.4644895474339714  3588
3.464638559095033  3543
3.4647875196459372  3526
3.4649364291217326  3507
3.4650852875574327  3558
3.4652340949880145  3517
3.4653828514484184  3539
3.46553155697355  3593
3.465680211598278  3518
3.4658288153574364  3523
3.465977368285823  3419
3.466125870418199  3483
3.466274321789292  3563
3.466422722433792  3598
3.4665710723863543  3380
3.4667193716815987  3541
3.4668676203541096  3451
3.4670158184384356  3541
3.4671639659690903  3490
3.467312062980552  3626
3.4674601095072637  3583
3.467608105583633  3461
3.467756051244033  3655
3.4679039465228003  3604
3.4680517914542377  3480
3.4681995860726125  3701
3.4683473304121573  3444
3.468495024507069  3628
3.4686426683915115  3582
3.468790262099611  3613
3.4689378056654614  3543
3.4690852991231202  3493
3.469232742506612  3549
3.469380135849925  3680
3.469527479187014  3650
3.469674772551798  3587
3.469822015978163  3625
3.4699692094999595  3616
3.470116353151004  3712
3.4702634469650784  3510
3.470410490975931  3466
3.4705574852172743  3559
3.470704429722788  3463
3.4708513245261177  3553
3.4709981696608736  3393
3.471144965160633  3585
3.4712917110589387  3497
3.471438407389299  3652
3.47158505418519  3460
3.471731651480051  3635
3.4718781993072905  3595
3.4720246977002813  3649
3.472171146692363  3553
3.472317546316842  3535
3.4724638966069894  3530
3.472610197596045  3403
3.4727564493172123  3488
3.472902651803664  3568
3.4730488050885375  3587
3.473194909204938  3393
3.4733409641859354  3625
3.4734869700645685  3540
3.473632926873841  3593
3.473778834646725  3490
3.473924693416157  3544
3.4740705032150436  3587
3.4742162640762553  3508
3.4743619760326307  3530
3.474507639116976  3553
3.474653253362063  3452
3.474798818800631  3492
3.4749443354653877  3437
3.4750898033890065  3603
3.475235222604128  3464
3.475380593143361  3378
3.4755259150392805  3347
3.4756711883244296  3548
3.475816413031318  3579
3.4759615891924236  3619
3.4761067168401913  3707
3.4762517960070336  3464
3.4763968267253302  3563
3.4765418090274287  3580
3.476686742945645  3573
3.4768316285122607  3510
3.476976465759527  3500
3.4771212547196626  3602
3.477265995424853  3673
3.4774106879072515  3601
3.477555332198981  3530
3.4776999283321306  3659
3.4778444763387584  3539
3.4779889762508893  3644
3.4781334281005174  3498
3.4782778319196046  3598
3.4784221877400805  3578
3.4785664955938436  3450
3.4787107555127594  3674
3.478854967528663  3486
3.478999131673357  3664
3.479143247978613  3606
3.47928731647617  3564
3.4794313371977363  3568
3.4795753101749884  3516
3.479719235439571  3617
3.479863113023098  3544
3.4800069429571505  3420
3.4801507252732806  3587
3.4802944600030066  3486
3.480438147177817  3584
3.480581786829169  3559
3.4807253789884878  3625
3.4808689236871677  3558
3.481012420956573  3560
3.4811558708280352  3613
3.481299273332856  3549
3.481442628502305  3679
3.4815859363676225  3416
3.481729196960016  3398
3.4818724103106633  3557
3.4820155764507117  3454
3.482158695411276  3599
3.4823017672234426  3646
3.4824447919182653  3459
3.4825877695267677  3583
3.482730700079943  3538
3.482873583608754  3601
3.483016420144132  3378
3.4831592097169795  3658
3.483301952358167  3421
3.4834446480985353  3488
3.4835872969688944  3503
3.4837298990000236  3462
3.4838724542226736  3552
3.4840149626675627  3567
3.484157424365381  3585
3.484299839346786  3596
3.484442207642407  3577
3.484584529282843  3453
3.4847268042986617  3486
3.484869032720402  3575
3.485011214578573  3575
3.485153349903652  3562
3.485295438726089  3508
3.485437481076301  3591
3.485579476984679  3614
3.48572142648158  3583
3.4858633295973345  3640
3.486005186362242  3504
3.4861469968065726  3522
3.486288760960566  3416
3.486430478854434  3531
3.4865721505183562  3552
3.4867137759824853  3504
3.4868553552769432  3532
3.4869968884318228  3482
3.4871383754771865  3316
3.4872798164430687  3513
3.4874212113594742  3493
3.4875625602563782  3583
3.4877038631637265  3622
3.4878451201114355  3420
3.4879863311293935  3453
3.4881274962474587  3448
3.48826861549546  3506
3.488409688903198  3453
3.4885507165004443  3345
3.4886916983169405  3419
3.4888326343824003  3434
3.488973524726508  3429
3.4891143693789193  3398
3.4892551683692603  3481
3.4893959217271293  3483
3.4895366294820955  3436
3.4896772916636984  3321
3.4898179083014504  3469
3.4899584794248346  3674
3.4900990050633047  3439
3.4902394852462875  3351
3.490379920003179  3489
3.490520309363349  3523
3.490660653356137  3353
3.490800952010855  3433
3.490941205356787  3416
3.491081413423187  3369
3.491221576239283  3436
3.4913616938342726  3256
3.4915017662373264  3274
3.4916417934775863  3303
3.491781775584166  3487
3.491921712586151  3233
3.492061604512599  3237
3.49220145139254  3205
3.4923412532549745  3271
3.4924810101288766  3192
3.492620722043192  3277
3.4927603890268375  3141
3.4929000111087034  3277
3.4930395883176515  3283
3.493179120682515  3116
3.4933186082321015  3198
3.4934580509951885  3150
3.493597449000527  3182
3.49373680227684  3132
3.4938761108528227  3185
3.4940153747571436  3037
3.494154594018443  3176
3.4942937686653326  3114
3.494432898726399  3082
3.4945719842301988  3054
3.494711025205263  3030
3.494850021680094  3043
3.494988973683168  2980
3.4951278812429334  2978
3.4952667443878105  2903
3.495405563146193  2932
3.4955443375464483  2948
3.4956830676169153  2829
3.495821753385906  2855
3.4959603948817053  2752
3.496098992132571  2889
3.496237545166735  2843
3.496376054012401  2775
3.496514518697745  2791
3.496652939250918  2700
3.4967913157000425  2734
3.496929648073215  2582
3.497067936398505  2598
3.4972061807039547  2606
3.49734438101758  2555
3.4974825373673704  2586
3.497620649781288  2518
3.497758718287268  2471
3.49789674291322  2473
3.498034723687027  2470
3.498172660636544  2370
3.4983105537896004  2397
3.4984484031739997  2381
3.498586208817518  2394
3.4987239707479048  2287
3.498861688992884  2243
3.498999363580153  2258
3.4991369945373827  2150
3.4992745818922173  2231
3.499412125672275  2239
3.499549625905149  2191
3.499687082618404  2152
3.49982449583958  2114
3.49996186559619  2047
3.500099191915723  1920
3.500236474825639  1882
3.500373714353374  1899
3.5005109105263372  1897
3.500648063371912  1827
3.500785172917456  1725
3.5009222391903005  1780
3.5010592622177517  1709
3.501196242027089  1639
3.501333178645566  1652
3.501470072100412  1581
3.5016069224188295  1591
3.5017437296279943  1524
3.5018804937550585  1490
3.5020172148271476  1447
3.5021538928713607  1406
3.5022905279147727  1402
3.5024271199844326  1422
3.502563669107363  1359
3.502700175310563  1321
3.502836638621003  1304
3.5029730590656314  1233
3.503109436671369  1161
3.503245771465113  1116
3.5033820634737327  1114
3.5035183127240748  1081
3.5036545192429593  1043
3.503790683057181  956
3.5039268041935103  948
3.5040628826786917  954
3.504198918539445  916
3.5043349118024643  883
3.504470862494419  832
3.5046067706419537  857
3.504742636271688  822
3.504878459410216  804
3.505014240084107  781
3.505149978319906  707
3.5052856741441323  710
3.505421327583281  675
3.5055569386638217  626
3.5056925074122  613
3.5058280338548364  626
3.505963518018126  572
3.5060989599284405  525
3.506234359612126  508
3.506369717095504  497
3.506505032404872  509
3.5066403055665023  443
3.5067755366066433  427
3.506910725551518  374
3.5070458724273257  376
3.5071809772602407  391
3.5073160400764136  357
3.50745106090197  329
3.5075860397630105  299
3.5077209766856137  340
3.507855871695831  307
3.5079907248196913  260
3.5081255360831993  260
3.5082603055123345  239
3.508395033133053  229
3.5085297189712867  222
3.508664363052943  234
3.508798965403905  216
3.5089335260500327  208
3.5090680450171616  192
3.509202522331103  173
3.509336958017644  178
3.5094713521025485  157
3.5096057046115563  142
3.509740015570382  144
3.5098742850047193  136
3.5100085129402347  108
3.5101426994025733  121
3.510276844417355  110
3.510410948010177  101
3.510545010206612  101
3.51067903103221  98
3.510813010512496  82
3.5109469486729727  81
3.5110808455391185  67
3.511214701136388  64
3.511348515490213  67
3.5114822886260013  53
3.5116160205691376  51
3.511749711344983  41
3.5118833609788744  35
3.5120169694961265  30
3.5121505369220305  28
3.5122840632818537  24
3.51241754860084  23
3.512550992904211  21
3.5126843962171637  20
3.512817758564873  22
3.5129510799724906  20
3.513084360465144  22
3.513217600067939  22
3.513350798805957  15
3.513483956704257  15
3.513617073787875  11
3.5137501500818233  11
3.5138831856110926  11
3.5140161804006493  8
3.514149134475437  13
3.514282047860378  8
3.514414920580369  5
3.514547752660286  4
3.5146805441249818  5
3.514813294999285  4
3.5149460053080044  7
3.5150786750759226  3
3.515211304327802  5
3.5153438930883807  5
3.515476441382376  6
3.51560894923448  3
3.515741416669365  3
3.515873843711679  3
3.5160062303860475  3
3.5161385767170743  1
3.5162708827293403  2
3.516403148447403  2
3.516667559099043  1
