0.3010299956639812  675133
0.47712125471966244  328310
0.6020599913279624  264303
0.6989700043360189  188839
0.7781512503836436  171776
0.8450980400142568  155964
0.9030899869919435  128078
0.9542425094393249  112154
1.0  95964
1.0413926851582251  96228
1.0791812460476249  72475
1.1139433523068367  59749
1.146128035678238  50284
1.1760912590556813  44566
1.2041199826559248  46661
1.2304489213782739  36511
1.255272505103306  27749
1.2787536009528289  17704
1.3010299956639813  15440
1.3222192947339193  18854
1.3424226808222062  15627
1.3617278360175928  11158
1.380211241711606  18501
1.3979400086720377  9131
1.414973347970818  4404
1.4313637641589874  8810
1.4471580313422192  8481
1.462397997898956  5138
1.4771212547196624  7565
1.4913616938342726  8118
1.505149978319906  1539
1.5185139398778875  8561
1.5314789170422551  4374
1.5440680443502757  6185
1.5563025007672873  5202
1.568201724066995  5257
1.5797835966168101  7466
1.591064607026499  12121
1.6020599913279623  6243
1.6127838567197355  4955
1.6232492903979006  6106
1.6334684555795864  4180
1.6434526764861874  5198
1.6532125137753437  9745
1.662757831681574  8063
1.6720978579357175  9344
1.6812412373755872  9323
1.6901960800285136  9750
1.6989700043360187  6186
1.7075701760979363  5928
1.7160033436347992  5216
1.724275869600789  4371
1.7323937598229686  2957
1.7403626894942439  6700
1.7481880270062005  9496
1.7558748556724915  5484
1.7634279935629373  7490
1.7708520116421442  9686
1.7781512503836436  7943
1.7853298350107671  6348
1.792391689498254  4739
1.7993405494535817  6052
1.806179973983887  6067
1.8129133566428555  6666
1.8195439355418688  8204
1.8260748027008264  2761
1.8325089127062364  7898
1.8388490907372552  9786
1.845098040014257  5749
1.8512583487190752  7979
1.8573324964312685  5817
1.863322860120456  9680
1.8692317197309762  6732
1.8750612633917  7581
1.8808135922807914  2126
1.8864907251724818  8424
1.8920946026904804  7525
1.8976270912904414  6188
1.9030899869919435  7358
1.9084850188786497  4616
1.9138138523837167  4688
1.919078092376074  9266
1.9242792860618816  8557
1.9294189257142926  5755
1.9344984512435677  7953
1.9395192526186185  11382
1.9444826721501687  10630
1.9493900066449128  7102
1.954242509439325  6931
1.9590413923210936  5348
1.9637878273455553  7429
1.968482948553935  6268
1.9731278535996986  4737
1.9777236052888478  6502
1.9822712330395684  4146
1.9867717342662448  7664
1.9912260756924949  8507
1.99563519459755  6687
2.0  5087
2.0043213737826426  6183
2.0086001717619175  4925
2.012837224705172  9423
2.0170333392987803  4915
2.0211892990699383  4102
2.0253058652647704  8407
2.0293837776852097  6891
2.03342375548695  7372
2.037426497940624  7419
2.041392685158225  5389
2.0453229787866576  7861
2.0492180226701815  6317
2.0530784434834195  7795
2.0569048513364727  10928
2.060697840353612  5274
2.0644579892269186  4893
2.0681858617461617  5811
2.0718820073061255  9484
2.0755469613925306  8560
2.0791812460476247  7501
2.0827853703164503  6824
2.0863598306747484  5570
2.089905111439398  3719
2.093421685162235  3936
2.0969100130080562  3990
2.100370545117563  7931
2.103803720955957  3606
2.1072099696478683  6001
2.110589710299249  8101
2.113943352306837  4293
2.1172712956557644  5378
2.12057393120585  5292
2.123851640967086  2906
2.1271047983648077  5279
2.130333768495006  4068
2.1335389083702174  3010
2.1367205671564067  6761
2.1398790864012365  5660
2.143014800254095  5194
2.146128035678238  6847
2.1492191126553797  6057
2.1522883443830563  4785
2.155336037465062  10002
2.1583624920952498  6572
2.161368002234975  3438
2.164352855784437  4585
2.167317334748176  4440
2.1702617153949575  5474
2.173186268412274  5425
2.1760912590556813  4872
2.1789769472931693  7011
2.1818435879447726  2436
2.184691430817599  4288
2.187520720836463  3660
2.1903316981702914  5686
2.1931245983544616  6883
2.1958996524092336  6772
2.1986570869544226  6992
2.2013971243204513  6966
2.2041199826559246  5405
2.2068258760318495  6488
2.2095150145426308  5218
2.2121876044039577  3984
2.214843848047698  6908
2.2174839442139063  5152
2.220108088040055  5164
2.2227164711475833  4170
2.225309281725863  4823
2.2278867046136734  5942
2.230448921378274  3513
2.2329961103921536  3653
2.2355284469075487  5651
2.2380461031287955  3574
2.2405492482826  5262
2.2430380486862944  6994
2.24551266781415  7438
2.247973266361807  7258
2.250420002308894  3858
2.2528530309798933  6522
2.255272505103306  3074
2.2576785748691846  7559
2.2600713879850747  4785
2.2624510897304293  4216
2.2648178230095364  5108
2.2671717284030137  4755
2.2695129442179165  6894
2.271841606536499  4267
2.27415784926368  8248
2.2764618041732443  9242
2.278753600952829  8485
2.2810333672477277  5957
2.2833012287035497  3822
2.285557309007774  2147
2.287801729930226  4641
2.290034611362518  4844
2.292256071356476  6548
2.294466226161593  5626
2.296665190261531  7018
2.298853076409707  5089
2.3010299956639813  4607
2.303196057420489  5583
2.305351369446624  4926
2.307496037913213  5602
2.3096301674258988  3953
2.311753861055754  8931
2.3138672203691533  6032
2.315970345456918  5243
2.3180633349627615  4825
2.3201462861110542  6216
2.322219294733919  6989
2.3242824552976926  4752
2.326335860928751  4300
2.3283796034387376  4448
2.330413773349191  5225
2.3324384599156054  3091
2.3344537511509307  3372
2.3364597338485296  2774
2.3384564936046046  3779
2.3404441148401185  4697
2.342422680822206  6664
2.3443922736851106  4548
2.346352974450639  3829
2.3483048630481607  3143
2.3502480183341627  3550
2.3521825181113627  6994
2.3541084391474008  6018
2.3560258571931225  5646
2.357934847000454  4857
2.359835482339888  5122
2.361727836017593  6299
2.3636119798921444  6997
2.3654879848909  8337
2.367355921026019  4705
2.369215857410143  7035
2.3710678622717363  4086
2.3729120029701067  5765
2.374748346010104  6235
2.376576957056512  3398
2.3783979009481375  4901
2.380211241711606  7903
2.3820170425748683  8894
2.383815365980431  3329
2.385606273598312  2151
2.387389826338729  9194
2.3891660843645326  3623
2.3909351071033793  5607
2.392696953259666  3994
2.3944516808262164  3112
2.3961993470957363  4208
2.3979400086720375  6282
2.399673721481038  5501
2.401400540781544  5811
2.403120521175818  3668
2.404833716619938  3491
2.406540180433955  4073
2.4082399653118496  3908
2.4099331233312946  4519
2.41161970596323  4761
2.413299764081252  3271
2.4149733479708178  3322
2.416640507338281  6486
2.4183012913197452  4611
2.419955748489758  5754
2.4216039268698313  7172
2.423245873936808  2990
2.424881636631067  2980
2.4265112613645754  4775
2.428134794028789  7572
2.429752280002408  5420
2.4313637641589874  3939
2.432969290874406  3177
2.4345689040341987  3879
2.436162647040756  6674
2.437750562820388  4474
2.439332693830263  6383
2.4409090820652177  4839
2.4424797690644486  4977
2.444044795918076  3197
2.4456042032735974  4744
2.4471580313422194  3214
2.44870631990508  4344
2.450249108319361  3761
2.45178643552429  3400
2.4533183400470375  3241
2.45484486000851  5848
2.456366033129043  7164
2.4578818967339924  4202
2.459392487759231  2818
2.4608978427565478  3653
2.462397997898956  6482
2.4638929889859074  5574
2.4653828514484184  4604
2.4668676203541096  6283
2.4683473304121573  4080
2.469822015978163  3561
2.4712917110589387  3731
2.4727564493172123  3661
2.4742162640762553  3822
2.4756711883244296  3470
2.4771212547196626  5018
2.4785664955938436  5183
2.4800069429571505  4672
2.481442628502305  3837
2.482873583608754  4850
2.484299839346786  6300
2.48572142648158  5104
2.4871383754771865  5281
2.4885507165004443  4187
2.4899584794248346  4393
2.4913616938342726  3360
2.4927603890268375  5551
2.494154594018443  4691
2.4955443375464483  4806
2.496929648073215  4468
2.4983105537896004  2968
2.499687082618404  3078
2.5010592622177517  5500
2.5024271199844326  5214
2.503790683057181  4842
2.505149978319906  3674
2.506505032404872  3802
2.507855871695831  3198
2.509202522331103  6502
2.510545010206612  3722
2.5118833609788744  3924
2.513217600067939  4489
2.514547752660286  4691
2.515873843711679  4812
2.5171958979499744  3685
2.5185139398778875  3277
2.519827993775719  2508
2.5211380837040362  2619
2.5224442335063197  4209
2.5237464668115646  3812
2.525044807036845  5620
2.526339277389844  3943
2.5276299008713385  4034
2.5289167002776547  4216
2.530199698203082  4453
2.531478917042255  4431
2.5327543789924976  3829
2.534026106056135  2676
2.5352941200427703  2319
2.53655844257153  4757
2.537819095073274  3056
2.5390760987927767  3332
2.5403294747908736  5029
2.5415792439465807  4134
2.5428254269591797  3309
2.5440680443502757  4487
2.545307116465824  5057
2.546542663478131  2830
2.5477747053878224  2374
2.5490032620257876  3474
2.550228353055094  4024
2.5514499979728753  6764
2.552668216112193  3282
2.5538830266438746  3450
2.5550944485783194  4381
2.5563025007672873  3382
2.5575072019056577  2960
2.558708570533166  5318
2.5599066250361124  3308
2.561101383649056  3698
2.5622928644564746  3860
2.5634810853944106  4754
2.5646660642520893  3706
2.5658478186735176  2019
2.56702636615906  4308
2.568201724066995  3704
2.569373909615046  3670
2.5705429398818973  3845
2.571708831808688  3911
2.5728716022004803  4589
2.574031267727719  2946
2.575187844927661  3290
2.576341350205793  4256
2.5774917998372255  2996
2.578639209968072  3313
2.57978359661681  2871
2.5809249756756194  2986
2.582063362911709  4192
2.583198773968623  4200
2.584331224367531  4137
2.5854607295085006  3593
2.586587304671755  5137
2.5877109650189114  3749
2.5888317255942073  2976
2.5899496013257077  3652
2.591064607026499  3192
2.5921767573958667  2910
2.593286067020457  4592
2.5943925503754266  2776
2.595496221825574  3666
2.59659709562646  3428
2.597695185925512  3707
2.598790506763115  3523
2.5998830720736876  2558
2.6009728956867484  3468
2.6020599913279625  3434
2.603144372620182  4400
2.60422605308447  2867
2.6053050461411096  3994
2.606381365110605  3263
2.6074550232146687  2484
2.6085260335771943  2649
2.60959440922522  3857
2.61066016308988  3327
2.611723308007342  2559
2.6127838567197355  2790
2.6138418218760693  2956
2.6148972160331345  3733
2.615950051656401  3270
2.617000341120899  2642
2.6180480967120925  2583
2.6190933306267428  1794
2.6201360549737576  2123
2.621176281775035  4205
2.622214022966295  1585
2.6232492903979003  3536
2.6242820958356683  3932
2.625312450961674  3565
2.6263403673750423  3427
2.6273658565927325  3298
2.6283889300503116  2939
2.629409599102719  2847
2.630427875025024  2794
2.6314437690131722  2123
2.6324572921847245  2836
2.6334684555795866  3779
2.6344772701607315  2198
2.635483746814912  2510
2.6364878963533656  3608
2.637489729512511  3483
2.6384892569546374  3042
2.639486489268586  2724
2.640481436970422  3445
2.6414741105040997  3061
2.6424645202421213  3962
2.6434526764861874  3801
2.6444385894678386  1986
2.645422269349092  3239
2.6464037262230695  3092
2.6473829701146196  2477
2.6483600109809315  3379
2.649334858712142  2992
2.6503075231319366  4190
2.651278013998144  2404
2.6522463410033232  2811
2.6532125137753435  2599
2.6541765418779604  2367
2.655138434811382  2454
2.656098202012832  4398
2.6570558528571038  2363
2.6580113966571126  3137
2.658964842664435  3862
2.6599162000698504  2742
2.660865478003869  3565
2.661812685537261  2713
2.662757831681574  3299
2.663700925389648  2317
2.6646419755561257  3322
2.6655809910179533  1909
2.6665179805548807  2435
2.667452952889954  2759
2.66838591669  2786
2.6693168805661123  3068
2.670245853074124  2808
2.6711728427150834  3146
2.6720978579357175  3181
2.673020907128896  3028
2.673941998634088  3339
2.6748611407378116  2712
2.6757783416740852  2599
2.6766936096248664  2993
2.677606952720493  2839
2.678518379040114  1791
2.6794278966121188  2625
2.680335513414563  2597
2.681241237375587  2113
2.682145076373832  2177
2.6830470382388496  2483
2.683947130751512  2273
2.6848453616444123  2355
2.6857417386022635  2387
2.6866362692622934  2735
2.6875289612146345  2546
2.6884198220027105  2290
2.6893088591236203  3040
2.690196080028514  2347
2.6910814921229687  2095
2.69196510276736  2584
2.69284691927723  1985
2.693726948923647  2502
2.694605198933569  2178
2.6954816764901977  3003
2.696356388733332  1817
2.6972293427597176  3093
2.6981005456233897  2757
2.6989700043360187  2763
2.699837725867246  1950
2.7007037171450192  1195
2.7015679850559273  2376
2.7024305364455254  2757
2.7032913781186614  3155
2.7041505168397992  2074
2.705007959333336  2145
2.7058637122839193  1727
2.7067177823367587  2179
2.7075701760979363  2311
2.708420900134713  2080
2.709269960975831  2472
2.7101173651118162  1640
2.710963118995276  2260
2.711807229041191  2370
2.7126497016272113  2308
2.7134905430939424  2260
2.714329759745233  1817
2.7151673578484576  2114
2.716003343634799  2637
2.7168377232995247  2025
2.717670503002262  1951
2.718501688867274  2251
2.7193312869837265  2283
2.720159303405957  2412
2.7209857441537393  1911
2.7218106152125467  1926
2.722633922533812  1568
2.7234556720351857  1911
2.724275869600789  2179
2.725094521081469  1609
2.7259116322950483  1780
2.7267272090265724  1909
2.727541257028556  1781
2.7283537820212285  2149
2.72916478969277  1955
2.7299742856995555  2128
2.7307822756663893  1843
2.7315887651867388  1956
2.7323937598229686  1970
2.7331972651065692  2311
2.733999286538387  1805
2.734799829588847  1508
2.73559889969818  2088
2.7363965022766426  1923
2.7371926427047373  1573
2.737987326333431  1941
2.738780558484369  2330
2.739572344450092  2174
2.7403626894942437  1776
2.741151598851785  1799
2.741939077729199  1844
2.7427251313046983  2069
2.74350976472843  1760
2.7442929831226763  1998
2.7450747915820575  1930
2.745855195173729  1731
2.7466341989375787  1660
2.747411807886423  2024
2.7481880270062002  1823
2.7489628612561616  993
2.749736315569061  1735
2.7505083948513462  1892
2.751279103983342  1652
2.7520484478194387  1766
2.7528164311882715  1593
2.7535830588929064  1217
2.754348335711019  1599
2.7551122663950713  1644
2.7558748556724915  1482
2.756636108245848  1393
2.7573960287930244  1950
2.75815462196739  1323
2.7589118923979736  1571
2.7596678446896306  1387
2.760422483423212  1341
2.7611758131557314  1192
2.761927838420529  1518
2.762678563727436  1899
2.7634279935629373  1606
2.7641761323903307  1455
2.7649229846498886  2111
2.765668554759014  1471
2.7664128471123997  1481
2.7671558660821804  1487
2.767897616018091  1666
2.7686381012476144  1633
2.7693773260761385  1078
2.7701152947871015  1517
2.7708520116421442  1484
2.7715874808812555  1552
2.77232170672292  1289
2.7730546933642626  1539
2.7737864449811935  1387
2.7745169657285498  1291
2.7752462597402365  1443
2.775974331129369  1471
2.776701183988411  1462
2.7774268223893115  1339
2.7781512503836434  1356
2.7788744720027396  1309
2.7795964912578244  1436
2.780317312140151  1303
2.7810369386211318  1268
2.781755374652469  1501
2.782472624166286  1468
2.7831886910752575  1490
2.783903579272735  1081
2.784617292632875  1266
2.785329835010767  1487
2.786041210242554  1269
2.7867514221455614  1184
2.787460474518415  1175
2.788168371141168  1238
2.788875115775417  966
2.7895807121644256  1029
2.7902851640332416  1156
2.790988475088816  1149
2.791690649020118  1254
2.792391689498254  1211
2.79309160017658  1139
2.7937903846908188  1060
2.7944880466591697  918
2.795184589682424  943
2.7958800173440754  988
2.7965743332104296  1059
2.7972675408307164  907
2.797959643737196  959
2.798650645445269  958
2.7993405494535817  749
2.8000293592441343  1126
2.800717078282385  1003
2.801403710017355  929
2.802089257881733  927
2.8027737252919755  972
2.803457115648414  864
2.8041394323353503  687
2.8048206787211623  829
2.8055008581584002  806
2.806179973983887  795
2.8068580295188172  719
2.807535028068853  839
2.808210972924222  713
2.808885867359812  693
2.8095597146352675  602
2.8102325179950842  669
2.8109042806687006  668
2.8115750058705933  762
2.812244696800369  677
2.8129133566428557  652
2.813580988568192  596
2.81424759573192  441
2.814913181275074  555
2.815577748324267  438
2.816241299991783  501
2.8169038393756605  498
2.8175653695597807  415
2.8182258936139557  408
2.8188854145940097  548
2.8195439355418688  432
2.82020145948564  357
2.8208579894397  465
2.821513528404773  423
2.8221680793680175  407
2.8228216453031045  286
2.823474229170301  261
2.824125833916549  289
2.824776462475546  275
2.8254261177678233  292
2.8260748027008264  311
2.826722520168992  214
2.8273692730538253  225
2.828015064223977  198
2.82865989653532  194
2.829303772831025  215
2.829946695941636  189
2.8305886686851442  150
2.8312296938670634  152
2.8318697742805017  184
2.832508912706236  167
2.833147111912785  114
2.833784374656479  121
2.8344207036815328  97
2.835056101720116  109
2.8356905714924254  150
2.8363241157067516  108
2.8369567370595505  74
2.837588438235511  100
2.8382192219076257  71
2.838849090737255  68
2.8394780473741985  54
2.840106094456758  64
2.8407332346118066  46
2.841359470454855  56
2.8419848045901137  49
2.842609239610562  29
2.8432327780980096  46
2.843855422623161  30
2.8444771757456815  28
2.845098040014257  28
2.8457180179666586  25
2.846337112129805  33
2.846955325019824  23
2.847572659142112  16
2.848189116991399  39
2.8488047010518036  6
2.8494194137968996  20
2.850033257689769  16
2.8506462351830666  16
2.8512583487190755  14
2.851869600729766  10
2.8524799936368566  3
2.8530895298518657  7
2.8536982117761744  15
2.8543060418010806  1
2.8549130223078554  4
2.8561244442423  4
2.8567288903828825  1
2.8573324964312685  2
2.857935264719429  1
2.858537197569639  8
2.859138297294531  6
2.859738566197147  2
2.8627275283179747  10
2.863322860120456  2
2.8656960599160706  1
2.8662873390841948  4
2.866877814337499  1
2.8674674878590514  1
2.8680563618230415  2
2.8692317197309762  2
2.8715729355458786  1
2.8727388274726686  1
