0.3010299956639812  121950
0.47712125471966244  57831
0.6020599913279624  35854
0.6989700043360189  25797
0.7781512503836436  19237
0.8450980400142568  15592
0.9030899869919435  11276
0.9542425094393249  14632
1.0  10509
1.0413926851582251  12440
1.0791812460476249  11228
1.1139433523068367  14720
1.146128035678238  11467
1.1760912590556813  9195
1.2041199826559248  10806
1.2304489213782739  8984
1.255272505103306  8584
1.2787536009528289  7987
1.3010299956639813  7266
1.3222192947339193  5989
1.3424226808222062  7155
1.3617278360175928  7393
1.380211241711606  5365
1.3979400086720377  5028
1.414973347970818  4414
1.4313637641589874  4984
1.4471580313422192  4559
1.462397997898956  4858
1.4771212547196624  3904
1.4913616938342726  3257
1.505149978319906  3345
1.5185139398778875  2935
1.5314789170422551  1909
1.5440680443502757  1951
1.5563025007672873  1611
1.568201724066995  1574
1.5797835966168101  1609
1.591064607026499  1303
1.6020599913279623  913
1.6127838567197355  876
1.6232492903979006  610
1.6334684555795864  650
1.6434526764861874  377
1.6532125137753437  465
1.662757831681574  218
1.6720978579357175  195
1.6812412373755872  172
1.6901960800285136  134
1.6989700043360187  227
1.7075701760979363  117
1.7160033436347992  132
1.724275869600789  170
1.7323937598229686  30
1.7403626894942439  25
1.7481880270062005  8
1.7558748556724915  37
1.7634279935629373  6
1.7708520116421442  9
1.7781512503836436  14
1.792391689498254  1
1.8129133566428555  16
1.8325089127062364  1
