0.3010299956639812  59523
0.47712125471966244  36187
0.6020599913279624  24966
0.6989700043360189  16088
0.7781512503836436  12662
0.8450980400142568  11125
0.9030899869919435  12533
0.9542425094393249  9803
1.0  10174
1.0413926851582251  10306
1.0791812460476249  9719
1.1139433523068367  8421
1.146128035678238  8395
1.1760912590556813  7520
1.2041199826559248  6262
1.2304489213782739  4573
1.255272505103306  3885
1.2787536009528289  3679
1.3010299956639813  3149
1.3222192947339193  2754
1.3424226808222062  2392
1.3617278360175928  1782
1.380211241711606  1474
1.3979400086720377  997
1.414973347970818  1112
1.4313637641589874  722
1.4471580313422192  601
1.462397997898956  559
1.4771212547196624  453
1.4913616938342726  145
1.505149978319906  240
1.5185139398778875  192
1.5314789170422551  113
1.5440680443502757  75
1.5563025007672873  10
1.568201724066995  17
1.591064607026499  4
1.6020599913279623  4
1.6434526764861874  1
