0.3010299956639812  2721579
0.47712125471966244  712254
0.6020599913279624  307296
0.6989700043360189  302954
0.7781512503836436  258340
0.8450980400142568  265158
0.9030899869919435  222790
0.9542425094393249  197158
1.0  203570
1.0413926851582251  173282
1.0791812460476249  178054
1.1139433523068367  137687
1.146128035678238  137192
1.1760912590556813  131374
1.2041199826559248  113383
1.2304489213782739  98412
1.255272505103306  81835
1.2787536009528289  71297
1.3010299956639813  53327
1.3222192947339193  55737
1.3424226808222062  35807
1.3617278360175928  32129
1.380211241711606  32983
1.3979400086720377  21568
1.414973347970818  18587
1.4313637641589874  16304
1.4471580313422192  14779
1.462397997898956  9276
1.4771212547196624  7258
1.4913616938342726  17787
1.505149978319906  8692
1.5185139398778875  5894
1.5314789170422551  7848
1.5440680443502757  12459
1.5563025007672873  7826
1.568201724066995  9539
1.5797835966168101  8203
1.591064607026499  18341
1.6020599913279623  9165
1.6127838567197355  7475
1.6232492903979006  10322
1.6334684555795864  8349
1.6434526764861874  7024
1.6532125137753437  6987
1.662757831681574  13284
1.6720978579357175  6852
1.6812412373755872  6811
1.6901960800285136  7814
1.6989700043360187  6150
1.7075701760979363  11916
1.7160033436347992  9245
1.724275869600789  9390
1.7323937598229686  10585
1.7403626894942439  11620
1.7481880270062005  17564
1.7558748556724915  8667
1.7634279935629373  10729
1.7708520116421442  10638
1.7781512503836436  8939
1.7853298350107671  12806
1.792391689498254  10701
1.7993405494535817  14674
1.806179973983887  11831
1.8129133566428555  6798
1.8195439355418688  16276
1.8260748027008264  4719
1.8325089127062364  6881
1.8388490907372552  6755
1.845098040014257  7217
1.8512583487190752  3260
1.8573324964312685  10187
1.863322860120456  3526
1.8692317197309762  6027
1.8750612633917  10470
1.8808135922807914  9440
1.8864907251724818  9922
1.8920946026904804  11802
1.8976270912904414  5521
1.9030899869919435  6008
1.9084850188786497  11083
1.9138138523837167  7288
1.919078092376074  8903
1.9242792860618816  15833
1.9294189257142926  5923
1.9344984512435677  10089
1.9395192526186185  10795
1.9444826721501687  11676
1.9493900066449128  8450
1.954242509439325  7977
1.9590413923210936  6920
1.9637878273455553  8463
1.968482948553935  10788
1.9731278535996986  8575
1.9777236052888478  9157
1.9822712330395684  7176
1.9867717342662448  8934
1.9912260756924949  5285
1.99563519459755  13567
2.0  10678
2.0043213737826426  5488
2.0086001717619175  6583
2.012837224705172  7076
2.0170333392987803  16792
2.0211892990699383  9998
2.0253058652647704  6323
2.0293837776852097  5527
2.03342375548695  11213
2.037426497940624  6331
2.041392685158225  10028
2.0453229787866576  11646
2.0492180226701815  8772
2.0530784434834195  9109
2.0569048513364727  7956
2.060697840353612  10296
2.0644579892269186  10742
2.0681858617461617  10338
2.0718820073061255  8113
2.0755469613925306  7452
2.0791812460476247  7382
2.0827853703164503  7948
2.0863598306747484  5192
2.089905111439398  12378
2.093421685162235  8642
2.0969100130080562  6520
2.100370545117563  9278
2.103803720955957  11061
2.1072099696478683  10575
2.110589710299249  10576
2.113943352306837  12955
2.1172712956557644  4665
2.12057393120585  6619
2.123851640967086  3658
2.1271047983648077  4481
2.130333768495006  9808
2.1335389083702174  9806
2.1367205671564067  4058
2.1398790864012365  8788
2.143014800254095  6553
2.146128035678238  7353
2.1492191126553797  6989
2.1522883443830563  9223
2.155336037465062  8630
2.1583624920952498  5772
2.161368002234975  9928
2.164352855784437  10206
2.167317334748176  4754
2.1702617153949575  14026
2.173186268412274  15335
2.1760912590556813  7980
2.1789769472931693  7308
2.1818435879447726  9859
2.184691430817599  6336
2.187520720836463  11247
2.1903316981702914  4645
2.1931245983544616  10608
2.1958996524092336  10148
2.1986570869544226  8861
2.2013971243204513  6215
2.2041199826559246  4125
2.2068258760318495  10136
2.2095150145426308  7086
2.2121876044039577  7020
2.214843848047698  5715
2.2174839442139063  3663
2.220108088040055  4339
2.2227164711475833  6939
2.225309281725863  8363
2.2278867046136734  11477
2.230448921378274  8591
2.2329961103921536  6847
2.2355284469075487  12442
2.2380461031287955  11430
2.2405492482826  13448
2.2430380486862944  8811
2.24551266781415  7942
2.247973266361807  9967
2.250420002308894  6144
2.2528530309798933  11032
2.255272505103306  9041
2.2576785748691846  10028
2.2600713879850747  6077
2.2624510897304293  13585
2.2648178230095364  12111
2.2671717284030137  9567
2.2695129442179165  6761
2.271841606536499  5166
2.27415784926368  7465
2.2764618041732443  7258
2.278753600952829  12946
2.2810333672477277  9939
2.2833012287035497  9635
2.285557309007774  10652
2.287801729930226  5652
2.290034611362518  9102
2.292256071356476  6888
2.294466226161593  6708
2.296665190261531  10211
2.298853076409707  6045
2.3010299956639813  6180
2.303196057420489  6062
2.305351369446624  10036
2.307496037913213  4802
2.3096301674258988  4427
2.311753861055754  8163
2.3138672203691533  7006
2.315970345456918  6869
2.3180633349627615  10232
2.3201462861110542  3553
2.322219294733919  10893
2.3242824552976926  5274
2.326335860928751  10349
2.3283796034387376  3745
2.330413773349191  1797
2.3324384599156054  9734
2.3344537511509307  12020
2.3364597338485296  4732
2.3384564936046046  7654
2.3404441148401185  9869
2.342422680822206  7487
2.3443922736851106  5366
2.346352974450639  7448
2.3483048630481607  7875
2.3502480183341627  7089
2.3521825181113627  9377
2.3541084391474008  5544
2.3560258571931225  7877
2.357934847000454  4145
2.359835482339888  7635
2.361727836017593  13261
2.3636119798921444  3089
2.3654879848909  4126
2.367355921026019  9128
2.369215857410143  8465
2.3710678622717363  5989
2.3729120029701067  9023
2.374748346010104  7012
2.376576957056512  4643
2.3783979009481375  5654
2.380211241711606  9264
2.3820170425748683  12553
2.383815365980431  3958
2.385606273598312  5448
2.387389826338729  9079
2.3891660843645326  4036
2.3909351071033793  7181
2.392696953259666  11339
2.3944516808262164  8279
2.3961993470957363  14192
2.3979400086720375  4726
2.399673721481038  8425
2.401400540781544  11320
2.403120521175818  10997
2.404833716619938  6969
2.406540180433955  6210
2.4082399653118496  9583
2.4099331233312946  13610
2.41161970596323  6729
2.413299764081252  7845
2.4149733479708178  5744
2.416640507338281  8716
2.4183012913197452  9133
2.419955748489758  10808
2.4216039268698313  13192
2.423245873936808  6148
2.424881636631067  8704
2.4265112613645754  10009
2.428134794028789  5782
2.429752280002408  5886
2.4313637641589874  4497
2.432969290874406  6319
2.4345689040341987  10972
2.436162647040756  11852
2.437750562820388  5542
2.439332693830263  9433
2.4409090820652177  10485
2.4424797690644486  5041
2.444044795918076  10005
2.4456042032735974  5955
2.4471580313422194  5769
2.44870631990508  4260
2.450249108319361  4759
2.45178643552429  2922
2.4533183400470375  7212
2.45484486000851  6382
2.456366033129043  6848
2.4578818967339924  5341
2.459392487759231  6936
2.4608978427565478  6759
2.462397997898956  6211
2.4638929889859074  2987
2.4653828514484184  4520
2.4668676203541096  5425
2.4683473304121573  4297
2.469822015978163  5109
2.4712917110589387  4419
2.4727564493172123  8008
2.4742162640762553  8759
2.4756711883244296  9465
2.4771212547196626  4165
2.4785664955938436  5267
2.4800069429571505  5595
2.481442628502305  6888
2.482873583608754  3866
2.484299839346786  9478
2.48572142648158  8564
2.4871383754771865  4141
2.4885507165004443  8663
2.4899584794248346  5628
2.4913616938342726  7000
2.4927603890268375  7559
2.494154594018443  9188
2.4955443375464483  6810
2.496929648073215  6764
2.4983105537896004  7906
2.499687082618404  8206
2.5010592622177517  6936
2.5024271199844326  6953
2.503790683057181  12302
2.505149978319906  5468
2.506505032404872  2396
2.507855871695831  5757
2.509202522331103  6996
2.510545010206612  7402
2.5118833609788744  3813
2.513217600067939  8901
2.514547752660286  5908
2.515873843711679  7659
2.5171958979499744  3522
2.5185139398778875  6130
2.519827993775719  6064
2.5211380837040362  4913
2.5224442335063197  6120
2.5237464668115646  7453
2.525044807036845  3429
2.526339277389844  6875
2.5276299008713385  4752
2.5289167002776547  5481
2.530199698203082  7927
2.531478917042255  9297
2.5327543789924976  4294
2.534026106056135  4652
2.5352941200427703  4397
2.53655844257153  5307
2.537819095073274  7839
2.5390760987927767  5510
2.5403294747908736  5356
2.5415792439465807  3463
2.5428254269591797  4876
2.5440680443502757  5605
2.545307116465824  8200
2.546542663478131  5173
2.5477747053878224  7039
2.5490032620257876  7323
2.550228353055094  6204
2.5514499979728753  7852
2.552668216112193  6067
2.5538830266438746  6919
2.5550944485783194  5277
2.5563025007672873  4768
2.5575072019056577  8378
2.558708570533166  8673
2.5599066250361124  4467
2.561101383649056  4795
2.5622928644564746  4331
2.5634810853944106  4777
2.5646660642520893  7329
2.5658478186735176  5468
2.56702636615906  5083
2.568201724066995  8364
2.569373909615046  9240
2.5705429398818973  5639
2.571708831808688  3913
2.5728716022004803  3185
2.574031267727719  4265
2.575187844927661  4501
2.576341350205793  4502
2.5774917998372255  6644
2.578639209968072  2674
2.57978359661681  6273
2.5809249756756194  7163
2.582063362911709  5774
2.583198773968623  5843
2.584331224367531  5712
2.5854607295085006  7301
2.586587304671755  5407
2.5877109650189114  4308
2.5888317255942073  7399
2.5899496013257077  5542
2.591064607026499  3988
2.5921767573958667  5553
2.593286067020457  4487
2.5943925503754266  5760
2.595496221825574  4640
2.59659709562646  3832
2.597695185925512  5050
2.598790506763115  5426
2.5998830720736876  4708
2.6009728956867484  4505
2.6020599913279625  7124
2.603144372620182  4448
2.60422605308447  5805
2.6053050461411096  7618
2.606381365110605  5633
2.6074550232146687  6441
2.6085260335771943  2679
2.60959440922522  6466
2.61066016308988  2633
2.611723308007342  6535
2.6127838567197355  3609
2.6138418218760693  7816
2.6148972160331345  6218
2.615950051656401  3532
2.617000341120899  5907
2.6180480967120925  4901
2.6190933306267428  5638
2.6201360549737576  4260
2.621176281775035  5502
2.622214022966295  4032
2.6232492903979003  5207
2.6242820958356683  4451
2.625312450961674  3853
2.6263403673750423  4463
2.6273658565927325  2980
2.6283889300503116  7704
2.629409599102719  3190
2.630427875025024  6510
2.6314437690131722  6109
2.6324572921847245  1844
2.6334684555795866  3606
2.6344772701607315  2638
2.635483746814912  6941
2.6364878963533656  3664
2.637489729512511  5429
2.6384892569546374  3753
2.639486489268586  5940
2.640481436970422  4541
2.6414741105040997  6181
2.6424645202421213  5116
2.6434526764861874  6086
2.6444385894678386  4690
2.645422269349092  5515
2.6464037262230695  4383
2.6473829701146196  4250
2.6483600109809315  3249
2.649334858712142  5571
2.6503075231319366  4353
2.651278013998144  6775
2.6522463410033232  3589
2.6532125137753435  5560
2.6541765418779604  5385
2.655138434811382  6147
2.656098202012832  3641
2.6570558528571038  5130
2.6580113966571126  3666
2.658964842664435  5581
2.6599162000698504  3936
2.660865478003869  5256
2.661812685537261  4123
2.662757831681574  5193
2.663700925389648  6180
2.6646419755561257  5826
2.6655809910179533  3127
2.6665179805548807  5145
2.667452952889954  4849
2.66838591669  3944
2.6693168805661123  4125
2.670245853074124  6252
2.6711728427150834  5946
2.6720978579357175  5564
2.673020907128896  6509
2.673941998634088  3783
2.6748611407378116  5113
2.6757783416740852  3641
2.6766936096248664  3365
2.677606952720493  4009
2.678518379040114  3776
2.6794278966121188  4487
2.680335513414563  4060
2.681241237375587  3176
2.682145076373832  2513
2.6830470382388496  5437
2.683947130751512  4368
2.6848453616444123  5026
2.6857417386022635  4613
2.6866362692622934  3594
2.6875289612146345  3531
2.6884198220027105  5559
2.6893088591236203  5093
2.690196080028514  3845
2.6910814921229687  3283
2.69196510276736  2680
2.69284691927723  3839
2.693726948923647  2850
2.694605198933569  4279
2.6954816764901977  4932
2.696356388733332  3523
2.6972293427597176  2185
2.6981005456233897  5289
2.6989700043360187  4942
2.699837725867246  4543
2.7007037171450192  3553
2.7015679850559273  5352
2.7024305364455254  3084
2.7032913781186614  2449
2.7041505168397992  4911
2.705007959333336  5275
2.7058637122839193  4099
2.7067177823367587  3879
2.7075701760979363  3688
2.708420900134713  3138
2.709269960975831  3971
2.7101173651118162  2013
2.710963118995276  4441
2.711807229041191  4902
2.7126497016272113  4509
2.7134905430939424  2712
2.714329759745233  2847
2.7151673578484576  2202
2.716003343634799  4192
2.7168377232995247  3456
2.717670503002262  4050
2.718501688867274  2386
2.7193312869837265  4086
2.720159303405957  3298
2.7209857441537393  3607
2.7218106152125467  4370
2.722633922533812  2510
2.7234556720351857  3162
2.724275869600789  2142
2.725094521081469  3696
2.7259116322950483  3145
2.7267272090265724  4130
2.727541257028556  4283
2.7283537820212285  3337
2.72916478969277  4196
2.7299742856995555  3471
2.7307822756663893  3821
2.7315887651867388  3643
2.7323937598229686  4033
2.7331972651065692  3267
2.733999286538387  6082
2.734799829588847  4673
2.73559889969818  3236
2.7363965022766426  3575
2.7371926427047373  3303
2.737987326333431  3042
2.738780558484369  3258
2.739572344450092  2660
2.7403626894942437  3399
2.741151598851785  3770
2.741939077729199  3214
2.7427251313046983  3792
2.74350976472843  3244
2.7442929831226763  3804
2.7450747915820575  2324
2.745855195173729  2504
2.7466341989375787  4470
2.747411807886423  3000
2.7481880270062002  3096
2.7489628612561616  2738
2.749736315569061  3737
2.7505083948513462  3149
2.751279103983342  2767
2.7520484478194387  2934
2.7528164311882715  4164
2.7535830588929064  1661
2.754348335711019  2185
2.7551122663950713  4001
2.7558748556724915  2965
2.756636108245848  3114
2.7573960287930244  4947
2.75815462196739  3289
2.7589118923979736  2360
2.7596678446896306  5389
2.760422483423212  3602
2.7611758131557314  2990
2.761927838420529  2123
2.762678563727436  2314
2.7634279935629373  3118
2.7641761323903307  3722
2.7649229846498886  3753
2.765668554759014  2620
2.7664128471123997  4733
2.7671558660821804  2164
2.767897616018091  2361
2.7686381012476144  1886
2.7693773260761385  2297
2.7701152947871015  3290
2.7708520116421442  2379
2.7715874808812555  2689
2.77232170672292  4266
2.7730546933642626  2909
2.7737864449811935  2983
2.7745169657285498  3348
2.7752462597402365  3516
2.775974331129369  3470
2.776701183988411  2156
2.7774268223893115  2848
2.7781512503836434  2893
2.7788744720027396  2595
2.7795964912578244  3051
2.780317312140151  3239
2.7810369386211318  2465
2.781755374652469  3895
2.782472624166286  1874
2.7831886910752575  3380
2.783903579272735  3066
2.784617292632875  3851
2.785329835010767  3411
2.786041210242554  2512
2.7867514221455614  1548
2.787460474518415  2328
2.788168371141168  3289
2.788875115775417  2912
2.7895807121644256  2328
2.7902851640332416  2366
2.790988475088816  2345
2.791690649020118  2958
2.792391689498254  3158
2.79309160017658  2142
2.7937903846908188  2468
2.7944880466591697  2937
2.795184589682424  2413
2.7958800173440754  2583
2.7965743332104296  2647
2.7972675408307164  2233
2.797959643737196  2002
2.798650645445269  2780
2.7993405494535817  2573
2.8000293592441343  3406
2.800717078282385  2641
2.801403710017355  1522
2.802089257881733  3311
2.8027737252919755  3548
2.803457115648414  3322
2.8041394323353503  1979
2.8048206787211623  2100
2.8055008581584002  2523
2.806179973983887  3194
2.8068580295188172  3218
2.807535028068853  2662
2.808210972924222  2362
2.808885867359812  1669
2.8095597146352675  2973
2.8102325179950842  1659
2.8109042806687006  2497
2.8115750058705933  2150
2.812244696800369  1879
2.8129133566428557  2259
2.813580988568192  2291
2.81424759573192  2618
2.814913181275074  2285
2.815577748324267  2485
2.816241299991783  2285
2.8169038393756605  3236
2.8175653695597807  2384
2.8182258936139557  2559
2.8188854145940097  2225
2.8195439355418688  2868
2.82020145948564  2238
2.8208579894397  2977
2.821513528404773  2375
2.8221680793680175  2430
2.8228216453031045  2259
2.823474229170301  2394
2.824125833916549  1406
2.824776462475546  2502
2.8254261177678233  1575
2.8260748027008264  1886
2.826722520168992  2563
2.8273692730538253  2021
2.828015064223977  1816
2.82865989653532  1868
2.829303772831025  2026
2.829946695941636  1550
2.8305886686851442  1644
2.8312296938670634  2025
2.8318697742805017  1886
2.832508912706236  1248
2.833147111912785  1518
2.833784374656479  1830
2.8344207036815328  2040
2.835056101720116  1439
2.8356905714924254  1993
2.8363241157067516  2200
2.8369567370595505  1984
2.837588438235511  2301
2.8382192219076257  1493
2.838849090737255  1450
2.8394780473741985  2078
2.840106094456758  1593
2.8407332346118066  1986
2.841359470454855  1403
2.8419848045901137  1832
2.842609239610562  1896
2.8432327780980096  1686
2.843855422623161  2100
2.8444771757456815  2167
2.845098040014257  2208
2.8457180179666586  2150
2.846337112129805  2009
2.846955325019824  1847
2.847572659142112  2454
2.848189116991399  2128
2.8488047010518036  1164
2.8494194137968996  1813
2.850033257689769  1817
2.8506462351830666  1408
2.8512583487190755  1732
2.851869600729766  2061
2.8524799936368566  1836
2.8530895298518657  1694
2.8536982117761744  1636
2.8543060418010806  1266
2.8549130223078554  1700
2.8555191556678  1517
2.8561244442423  1428
2.8567288903828825  1957
2.8573324964312685  1791
2.857935264719429  1657
2.858537197569639  1631
2.859138297294531  1084
2.859738566197147  1628
2.8603380065709936  1684
2.8609366207000937  1277
2.8615344108590377  1327
2.862131379313037  1776
2.8627275283179747  1457
2.863322860120456  1860
2.8639173769578603  1590
2.864511081058392  1974
2.8651039746411278  1137
2.8656960599160706  1247
2.8662873390841948  2051
2.866877814337499  1424
2.8674674878590514  1271
2.8680563618230415  1746
2.8686444383948255  1192
2.8692317197309762  1808
2.869818207979328  1493
2.870403905279027  2053
2.8709888137605755  1563
2.8715729355458786  1448
2.8721562727482928  1873
2.8727388274726686  1486
2.873320601815399  1046
2.8739015978644615  1438
2.8744818176994666  1273
2.8750612633917  1538
2.8756399370041685  1266
2.876217840591642  1228
2.8767949762007006  1445
2.877371345869774  1247
2.8779469516291885  1120
2.8785217955012063  932
2.8790958795000727  1691
2.8796692056320534  1067
2.88024177589548  1391
2.8808135922807914  1347
2.8813846567705728  1586
2.8819549713396007  1242
2.8825245379548803  1048
2.8830933585756897  1618
2.8836614351536176  1173
2.884228769632604  1282
2.884795363948981  1472
2.885361220031512  1308
2.885926339801431  1371
2.886490725172482  1248
2.8870543780509568  985
2.887617300335736  1062
2.888179493918325  1226
2.8887409606828927  1596
2.88930170250631  1078
2.8898617212581885  1072
2.890421018800914  1065
2.890979596989689  1262
2.8915374576725643  1031
2.8920946026904804  1160
2.8926510338773004  1052
2.893206753059848  904
2.8937617620579434  920
2.8943160626844384  1199
2.8948696567452528  1324
2.895422546039408  950
2.8959747323590648  1129
2.8965262174895554  889
2.89707700320942  1196
2.8976270912904414  1167
2.8981764834976764  1243
2.8987251815894934  1180
2.8992731873176036  921
2.8998205024270964  1282
2.9003671286564705  1304
2.900913067737669  811
2.9014583213961123  1204
2.9020028913507296  871
2.902546779313991  1074
2.9030899869919438  1018
2.9036325160842376  1121
2.9041743682841634  825
2.904715545278681  931
2.905256048748451  979
2.9057958803678687  934
2.906335041805091  986
2.90687353472207  1073
2.907411360774586  940
2.9079485216122722  1091
2.90848501887865  888
2.909020854211156  1279
2.9095560292411755  1200
2.910090545594068  811
2.910624404889201  786
2.9111576087399764  919
2.9116901587538613  721
2.9122220565324155  867
2.912753303671323  1028
2.9132839017604186  828
2.9138138523837167  797
2.9143431571194407  914
2.9148718175400505  1080
2.91539983521227  896
2.9159272116971158  818
2.916453948549925  952
2.9169800473203824  654
2.9175055095525466  681
2.9180303367848803  784
2.9185545305502734  1141
2.9190780923760737  778
2.919601023784111  751
2.920123326290724  728
2.9206450014067875  707
2.921166050637739  803
2.921686475483602  908
2.9222062774390163  815
2.92272545799326  898
2.9232440186302764  704
2.9237619608287004  834
2.9242792860618816  826
2.924795995797912  801
2.9253120914996495  758
2.9258275746247424  627
2.926342446625655  704
2.926856708949692  861
2.9273703630390235  620
2.9278834103307068  744
2.9283958522567137  860
2.928907690243953  920
2.929418925714293  750
2.929929560084588  751
2.9304395947667  639
2.930949031167523  720
2.931457870689005  844
2.931966114728173  581
2.932473764677153  565
2.932980821923198  548
2.9334872878487053  671
2.9339931638312424  753
2.934498451243568  621
2.935003151453655  504
2.9355072658247128  654
2.9360107957152097  620
2.936513742478893  518
2.9370161074648142  613
2.937517892017347  516
2.9380190974762104  636
2.938519725176492  485
2.9390197764486663  534
2.9395192526186187  527
2.9400181550076634  546
2.940516484932567  591
2.9410142437055695  508
2.941511432634403  549
2.942008053022313  536
2.9425041061680806  536
2.9429995933660407  593
2.9434945159061026  396
2.9439888750737717  530
2.9444826721501687  479
2.9449759084120477  517
2.94546858513182  416
2.9459607035775686  421
2.946452265013073  408
2.9469432706978256  428
2.9474337218870508  401
2.9479236198317262  393
2.948412965778601  442
2.9489017609702137  514
2.949390006644913  434
2.949877704036875  368
2.950364854376123  355
2.9508514588885464  332
2.951337518795918  327
2.951823035315912  373
2.9523080096621253  320
2.952792443044092  347
2.9532763366673045  300
2.9537596917332287  299
2.9542425094393248  266
2.954724790979063  313
2.9552065375419416  262
2.9556877503135057  299
2.9561684304753633  283
2.9566485792052033  250
2.957128197676813  242
2.957607287060095  225
2.958085848521085  208
2.9585638832219674  230
2.9590413923210934  224
2.9595183769729982  230
2.959994838328416  179
2.960470777534299  206
2.960946195733831  158
2.9614210940664485  168
2.9618954736678504  279
2.962369335670021  135
2.9628426812012423  151
2.9633155113861114  104
2.963787827345555  128
2.964259630196849  126
2.9647309210536292  116
2.965201701025912  131
2.9656719712201065  88
2.9661417327390325  86
2.966610986681934  126
2.967079734144497  106
2.967547976218862  76
2.968015713993642  79
2.9684829485539352  92
2.9689496809813427  94
2.9694159123539814  107
2.9698816437465  78
2.9703468762300935  68
2.9708116108725178  56
2.971275848738105  63
2.971739590887778  53
2.9722028383790646  34
2.972665592266111  45
2.9731278535996988  49
2.973589623427257  40
2.9740509027928774  35
2.9745116927373285  46
2.974971994298069  29
2.975431808509263  16
2.975891136401793  29
2.9763499790032735  29
2.976808337338066  25
2.977266212427293  19
2.9777236052888476  20
2.978180516937414  22
2.9786369483844743  11
2.979092900638326  15
2.979548374704095  11
2.9800033715837464  11
2.9804578922761  19
2.9809119377768436  15
2.9813655090785445  12
2.9818186071706636  15
2.9822712330395684  7
2.9827233876685453  12
2.983175072037813  8
2.9836262871245345  7
2.984077033902831  7
2.9845273133437926  14
2.9849771264154934  20
2.9854264740830017  7
2.9858753573083936  2
2.986323777050765  2
2.9867717342662448  4
2.9872192299080047  7
2.9876662649262746  9
2.988112840268352  2
2.9885589568786157  5
2.989004615698537  5
2.9894498176666917  4
2.989894563718773  1
2.9903388547876015  2
2.9907826918031377  4
2.9912260756924947  5
2.9916690073799486  1
2.9925535178321354  1
2.9934362304976116  1
2.9943171526696366  1
2.9947569445876283  1
2.9951962915971793  2
2.9960736544852753  1
3.0008677215312267  1
3.0013009330204183  1
3.0017337128090005  2
3.002166061756508  1
