0.3010299956639812  2078
0.47712125471966244  1930
0.6020599913279624  2030
0.6989700043360189  1996
0.7781512503836436  1942
0.8450980400142568  1975
0.9030899869919435  1936
0.9542425094393249  1998
1.0  2085
1.0413926851582251  1977
1.0791812460476249  1984
1.1139433523068367  1977
1.146128035678238  1984
1.1760912590556813  1978
1.2041199826559248  1943
1.2304489213782739  1992
1.255272505103306  1933
1.2787536009528289  1843
1.3010299956639813  1898
1.3222192947339193  1817
1.3424226808222062  1826
1.3617278360175928  1780
1.380211241711606  1752
1.3979400086720377  1732
1.414973347970818  1635
1.4313637641589874  1665
1.4471580313422192  1752
1.462397997898956  1801
1.4771212547196624  1712
1.4913616938342726  1654
1.505149978319906  1648
1.5185139398778875  1633
1.5314789170422551  1712
1.5440680443502757  1783
1.5563025007672873  1642
1.568201724066995  1640
1.5797835966168101  1745
1.591064607026499  1730
1.6020599913279623  1671
1.6127838567197355  1717
1.6232492903979006  1776
1.6334684555795864  1794
1.6434526764861874  1714
1.6532125137753437  1711
1.662757831681574  1696
1.6720978579357175  1687
1.6812412373755872  1703
1.6901960800285136  1748
1.6989700043360187  1671
1.7075701760979363  1784
1.7160033436347992  1708
1.724275869600789  1682
1.7323937598229686  1701
1.7403626894942439  1840
1.7481880270062005  1734
1.7558748556724915  1711
1.7634279935629373  1674
1.7708520116421442  1692
1.7781512503836436  1711
1.7853298350107671  1719
1.792391689498254  1761
1.7993405494535817  1637
1.806179973983887  1734
1.8129133566428555  1635
1.8195439355418688  1620
1.8260748027008264  1829
1.8325089127062364  1661
1.8388490907372552  1754
1.845098040014257  1628
1.8512583487190752  1726
1.8573324964312685  1720
1.863322860120456  1683
1.8692317197309762  1675
1.8750612633917  1807
1.8808135922807914  1761
1.8864907251724818  1597
1.8920946026904804  1740
1.8976270912904414  1806
1.9030899869919435  1636
1.9084850188786497  1786
1.9138138523837167  1684
1.919078092376074  1748
1.9242792860618816  1809
1.9294189257142926  1678
1.9344984512435677  1842
1.9395192526186185  1725
1.9444826721501687  1726
1.9493900066449128  1717
1.954242509439325  1719
1.9590413923210936  1612
1.9637878273455553  1816
1.968482948553935  1703
1.9731278535996986  1760
1.9777236052888478  1634
1.9822712330395684  1764
1.9867717342662448  1720
1.9912260756924949  1683
1.99563519459755  1685
2.0  1783
2.0043213737826426  1712
2.0086001717619175  1812
2.012837224705172  1706
2.0170333392987803  1764
2.0211892990699383  1737
2.0253058652647704  1605
2.0293837776852097  1659
2.03342375548695  1740
2.037426497940624  1753
2.041392685158225  1682
2.0453229787866576  1768
2.0492180226701815  1759
2.0530784434834195  1725
2.0569048513364727  1670
2.060697840353612  1741
2.0644579892269186  1753
2.0681858617461617  1760
2.0718820073061255  1627
2.0755469613925306  1749
2.0791812460476247  1784
2.0827853703164503  1772
2.0863598306747484  1771
2.089905111439398  1751
2.093421685162235  1701
2.0969100130080562  1765
2.100370545117563  1784
2.103803720955957  1694
2.1072099696478683  1724
2.110589710299249  1697
2.113943352306837  1653
2.1172712956557644  1704
2.12057393120585  1741
2.123851640967086  1719
2.1271047983648077  1688
2.130333768495006  1777
2.1335389083702174  1748
2.1367205671564067  1691
2.1398790864012365  1674
2.143014800254095  1684
2.146128035678238  1775
2.1492191126553797  1698
2.1522883443830563  1745
2.155336037465062  1747
2.1583624920952498  1704
2.161368002234975  1784
2.164352855784437  1714
2.167317334748176  1887
2.1702617153949575  1760
2.173186268412274  1724
2.1760912590556813  1721
2.1789769472931693  1726
2.1818435879447726  1862
2.184691430817599  1824
2.187520720836463  1782
2.1903316981702914  1710
2.1931245983544616  1742
2.1958996524092336  1711
2.1986570869544226  1796
2.2013971243204513  1753
2.2041199826559246  1644
2.2068258760318495  1769
2.2095150145426308  1786
2.2121876044039577  1718
2.214843848047698  1725
2.2174839442139063  1762
2.220108088040055  1720
2.2227164711475833  1678
2.225309281725863  1681
2.2278867046136734  1660
2.230448921378274  1736
2.2329961103921536  1770
2.2355284469075487  1765
2.2380461031287955  1726
2.2405492482826  1679
2.2430380486862944  1737
2.24551266781415  1727
2.247973266361807  1660
2.250420002308894  1700
2.2528530309798933  1769
2.255272505103306  1775
2.2576785748691846  1684
2.2600713879850747  1820
2.2624510897304293  1743
2.2648178230095364  1756
2.2671717284030137  1787
2.2695129442179165  1716
2.271841606536499  1812
2.27415784926368  1680
2.2764618041732443  1730
2.278753600952829  1772
2.2810333672477277  1770
2.2833012287035497  1687
2.285557309007774  1687
2.287801729930226  1719
2.290034611362518  1764
2.292256071356476  1755
2.294466226161593  1729
2.296665190261531  1675
2.298853076409707  1697
2.3010299956639813  1707
2.303196057420489  1765
2.305351369446624  1783
2.307496037913213  1659
2.3096301674258988  1678
2.311753861055754  1708
2.3138672203691533  1705
2.315970345456918  1679
2.3180633349627615  1743
2.3201462861110542  1666
2.322219294733919  1677
2.3242824552976926  1712
2.326335860928751  1794
2.3283796034387376  1770
2.330413773349191  1680
2.3324384599156054  1679
2.3344537511509307  1746
2.3364597338485296  1744
2.3384564936046046  1762
2.3404441148401185  1804
2.342422680822206  1689
2.3443922736851106  1729
2.346352974450639  1759
2.3483048630481607  1679
2.3502480183341627  1664
2.3521825181113627  1829
2.3541084391474008  1792
2.3560258571931225  1774
2.357934847000454  1741
2.359835482339888  1643
2.361727836017593  1759
2.3636119798921444  1772
2.3654879848909  1794
2.367355921026019  1767
2.369215857410143  1628
2.3710678622717363  1700
2.3729120029701067  1755
2.374748346010104  1730
2.376576957056512  1750
2.3783979009481375  1711
2.380211241711606  1810
2.3820170425748683  1637
2.383815365980431  1750
2.385606273598312  1763
2.387389826338729  1674
2.3891660843645326  1721
2.3909351071033793  1761
2.392696953259666  1801
2.3944516808262164  1716
2.3961993470957363  1601
2.3979400086720375  1697
2.399673721481038  1688
2.401400540781544  1742
2.403120521175818  1711
2.404833716619938  1625
2.406540180433955  1688
2.4082399653118496  1713
2.4099331233312946  1665
2.41161970596323  1715
2.413299764081252  1781
2.4149733479708178  1767
2.416640507338281  1724
2.4183012913197452  1629
2.419955748489758  1748
2.4216039268698313  1747
2.423245873936808  1652
2.424881636631067  1695
2.4265112613645754  1710
2.428134794028789  1715
2.429752280002408  1679
2.4313637641589874  1783
2.432969290874406  1686
2.4345689040341987  1748
2.436162647040756  1738
2.437750562820388  1727
2.439332693830263  1708
2.4409090820652177  1700
2.4424797690644486  1757
2.444044795918076  1725
2.4456042032735974  1699
2.4471580313422194  1686
2.44870631990508  1681
2.450249108319361  1758
2.45178643552429  1691
2.4533183400470375  1703
2.45484486000851  1764
2.456366033129043  1679
2.4578818967339924  1651
2.459392487759231  1766
2.4608978427565478  1721
2.462397997898956  1682
2.4638929889859074  1721
2.4653828514484184  1688
2.4668676203541096  1687
2.4683473304121573  1740
2.469822015978163  1749
2.4712917110589387  1753
2.4727564493172123  1811
2.4742162640762553  1745
2.4756711883244296  1821
2.4771212547196626  1678
2.4785664955938436  1661
2.4800069429571505  1648
2.481442628502305  1687
2.482873583608754  1823
2.484299839346786  1675
2.48572142648158  1734
2.4871383754771865  1706
2.4885507165004443  1692
2.4899584794248346  1835
2.4913616938342726  1793
2.4927603890268375  1789
2.494154594018443  1758
2.4955443375464483  1627
2.496929648073215  1791
2.4983105537896004  1730
2.499687082618404  1786
2.5010592622177517  1716
2.5024271199844326  1737
2.503790683057181  1655
2.505149978319906  1692
2.506505032404872  1729
2.507855871695831  1705
2.509202522331103  1686
2.510545010206612  1645
2.5118833609788744  1751
2.513217600067939  1755
2.514547752660286  1755
2.515873843711679  1606
2.5171958979499744  1720
2.5185139398778875  1759
2.519827993775719  1841
2.5211380837040362  1735
2.5224442335063197  1704
2.5237464668115646  1767
2.525044807036845  1725
2.526339277389844  1936
2.5276299008713385  1711
2.5289167002776547  1663
2.530199698203082  1706
2.531478917042255  1769
2.5327543789924976  1735
2.534026106056135  1722
2.5352941200427703  1732
2.53655844257153  1709
2.537819095073274  1723
2.5390760987927767  1779
2.5403294747908736  1697
2.5415792439465807  1707
2.5428254269591797  1698
2.5440680443502757  1760
2.545307116465824  1756
2.546542663478131  1790
2.5477747053878224  1672
2.5490032620257876  1785
2.550228353055094  1709
2.5514499979728753  1705
2.552668216112193  1722
2.5538830266438746  1693
2.5550944485783194  1771
2.5563025007672873  1763
2.5575072019056577  1665
2.558708570533166  1747
2.5599066250361124  1701
2.561101383649056  1805
2.5622928644564746  1767
2.5634810853944106  1665
2.5646660642520893  1672
2.5658478186735176  1655
2.56702636615906  1718
2.568201724066995  1743
2.569373909615046  1791
2.5705429398818973  1752
2.571708831808688  1744
2.5728716022004803  1757
2.574031267727719  1734
2.575187844927661  1643
2.576341350205793  1769
2.5774917998372255  1731
2.578639209968072  1720
2.57978359661681  1803
2.5809249756756194  1716
2.582063362911709  1741
2.583198773968623  1806
2.584331224367531  1691
2.5854607295085006  1786
2.586587304671755  1629
2.5877109650189114  1664
2.5888317255942073  1786
2.5899496013257077  1802
2.591064607026499  1673
2.5921767573958667  1690
2.593286067020457  1780
2.5943925503754266  1706
2.595496221825574  1676
2.59659709562646  1696
2.597695185925512  1699
2.598790506763115  1701
2.5998830720736876  1746
2.6009728956867484  1749
2.6020599913279625  1742
2.603144372620182  1644
2.60422605308447  1726
2.6053050461411096  1707
2.606381365110605  1738
2.6074550232146687  1728
2.6085260335771943  1696
2.60959440922522  1722
2.61066016308988  1803
2.611723308007342  1784
2.6127838567197355  1710
2.6138418218760693  1679
2.6148972160331345  1717
2.615950051656401  1739
2.617000341120899  1727
2.6180480967120925  1755
2.6190933306267428  1602
2.6201360549737576  1657
2.621176281775035  1731
2.622214022966295  1658
2.6232492903979003  1754
2.6242820958356683  1714
2.625312450961674  1644
2.6263403673750423  1644
2.6273658565927325  1770
2.6283889300503116  1783
2.629409599102719  1645
2.630427875025024  1728
2.6314437690131722  1729
2.6324572921847245  1792
2.6334684555795866  1761
2.6344772701607315  1761
2.635483746814912  1733
2.6364878963533656  1777
2.637489729512511  1646
2.6384892569546374  1714
2.639486489268586  1780
2.640481436970422  1685
2.6414741105040997  1705
2.6424645202421213  1732
2.6434526764861874  1643
2.6444385894678386  1819
2.645422269349092  1783
2.6464037262230695  1686
2.6473829701146196  1724
2.6483600109809315  1652
2.649334858712142  1730
2.6503075231319366  1710
2.651278013998144  1810
2.6522463410033232  1675
2.6532125137753435  1737
2.6541765418779604  1739
2.655138434811382  1646
2.656098202012832  1694
2.6570558528571038  1665
2.6580113966571126  1659
2.658964842664435  1695
2.6599162000698504  1750
2.660865478003869  1748
2.661812685537261  1750
2.662757831681574  1667
2.663700925389648  1785
2.6646419755561257  1730
2.6655809910179533  1744
2.6665179805548807  1765
2.667452952889954  1789
2.66838591669  1767
2.6693168805661123  1785
2.670245853074124  1719
2.6711728427150834  1783
2.6720978579357175  1765
2.673020907128896  1701
2.673941998634088  1714
2.6748611407378116  1700
2.6757783416740852  1788
2.6766936096248664  1739
2.677606952720493  1768
2.678518379040114  1698
2.6794278966121188  1705
2.680335513414563  1630
2.681241237375587  1736
2.682145076373832  1729
2.6830470382388496  1757
2.683947130751512  1746
2.6848453616444123  1659
2.6857417386022635  1725
2.6866362692622934  1775
2.6875289612146345  1739
2.6884198220027105  1673
2.6893088591236203  1739
2.690196080028514  1658
2.6910814921229687  1812
2.69196510276736  1698
2.69284691927723  1716
2.693726948923647  1696
2.694605198933569  1741
2.6954816764901977  1683
2.696356388733332  1717
2.6972293427597176  1723
2.6981005456233897  1805
2.6989700043360187  1688
2.699837725867246  1742
2.7007037171450192  1744
2.7015679850559273  1687
2.7024305364455254  1712
2.7032913781186614  1749
2.7041505168397992  1815
2.705007959333336  1721
2.7058637122839193  1696
2.7067177823367587  1739
2.7075701760979363  1785
2.708420900134713  1763
2.709269960975831  1801
2.7101173651118162  1580
2.710963118995276  1739
2.711807229041191  1863
2.7126497016272113  1709
2.7134905430939424  1649
2.714329759745233  1735
2.7151673578484576  1705
2.716003343634799  1692
2.7168377232995247  1670
2.717670503002262  1769
2.718501688867274  1717
2.7193312869837265  1780
2.720159303405957  1677
2.7209857441537393  1761
2.7218106152125467  1677
2.722633922533812  1741
2.7234556720351857  1709
2.724275869600789  1745
2.725094521081469  1795
2.7259116322950483  1611
2.7267272090265724  1794
2.727541257028556  1730
2.7283537820212285  1665
2.72916478969277  1772
2.7299742856995555  1666
2.7307822756663893  1698
2.7315887651867388  1736
2.7323937598229686  1705
2.7331972651065692  1658
2.733999286538387  1735
2.734799829588847  1772
2.73559889969818  1682
2.7363965022766426  1746
2.7371926427047373  1678
2.737987326333431  1693
2.738780558484369  1605
2.739572344450092  1719
2.7403626894942437  1828
2.741151598851785  1696
2.741939077729199  1694
2.7427251313046983  1767
2.74350976472843  1717
2.7442929831226763  1776
2.7450747915820575  1755
2.745855195173729  1778
2.7466341989375787  1727
2.747411807886423  1720
2.7481880270062002  1728
2.7489628612561616  1728
2.749736315569061  1770
2.7505083948513462  1746
2.751279103983342  1676
2.7520484478194387  1632
2.7528164311882715  1850
2.7535830588929064  1763
2.754348335711019  1763
2.7551122663950713  1680
2.7558748556724915  1748
2.756636108245848  1673
2.7573960287930244  1705
2.75815462196739  1696
2.7589118923979736  1767
2.7596678446896306  1717
2.760422483423212  1749
2.7611758131557314  1699
2.761927838420529  1746
2.762678563727436  1747
2.7634279935629373  1661
2.7641761323903307  1666
2.7649229846498886  1723
2.765668554759014  1735
2.7664128471123997  1652
2.7671558660821804  1681
2.767897616018091  1770
2.7686381012476144  1711
2.7693773260761385  1726
2.7701152947871015  1796
2.7708520116421442  1792
2.7715874808812555  1735
2.77232170672292  1765
2.7730546933642626  1704
2.7737864449811935  1723
2.7745169657285498  1824
2.7752462597402365  1698
2.775974331129369  1714
2.776701183988411  1719
2.7774268223893115  1770
2.7781512503836434  1768
2.7788744720027396  1696
2.7795964912578244  1729
2.780317312140151  1639
2.7810369386211318  1822
2.781755374652469  1680
2.782472624166286  1786
2.7831886910752575  1630
2.783903579272735  1644
2.784617292632875  1722
2.785329835010767  1701
2.786041210242554  1703
2.7867514221455614  1700
2.787460474518415  1671
2.788168371141168  1713
2.788875115775417  1680
2.7895807121644256  1799
2.7902851640332416  1645
2.790988475088816  1779
2.791690649020118  1652
2.792391689498254  1702
2.79309160017658  1773
2.7937903846908188  1762
2.7944880466591697  1688
2.795184589682424  1721
2.7958800173440754  1687
2.7965743332104296  1702
2.7972675408307164  1703
2.797959643737196  1664
2.798650645445269  1798
2.7993405494535817  1735
2.8000293592441343  1787
2.800717078282385  1683
2.801403710017355  1682
2.802089257881733  1816
2.8027737252919755  1655
2.803457115648414  1748
2.8041394323353503  1691
2.8048206787211623  1737
2.8055008581584002  1733
2.806179973983887  1702
2.8068580295188172  1671
2.807535028068853  1729
2.808210972924222  1775
2.808885867359812  1815
2.8095597146352675  1731
2.8102325179950842  1687
2.8109042806687006  1649
2.8115750058705933  1695
2.812244696800369  1713
2.8129133566428557  1700
2.813580988568192  1791
2.81424759573192  1761
2.814913181275074  1647
2.815577748324267  1737
2.816241299991783  1735
2.8169038393756605  1735
2.8175653695597807  1717
2.8182258936139557  1680
2.8188854145940097  1753
2.8195439355418688  1663
2.82020145948564  1700
2.8208579894397  1797
2.821513528404773  1683
2.8221680793680175  1666
2.8228216453031045  1764
2.823474229170301  1760
2.824125833916549  1770
2.824776462475546  1632
2.8254261177678233  1792
2.8260748027008264  1733
2.826722520168992  1810
2.8273692730538253  1701
2.828015064223977  1775
2.82865989653532  1684
2.829303772831025  1684
2.829946695941636  1721
2.8305886686851442  1704
2.8312296938670634  1741
2.8318697742805017  1741
2.832508912706236  1679
2.833147111912785  1742
2.833784374656479  1747
2.8344207036815328  1676
2.835056101720116  1783
2.8356905714924254  1697
2.8363241157067516  1701
2.8369567370595505  1744
2.837588438235511  1778
2.8382192219076257  1709
2.838849090737255  1719
2.8394780473741985  1687
2.840106094456758  1679
2.8407332346118066  1762
2.841359470454855  1717
2.8419848045901137  1654
2.842609239610562  1710
2.8432327780980096  1714
2.843855422623161  1725
2.8444771757456815  1698
2.845098040014257  1745
2.8457180179666586  1691
2.846337112129805  1723
2.846955325019824  1872
2.847572659142112  1767
2.848189116991399  1854
2.8488047010518036  1815
2.8494194137968996  1754
2.850033257689769  1710
2.8506462351830666  1776
2.8512583487190755  1690
2.851869600729766  1720
2.8524799936368566  1705
2.8530895298518657  1789
2.8536982117761744  1809
2.8543060418010806  1748
2.8549130223078554  1794
2.8555191556678  1779
2.8561244442423  1704
2.8567288903828825  1632
2.8573324964312685  1695
2.857935264719429  1692
2.858537197569639  1741
2.859138297294531  1702
2.859738566197147  1717
2.8603380065709936  1738
2.8609366207000937  1738
2.8615344108590377  1692
2.862131379313037  1716
2.8627275283179747  1770
2.863322860120456  1704
2.8639173769578603  1696
2.864511081058392  1775
2.8651039746411278  1718
2.8656960599160706  1706
2.8662873390841948  1707
2.866877814337499  1682
2.8674674878590514  1679
2.8680563618230415  1761
2.8686444383948255  1742
2.8692317197309762  1800
2.869818207979328  1699
2.870403905279027  1704
2.8709888137605755  1650
2.8715729355458786  1713
2.8721562727482928  1701
2.8727388274726686  1781
2.873320601815399  1731
2.8739015978644615  1729
2.8744818176994666  1710
2.8750612633917  1733
2.8756399370041685  1692
2.876217840591642  1564
2.8767949762007006  1725
2.877371345869774  1831
2.8779469516291885  1733
2.8785217955012063  1723
2.8790958795000727  1699
2.8796692056320534  1732
2.88024177589548  1700
2.8808135922807914  1702
2.8813846567705728  1711
2.8819549713396007  1822
2.8825245379548803  1620
2.8830933585756897  1718
2.8836614351536176  1727
2.884228769632604  1687
2.884795363948981  1698
2.885361220031512  1783
2.885926339801431  1688
2.886490725172482  1794
2.8870543780509568  1729
2.887617300335736  1659
2.888179493918325  1849
2.8887409606828927  1765
2.88930170250631  1686
2.8898617212581885  1781
2.890421018800914  1665
2.890979596989689  1715
2.8915374576725643  1764
2.8920946026904804  1698
2.8926510338773004  1788
2.893206753059848  1633
2.8937617620579434  1678
2.8943160626844384  1640
2.8948696567452528  1672
2.895422546039408  1748
2.8959747323590648  1759
2.8965262174895554  1739
2.89707700320942  1770
2.8976270912904414  1757
2.8981764834976764  1616
2.8987251815894934  1677
2.8992731873176036  1696
2.8998205024270964  1712
2.9003671286564705  1770
2.900913067737669  1737
2.9014583213961123  1758
2.9020028913507296  1739
2.902546779313991  1768
2.9030899869919438  1790
2.9036325160842376  1743
2.9041743682841634  1787
2.904715545278681  1651
2.905256048748451  1743
2.9057958803678687  1770
2.906335041805091  1669
2.90687353472207  1753
2.907411360774586  1771
2.9079485216122722  1835
2.90848501887865  1740
2.909020854211156  1671
2.9095560292411755  1759
2.910090545594068  1742
2.910624404889201  1723
2.9111576087399764  1751
2.9116901587538613  1685
2.9122220565324155  1647
2.912753303671323  1659
2.9132839017604186  1735
2.9138138523837167  1741
2.9143431571194407  1671
2.9148718175400505  1714
2.91539983521227  1706
2.9159272116971158  1767
2.916453948549925  1814
2.9169800473203824  1749
2.9175055095525466  1733
2.9180303367848803  1720
2.9185545305502734  1747
2.9190780923760737  1725
2.919601023784111  1694
2.920123326290724  1702
2.9206450014067875  1719
2.921166050637739  1705
2.921686475483602  1706
2.9222062774390163  1684
2.92272545799326  1693
2.9232440186302764  1771
2.9237619608287004  1761
2.9242792860618816  1726
2.924795995797912  1618
2.9253120914996495  1666
2.9258275746247424  1727
2.926342446625655  1697
2.926856708949692  1664
2.9273703630390235  1680
2.9278834103307068  1769
2.9283958522567137  1771
2.928907690243953  1702
2.929418925714293  1776
2.929929560084588  1730
2.9304395947667  1731
2.930949031167523  1806
2.931457870689005  1689
2.931966114728173  1804
2.932473764677153  1707
2.932980821923198  1702
2.9334872878487053  1711
2.9339931638312424  1648
2.934498451243568  1716
2.935003151453655  1781
2.9355072658247128  1742
2.9360107957152097  1730
2.936513742478893  1749
2.9370161074648142  1677
2.937517892017347  1710
2.9380190974762104  1675
2.938519725176492  1684
2.9390197764486663  1771
2.9395192526186187  1797
2.9400181550076634  1761
2.940516484932567  1757
2.9410142437055695  1678
2.941511432634403  1720
2.942008053022313  1748
2.9425041061680806  1728
2.9429995933660407  1701
2.9434945159061026  1712
2.9439888750737717  1663
2.9444826721501687  1713
2.9449759084120477  1776
2.94546858513182  1719
2.9459607035775686  1649
2.946452265013073  1784
2.9469432706978256  1672
2.9474337218870508  1669
2.9479236198317262  1821
2.948412965778601  1772
2.9489017609702137  1767
2.949390006644913  1767
2.949877704036875  1810
2.950364854376123  1651
2.9508514588885464  1694
2.951337518795918  1775
2.951823035315912  1630
2.9523080096621253  1646
2.952792443044092  1635
2.9532763366673045  1807
2.9537596917332287  1717
2.9542425094393248  1811
2.954724790979063  1688
2.9552065375419416  1780
2.9556877503135057  1693
2.9561684304753633  1693
2.9566485792052033  1749
2.957128197676813  1714
2.957607287060095  1729
2.958085848521085  1779
2.9585638832219674  1752
2.9590413923210934  1846
2.9595183769729982  1658
2.959994838328416  1714
2.960470777534299  1840
2.960946195733831  1704
2.9614210940664485  1742
2.9618954736678504  1614
2.962369335670021  1679
2.9628426812012423  1648
2.9633155113861114  1738
2.963787827345555  1658
2.964259630196849  1734
2.9647309210536292  1672
2.965201701025912  1691
2.9656719712201065  1710
2.9661417327390325  1641
2.966610986681934  1687
2.967079734144497  1726
2.967547976218862  1720
2.968015713993642  1679
2.9684829485539352  1663
2.9689496809813427  1652
2.9694159123539814  1828
2.9698816437465  1688
2.9703468762300935  1764
2.9708116108725178  1669
2.971275848738105  1673
2.971739590887778  1757
2.9722028383790646  1737
2.972665592266111  1721
2.9731278535996988  1636
2.973589623427257  1716
2.9740509027928774  1654
2.9745116927373285  1847
2.974971994298069  1616
2.975431808509263  1689
2.975891136401793  1866
2.9763499790032735  1750
2.976808337338066  1745
2.977266212427293  1747
2.9777236052888476  1704
2.978180516937414  1660
2.9786369483844743  1781
2.979092900638326  1714
2.979548374704095  1743
2.9800033715837464  1723
2.9804578922761  1702
2.9809119377768436  1769
2.9813655090785445  1698
2.9818186071706636  1756
2.9822712330395684  1783
2.9827233876685453  1740
2.983175072037813  1786
2.9836262871245345  1724
2.984077033902831  1715
2.9845273133437926  1789
2.9849771264154934  1728
2.9854264740830017  1776
2.9858753573083936  1711
2.986323777050765  1735
2.9867717342662448  1735
2.9872192299080047  1758
2.9876662649262746  1741
2.988112840268352  1591
2.9885589568786157  1750
2.989004615698537  1682
2.9894498176666917  1745
2.989894563718773  1711
2.9903388547876015  1670
2.9907826918031377  1767
2.9912260756924947  1773
2.9916690073799486  1695
2.9921114877869495  1863
2.9925535178321354  1705
2.9929950984313414  1788
2.9934362304976116  1729
2.993876914941211  1738
2.9943171526696366  1700
2.9947569445876283  1691
2.9951962915971793  1683
2.99563519459755  1696
2.9960736544852753  1762
2.9965116721541785  1667
2.996949248495381  1717
2.997386384397313  1710
2.9978230807457256  1756
2.998259338423699  1786
2.998695158311656  1732
2.999130541287371  1708
2.9995654882259823  1794
3.0  1770
3.000434077479319  1770
3.0008677215312267  1731
3.0013009330204183  1742
3.0017337128090005  1733
3.002166061756508  1794
3.0025979807199086  1781
3.003029470553618  1725
3.0034605321095067  1711
3.0038911662369103  1720
3.0043213737826426  1667
3.004751155591001  1736
3.0051805125037805  1657
3.0056094453602804  1740
3.0060379549973173  1675
3.0064660422492318  1816
3.0068937079479006  1741
3.0073209529227447  1894
3.00774777800074  1691
3.0081741840064264  1760
3.0086001717619175  1670
3.0090257420869104  1710
3.009450895798694  1719
3.00987563371216  1808
3.010299956639812  1709
3.010723865391773  1699
3.0111473607757975  1746
3.0115704435972783  1658
3.011993114659257  1626
3.012415374762433  1687
3.012837224705172  1777
3.0132586652835167  1779
3.0136796972911926  1686
3.0141003215196207  1623
3.0145205387579237  1745
3.0149403497929366  1679
3.0153597554092144  1726
3.015778756389041  1725
3.016197353512439  1777
3.016615547557177  1739
3.0170333392987803  1709
3.017450729510536  1762
3.0178677189635055  1768
3.018284308426531  1633
3.0187004986662433  1743
3.019116290447073  1692
3.0195316845312554  1779
3.0199466816788423  1747
3.0203612826477078  1762
3.020775488193558  1730
3.0211892990699383  1693
3.021602716028242  1678
3.02201573981772  1653
3.0224283711854865  1681
3.022840610876528  1725
3.0232524596337114  1723
3.0236639181977933  1740
3.024074987307426  1759
3.024485667699167  1737
3.024895960107485  1671
3.0253058652647704  1758
3.025715383901341  1810
3.0261245167454502  1712
3.0265332645232967  1703
3.0269416279590295  1799
3.0273496077747564  1675
3.0277572046905536  1717
3.0281644194244697  1753
3.0285712526925375  1765
3.028977705208778  1756
3.0293837776852097  1646
3.029789470831856  1762
3.030194785356751  1671
3.030599721965951  1724
3.0310042813635367  1795
3.031408464251624  1690
3.0318122713303706  1726
3.0322157032979815  1758
3.03261876085072  1710
3.0330214446829107  1744
3.03342375548695  1705
3.03382569395331  1734
3.0342272607705505  1675
3.0346284566253203  1745
3.0350292822023683  1766
3.0354297381845483  1653
3.035829825252828  1722
3.0362295440862948  1662
3.036628895362161  1764
3.037027879755775  1774
3.037426497940624  1747
3.037824750588342  1739
3.0382226383687185  1699
3.038620161949703  1751
3.039017321997412  1672
3.0394141191761372  1689
3.0398105541483504  1786
3.0402066275747113  1643
3.040602340114073  1681
3.0409976924234905  1660
3.041392685158225  1771
3.041787318971752  1721
3.042181594515766  1814
3.0425755124401905  1700
3.0429690733931802  1733
3.0433622780211294  1750
3.0437551269686796  1721
3.044147620878723  1677
3.044539760392411  1725
3.04493154614916  1671
3.0453229787866576  1683
3.0457140589408676  1820
3.0461047872460387  1706
3.0464951643347082  1596
3.04688519083771  1750
3.0472748673841794  1652
3.04766419460156  1793
3.048053173115609  1828
3.0484418035504044  1787
3.04883008652835  1701
3.0492180226701815  1772
3.049605612594973  1719
3.0499928569201424  1719
3.050379756261458  1674
3.0507663112330423  1784
3.0511525224473814  1627
3.0515383905153275  1616
3.0519239160461065  1800
3.0523090996473234  1746
3.052693941924968  1671
3.0530784434834195  1738
3.053462604925455  1698
3.0538464268522527  1741
3.0542299098633974  1801
3.0546130545568877  1692
3.0549958615291417  1707
3.055378331375  1724
3.0557604646877348  1730
3.056142262059052  1738
3.0565237240791006  1756
3.0569048513364727  1710
3.0572856444182146  1623
3.0576661039098294  1776
3.0580462303952816  1650
3.058426024457005  1726
3.0588054866759067  1647
3.059184617631371  1751
3.0595634179012676  1706
3.059941888061955  1724
3.060320028688285  1719
3.060697840353612  1742
3.0610753236297916  1746
3.061452479087193  1692
3.061829307294699  1741
3.0622058088197126  1716
3.062581984228163  1720
3.0629578340845103  1714
3.0633333589517497  1788
3.0637085593914173  1750
3.064083435963596  1749
3.0644579892269186  1711
3.064832219738574  1738
3.065206128054312  1699
3.0655797147284485  1800
3.06595298031387  1586
3.0663259253620376  1704
3.0666985504229953  1786
3.0670708560453703  1713
3.0674428427763805  1705
3.0678145111618402  1681
3.0681858617461617  1690
3.068556895072363  1710
3.068927611682072  1794
3.0692980121155293  1684
3.0696680969115957  1654
3.070037866607755  1733
3.0704073217401198  1791
3.0707764628434346  1748
3.0711452904510828  1720
3.071513805095089  1752
3.0718820073061255  1692
3.072249897613515  1771
3.0726174765452368  1708
3.0729847446279304  1739
3.073351702386901  1802
3.0737183503461227  1854
3.074084689028244  1775
3.074450718954591  1763
3.074816440645175  1664
3.0751818546186915  1786
3.0755469613925306  1763
3.0759117614827773  1705
3.076276255404218  1681
3.076640443670342  1743
3.0770043267933502  1803
3.0773679052841563  1664
3.077731179652392  1767
3.0780941504064105  1796
3.0784568180532927  1685
3.0788191830988487  1731
3.0791812460476247  1745
3.079543007402906  1705
3.079904467666721  1685
3.0802656273398448  1853
3.0806264869218056  1667
3.080987046910887  1610
3.0813473078041325  1776
3.081707270097349  1700
3.082066934285113  1688
3.0824263008607717  1704
3.0827853703164503  1748
3.0831441431430524  1620
3.0835026198302673  1723
3.083860800866573  1776
3.0842186867392387  1739
3.084576277934331  1753
3.084933574936716  1705
3.085290578230065  1805
3.0856472882968564  1681
3.0860037056183818  1750
3.0863598306747484  1693
3.0867156639448825  1682
3.0870712059065353  1845
3.0874264570362855  1718
3.087781417809542  1676
3.0881360887005513  1721
3.0884904701823963  1743
3.088844562727004  1740
3.089198366805149  1736
3.089551882886454  1618
3.089905111439398  1691
3.090258052931316  1696
3.090610707828407  1671
3.0909630765957314  1812
3.091315159697223  1592
3.0916669575956846  1731
3.092018470752797  1733
3.0923696996291206  1738
3.0927206446840994  1739
3.0930713063760633  1711
3.093421685162235  1810
3.09377178149873  1802
3.0941215958405612  1704
3.094471128641645  1778
3.0948203803548  1668
3.095169351431755  1691
3.095518042323151  1744
3.0958664534785427  1653
3.0962145853464054  1839
3.0965624383741357  1748
3.0969100130080562  1766
3.09725730969342  1715
3.097604328874411  1775
3.09795107099415  1739
3.0982975364946976  1680
3.098643725817057  1695
3.0989896394011773  1726
3.0993352776859577  1789
3.09968064110925  1638
3.1000257301078626  1738
3.100370545117563  1705
3.1007150865730817  1718
3.1010593549081156  1695
3.101403350555331  1722
3.1017470739463664  1723
3.1020905255118367  1762
3.1024337056813365  1620
3.1027766148834415  1750
3.1031192535457137  1759
3.103461622094705  1622
3.103803720955957  1698
3.104145550554008  1829
3.104487111312395  1790
3.1048284036536553  1748
3.1051694279993316  1787
3.1055101847699738  1754
3.1058506743851435  1792
3.1061908972634154  1697
3.1065308538223815  1754
3.106870544478654  1678
3.1072099696478683  1707
3.1075491297446862  1653
3.1078880251827985  1734
3.1082266563749283  1642
3.1085650237328344  1757
3.1089031276673134  1763
3.109240968588203  1707
3.1095785469043866  1718
3.1099158630237933  1676
3.110252917353403  1728
3.110589710299249  1787
3.1109262422664203  1794
3.1112625136590655  1669
3.111598524880394  1689
3.1119342763326814  1825
3.1122697684172707  1612
3.1126050015345745  1732
3.11293997608408  1780
3.1132746924643504  1734
3.1136091510730277  1715
3.113943352306837  1729
3.1142772965615864  1692
3.114610984232173  1704
3.1149444157125847  1754
3.1152775913959014  1775
3.1156105116742996  1690
3.115943176939055  1720
3.116275587580544  1709
3.1166077439882485  1672
3.116939646550756  1708
3.1172712956557644  1698
3.117602691690084  1682
3.1179338350396413  1696
3.118264726089479  1750
3.118595365223762  1768
3.1189257528257768  1710
3.1192558892779365  1655
3.119585774961784  1843
3.119915410257991  1762
3.1202447955463652  1799
3.12057393120585  1694
3.1209028176145273  1755
3.1212314551496214  1665
3.1215598441875008  1670
3.121887985103681  1712
3.1222158782728267  1750
3.1225435240687545  1703
3.1228709228644354  1763
3.1231980750319988  1728
3.123524980942732  1648
3.123851640967086  1785
3.124178055474675  1690
3.1245042248342823  1568
3.1248301494138593  1704
3.12515582958053  1719
3.125481265700594  1649
3.125806458139527  1662
3.1261314072619846  1668
3.1264561134318045  1654
3.126780577012009  1679
3.1271047983648077  1641
3.127428777851599  1633
3.1277525158329733  1655
3.1280760126687155  1630
3.1283992687178066  1681
3.128722284338427  1556
3.1290450598879582  1622
3.1293675957229854  1578
3.129689892199301  1619
3.1300119496719043  1538
3.130333768495006  1617
3.130655349022031  1600
3.130976691605617  1594
3.131297796597623  1506
3.1316186643491255  1539
3.1319392952104246  1557
3.1322596895310446  1489
3.132579847659737  1598
3.132899769944483  1492
3.1332194567324945  1466
3.1335389083702174  1455
3.133858125203335  1485
3.1341771075767664  1414
3.1344958558346736  1331
3.13481437032046  1421
3.1351326513767748  1406
3.1354506993455136  1383
3.1357685145678222  1406
3.1360860973840974  1342
3.13640344813399  1346
3.1367205671564067  1301
3.1370374547895126  1349
3.137354111370733  1235
3.137670537236755  1247
3.137986732723532  1287
3.1383026981662816  1220
3.1386184338994925  1196
3.1389339402569236  1206
3.139249217571607  1167
3.13956426617585  1143
3.1398790864012365  1091
3.140193678578631  1085
3.1405080430381798  1047
3.1408221801093106  1040
3.141136090120739  1018
3.1414497734004674  1001
3.141763230275788  901
3.1420764610732848  900
3.142389466118836  898
3.1427022457376155  884
3.143014800254095  841
3.143327129992046  819
3.1436392352745433  778
3.1439511164239633  723
3.144262773761991  711
3.144574207609616  740
3.144885418287142  697
3.1451964061141817  647
3.1455071714096627  612
3.1458177144918276  609
3.146128035678238  575
3.1464381352857744  555
3.14674801363064  505
3.1470576710283598  483
3.1473671077937864  467
3.1476763242410986  428
3.147985320683805  400
3.1482940974347455  407
3.1486026548060932  428
3.1489109931093564  345
3.1492191126553797  351
3.149527013754348  320
3.149834696715785  294
3.1501421618485588  274
3.150449409460881  272
3.150756439860309  242
3.15106325335375  225
3.1513698502474603  200
3.151676230847048  211
3.151982395457474  205
3.1522883443830563  178
3.15259407792747  184
3.1528995963937474  166
3.153204900084284  147
3.1535099893008374  136
3.153814864344529  130
3.154119525515847  110
3.154423973114647  118
3.1547282074401557  113
3.1550322287909704  93
3.155336037465062  83
3.1556396337597765  82
3.1559430179718366  75
3.1562461903973444  74
3.1565491513317814  65
3.156851901070011  60
3.1571544399062814  56
3.157456768134226  48
3.1577588860468637  39
3.158060793936605  52
3.1583624920952498  41
3.1586639808139894  38
3.15896526038341  33
3.159266331093494  30
3.1595671932336202  25
3.1598678470925665  23
3.160168292958512  20
3.1604685311190375  20
3.1607685618611283  14
3.1610683854711747  19
3.161368002234975  14
3.161667412437736  11
3.161966616364075  11
3.1622656142980214  14
3.162564406523019  7
3.162862993321926  6
3.1631613749770184  6
3.16345955176999  8
3.163757523981956  4
3.1640552918934515  4
3.164352855784437  2
3.1649473726218416  2
3.1652443261253107  1
3.165541076722373  1
