0.3010299956639812  4701
0.47712125471966244  4720
0.6020599913279624  4611
0.6989700043360189  4813
0.7781512503836436  4716
0.8450980400142568  4588
0.9030899869919435  4673
0.9542425094393249  4760
1.0  4606
1.0413926851582251  4901
1.0791812460476249  4656
1.1139433523068367  4818
1.146128035678238  4562
1.1760912590556813  4598
1.2041199826559248  4804
1.2304489213782739  4658
1.255272505103306  4675
1.2787536009528289  4728
1.3010299956639813  4825
1.3222192947339193  4679
1.3424226808222062  4729
1.3617278360175928  4670
1.380211241711606  4703
1.3979400086720377  4434
1.414973347970818  4512
1.4313637641589874  4641
1.4471580313422192  4514
1.462397997898956  4468
1.4771212547196624  4098
1.4913616938342726  4383
1.505149978319906  4259
1.5185139398778875  4185
1.5314789170422551  3988
1.5440680443502757  3935
1.5563025007672873  3875
1.568201724066995  3836
1.5797835966168101  3885
1.591064607026499  3822
1.6020599913279623  3891
1.6127838567197355  3841
1.6232492903979006  3892
1.6334684555795864  3942
1.6434526764861874  3811
1.6532125137753437  3902
1.662757831681574  3901
1.6720978579357175  3741
1.6812412373755872  3894
1.6901960800285136  3694
1.6989700043360187  3800
1.7075701760979363  3819
1.7160033436347992  3839
1.724275869600789  3787
1.7323937598229686  3805
1.7403626894942439  3881
1.7481880270062005  3829
1.7558748556724915  3879
1.7634279935629373  3778
1.7708520116421442  3825
1.7781512503836436  3839
1.7853298350107671  3980
1.792391689498254  3762
1.7993405494535817  3884
1.806179973983887  3689
1.8129133566428555  3873
1.8195439355418688  3702
1.8260748027008264  3753
1.8325089127062364  3802
1.8388490907372552  3785
1.845098040014257  3798
1.8512583487190752  3765
1.8573324964312685  4009
1.863322860120456  3977
1.8692317197309762  3904
1.8750612633917  3880
1.8808135922807914  3794
1.8864907251724818  3806
1.8920946026904804  3734
1.8976270912904414  3914
1.9030899869919435  3854
1.9084850188786497  3891
1.9138138523837167  4003
1.919078092376074  3806
1.9242792860618816  3783
1.9294189257142926  3864
1.9344984512435677  3862
1.9395192526186185  3828
1.9444826721501687  3753
1.9493900066449128  3656
1.954242509439325  3926
1.9590413923210936  3905
1.9637878273455553  3729
1.968482948553935  3886
1.9731278535996986  3735
1.9777236052888478  3819
1.9822712330395684  4021
1.9867717342662448  3770
1.9912260756924949  3805
1.99563519459755  4018
2.0  3932
2.0043213737826426  3738
2.0086001717619175  3731
2.012837224705172  3976
2.0170333392987803  3725
2.0211892990699383  3885
2.0253058652647704  3768
2.0293837776852097  3918
2.03342375548695  3716
2.037426497940624  3965
2.041392685158225  3912
2.0453229787866576  3767
2.0492180226701815  3914
2.0530784434834195  3814
2.0569048513364727  3758
2.060697840353612  3841
2.0644579892269186  3987
2.0681858617461617  3866
2.0718820073061255  3781
2.0755469613925306  4046
2.0791812460476247  3900
2.0827853703164503  4140
2.0863598306747484  3792
2.089905111439398  3791
2.093421685162235  3991
2.0969100130080562  3889
2.100370545117563  3841
2.103803720955957  3797
2.1072099696478683  3911
2.110589710299249  3825
2.113943352306837  3788
2.1172712956557644  3916
2.12057393120585  3966
2.123851640967086  3806
2.1271047983648077  3894
2.130333768495006  3907
2.1335389083702174  3931
2.1367205671564067  3793
2.1398790864012365  3856
2.143014800254095  3699
2.146128035678238  3816
2.1492191126553797  3850
2.1522883443830563  3790
2.155336037465062  4046
2.1583624920952498  3846
2.161368002234975  3749
2.164352855784437  3784
2.167317334748176  4029
2.1702617153949575  3997
2.173186268412274  3563
2.1760912590556813  3927
2.1789769472931693  3872
2.1818435879447726  3751
2.184691430817599  3834
2.187520720836463  3827
2.1903316981702914  3660
2.1931245983544616  3899
2.1958996524092336  3750
2.1986570869544226  3820
2.2013971243204513  3899
2.2041199826559246  3664
2.2068258760318495  3651
2.2095150145426308  3821
2.2121876044039577  3764
2.214843848047698  3940
2.2174839442139063  3883
2.220108088040055  3861
2.2227164711475833  3768
2.225309281725863  3850
2.2278867046136734  3708
2.230448921378274  3815
2.2329961103921536  3798
2.2355284469075487  3777
2.2380461031287955  4075
2.2405492482826  3812
2.2430380486862944  4044
2.24551266781415  3860
2.247973266361807  3884
2.250420002308894  3787
2.2528530309798933  3806
2.255272505103306  3798
2.2576785748691846  3744
2.2600713879850747  3855
2.2624510897304293  3991
2.2648178230095364  3751
2.2671717284030137  3766
2.2695129442179165  3839
2.271841606536499  3890
2.27415784926368  3835
2.2764618041732443  3840
2.278753600952829  3803
2.2810333672477277  3838
2.2833012287035497  3809
2.285557309007774  3826
2.287801729930226  3842
2.290034611362518  3740
2.292256071356476  3773
2.294466226161593  3824
2.296665190261531  3849
2.298853076409707  4061
2.3010299956639813  3889
2.303196057420489  3999
2.305351369446624  3830
2.307496037913213  3844
2.3096301674258988  3835
2.311753861055754  3884
2.3138672203691533  3734
2.315970345456918  3724
2.3180633349627615  3934
2.3201462861110542  4061
2.322219294733919  3948
2.3242824552976926  3796
2.326335860928751  4028
2.3283796034387376  3837
2.330413773349191  3877
2.3324384599156054  3879
2.3344537511509307  3732
2.3364597338485296  3829
2.3384564936046046  3866
2.3404441148401185  4008
2.342422680822206  3822
2.3443922736851106  3797
2.346352974450639  3719
2.3483048630481607  3926
2.3502480183341627  3877
2.3521825181113627  3810
2.3541084391474008  3902
2.3560258571931225  3686
2.357934847000454  3789
2.359835482339888  3802
2.361727836017593  3838
2.3636119798921444  3951
2.3654879848909  4026
2.367355921026019  3807
2.369215857410143  3772
2.3710678622717363  3796
2.3729120029701067  3919
2.374748346010104  3852
2.376576957056512  4012
2.3783979009481375  3836
2.380211241711606  3832
2.3820170425748683  3833
2.383815365980431  3807
2.385606273598312  3819
2.387389826338729  3884
2.3891660843645326  3923
2.3909351071033793  3671
2.392696953259666  3934
2.3944516808262164  3923
2.3961993470957363  3745
2.3979400086720375  3774
2.399673721481038  3684
2.401400540781544  3876
2.403120521175818  3787
2.404833716619938  3731
2.406540180433955  3875
2.4082399653118496  4061
2.4099331233312946  3838
2.41161970596323  4049
2.413299764081252  3739
2.4149733479708178  3777
2.416640507338281  3927
2.4183012913197452  3810
2.419955748489758  4023
2.4216039268698313  3740
2.423245873936808  3902
2.424881636631067  3867
2.4265112613645754  3780
2.428134794028789  3856
2.429752280002408  3868
2.4313637641589874  3889
2.432969290874406  3869
2.4345689040341987  3880
2.436162647040756  3905
2.437750562820388  3929
2.439332693830263  3861
2.4409090820652177  3984
2.4424797690644486  3810
2.444044795918076  3740
2.4456042032735974  3725
2.4471580313422194  3972
2.44870631990508  3699
2.450249108319361  3896
2.45178643552429  3913
2.4533183400470375  3753
2.45484486000851  3857
2.456366033129043  3848
2.4578818967339924  3862
2.459392487759231  3941
2.4608978427565478  3856
2.462397997898956  3842
2.4638929889859074  3790
2.4653828514484184  3712
2.4668676203541096  3926
2.4683473304121573  3789
2.469822015978163  3718
2.4712917110589387  3834
2.4727564493172123  3943
2.4742162640762553  3890
2.4756711883244296  3717
2.4771212547196626  3852
2.4785664955938436  3907
2.4800069429571505  3910
2.481442628502305  3874
2.482873583608754  3753
2.484299839346786  3899
2.48572142648158  3917
2.4871383754771865  3928
2.4885507165004443  3826
2.4899584794248346  3965
2.4913616938342726  3796
2.4927603890268375  3915
2.494154594018443  3773
2.4955443375464483  3944
2.496929648073215  3900
2.4983105537896004  3721
2.499687082618404  3842
2.5010592622177517  3736
2.5024271199844326  3798
2.503790683057181  3853
2.505149978319906  3945
2.506505032404872  3662
2.507855871695831  4038
2.509202522331103  3904
2.510545010206612  3785
2.5118833609788744  3858
2.513217600067939  3904
2.514547752660286  3910
2.515873843711679  3867
2.5171958979499744  3921
2.5185139398778875  3761
2.519827993775719  3892
2.5211380837040362  3868
2.5224442335063197  3711
2.5237464668115646  3834
2.525044807036845  3950
2.526339277389844  3840
2.5276299008713385  3910
2.5289167002776547  3770
2.530199698203082  3965
2.531478917042255  3855
2.5327543789924976  3775
2.534026106056135  3832
2.5352941200427703  3698
2.53655844257153  4040
2.537819095073274  3874
2.5390760987927767  3919
2.5403294747908736  3911
2.5415792439465807  3926
2.5428254269591797  3864
2.5440680443502757  3844
2.545307116465824  3900
2.546542663478131  3844
2.5477747053878224  3740
2.5490032620257876  3696
2.550228353055094  3940
2.5514499979728753  3769
2.552668216112193  3908
2.5538830266438746  3944
2.5550944485783194  3945
2.5563025007672873  3724
2.5575072019056577  3838
2.558708570533166  3924
2.5599066250361124  3898
2.561101383649056  3881
2.5622928644564746  3913
2.5634810853944106  3723
2.5646660642520893  3824
2.5658478186735176  3942
2.56702636615906  3918
2.568201724066995  3864
2.569373909615046  3876
2.5705429398818973  3778
2.571708831808688  3755
2.5728716022004803  3848
2.574031267727719  3690
2.575187844927661  3669
2.576341350205793  3869
2.5774917998372255  3856
2.578639209968072  3765
2.57978359661681  3793
2.5809249756756194  3761
2.582063362911709  3839
2.583198773968623  3873
2.584331224367531  4031
2.5854607295085006  3996
2.586587304671755  3948
2.5877109650189114  3886
2.5888317255942073  3725
2.5899496013257077  3834
2.591064607026499  3894
2.5921767573958667  3711
2.593286067020457  3840
2.5943925503754266  3756
2.595496221825574  3920
2.59659709562646  3798
2.597695185925512  3955
2.598790506763115  3884
2.5998830720736876  3861
2.6009728956867484  3768
2.6020599913279625  3856
2.603144372620182  3854
2.60422605308447  4026
2.6053050461411096  3872
2.606381365110605  3804
2.6074550232146687  3858
2.6085260335771943  3982
2.60959440922522  3705
2.61066016308988  3893
2.611723308007342  3858
2.6127838567197355  3838
2.6138418218760693  3804
2.6148972160331345  3881
2.615950051656401  3859
2.617000341120899  3746
2.6180480967120925  3903
2.6190933306267428  4019
2.6201360549737576  4091
2.621176281775035  3778
2.622214022966295  3861
2.6232492903979003  3894
2.6242820958356683  3954
2.625312450961674  3871
2.6263403673750423  3850
2.6273658565927325  3813
2.6283889300503116  3899
2.629409599102719  3967
2.630427875025024  3915
2.6314437690131722  3852
2.6324572921847245  3838
2.6334684555795866  3801
2.6344772701607315  3872
2.635483746814912  3942
2.6364878963533656  3771
2.637489729512511  3762
2.6384892569546374  3866
2.639486489268586  3871
2.640481436970422  3738
2.6414741105040997  4033
2.6424645202421213  3906
2.6434526764861874  3730
2.6444385894678386  4009
2.645422269349092  3876
2.6464037262230695  3793
2.6473829701146196  3875
2.6483600109809315  3978
2.649334858712142  3740
2.6503075231319366  3705
2.651278013998144  3845
2.6522463410033232  3799
2.6532125137753435  3979
2.6541765418779604  3877
2.655138434811382  3732
2.656098202012832  3687
2.6570558528571038  3837
2.6580113966571126  3892
2.658964842664435  3871
2.6599162000698504  3812
2.660865478003869  4019
2.661812685537261  3847
2.662757831681574  4045
2.663700925389648  4048
2.6646419755561257  3921
2.6655809910179533  3974
2.6665179805548807  3891
2.667452952889954  3766
2.66838591669  3780
2.6693168805661123  3901
2.670245853074124  3808
2.6711728427150834  3861
2.6720978579357175  3747
2.673020907128896  3758
2.673941998634088  3851
2.6748611407378116  3907
2.6757783416740852  3863
2.6766936096248664  3915
2.677606952720493  3823
2.678518379040114  3863
2.6794278966121188  3861
2.680335513414563  3813
2.681241237375587  3859
2.682145076373832  3897
2.6830470382388496  3804
2.683947130751512  3980
2.6848453616444123  3821
2.6857417386022635  3704
2.6866362692622934  3851
2.6875289612146345  3909
2.6884198220027105  3851
2.6893088591236203  3830
2.690196080028514  3824
2.6910814921229687  3778
2.69196510276736  3909
2.69284691927723  3782
2.693726948923647  3848
2.694605198933569  3815
2.6954816764901977  3672
2.696356388733332  3812
2.6972293427597176  3825
2.6981005456233897  3864
2.6989700043360187  3946
2.699837725867246  3792
2.7007037171450192  3856
2.7015679850559273  3783
2.7024305364455254  3836
2.7032913781186614  4010
2.7041505168397992  3889
2.705007959333336  3779
2.7058637122839193  3830
2.7067177823367587  3855
2.7075701760979363  3752
2.708420900134713  3936
2.709269960975831  3647
2.7101173651118162  3872
2.710963118995276  3769
2.711807229041191  3773
2.7126497016272113  3897
2.7134905430939424  3848
2.714329759745233  3919
2.7151673578484576  3933
2.716003343634799  3760
2.7168377232995247  3797
2.717670503002262  3783
2.718501688867274  3779
2.7193312869837265  3725
2.720159303405957  3885
2.7209857441537393  3831
2.7218106152125467  3958
2.722633922533812  3767
2.7234556720351857  3906
2.724275869600789  3765
2.725094521081469  3870
2.7259116322950483  3869
2.7267272090265724  3960
2.727541257028556  3924
2.7283537820212285  3915
2.72916478969277  3726
2.7299742856995555  3846
2.7307822756663893  4030
2.7315887651867388  3835
2.7323937598229686  3862
2.7331972651065692  3843
2.733999286538387  3736
2.734799829588847  3863
2.73559889969818  3964
2.7363965022766426  3797
2.7371926427047373  3804
2.737987326333431  3867
2.738780558484369  3786
2.739572344450092  4062
2.7403626894942437  4060
2.741151598851785  3856
2.741939077729199  3976
2.7427251313046983  3941
2.74350976472843  3629
2.7442929831226763  3896
2.7450747915820575  3925
2.745855195173729  3803
2.7466341989375787  3789
2.747411807886423  3798
2.7481880270062002  3699
2.7489628612561616  3817
2.749736315569061  3846
2.7505083948513462  3800
2.751279103983342  3831
2.7520484478194387  3672
2.7528164311882715  3892
2.7535830588929064  3914
2.754348335711019  3772
2.7551122663950713  3942
2.7558748556724915  3716
2.756636108245848  3735
2.7573960287930244  3848
2.75815462196739  3857
2.7589118923979736  3989
2.7596678446896306  3712
2.760422483423212  3613
2.7611758131557314  3875
2.761927838420529  4034
2.762678563727436  3939
2.7634279935629373  3920
2.7641761323903307  3808
2.7649229846498886  3843
2.765668554759014  3786
2.7664128471123997  3821
2.7671558660821804  3853
2.767897616018091  3777
2.7686381012476144  3781
2.7693773260761385  3819
2.7701152947871015  3824
2.7708520116421442  3838
2.7715874808812555  3769
2.77232170672292  3959
2.7730546933642626  3935
2.7737864449811935  3882
2.7745169657285498  3832
2.7752462597402365  3957
2.775974331129369  3817
2.776701183988411  3857
2.7774268223893115  3946
2.7781512503836434  3863
2.7788744720027396  3673
2.7795964912578244  3895
2.780317312140151  3824
2.7810369386211318  3933
2.781755374652469  3841
2.782472624166286  3953
2.7831886910752575  3887
2.783903579272735  3872
2.784617292632875  3761
2.785329835010767  3906
2.786041210242554  3683
2.7867514221455614  3815
2.787460474518415  3725
2.788168371141168  3842
2.788875115775417  3852
2.7895807121644256  3801
2.7902851640332416  4014
2.790988475088816  3775
2.791690649020118  3945
2.792391689498254  3933
2.79309160017658  3802
2.7937903846908188  3697
2.7944880466591697  3987
2.795184589682424  3902
2.7958800173440754  3908
2.7965743332104296  3996
2.7972675408307164  3658
2.797959643737196  3844
2.798650645445269  3849
2.7993405494535817  3838
2.8000293592441343  3827
2.800717078282385  3800
2.801403710017355  3772
2.802089257881733  3769
2.8027737252919755  3885
2.803457115648414  3739
2.8041394323353503  3925
2.8048206787211623  3928
2.8055008581584002  3741
2.806179973983887  3967
2.8068580295188172  3786
2.807535028068853  3711
2.808210972924222  3977
2.808885867359812  3861
2.8095597146352675  3928
2.8102325179950842  3855
2.8109042806687006  3926
2.8115750058705933  3785
2.812244696800369  3819
2.8129133566428557  3820
2.813580988568192  3803
2.81424759573192  3772
2.814913181275074  3788
2.815577748324267  3833
2.816241299991783  3830
2.8169038393756605  3752
2.8175653695597807  3792
2.8182258936139557  3998
2.8188854145940097  3852
2.8195439355418688  3932
2.82020145948564  3855
2.8208579894397  3828
2.821513528404773  3924
2.8221680793680175  3628
2.8228216453031045  3808
2.823474229170301  3777
2.824125833916549  3877
2.824776462475546  3722
2.8254261177678233  3830
2.8260748027008264  3920
2.826722520168992  3816
2.8273692730538253  3797
2.828015064223977  3839
2.82865989653532  3825
2.829303772831025  3977
2.829946695941636  3952
2.8305886686851442  3822
2.8312296938670634  4033
2.8318697742805017  3840
2.832508912706236  3865
2.833147111912785  3780
2.833784374656479  3779
2.8344207036815328  3755
2.835056101720116  3876
2.8356905714924254  3897
2.8363241157067516  3935
2.8369567370595505  3768
2.837588438235511  3827
2.8382192219076257  3974
2.838849090737255  3775
2.8394780473741985  3683
2.840106094456758  3966
2.8407332346118066  3823
2.841359470454855  3915
2.8419848045901137  3902
2.842609239610562  3866
2.8432327780980096  3809
2.843855422623161  3765
2.8444771757456815  3807
2.845098040014257  3904
2.8457180179666586  3875
2.846337112129805  3758
2.846955325019824  3863
2.847572659142112  3678
2.848189116991399  3942
2.8488047010518036  3877
2.8494194137968996  3859
2.850033257689769  3852
2.8506462351830666  3904
2.8512583487190755  3662
2.851869600729766  3812
2.8524799936368566  3700
2.8530895298518657  3893
2.8536982117761744  3872
2.8543060418010806  3898
2.8549130223078554  3780
2.8555191556678  3776
2.8561244442423  3922
2.8567288903828825  3714
2.8573324964312685  3849
2.857935264719429  3846
2.858537197569639  3836
2.859138297294531  3851
2.859738566197147  3886
2.8603380065709936  3837
2.8609366207000937  4002
2.8615344108590377  3834
2.862131379313037  3852
2.8627275283179747  3884
2.863322860120456  3831
2.8639173769578603  3942
2.864511081058392  3905
2.8651039746411278  3877
2.8656960599160706  3716
2.8662873390841948  3900
2.866877814337499  3951
2.8674674878590514  3764
2.8680563618230415  3847
2.8686444383948255  4027
2.8692317197309762  3825
2.869818207979328  4089
2.870403905279027  3729
2.8709888137605755  3798
2.8715729355458786  3747
2.8721562727482928  3981
2.8727388274726686  3836
2.873320601815399  3951
2.8739015978644615  3830
2.8744818176994666  3682
2.8750612633917  3850
2.8756399370041685  3982
2.876217840591642  3776
2.8767949762007006  3615
2.877371345869774  3918
2.8779469516291885  3640
2.8785217955012063  3833
2.8790958795000727  3989
2.8796692056320534  3943
2.88024177589548  3773
2.8808135922807914  3907
2.8813846567705728  3872
2.8819549713396007  3860
2.8825245379548803  3828
2.8830933585756897  3840
2.8836614351536176  3816
2.884228769632604  3719
2.884795363948981  3909
2.885361220031512  3752
2.885926339801431  3691
2.886490725172482  3769
2.8870543780509568  3951
2.887617300335736  3647
2.888179493918325  3851
2.8887409606828927  3923
2.88930170250631  3918
2.8898617212581885  3809
2.890421018800914  3828
2.890979596989689  3844
2.8915374576725643  3851
2.8920946026904804  3847
2.8926510338773004  3888
2.893206753059848  3809
2.8937617620579434  3800
2.8943160626844384  3936
2.8948696567452528  4004
2.895422546039408  3733
2.8959747323590648  3665
2.8965262174895554  3818
2.89707700320942  3838
2.8976270912904414  3989
2.8981764834976764  3896
2.8987251815894934  3714
2.8992731873176036  3779
2.8998205024270964  3693
2.9003671286564705  3857
2.900913067737669  3948
2.9014583213961123  3848
2.9020028913507296  3857
2.902546779313991  3858
2.9030899869919438  3757
2.9036325160842376  3926
2.9041743682841634  3989
2.904715545278681  3927
2.905256048748451  3799
2.9057958803678687  4070
2.906335041805091  3924
2.90687353472207  3805
2.907411360774586  3896
2.9079485216122722  3800
2.90848501887865  3844
2.909020854211156  3804
2.9095560292411755  3851
2.910090545594068  3761
2.910624404889201  3790
2.9111576087399764  3861
2.9116901587538613  3844
2.9122220565324155  3639
2.912753303671323  3732
2.9132839017604186  3854
2.9138138523837167  3803
2.9143431571194407  3740
2.9148718175400505  3964
2.91539983521227  3933
2.9159272116971158  3995
2.916453948549925  3892
2.9169800473203824  3902
2.9175055095525466  3891
2.9180303367848803  3699
2.9185545305502734  4024
2.9190780923760737  3571
2.919601023784111  3635
2.920123326290724  3898
2.9206450014067875  3889
2.921166050637739  3935
2.921686475483602  3922
2.9222062774390163  3832
2.92272545799326  3785
2.9232440186302764  3756
2.9237619608287004  3862
2.9242792860618816  3858
2.924795995797912  3807
2.9253120914996495  3836
2.9258275746247424  3768
2.926342446625655  3874
2.926856708949692  3881
2.9273703630390235  3907
2.9278834103307068  3781
2.9283958522567137  3919
2.928907690243953  3844
2.929418925714293  3846
2.929929560084588  3687
2.9304395947667  3951
2.930949031167523  3897
2.931457870689005  3896
2.931966114728173  3958
2.932473764677153  3775
2.932980821923198  3823
2.9334872878487053  3723
2.9339931638312424  3804
2.934498451243568  3780
2.935003151453655  3907
2.9355072658247128  3793
2.9360107957152097  3811
2.936513742478893  3969
2.9370161074648142  3806
2.937517892017347  3987
2.9380190974762104  3892
2.938519725176492  3805
2.9390197764486663  3719
2.9395192526186187  3830
2.9400181550076634  3785
2.940516484932567  3893
2.9410142437055695  3877
2.941511432634403  3819
2.942008053022313  3809
2.9425041061680806  3819
2.9429995933660407  3862
2.9434945159061026  3870
2.9439888750737717  3812
2.9444826721501687  3914
2.9449759084120477  3855
2.94546858513182  3869
2.9459607035775686  3928
2.946452265013073  3839
2.9469432706978256  3736
2.9474337218870508  3847
2.9479236198317262  4035
2.948412965778601  3968
2.9489017609702137  3735
2.949390006644913  3771
2.949877704036875  3842
2.950364854376123  3814
2.9508514588885464  4024
2.951337518795918  3786
2.951823035315912  3946
2.9523080096621253  3801
2.952792443044092  3900
2.9532763366673045  3997
2.9537596917332287  3883
2.9542425094393248  3766
2.954724790979063  3879
2.9552065375419416  3880
2.9556877503135057  3796
2.9561684304753633  3916
2.9566485792052033  3783
2.957128197676813  4007
2.957607287060095  3760
2.958085848521085  3903
2.9585638832219674  3768
2.9590413923210934  3793
2.9595183769729982  3783
2.959994838328416  4025
2.960470777534299  3710
2.960946195733831  3761
2.9614210940664485  3796
2.9618954736678504  3814
2.962369335670021  3618
2.9628426812012423  3980
2.9633155113861114  3906
2.963787827345555  3840
2.964259630196849  3835
2.9647309210536292  3939
2.965201701025912  3852
2.9656719712201065  3825
2.9661417327390325  3888
2.966610986681934  3764
2.967079734144497  3742
2.967547976218862  3903
2.968015713993642  3713
2.9684829485539352  3956
2.9689496809813427  3814
2.9694159123539814  3811
2.9698816437465  3968
2.9703468762300935  3764
2.9708116108725178  3872
2.971275848738105  3871
2.971739590887778  3897
2.9722028383790646  3767
2.972665592266111  3947
2.9731278535996988  3831
2.973589623427257  3911
2.9740509027928774  3840
2.9745116927373285  3713
2.974971994298069  3739
2.975431808509263  3829
2.975891136401793  3869
2.9763499790032735  3998
2.976808337338066  3826
2.977266212427293  3868
2.9777236052888476  3730
2.978180516937414  3788
2.9786369483844743  3863
2.979092900638326  3826
2.979548374704095  3827
2.9800033715837464  3697
2.9804578922761  3774
2.9809119377768436  3827
2.9813655090785445  3989
2.9818186071706636  3851
2.9822712330395684  3720
2.9827233876685453  3766
2.983175072037813  3870
2.9836262871245345  4000
2.984077033902831  3859
2.9845273133437926  4010
2.9849771264154934  3922
2.9854264740830017  3817
2.9858753573083936  3824
2.986323777050765  3860
2.9867717342662448  3852
2.9872192299080047  3848
2.9876662649262746  3886
2.988112840268352  3850
2.9885589568786157  3779
2.989004615698537  3707
2.9894498176666917  3949
2.989894563718773  3774
2.9903388547876015  3681
2.9907826918031377  3890
2.9912260756924947  3783
2.9916690073799486  4015
2.9921114877869495  3858
2.9925535178321354  4090
2.9929950984313414  3788
2.9934362304976116  3917
2.993876914941211  3879
2.9943171526696366  3916
2.9947569445876283  3771
2.9951962915971793  3872
2.99563519459755  3905
2.9960736544852753  3885
2.9965116721541785  3819
2.996949248495381  3861
2.997386384397313  3920
2.9978230807457256  3777
2.998259338423699  3920
2.998695158311656  3889
2.999130541287371  3787
2.9995654882259823  3945
3.0  3754
3.000434077479319  3727
3.0008677215312267  3763
3.0013009330204183  3892
3.0017337128090005  3740
3.002166061756508  3794
3.0025979807199086  3874
3.003029470553618  3816
3.0034605321095067  3691
3.0038911662369103  3806
3.0043213737826426  3828
3.004751155591001  3948
3.0051805125037805  3762
3.0056094453602804  4007
3.0060379549973173  3917
3.0064660422492318  3633
3.0068937079479006  3806
3.0073209529227447  3924
3.00774777800074  3638
3.0081741840064264  3832
3.0086001717619175  3901
3.0090257420869104  3790
3.009450895798694  3804
3.00987563371216  3910
3.010299956639812  3954
3.010723865391773  3947
3.0111473607757975  3773
3.0115704435972783  3981
3.011993114659257  4027
3.012415374762433  3877
3.012837224705172  3819
3.0132586652835167  3890
3.0136796972911926  3863
3.0141003215196207  3724
3.0145205387579237  3665
3.0149403497929366  3770
3.0153597554092144  3916
3.015778756389041  4027
3.016197353512439  3609
3.016615547557177  3885
3.0170333392987803  3587
3.017450729510536  3905
3.0178677189635055  3934
3.018284308426531  3773
3.0187004986662433  3809
3.019116290447073  3919
3.0195316845312554  3847
3.0199466816788423  3885
3.0203612826477078  3746
3.020775488193558  3827
3.0211892990699383  3785
3.021602716028242  3872
3.02201573981772  3819
3.0224283711854865  3884
3.022840610876528  3803
3.0232524596337114  3939
3.0236639181977933  3844
3.024074987307426  3831
3.024485667699167  3876
3.024895960107485  3753
3.0253058652647704  3931
3.025715383901341  3922
3.0261245167454502  3797
3.0265332645232967  3930
3.0269416279590295  3787
3.0273496077747564  3915
3.0277572046905536  3999
3.0281644194244697  3828
3.0285712526925375  3911
3.028977705208778  3899
3.0293837776852097  3746
3.029789470831856  3812
3.030194785356751  4038
3.030599721965951  3744
3.0310042813635367  3842
3.031408464251624  3986
3.0318122713303706  3757
3.0322157032979815  4005
3.03261876085072  3870
3.0330214446829107  3737
3.03342375548695  3868
3.03382569395331  3985
3.0342272607705505  3853
3.0346284566253203  3849
3.0350292822023683  3956
3.0354297381845483  3803
3.035829825252828  3747
3.0362295440862948  3983
3.036628895362161  3849
3.037027879755775  3901
3.037426497940624  3843
3.037824750588342  3851
3.0382226383687185  3828
3.038620161949703  3805
3.039017321997412  3799
3.0394141191761372  3875
3.0398105541483504  4007
3.0402066275747113  3729
3.040602340114073  3741
3.0409976924234905  3810
3.041392685158225  3726
3.041787318971752  3807
3.042181594515766  3891
3.0425755124401905  3858
3.0429690733931802  3874
3.0433622780211294  4006
3.0437551269686796  3819
3.044147620878723  3707
3.044539760392411  3706
3.04493154614916  3722
3.0453229787866576  3824
3.0457140589408676  3911
3.0461047872460387  3710
3.0464951643347082  3849
3.04688519083771  3988
3.0472748673841794  3852
3.04766419460156  3885
3.048053173115609  3761
3.0484418035504044  3757
3.04883008652835  3828
3.0492180226701815  3804
3.049605612594973  3787
3.0499928569201424  3932
3.050379756261458  3890
3.0507663112330423  3785
3.0511525224473814  3898
3.0515383905153275  3947
3.0519239160461065  3927
3.0523090996473234  3713
3.052693941924968  3746
3.0530784434834195  3919
3.053462604925455  3830
3.0538464268522527  3943
3.0542299098633974  3836
3.0546130545568877  3933
3.0549958615291417  3754
3.055378331375  3942
3.0557604646877348  3917
3.056142262059052  3768
3.0565237240791006  3838
3.0569048513364727  3850
3.0572856444182146  3894
3.0576661039098294  3884
3.0580462303952816  3746
3.058426024457005  3788
3.0588054866759067  3655
3.059184617631371  3821
3.0595634179012676  3824
3.059941888061955  3827
3.060320028688285  3684
3.060697840353612  3952
3.0610753236297916  3825
3.061452479087193  3821
3.061829307294699  3874
3.0622058088197126  3832
3.062581984228163  3922
3.0629578340845103  3827
3.0633333589517497  3931
3.0637085593914173  3841
3.064083435963596  3639
3.0644579892269186  3876
3.064832219738574  3768
3.065206128054312  3795
3.0655797147284485  3766
3.06595298031387  3740
3.0663259253620376  3861
3.0666985504229953  3894
3.0670708560453703  3940
3.0674428427763805  3903
3.0678145111618402  3904
3.0681858617461617  3775
3.068556895072363  3763
3.068927611682072  3837
3.0692980121155293  4005
3.0696680969115957  3896
3.070037866607755  3895
3.0704073217401198  3896
3.0707764628434346  3825
3.0711452904510828  3849
3.071513805095089  3967
3.0718820073061255  3956
3.072249897613515  3850
3.0726174765452368  3768
3.0729847446279304  3974
3.073351702386901  3839
3.0737183503461227  3955
3.074084689028244  3704
3.074450718954591  3757
3.074816440645175  4058
3.0751818546186915  3765
3.0755469613925306  3825
3.0759117614827773  3911
3.076276255404218  3964
3.076640443670342  3822
3.0770043267933502  3888
3.0773679052841563  3706
3.077731179652392  3695
3.0780941504064105  3653
3.0784568180532927  3912
3.0788191830988487  3742
3.0791812460476247  3977
3.079543007402906  3647
3.079904467666721  3839
3.0802656273398448  3989
3.0806264869218056  3796
3.080987046910887  3823
3.0813473078041325  3794
3.081707270097349  3966
3.082066934285113  3819
3.0824263008607717  3713
3.0827853703164503  3792
3.0831441431430524  4023
3.0835026198302673  3873
3.083860800866573  3772
3.0842186867392387  3808
3.084576277934331  3918
3.084933574936716  3942
3.085290578230065  3929
3.0856472882968564  3773
3.0860037056183818  3756
3.0863598306747484  3835
3.0867156639448825  3829
3.0870712059065353  3821
3.0874264570362855  3981
3.087781417809542  3856
3.0881360887005513  3802
3.0884904701823963  3798
3.088844562727004  3867
3.089198366805149  3867
3.089551882886454  3791
3.089905111439398  3784
3.090258052931316  3756
3.090610707828407  3901
3.0909630765957314  3832
3.091315159697223  3959
3.0916669575956846  3693
3.092018470752797  3785
3.0923696996291206  3728
3.0927206446840994  3789
3.0930713063760633  3786
3.093421685162235  3816
3.09377178149873  3927
3.0941215958405612  3773
3.094471128641645  3772
3.0948203803548  3846
3.095169351431755  3821
3.095518042323151  3732
3.0958664534785427  3770
3.0962145853464054  3745
3.0965624383741357  3868
3.0969100130080562  3910
3.09725730969342  3891
3.097604328874411  3783
3.09795107099415  3954
3.0982975364946976  3798
3.098643725817057  3836
3.0989896394011773  4009
3.0993352776859577  3702
3.09968064110925  3868
3.1000257301078626  3742
3.100370545117563  3820
3.1007150865730817  3863
3.1010593549081156  3701
3.101403350555331  3869
3.1017470739463664  3776
3.1020905255118367  3720
3.1024337056813365  4118
3.1027766148834415  3801
3.1031192535457137  3852
3.103461622094705  3857
3.103803720955957  3943
3.104145550554008  3821
3.104487111312395  3817
3.1048284036536553  3929
3.1051694279993316  3864
3.1055101847699738  3766
3.1058506743851435  3819
3.1061908972634154  3904
3.1065308538223815  3596
3.106870544478654  3716
3.1072099696478683  3765
3.1075491297446862  3833
3.1078880251827985  3778
3.1082266563749283  3942
3.1085650237328344  3851
3.1089031276673134  3867
3.109240968588203  3838
3.1095785469043866  3759
3.1099158630237933  3933
3.110252917353403  3777
3.110589710299249  3776
3.1109262422664203  3898
3.1112625136590655  3826
3.111598524880394  3683
3.1119342763326814  3884
3.1122697684172707  3808
3.1126050015345745  3916
3.11293997608408  3748
3.1132746924643504  3907
3.1136091510730277  3968
3.113943352306837  3752
3.1142772965615864  3981
3.114610984232173  3960
3.1149444157125847  3797
3.1152775913959014  3785
3.1156105116742996  3905
3.115943176939055  3862
3.116275587580544  3795
3.1166077439882485  3855
3.116939646550756  4026
3.1172712956557644  4021
3.117602691690084  3944
3.1179338350396413  3993
3.118264726089479  3832
3.118595365223762  3956
3.1189257528257768  4031
3.1192558892779365  3856
3.119585774961784  3911
3.119915410257991  3998
3.1202447955463652  3886
3.12057393120585  3838
3.1209028176145273  3768
3.1212314551496214  3780
3.1215598441875008  3899
3.121887985103681  3790
3.1222158782728267  3902
3.1225435240687545  3858
3.1228709228644354  3770
3.1231980750319988  3837
3.123524980942732  3910
3.123851640967086  3825
3.124178055474675  3772
3.1245042248342823  3688
3.1248301494138593  3782
3.12515582958053  3834
3.125481265700594  3800
3.125806458139527  3843
3.1261314072619846  3904
3.1264561134318045  3782
3.126780577012009  3830
3.1271047983648077  3681
3.127428777851599  3759
3.1277525158329733  3885
3.1280760126687155  3875
3.1283992687178066  3955
3.128722284338427  4001
3.1290450598879582  3884
3.1293675957229854  3873
3.129689892199301  3907
3.1300119496719043  3727
3.130333768495006  3851
3.130655349022031  3990
3.130976691605617  3803
3.131297796597623  4108
3.1316186643491255  3835
3.1319392952104246  4045
3.1322596895310446  3856
3.132579847659737  3843
3.132899769944483  3804
3.1332194567324945  3804
3.1335389083702174  3815
3.133858125203335  3985
3.1341771075767664  3946
3.1344958558346736  3818
3.13481437032046  3856
3.1351326513767748  3724
3.1354506993455136  4056
3.1357685145678222  3794
3.1360860973840974  3873
3.13640344813399  3965
3.1367205671564067  3779
3.1370374547895126  3815
3.137354111370733  3696
3.137670537236755  3875
3.137986732723532  3793
3.1383026981662816  3832
3.1386184338994925  3902
3.1389339402569236  3786
3.139249217571607  3962
3.13956426617585  3812
3.1398790864012365  4002
3.140193678578631  3768
3.1405080430381798  3926
3.1408221801093106  3774
3.141136090120739  3811
3.1414497734004674  3901
3.141763230275788  3773
3.1420764610732848  3833
3.142389466118836  3926
3.1427022457376155  3939
3.143014800254095  3975
3.143327129992046  3882
3.1436392352745433  3688
3.1439511164239633  3852
3.144262773761991  3740
3.144574207609616  3925
3.144885418287142  3876
3.1451964061141817  3972
3.1455071714096627  3881
3.1458177144918276  3976
3.146128035678238  3777
3.1464381352857744  3905
3.14674801363064  3960
3.1470576710283598  3831
3.1473671077937864  3712
3.1476763242410986  4008
3.147985320683805  3941
3.1482940974347455  3779
3.1486026548060932  3827
3.1489109931093564  3809
3.1492191126553797  3936
3.149527013754348  3822
3.149834696715785  3824
3.1501421618485588  3706
3.150449409460881  3931
3.150756439860309  3834
3.15106325335375  3864
3.1513698502474603  3751
3.151676230847048  3842
3.151982395457474  3877
3.1522883443830563  3855
3.15259407792747  3840
3.1528995963937474  3751
3.153204900084284  3935
3.1535099893008374  4024
3.153814864344529  3868
3.154119525515847  4005
3.154423973114647  3941
3.1547282074401557  3769
3.1550322287909704  3801
3.155336037465062  3663
3.1556396337597765  3791
3.1559430179718366  3805
3.1562461903973444  3738
3.1565491513317814  3841
3.156851901070011  3777
3.1571544399062814  3885
3.157456768134226  3898
3.1577588860468637  3757
3.158060793936605  3861
3.1583624920952498  3892
3.1586639808139894  3808
3.15896526038341  3864
3.159266331093494  3951
3.1595671932336202  3789
3.1598678470925665  3840
3.160168292958512  3615
3.1604685311190375  3731
3.1607685618611283  3750
3.1610683854711747  3833
3.161368002234975  4007
3.161667412437736  3768
3.161966616364075  3830
3.1622656142980214  3864
3.162564406523019  3925
3.162862993321926  3812
3.1631613749770184  3832
3.16345955176999  3982
3.163757523981956  3793
3.1640552918934515  4018
3.164352855784437  3925
3.1646502159342966  3937
3.1649473726218416  3689
3.1652443261253107  3822
3.165541076722373  3787
3.1658376246901283  3838
3.166133970305109  3867
3.166430113843283  3964
3.166726055580052  3856
3.1670217957902564  3934
3.167317334748176  3741
3.16761267272753  3739
3.16790781000148  3818
3.168202746842631  3912
3.1684974835230326  3881
3.1687920203141817  3920
3.1690863574870227  3998
3.1693804953119495  3896
3.1696744340588068  3827
3.1699681739968923  3899
3.1702617153949575  3966
3.1705550585212086  3962
3.170848203643309  3869
3.1711411510283822  3841
3.171433900943008  3787
3.171726453653231  3771
3.1720188094245563  3697
3.172310968521954  3934
3.17260293120986  3775
3.1728946977521764  3823
3.173186268412274  3919
3.1734776434529945  3707
3.17376882313665  3965
3.1740598077250253  3718
3.1743505974793798  3976
3.1746411926604483  3880
3.1749315935284423  3878
3.1752218003430523  3798
3.1755118133634475  3669
3.1758016328482794  3900
3.1760912590556813  3798
3.1763806922432702  3953
3.17666993266815  3802
3.176958980586908  3843
3.1772478362556233  3766
3.1775364999298623  3725
3.177824971864682  3842
3.1781132523146316  3627
3.178401341533755  4012
3.17868923977559  4019
3.1789769472931693  3788
3.1792644643390253  3882
3.1795517911651876  3864
3.179838928023187  3785
3.180125875164054  3764
3.180412632838324  3953
3.1806992012960347  3900
3.1809855807867304  3699
3.1812717715594614  3901
3.1815577738627865  3892
3.1818435879447726  3837
3.182129214052998  3897
3.182414652434554  3807
3.1826999033360424  3916
3.182984967003582  3782
3.1832698436828046  3813
3.1835545336188615  3926
3.1838390370564214  3911
3.184123354239671  3817
3.1844074854123203  3913
3.184691430817599  3802
3.184975190698261  3715
3.185258765296585  3795
3.185542154854375  3860
3.185825359612962  3763
3.1861083798132053  3841
3.186391215695493  3841
3.1866738674997452  3885
3.1869563354654122  3757
3.187238619831479  3804
3.187520720836463  3876
3.1878026387184195  3909
3.188084373714938  3789
3.188365926063148  3910
3.188647295999717  3980
3.1889284837608534  3809
3.189209489582306  3929
3.1894903136993675  3761
3.189770956346874  3860
3.190051417759206  3800
3.1903316981702914  3766
3.190611797813605  3790
3.1908917169221698  3735
3.1911714557285586  3812
3.1914510144648953  3874
3.1917303933628562  4036
3.1920095926536702  3765
3.1922886125681202  3931
3.1925674533365456  3876
3.192846115188842  3821
3.1931245983544616  3968
3.1934029030624176  3751
3.1936810295412816  3960
3.193958978019187  3877
3.1942367487238292  3804
3.194514341882467  3602
3.1947917577219247  3797
3.1950689964685903  3809
3.1953460583484197  3726
3.1956229435869368  4018
3.1958996524092336  3866
3.1961761850399735  3840
3.196452541703389  3780
3.196728722623287  3785
3.1970047280230456  3824
3.197280558125619  3846
3.1975562131535367  3756
3.197831693328903  3812
3.1981069988734014  3679
3.1983821300082944  3714
3.1986570869544226  4013
3.198931869932209  3784
3.1992064791616577  3908
3.199480914862356  3723
3.1997551772534747  3950
3.2000292665537704  3871
3.200303182981585  3995
3.2005769267548483  3870
3.2008504980910772  3756
3.2011238972073794  3910
3.2013971243204513  3732
3.2016701796465816  3850
3.20194306340165  3921
3.2022157758011316  3873
3.2024883170600935  3904
3.2027606873931997  3914
3.2030328870147105  3733
3.203304916138483  3719
3.2035767749779724  3958
3.2038484637462346  4058
3.2041199826559246  3793
3.2043913319193  3903
3.204662511748219  3796
3.204933522354145  3770
3.2052043639481447  3843
3.205475036740891  3846
3.205745540942662  3792
3.2060158767633444  3810
3.2062860444124324  3836
3.2065560440990297  3824
3.2068258760318495  3832
3.207095540419218  3789
3.2073650374690716  3801
3.2076343673889616  3912
3.2079035303860515  3775
3.2081725266671217  3929
3.208441356438567  3984
3.208710019906401  3794
3.2089785172762535  3760
3.2092468487533736  3787
3.2095150145426308  3992
3.209783014848515  3752
3.2100508498751372  3756
3.210318519826232  3838
3.2105860249051563  3788
3.210853365314893  3944
3.2111205412580492  3839
3.2113875529368587  3851
3.2116544005531824  4051
3.2119210843085093  3742
3.2121876044039577  3959
3.212453961040276  3741
3.2127201544178425  3808
3.212986184736668  3972
3.2132520521963968  3761
3.2135177569963047  3897
3.2137832993353044  3781
3.2140486794119414  3779
3.2143138974244  3893
3.214578953570499  3855
3.214843848047698  4030
3.215108581053093  3935
3.215373152783422  3834
3.215637563435062  3837
3.215901813204032  3876
3.216165902285993  3854
3.216429830876251  3839
3.2166935991697545  3799
3.216957207361097  3929
3.217220655644519  3839
3.2174839442139063  3898
3.2177470732627937  3889
3.218010042984363  3856
3.2182728535714475  3829
3.218535505216528  3805
3.2187979981117376  3863
3.219060332448861  3732
3.219322508419337  3892
3.2195845262142546  3871
3.219846386024361  3933
3.220108088040055  3777
3.2203696324513946  3802
3.220631019448092  3929
3.2208922492195193  4073
3.2211533219547053  3691
3.2214142378423385  3954
3.2216749970707688  3781
3.2219355998280053  3981
3.22219604630172  3882
3.222456336679247  4108
3.2227164711475833  3894
3.2229764498933915  3819
3.2232362731029975  3946
3.2234959409623944  3970
3.2237554536572413  3675
3.224014811372864  3713
3.2242740142942576  3939
3.2245330626060857  3727
3.2247919564926817  3830
3.225050696138049  3835
3.225309281725863  3726
3.225567713439471  3678
3.2258259914618934  3716
3.226084115975824  3716
3.226342087163631  3788
3.2265999052073573  3810
3.2268575702887237  3702
3.2271150825891253  3890
3.2273724422896364  3720
3.227629649571009  3789
3.2278867046136734  3820
3.2281436075977417  3779
3.228400358703005  3943
3.2286569581089353  3944
3.228913405994688  3771
3.229169702539101  3876
3.229425847920695  3772
3.229681842317676  3973
3.229937685907934  3946
3.230193378869046  3741
3.230448921378274  3796
3.230704313612569  3805
3.230959555748569  3906
3.231214647962601  3840
3.2314695904306814  3917
3.2317243833285163  3869
3.231979026831504  3918
3.2322335211147335  3784
3.232487866352986  3913
3.232742062720737  3861
3.2329961103921536  3965
3.2332500095411003  3760
3.2335037603411343  3874
3.2337573629655103  3838
3.2340108175871793  3587
3.2342641243787895  3709
3.2345172835126865  4012
3.2347702951609163  3981
3.2350231594952237  3878
3.2352758766870524  3846
3.2355284469075487  4017
3.2357808703275603  3753
3.236033147117636  3885
3.2362852774480286  3840
3.236537261488694  3856
3.2367890994092927  3987
3.237040791379191  3757
3.237292337567459  3824
3.2375437381428744  3879
3.2377949932739227  4025
3.2380461031287955  3896
3.238297067875394  3863
3.2385478876813276  3995
3.238798562713917  3843
3.2390490931401916  3919
3.2392994791268923  3742
3.239549720840473  3944
3.2397998184470986  3825
3.2400497721126476  3838
3.2402995820027125  3839
3.2405492482826  3924
3.240798771117331  3809
3.241048150671644  3872
3.2412973871099933  3855
3.2415464805965484  3868
3.241795431295199  3813
3.2420442393695508  3661
3.2422929049829308  3923
3.2425414282983844  3801
3.2427898094786767  3759
3.2430380486862944  3996
3.243286146083446  3861
3.243534101832062  3988
3.243781916093795  3780
3.244029589030022  3768
3.244277120801843  3933
3.244524511570084  3702
3.244771761495295  3821
3.245018870737753  3825
3.245265839457461  3702
3.24551266781415  3719
3.245759355967277  3872
3.246005904076029  3735
3.246252312299322  3860
3.246498580795801  4059
3.2467447097238415  3917
3.24699069924155  3793
3.247236549506764  3755
3.2474822606770544  3807
3.2477278329097232  3863
3.247973266361807  3828
3.248218561190075  3803
3.248463717551032  4004
3.2487087356009177  3780
3.2489536154957075  3841
3.249198357391113  3934
3.249442961442582  3871
3.2496874278053016  3744
3.249931756634195  3954
3.250175948083925  3785
3.250420002308894  3838
3.2506639194632436  3811
3.250907699700856  3702
3.2511513431753545  3845
3.2513948500401044  3782
3.251638220448212  3871
3.2518814545525276  4012
3.252124552505644  3901
3.2523675144598987  4014
3.252610340567373  3782
3.2528530309798933  3863
3.2530955858490316  3802
3.2533380053261065  3726
3.253580289562183  3665
3.2538224387080734  3934
3.254064452914338  3804
3.2543063323312857  3815
3.2545480771089736  3713
3.25478968739721  4035
3.2550311633455515  3793
3.255272505103306  3857
3.2555137128195333  3946
3.255754786643044  3969
3.255995726722402  3668
3.256236533205923  3921
3.256477206241677  4065
3.256717745977487  4035
3.256958152560932  3774
3.2571984261393445  3930
3.257438566859814  3868
3.2576785748691846  3825
3.2579184503140586  3839
3.2581581933407944  3897
3.258397804095509  3827
3.2586372827240764  3704
3.258876629372131  3725
3.2591158441850663  3801
3.2593549273080344  3747
3.2595938788859486  3867
3.2598326990634834  3817
3.2600713879850747  3875
3.26030994579492  3848
3.2605483726369795  3789
3.2607866686549762  3902
3.2610248339923973  3689
3.2612628687924934  3723
3.2615007731982804  3928
3.2617385473525378  3983
3.2619761913978125  3655
3.262213705476417  3805
3.2624510897304293  3772
3.2626883443016963  3689
3.2629254693318317  3851
3.2631624649622166  3835
3.263399331334002  3787
3.263636068588108  3921
3.2638726768652235  3820
3.2641091563058082  3972
3.2643455070500926  3774
3.2645817292380777  3991
3.2648178230095364  3820
3.2650537885040145  3770
3.26528962586083  3767
3.2655253352190736  3689
3.2657609167176105  3909
3.265996370495079  3839
3.266231696689893  3911
3.2664668954402414  3758
3.2667019668840878  3813
3.266936911159173  3955
3.2671717284030137  3995
3.267406418752904  3841
3.2676409823459154  3808
3.2678754193188975  3752
3.2681097298084785  3855
3.268343913951065  3756
3.268577971882843  3809
3.2688119037397803  3897
3.269045709657623  3863
3.2692793897718984  3976
3.2695129442179165  3695
3.269746373130767  3850
3.269979676645324  3942
3.2702128548962426  3828
3.2704459080179626  3899
3.2706788361447066  3818
3.2709116394104814  3766
3.2711443179490782  3924
3.2713768718940743  3774
3.271609301378832  3793
3.271841606536499  3994
3.27207378750001  3877
3.2723058444020863  3916
3.2725377773752373  3905
3.2727695865517594  3976
3.2730012720637376  3877
3.2732328340430454  3848
3.273464272621346  3718
3.273695587930092  3738
3.2739267801005254  3792
3.27415784926368  3896
3.274388795550379  3864
3.274619619091238  3756
3.274850320016665  3922
3.2750808984568587  3784
3.2753113545418118  3818
3.2755416884013098  3781
3.2757719001649312  3743
3.27600198996205  3769
3.2762319579218335  3945
3.2764618041732443  4089
3.27669152884504  3890
3.276921132065774  3934
3.277150613963797  3752
3.2773799746672547  3924
3.2776092143040914  3825
3.2778383330020473  3906
3.2780673308886628  3833
3.2782962080912736  3676
3.2785249647370174  4095
3.278753600952829  3868
3.278982116865443  3711
3.279210512601395  4000
3.2794387882870204  3920
3.2796669440484556  3874
3.279894980011638  3767
3.2801228963023075  3818
3.280350693046006  3899
3.2805783703680764  3672
3.280805928393667  3846
3.2810333672477277  3899
3.281260687055013  3881
3.2814878879400813  3855
3.281714970027296  4081
3.281941933440825  3950
3.2821687783046416  3919
3.2823955047425257  3887
3.2826221128780624  3751
3.282848602834645  3692
3.2830749747354715  3899
3.2833012287035497  3827
3.2835273648616936  3762
3.2837533833325265  3963
3.28397928423848  3815
3.284205067701794  3838
3.2844307338445193  3836
3.2846562827885157  3918
3.284881714655453  3780
3.285107029566812  3855
3.2853322276438846  3652
3.285557309007774  3946
3.285782273779395  3971
3.2860071220794747  3811
3.286231854028553  3970
3.286456469746983  3823
3.28668096935493  3742
3.286905352972375  3807
3.287129620719111  3805
3.2873537727147464  3829
3.2875778090787056  3765
3.287801729930226  3986
3.2880255353883627  3973
3.288249225571986  3910
3.2884728005997825  3793
3.288696260590256  3972
3.2889196056617265  3787
3.289142835932333  4007
3.2893659515200318  3957
3.2895889525425965  3794
3.2898118391176214  3754
3.290034611362518  3804
3.2902572693945182  4101
3.290479813330673  3953
3.2907022432878543  3877
3.2909245593827543  3900
3.2911467617318855  3831
3.291368850451583  3809
3.2915908256580013  3997
3.291812687467119  3788
3.2920344359947364  3689
3.292256071356476  3900
3.292477593667784  3764
3.29269900304393  3764
3.292920299600006  3834
3.2931414834509307  3869
3.2933625547114453  3930
3.2935835134961167  3919
3.2938043599193367  3759
3.2940250940953226  3896
3.2942457161381182  3944
3.294466226161593  3781
3.2946866242794433  3853
3.2949069106051923  3794
3.295127085252191  3805
3.295347148333618  3813
3.295567099962479  3822
3.295786940251609  3907
3.2960066693136723  3871
3.2962262872611605  3939
3.296445794206396  3758
3.296665190261531  3829
3.296884475538547  3713
3.2971036501492565  3815
3.2973227142053028  3833
3.2975416678181597  3703
3.297760511099134  3924
3.2979792441593623  3819
3.298197867109815  3898
3.2984163800612945  3782
3.2986347831244354  3977
3.298853076409707  3883
3.2990712600274095  3925
3.29928933408768  3908
3.2995072987004876  3748
3.2997251539756367  4009
3.299942900022767  3812
3.3001605369513523  3906
3.3003780648707024  3794
3.3005954838899636  4081
3.300812794118117  3781
3.3010299956639813  4042
3.3012470886362113  3728
3.3014640731433  4022
3.3016809492935764  4044
3.301897717195208  3827
3.302114376956201  3873
3.302330928684399  3738
3.3025473724874854  3780
3.3027637084729817  3864
3.3029799367482493  3958
3.303196057420489  3856
3.303412070596742  3877
3.30362797638389  3918
3.3038437748886547  3734
3.3040594662175993  3878
3.3042750504771283  3743
3.3044905277734875  3611
3.3047058982127653  3787
3.3049211619008916  3970
3.305136318943639  3794
3.305351369446624  3995
3.305566313515304  3794
3.3057811512549824  3845
3.3059958827708047  3783
3.3062105081677613  3931
3.3064250275506875  3757
3.3066394410242617  3823
3.3068537486930087  3886
3.3070679506612985  3869
3.307282047033346  3859
3.307496037913213  3842
3.307709923404807  3839
3.307923703611882  3800
3.3081373786380386  3946
3.308350948586726  3880
3.3085644135612386  3873
3.3087777736647213  3733
3.3089910290001643  3853
3.3092041796704077  3898
3.30941722577814  3792
3.3096301674258988  3713
3.3098430047160705  3798
3.3100557377508912  3802
3.3102683666324477  3938
3.3104808914626753  3829
3.3106933123433606  3943
3.3109056293761414  3878
3.311117842662506  3883
3.3113299523037933  3814
3.311541958401195  3906
3.311753861055754  3882
3.3119656603683665  3802
3.3121773564397787  3921
3.312388949370592  3818
3.3126004392612596  3861
3.312811826212088  3907
3.313023110323238  3917
3.313234291694724  3836
3.313445370426414  3865
3.3136563466180315  3971
3.3138672203691533  3886
3.3140779917792127  3854
3.3142886609474975  3678
3.3144992279731516  4049
3.314709692955174  3914
3.31492005599242  3887
3.315130317183602  3755
3.3153404766272883  3966
3.315550534421905  3868
3.3157604906657347  3828
3.315970345456918  3847
3.3161800988934527  3938
3.3163897510731952  3824
3.3165993020938607  3952
3.316808752053022  3838
3.3170181010481117  3812
3.31722734917642  3800
3.317436496535099  3920
3.3176455432211585  3705
3.317854489331469  3989
3.3180633349627615  3955
3.318272080211627  3798
3.3184807251745174  3686
3.318689269947746  3661
3.3188977146274867  3885
3.3191060593097763  3721
3.319314304090512  3702
3.3195224490654542  3951
3.3197304943302246  3917
3.3199384399803087  3797
3.3201462861110542  4068
3.3203540328176717  3754
3.3205616801952367  3975
3.3207692283386865  3795
3.3209766773428235  3999
3.3211840273023143  3963
3.321391278311689  3827
3.3215984304653436  4011
3.3218054838575393  3718
3.3220124385824006  3802
3.322219294733919  3735
3.3224260524059526  3776
3.3226327116922234  3773
3.322839272686321  3667
3.3230457354817013  3778
3.323252100171687  3835
3.3234583668494677  3747
3.3236645356081  3818
3.323870606540509  3832
3.3240765797394864  3937
3.3242824552976926  3952
3.3244882333076564  3946
3.3246939138617746  3656
3.3248994970523134  3936
3.3251049829714074  3992
3.325310371711061  3765
3.325515663363148  3771
3.325720858019412  3909
3.325925955771466  3914
3.3261309567107946  3919
3.326335860928751  3797
3.3265406685165617  3809
3.3267453795653217  3768
3.326949994165999  3685
3.3271545124094315  3909
3.3273589343863303  3943
3.327563260187278  3996
3.327767489902729  4009
3.3279716236230104  3891
3.3281756614383227  3760
3.3283796034387376  3800
3.328583449714202  3876
3.3287872003545345  3841
3.3289908554494287  3696
3.329194415088451  4021
3.329397879361043  3849
3.3296012483565187  3856
3.3298045221640695  3815
3.330007700872759  3897
3.330210784571528  3724
3.330413773349191  3863
3.3306166672944384  3969
3.330819466495837  3731
3.3310221710418286  3888
3.3312247810207323  3796
3.331427296520743  3848
3.3316297176299323  3789
3.331832044436249  3951
3.332034277027518  3805
3.3322364154914434  3880
3.3324384599156054  3796
3.3326404103874627  3830
3.3328422669943514  3919
3.3330440298234874  3781
3.3332456989619628  3614
3.3334472744967503  3906
3.3336487565147013  3684
3.333850145102545  3801
3.334051440346892  3805
3.334252642334231  4003
3.3344537511509307  3887
3.3346547668832414  3767
3.3348556896172914  3856
3.3350565194390915  3941
3.3352572564345317  3839
3.3354579006893843  3950
3.3356584522893016  3749
3.335858911319818  3937
3.336059277866349  3960
3.336259552014193  3881
3.3364597338485296  3918
3.3366598234544202  3891
3.336859820916809  3967
3.3370597263205246  3780
3.3372595397502756  3936
3.337459261290656  3879
3.3376588910261424  3789
3.3378584290410944  3860
3.3380578754197563  3890
3.3382572302462554  3934
3.3384564936046046  3887
3.3386556655787003  3835
3.338854746252323  3933
3.339053735709139  3755
3.3392526340327  3715
3.3394514413064407  3933
3.339650157613684  3965
3.339848783037637  3983
3.340047317661393  3792
3.3402457615679317  3685
3.3404441148401185  3906
3.3406423775607053  3913
3.3408405498123317  3830
3.341038631677523  3894
3.3412366232386925  3728
3.34143452457814  3835
3.3416323357780544  3906
3.3418300569205104  3871
3.3420276880874717  3860
3.3422252293607904  3811
3.342422680822206  3833
3.342620042553348  3893
3.342817314635733  3893
3.343014497150768  3750
3.3432115901797474  3792
3.3434085938038574  3584
3.343605508104172  3836
3.343802333161655  3962
3.3439990690571615  3958
3.344195715871435  3835
3.3443922736851106  3762
3.344588742578714  3866
3.344785122632661  3812
3.344981413927258  3745
3.345177616542704  3822
3.3453737305590883  3830
3.345569756056392  3935
3.345765693114488  3785
3.3459615418131414  3690
3.346157302232008  3844
3.346352974450639  3867
3.346548558548474  3809
3.346744054604849  3913
3.3469394626989906  3844
3.34713478291002  3861
3.3473300153169503  3789
3.3475251599986895  4001
3.347720217034038  3925
3.3479151865016914  3905
3.3481100684802376  3915
3.3483048630481607  3831
3.348499570283838  3790
3.348694190265541  3856
3.348888723071438  3727
3.34908316877959  3898
3.3492775274679554  3899
3.3494717992143856  3983
3.34966598409663  3760
3.3498600821923312  4028
3.3500540935790304  3882
3.3502480183341627  3722
3.350441856535061  3754
3.3506356082589543  3826
3.350829273582968  3978
3.3510228525841237  3781
3.351216345339342  3783
3.351409751925439  3954
3.351603072419129  3886
3.3517963068970236  3980
3.351989455435632  3843
3.3521825181113627  3824
3.35237549500052  3872
3.3525683861793087  3827
3.3527611917238307  3787
3.3529539117100877  3896
3.3531465462139796  3832
3.3533390953113047  4018
3.353531559077762  3810
3.353723937588949  3643
3.353916230920363  3891
3.3541084391474008  3898
3.35430056234536  3920
3.3544926005894364  3909
3.3546845539547285  3924
3.354876422516234  3784
3.3550682063488506  3913
3.3552599055273786  3835
3.3554515201265174  3856
3.355643050220869  3840
3.355834495884936  3921
3.3560258571931225  3852
3.3562171342197353  3841
3.3564083270389813  3892
3.356599435724971  3856
3.356790460351716  3960
3.3569814009931314  3851
3.3571722577230334  4006
3.3573630306151427  3860
3.3575537197430814  3948
3.3577443251803754  3767
3.357934847000454  3725
3.3581252852766488  3834
3.358315640082196  3676
3.3585059114902354  3850
3.3586960995738107  4001
3.358886204405869  3799
3.359076226059263  3807
3.3592661646067485  3855
3.3594560201209864  3892
3.359645792674543  3946
3.359835482339888  3737
3.3600250891893975  3945
3.3602146132953523  3804
3.3604040547299387  3746
3.360593413565249  3745
3.36078268987328  3976
3.3609718837259357  3945
3.361160995195026  3729
3.3613500243522663  3842
3.361538971269279  3812
3.361727836017593  3969
3.3619166186686433  3932
3.362105319293773  3799
3.362293937964231  3880
3.3624824747511743  3792
3.362670929725667  3912
3.36285930295868  3671
3.3630475945210936  3857
3.363235804483694  3960
3.3634239329171765  3948
3.3636119798921444  3827
3.3637999454791094  3829
3.3639878297484915  3994
3.3641756327706194  3765
3.3643633546157306  3975
3.364550995353972  3855
3.3647385550553985  3835
3.364926033789976  3942
3.3651134316275773  3960
3.3653007486379876  3898
3.3654879848909  3773
3.3656751404559175  4000
3.365862215402555  3704
3.3660492098002353  3908
3.366236123718293  3662
3.3664229572259727  3901
3.3666097103924297  3773
3.36679638328673  3788
3.3669829759778507  4014
3.367169488534681  3895
3.367355921026019  3929
3.3675422735205767  3757
3.3677285460869766  3785
3.3679147387937527  3832
3.3681008517093516  3880
3.368286884902131  3853
3.3684728384403617  3909
3.368658712392227  4014
3.3688445068258215  3971
3.3690302218091532  3812
3.369215857410143  3784
3.3694014136966244  3783
3.369586890736344  3734
3.369772288596963  3667
3.369957607346053  3795
3.370142847051102  3832
3.3703280077795106  3868
3.3705130895985924  3935
3.370698092575577  3906
3.370883016777606  3737
3.3710678622717363  3979
3.3712526291249394  3602
3.371437317404101  3716
3.3716219271760215  3872
3.371806458507416  3969
3.371990911464915  3812
3.372175286115064  3841
3.3723595825243238  3812
3.3725438007590705  3845
3.3727279408855955  3855
3.3729120029701067  3827
3.373095987078727  3787
3.373279893277496  4012
3.373463721632369  3767
3.3736474722092176  3963
3.3738311450738303  3857
3.3740147402919116  3987
3.374198257929083  3871
3.374381698050882  3810
3.374565060722765  3961
3.374748346010104  3856
3.3749315539781883  3862
3.375114684692225  3811
3.375297738217339  3836
3.3754807146185724  3983
3.3756636139608855  3851
3.375846436309156  3901
3.3760291817281805  3802
3.376211850282673  3970
3.3763944420372662  3690
3.376576957056512  3751
3.37675939540488  3884
3.3769417571467586  3959
3.377124042346456  3796
3.377306251068199  3981
3.3774883833761327  3850
3.377670439334323  3940
3.3778524190067545  3849
3.3780343224573315  4046
3.378216149749878  3817
3.3783979009481375  3736
3.378579576115775  3901
3.3787611753163733  3639
3.378942698613437  4009
3.379124146070392  3861
3.379305517750582  3911
3.3794868137172736  3838
3.379668034033654  3882
3.37984917876283  3818
3.380030247967831  3753
3.380211241711606  3967
3.3803921600570273  3896
3.3805730030668872  4013
3.3807537708039  3628
3.380934463330702  3724
3.3811150807098507  3791
3.381295623003826  3880
3.38147609027503  3771
3.381656482585787  3899
3.3818367999983434  3877
3.3820170425748683  3654
3.382197210377454  3822
3.3823773034681137  3886
3.3825573219087857  3814
3.3827372657613304  3881
3.382917135087531  3732
3.3830969299490943  3780
3.3832766504076504  3804
3.383456296524753  3779
3.3836358683618797  3960
3.383815365980431  3799
3.383994789441733  3992
3.3841741388070337  3802
3.384353414137506  3833
3.3845326154942486  3957
3.3847117429382823  3921
3.3848907965305544  4006
3.385069776331935  3925
3.38524868240322  3790
3.3854275148051305  3857
3.385606273598312  3845
3.3857849588433355  3740
3.385963570600697  3844
3.3861421089308186  3860
3.386320573894046  3975
3.386498965550653  3816
3.3866772839608377  3813
3.386855529184724  3925
3.387033701282363  3903
3.3872118003137306  4030
3.387389826338729  3762
3.387567779417189  3846
3.3877456596088638  4027
3.3879234669734366  3935
3.3881012015705165  3840
3.388278863459639  3852
3.3884564527002667  3677
3.388633969351789  3818
3.3888114134735234  3867
3.388988785124714  3909
3.3891660843645326  3766
3.389343311252078  3893
3.3895204658463776  3720
3.3896975482063856  3776
3.3898745583909853  3687
3.3900514964589874  3820
3.3902283624691303  3881
3.390405156480081  3849
3.390581878550435  3899
3.390758528738717  3764
3.3909351071033793  3767
3.3911116137028023  3950
3.3912880485952974  3963
3.3914644118391033  3898
3.3916407034923877  3758
3.391816923613249  3674
3.3919930722597127  3979
3.392169149489736  3857
3.392345155361204  3917
3.3925210899319325  3794
3.392696953259666  3746
3.3928727454020793  3820
3.3930484664167784  3970
3.3932241163612975  3861
3.393399695293102  3766
3.3935752032695876  3948
3.39375064034808  3737
3.3939260065858368  3795
3.3941013020400446  3961
3.3942765267678214  3990
3.3944516808262164  3971
3.394626764272209  3979
3.394801777162711  3754
3.394976719554564  3655
3.3951515915045425  3856
3.395326393069351  3986
3.395501124305626  3869
3.395675785269936  3954
3.3958503760187813  3849
3.3960248966085933  3899
3.3961993470957363  3899
3.3963737275365067  3961
3.396548037987132  3973
3.3967222785037734  3803
3.396896449142524  3792
3.397070549959409  3927
3.397244581010386  3850
3.397418542351348  3830
3.3975924340381165  3847
3.39776625612645  3862
3.3979400086720375  3895
3.3981136917305026  3836
3.398287305357401  3939
3.3984608496082234  3807
3.398634324538392  3773
3.3988077302032647  3857
3.398981066658131  3859
3.3991543339582164  3981
3.399327532158679  3906
3.3995006613146104  3737
3.399673721481038  3923
3.3998467127129226  3852
3.4000196350651586  3912
3.400192488592576  3821
3.400365273349939  3851
3.400537989391946  3851
3.400710636773231  3750
3.4008832155483626  3777
3.401055725771844  3828
3.401228167498113  3937
3.401400540781544  3898
3.401572845676446  3739
3.401745082237063  3976
3.4019172505175748  3910
3.402089350572097  3655
3.40226138245468  3933
3.402433346219312  3787
3.4026052419199146  3974
3.402777069610347  3899
3.4029488293444046  3891
3.403120521175818  3845
3.4032921451582543  3697
3.4034637013453173  3843
3.403635189790548  4000
3.4038066105474227  3918
3.403977963669355  3706
3.404149249209695  3951
3.404320467221731  3904
3.404491617758686  3812
3.4046627008737222  3937
3.404833716619938  3905
3.4050046650503694  3875
3.4051755462179893  3790
3.405346360175709  3754
3.4055171069763763  3789
3.4056877866727775  3817
3.4058583993176366  3870
3.406028944963615  3744
3.406199423663313  3864
3.4063698354692673  3919
3.406540180433955  3852
3.40671045860979  3815
3.4068806700491248  3827
3.40705081480425  3866
3.4072208929273966  3817
3.4073909044707316  3840
3.4075608494863627  3951
3.4077307280263356  3883
3.407900540142635  3827
3.4080702858871854  3753
3.4082399653118496  3776
3.40840957846843  3766
3.4085791254086675  3744
3.408748606184244  3864
3.4089180208467798  3787
3.409087369447835  3829
3.4092566520389096  3776
3.4094258686714434  3729
3.4095950193968156  3987
3.4097641042663462  3961
3.4099331233312946  3873
3.4101020766428607  3893
3.4102709642521845  3897
3.4104397862103464  3808
3.410608542568368  3921
3.41077723337721  3856
3.4109458586877746  3642
3.4111144185509046  3971
3.4112829130173843  3815
3.4114513421379375  3901
3.41161970596323  3876
3.411788004543869  3836
3.4119562379304016  3839
3.412124406173317  3841
3.4122925093230463  3707
3.412460547429961  3846
3.4126285205443754  3874
3.4127964287165433  3837
3.4129642719966626  3748
3.413132050434872  3649
3.413299764081252  3829
3.413467412985825  3896
3.413634997198556  3864
3.4138025167693513  3977
3.4139699717480614  3757
3.414137362184477  3999
3.4143046881283317  3872
3.4144719496293026  3630
3.414639146737009  3650
3.4148062795010126  3891
3.4149733479708178  3899
3.4151403521958725  3702
3.4153072922255676  3793
3.4154741681092355  3922
3.4156409798961542  3851
3.4158077276355434  3699
3.415974411376566  3820
3.416141031168329  3853
3.4163075870598827  3941
3.4164740791002206  4048
3.416640507338281  3831
3.4168068718229443  3812
3.4169731726030363  3804
3.4171394097273255  3958
3.4173055832445254  3630
3.417471693203293  4087
3.4176377396522297  3950
3.417803722639881  3888
3.417969642214737  3946
3.418135498425232  3875
3.4183012913197452  4012
3.4184670209466006  3843
3.4186326873540653  3871
3.4187982905903533  3717
3.4189638307036225  3869
3.4191293077419758  3879
3.4192947217534604  3976
3.4194600727860704  3916
3.419625360887743  3933
3.419790586106363  3872
3.419955748489758  3944
3.420120848085703  3923
3.4202858849419178  3737
3.4204508591060683  3894
3.420615770625765  3806
3.4207806195485655  3829
3.420945405921972  3896
3.4211101297934343  4067
3.4212747912103465  3927
3.4214393902200495  3696
3.4216039268698313  3784
3.421768401206924  3940
3.4219328132785085  3824
3.4220971631317103  3858
3.4222614508136027  3810
3.4224256763712044  4040
3.422589839851482  3813
3.422753941301348  3786
3.422917980767662  3856
3.423081958297231  3760
3.423245873936808  3871
3.4234097277330933  3702
3.4235735197327357  3900
3.423737249982329  3851
3.4239009185284166  3643
3.4240645254174877  3701
3.42422807069598  3783
3.4243915544102776  3687
3.4245549766067134  3781
3.424718337331567  3855
3.424881636631067  3948
3.425044874551389  3737
3.4252080511386565  3858
3.425371166438941  3853
3.4255342204982635  3756
3.425697213362591  3692
3.4258601450778405  3796
3.4260230156898763  3815
3.426185825244511  3852
3.4263485737875077  3637
3.4265112613645754  3882
3.426673888021373  3911
3.426836453803508  3915
3.426998958756537  3717
3.4271614029259654  3874
3.427323786357247  3862
3.4274861090957853  3652
3.4276483711869328  3769
3.42781057267599  3811
3.427972713608209  3785
3.428134794028789  3916
3.4282968139828798  3872
3.42845877351558  3955
3.428620672671939  3779
3.4287825114969546  4228
3.428944290035574  3718
3.4291060083326967  3808
3.4292676664331685  3705
3.429429264381788  3879
3.4295908022233017  3819
3.429752280002408  3892
3.4299136977637543  3784
3.430075055551939  3874
3.4302363534115106  3835
3.4303975913869666  3768
3.4305587695227575  4002
3.4307198878632823  3915
3.4308809464528913  3858
3.4310419453358856  3856
3.431202884556517  3846
3.4313637641589874  3779
3.431524584187451  3845
3.4316853446860116  3825
3.4318460456987254  3836
3.4320066872695985  3815
3.4321672694425884  3853
3.4323277922616042  3716
3.4324882557705063  3912
3.4326486600131068  3878
3.4328090050331683  3800
3.432969290874406  3815
3.4331295175804857  3954
3.433289685195026  3780
3.433449793761596  3709
3.433609843323718  3965
3.433769833924866  3815
3.433929765608464  3915
3.4340896384178907  3937
3.4342494523964757  3861
3.4344092075875  3783
3.4345689040341987  3771
3.4347285417797577  3732
3.434888120867316  3888
3.4350476413399647  3839
3.4352071032407476  3815
3.4353665066126613  3740
3.435525851498655  3824
3.43568513794163  3753
3.4358443659844413  3890
3.4360035356698964  3691
3.436162647040756  3666
3.4363217001397333  3878
3.436480695009495  3609
3.436639631692661  3862
3.4367985102318035  3642
3.4369573306694496  3941
3.4371160930480786  3794
3.4372747974101237  3917
3.437433443797971  3959
3.4375920322539613  3912
3.437750562820388  3906
3.4379090355394983  3974
3.438067450453494  3893
3.4382258076045296  3893
3.438384107034714  3919
3.4385423487861106  3836
3.4387005329007363  3893
3.438858659420562  3784
3.4390167283875126  3782
3.4391747398434687  3896
3.439332693830263  3842
3.4394905903896835  3910
3.4396484295634737  3744
3.4398062113933303  3713
3.439963935920905  4017
3.4401216031878037  3870
3.440279213235588  3941
3.4404367661057735  3874
3.440594261839831  3818
3.4407517004791854  3967
3.4409090820652177  3896
3.4410664066392633  3988
3.4412236742426123  3875
3.4413808849165113  3875
3.441538038702161  3736
3.441695135640717  3896
3.441852175773292  3897
3.442009159140952  3906
3.44216608578472  3678
3.4423229557455746  3840
3.4424797690644486  3750
3.442636525782232  3876
3.442793225939769  3965
3.4429498695778618  4046
3.443106456737266  3910
3.443262987458695  3834
3.4434194617828173  3942
3.4435758797502576  3824
3.4437322414015967  3914
3.443888546777372  3948
3.444044795918076  3865
3.4442009888641594  3765
3.4443571256560275  3787
3.444513206334043  3720
3.4446692309385245  3747
3.4448251995097476  3978
3.4449811120879446  3585
3.445136968713304  4006
3.4452927694259716  3833
3.44544851426605  3977
3.4456042032735974  3720
3.445759836488631  3903
3.4459154139511234  3877
3.446070935701005  3815
3.446226401778163  3719
3.446381812222442  3772
3.446537167073644  3717
3.4466924663715273  3811
3.446847710155809  3905
3.4470028984661623  3903
3.4471580313422194  3954
3.4473131088235682  3900
3.4474681309497557  3741
3.447623097760286  3916
3.447778009294621  3867
3.4479328655921804  3996
3.448087666692341  3937
3.448242412634439  3872
3.4483971034577676  3728
3.448551739201578  3869
3.44870631990508  3827
3.4488608456074408  3728
3.4490153163477864  3812
3.449169732165201  3875
3.449324093098727  3887
3.449478399187365  3823
3.4496326504700745  3902
3.4497868469857735  3768
3.4499409887733377  3786
3.4500950758716025  3894
3.450249108319361  3884
3.450403086155366  3844
3.450557009418329  3881
3.450710878146919  3974
3.450864692379766  3858
3.4510184521554574  3851
3.45117215751254  3894
3.4513258084895195  3928
3.4514794051248616  3907
3.4516329474569907  3852
3.45178643552429  3871
3.451939869365103  3848
3.4520932490177314  3868
3.452246574520437  3943
3.4523998459114416  3913
3.452553063228925  3874
3.452706226511029  3626
3.452859335795852  3918
3.4530123911214554  3919
3.4531653925258574  3803
3.4533183400470375  3844
3.453471233722936  3846
3.4536240735914507  3770
3.4537768596904423  3832
3.4539295920577286  3770
3.45408227073109  3990
3.4542348957482654  3830
3.454387467146955  3720
3.4545399849648186  3774
3.454692449239477  3763
3.45484486000851  3784
3.45499721730946  3940
3.4551495211798278  3817
3.4553017716570764  3738
3.4554539687786283  3814
3.455606112581867  3793
3.455758203104137  3921
3.455910240382743  3895
3.4560622244549513  3842
3.456214155357989  3920
3.456366033129043  4081
3.4565178578052627  3833
3.4566696294237578  3889
3.456821348021599  3919
3.456973013635818  4007
3.457124626303409  3959
3.4572761860613257  3871
3.4574276929464847  3855
3.4575791469957626  3815
3.4577305482459986  3807
3.4578818967339924  3839
3.458033192496506  3773
3.4581844355702627  3745
3.4583356259919475  3812
3.4584867637982066  3837
3.4586378490256493  3877
3.458788881710845  3864
3.458939861890326  3979
3.4590907896005865  3707
3.459241664878082  3816
3.459392487759231  3717
3.459543258280413  3847
3.4596939764779706  3825
3.459844642388208  3913
3.4599952560473914  3759
3.46014581749175  3750
3.4602963267574753  3830
3.4604467838807205  3883
3.4605971888976015  3863
3.460747541844197  4011
3.4608978427565478  3946
3.4610480916706576  3775
3.461198288622493  3916
3.461348433647983  3829
3.4614985267830187  3819
3.4616485680634552  3891
3.461798557525109  3862
3.461948495203762  3955
3.462098381135156  3749
3.4622482153549976  3882
3.462397997898956  3879
3.4625477288026643  3809
3.4626974081017172  3664
3.4628470358316736  3898
3.462996612028056  3947
3.4631461367263494  3820
3.4632956099620027  3850
3.4634450317704277  4122
3.463594402187  3799
3.463743721247059  4064
3.4638929889859074  3850
3.464042205438811  3853
3.4641913706409997  3835
3.4643404846276673  4055
3.4644895474339714  3895
3.464638559095033  3849
3.4647875196459372  3738
3.4649364291217326  3931
3.4650852875574327  3858
3.4652340949880145  3741
3.4653828514484184  3747
3.46553155697355  3895
3.465680211598278  3857
3.4658288153574364  4025
3.465977368285823  3965
3.466125870418199  3861
3.466274321789292  4011
3.466422722433792  3808
3.4665710723863543  3948
3.4667193716815987  3960
3.4668676203541096  3920
3.4670158184384356  3986
3.4671639659690903  3872
3.467312062980552  3927
3.4674601095072637  3726
3.467608105583633  3902
3.467756051244033  3903
3.4679039465228003  3856
3.4680517914542377  3825
3.4681995860726125  3895
3.4683473304121573  3767
3.468495024507069  3805
3.4686426683915115  3827
3.468790262099611  3843
3.4689378056654614  3807
3.4690852991231202  3771
3.469232742506612  3892
3.469380135849925  3923
3.469527479187014  3712
3.469674772551798  3882
3.469822015978163  3904
3.4699692094999595  3789
3.470116353151004  3671
3.4702634469650784  3672
3.470410490975931  3791
3.4705574852172743  3862
3.470704429722788  3745
3.4708513245261177  3904
3.4709981696608736  3866
3.471144965160633  3843
3.4712917110589387  3794
3.471438407389299  3832
3.47158505418519  3895
3.471731651480051  3904
3.4718781993072905  3856
3.4720246977002813  3702
3.472171146692363  3850
3.472317546316842  3866
3.4724638966069894  3887
3.472610197596045  3943
3.4727564493172123  3910
3.472902651803664  3936
3.4730488050885375  3854
3.473194909204938  3862
3.4733409641859354  3922
3.4734869700645685  3913
3.473632926873841  3846
3.473778834646725  3864
3.473924693416157  3661
3.4740705032150436  3760
3.4742162640762553  3935
3.4743619760326307  3823
3.474507639116976  3825
3.474653253362063  3819
3.474798818800631  3975
3.4749443354653877  3670
3.4750898033890065  3952
3.475235222604128  3857
3.475380593143361  3921
3.4755259150392805  3799
3.4756711883244296  3846
3.475816413031318  3777
3.4759615891924236  3740
3.4761067168401913  3763
3.4762517960070336  3902
3.4763968267253302  3836
3.4765418090274287  3802
3.476686742945645  3891
3.4768316285122607  3823
3.476976465759527  3953
3.4771212547196626  3853
3.477265995424853  3758
3.4774106879072515  3953
3.477555332198981  3669
3.4776999283321306  3869
3.4778444763387584  3928
3.4779889762508893  3880
3.4781334281005174  3986
3.4782778319196046  3853
3.4784221877400805  3746
3.4785664955938436  3824
3.4787107555127594  3898
3.478854967528663  3783
3.478999131673357  3749
3.479143247978613  4033
3.47928731647617  3966
3.4794313371977363  3875
3.4795753101749884  3798
3.479719235439571  4059
3.479863113023098  4018
3.4800069429571505  3834
3.4801507252732806  3903
3.4802944600030066  3805
3.480438147177817  3925
3.480581786829169  3887
3.4807253789884878  3959
3.4808689236871677  3868
3.481012420956573  3921
3.4811558708280352  3979
3.481299273332856  4012
3.481442628502305  3970
3.4815859363676225  3853
3.481729196960016  3957
3.4818724103106633  3863
3.4820155764507117  3713
3.482158695411276  3887
3.4823017672234426  3889
3.4824447919182653  3795
3.4825877695267677  3946
3.482730700079943  3905
3.482873583608754  3904
3.483016420144132  3910
3.4831592097169795  3789
3.483301952358167  3865
3.4834446480985353  3795
3.4835872969688944  3671
3.4837298990000236  3826
3.4838724542226736  3900
3.4840149626675627  3784
3.484157424365381  3937
3.484299839346786  4002
3.484442207642407  3782
3.484584529282843  3792
3.4847268042986617  3724
3.484869032720402  3829
3.485011214578573  3632
3.485153349903652  3827
3.485295438726089  3835
3.485437481076301  3883
3.485579476984679  3842
3.48572142648158  4062
3.4858633295973345  3609
3.486005186362242  3823
3.4861469968065726  3842
3.486288760960566  3865
3.486430478854434  3871
3.4865721505183562  3757
3.4867137759824853  3845
3.4868553552769432  3647
3.4869968884318228  4031
3.4871383754771865  3952
3.4872798164430687  3833
3.4874212113594742  3760
3.4875625602563782  3963
3.4877038631637265  3783
3.4878451201114355  3988
3.4879863311293935  3793
3.4881274962474587  3979
3.48826861549546  3913
3.488409688903198  3870
3.4885507165004443  3634
3.4886916983169405  3873
3.4888326343824003  3882
3.488973524726508  3836
3.4891143693789193  3921
3.4892551683692603  3959
3.4893959217271293  3851
3.4895366294820955  3733
3.4896772916636984  3833
3.4898179083014504  3782
3.4899584794248346  3839
3.4900990050633047  3854
3.4902394852462875  3717
3.490379920003179  3914
3.490520309363349  3839
3.490660653356137  3832
3.490800952010855  3846
3.490941205356787  3852
3.491081413423187  3917
3.491221576239283  3768
3.4913616938342726  3875
3.4915017662373264  3994
3.4916417934775863  3783
3.491781775584166  3717
3.491921712586151  3762
3.492061604512599  3896
3.49220145139254  3833
3.4923412532549745  3943
3.4924810101288766  3853
3.492620722043192  3842
3.4927603890268375  3818
3.4929000111087034  3748
3.4930395883176515  4023
3.493179120682515  3827
3.4933186082321015  3853
3.4934580509951885  3884
3.493597449000527  3901
3.49373680227684  3788
3.4938761108528227  3910
3.4940153747571436  3976
3.494154594018443  4008
3.4942937686653326  3871
3.494432898726399  3958
3.4945719842301988  3853
3.494711025205263  3795
3.494850021680094  3775
3.494988973683168  3871
3.4951278812429334  3766
3.4952667443878105  3945
3.495405563146193  3719
3.4955443375464483  3808
3.4956830676169153  3860
3.495821753385906  3705
3.4959603948817053  3779
3.496098992132571  3739
3.496237545166735  3965
3.496376054012401  3804
3.496514518697745  3914
3.496652939250918  3781
3.4967913157000425  4023
3.496929648073215  3837
3.497067936398505  3850
3.4972061807039547  3746
3.49734438101758  3785
3.4974825373673704  3765
3.497620649781288  3880
3.497758718287268  3996
3.49789674291322  3883
3.498034723687027  4064
3.498172660636544  3791
3.4983105537896004  3754
3.4984484031739997  3702
3.498586208817518  3840
3.4987239707479048  3809
3.498861688992884  3684
3.498999363580153  3726
3.4991369945373827  3625
3.4992745818922173  3794
3.499412125672275  3768
3.499549625905149  3776
3.499687082618404  3854
3.49982449583958  3656
3.49996186559619  3858
3.500099191915723  3830
3.500236474825639  3952
3.500373714353374  3785
3.5005109105263372  3779
3.500648063371912  3666
3.500785172917456  3879
3.5009222391903005  3725
3.5010592622177517  3960
3.501196242027089  3783
3.501333178645566  3702
3.501470072100412  3753
3.5016069224188295  3863
3.5017437296279943  3763
3.5018804937550585  3758
3.5020172148271476  3735
3.5021538928713607  3650
3.5022905279147727  3868
3.5024271199844326  3787
3.502563669107363  3746
3.502700175310563  3758
3.502836638621003  3688
3.5029730590656314  3785
3.503109436671369  3752
3.503245771465113  3813
3.5033820634737327  3795
3.5035183127240748  3705
3.5036545192429593  3699
3.503790683057181  3636
3.5039268041935103  3489
3.5040628826786917  3716
3.504198918539445  3912
3.5043349118024643  3651
3.504470862494419  3560
3.5046067706419537  3667
3.504742636271688  3606
3.504878459410216  3763
3.505014240084107  3684
3.505149978319906  3619
3.5052856741441323  3616
3.505421327583281  3677
3.5055569386638217  3563
3.5056925074122  3671
3.5058280338548364  3638
3.505963518018126  3575
3.5060989599284405  3555
3.506234359612126  3425
3.506369717095504  3395
3.506505032404872  3489
3.5066403055665023  3516
3.5067755366066433  3331
3.506910725551518  3469
3.5070458724273257  3531
3.5071809772602407  3430
3.5073160400764136  3400
3.50745106090197  3479
3.5075860397630105  3390
3.5077209766856137  3416
3.507855871695831  3398
3.5079907248196913  3294
3.5081255360831993  3219
3.5082603055123345  3262
3.508395033133053  3257
3.5085297189712867  3321
3.508664363052943  3355
3.508798965403905  3232
3.5089335260500327  3231
3.5090680450171616  3145
3.509202522331103  3244
3.509336958017644  3102
3.5094713521025485  3099
3.5096057046115563  3171
3.509740015570382  3057
3.5098742850047193  3134
3.5100085129402347  3037
3.5101426994025733  3042
3.510276844417355  3008
3.510410948010177  2998
3.510545010206612  3042
3.51067903103221  2924
3.510813010512496  2856
3.5109469486729727  2886
3.5110808455391185  2795
3.511214701136388  2861
3.511348515490213  2839
3.5114822886260013  2633
3.5116160205691376  2622
3.511749711344983  2734
3.5118833609788744  2691
3.5120169694961265  2631
3.5121505369220305  2566
3.5122840632818537  2511
3.51241754860084  2523
3.512550992904211  2413
3.5126843962171637  2517
3.512817758564873  2481
3.5129510799724906  2413
3.513084360465144  2345
3.513217600067939  2256
3.513350798805957  2218
3.513483956704257  2203
3.513617073787875  2227
3.5137501500818233  2268
3.5138831856110926  2064
3.5140161804006493  2109
3.514149134475437  2014
3.514282047860378  2016
3.514414920580369  1937
3.514547752660286  1947
3.5146805441249818  1805
3.514813294999285  1962
3.5149460053080044  1851
3.5150786750759226  1823
3.515211304327802  1702
3.5153438930883807  1649
3.515476441382376  1744
3.51560894923448  1638
3.515741416669365  1588
3.515873843711679  1558
3.5160062303860475  1538
3.5161385767170743  1437
3.5162708827293403  1510
3.516403148447403  1444
3.5165353738957994  1411
3.516667559099043  1332
3.5167997040816243  1293
3.5169318088680126  1294
3.5170638734826545  1239
3.5171958979499744  1207
3.5173278822943734  1154
3.5174598265402324  1097
3.517591730711908  1043
3.5177235948337358  1067
3.517855418930029  1057
3.5179872030250783  942
3.518118947143153  980
3.5182506513085  956
3.518382315545344  966
3.5185139398778875  889
3.5186455243303114  811
3.518777068926775  771
3.518908573691414  828
3.5190400386483445  749
3.519171463821659  738
3.519302849235429  724
3.519434194913703  622
3.519565500880509  688
3.519696767159853  654
3.519827993775719  615
3.5199591807520685  613
3.5200903281128424  627
3.52022143588196  530
3.520352504083318  505
3.520483532740792  562
3.520614521878236  492
3.5207454715194824  472
3.5208763816883417  458
3.521007252408604  405
3.5211380837040362  387
3.5212688755983854  369
3.521399628115376  382
3.521530341278711  325
3.5216610151120733  322
3.5217916496391233  326
3.5219222448835006  318
3.5220528008688223  305
3.5221833176186865  260
3.522313795156667  256
3.5224442335063197  242
3.522574632691177  241
3.52270499273475  203
3.52283531366053  213
3.5229655954919865  190
3.523095838252568  182
3.523226041965701  179
3.5233562066547925  155
3.5234863323432277  142
3.523616419054371  141
3.5237464668115646  136
3.523876475638131  140
3.5240064455573727  124
3.5241363765925686  122
3.524266268766979  119
3.524396122103842  105
3.5245259366263757  91
3.5246557123577773  112
3.5247854493212225  87
3.524915147539867  92
3.525044807036845  79
3.5251744278352715  75
3.525304009958239  77
3.52543355342882  70
3.525563058270067  54
3.525692524505011  43
3.5258219521566625  42
3.5259513412480126  55
3.5260806918020298  47
3.526210003841664  37
3.526339277389844  44
3.5264685124694775  39
3.526597709103452  31
3.5267268673146357  32
3.5268559871258747  27
3.5269850685599957  27
3.527114111639805  22
3.5272431163880884  19
3.527372082827612  23
3.52750101098112  17
3.5276299008713385  22
3.5277587525209717  21
3.527887565952705  28
3.5280163411892014  14
3.5281450782531065  11
3.5282737771670436  12
3.5284024379536176  17
3.5285310606354114  11
3.5286596452349897  10
3.5287881917748964  9
3.5289167002776547  9
3.529045170765769  7
3.529173603261723  6
3.5293019977879805  3
3.529430354366986  4
3.529558673021163  6
3.5296869537729165  5
3.5298151966446305  6
3.5299434016586693  3
3.530071568837378  3
3.530199698203082  2
3.5303277897780863  2
3.5304558435846762  2
3.530583859645118  1
3.530711837981657  2
3.5308397786165204  1
3.530967681571915  1
3.531095546870028  1
3.5312233745330266  1
3.5313511645830595  1
