0.3010299956639812  645004
0.47712125471966244  210977
0.6020599913279624  102122
0.6989700043360189  89883
0.7781512503836436  74361
0.8450980400142568  66137
0.9030899869919435  61394
0.9542425094393249  47632
1.0  41115
1.0413926851582251  40028
1.0791812460476249  31255
1.1139433523068367  21609
1.146128035678238  21019
1.1760912590556813  13762
1.2041199826559248  10874
1.2304489213782739  9141
1.255272505103306  6631
1.2787536009528289  7723
1.3010299956639813  3398
1.3222192947339193  5519
1.3424226808222062  7916
1.3617278360175928  6229
1.380211241711606  906
1.3979400086720377  2341
1.414973347970818  5083
1.4313637641589874  5736
1.4471580313422192  3032
1.462397997898956  3612
1.4771212547196624  3814
1.4913616938342726  3792
1.505149978319906  4923
1.5185139398778875  8415
1.5314789170422551  5830
1.5440680443502757  6655
1.5563025007672873  2474
1.568201724066995  4275
1.5797835966168101  4298
1.591064607026499  3271
1.6020599913279623  2500
1.6127838567197355  5553
1.6232492903979006  5723
1.6334684555795864  3745
1.6434526764861874  3833
1.6532125137753437  3286
1.662757831681574  1357
1.6720978579357175  3545
1.6812412373755872  4294
1.6901960800285136  4418
1.6989700043360187  1739
1.7075701760979363  3530
1.7160033436347992  1871
1.724275869600789  5219
1.7323937598229686  1746
1.7403626894942439  2206
1.7481880270062005  6407
1.7558748556724915  4475
1.7634279935629373  6821
1.7708520116421442  2880
1.7781512503836436  4890
1.7853298350107671  3369
1.792391689498254  5515
1.7993405494535817  3981
1.806179973983887  3243
1.8129133566428555  5098
1.8195439355418688  4482
1.8260748027008264  4395
1.8325089127062364  6884
1.8388490907372552  4969
1.845098040014257  4988
1.8512583487190752  3224
1.8573324964312685  3595
1.863322860120456  2876
1.8692317197309762  2888
1.8750612633917  4298
1.8808135922807914  4740
1.8864907251724818  5508
1.8920946026904804  1921
1.8976270912904414  6332
1.9030899869919435  8134
1.9084850188786497  4876
1.9138138523837167  5211
1.919078092376074  8049
1.9242792860618816  3032
1.9294189257142926  4132
1.9344984512435677  5216
1.9395192526186185  2388
1.9444826721501687  4112
1.9493900066449128  4202
1.954242509439325  5401
1.9590413923210936  4292
1.9637878273455553  2985
1.968482948553935  4218
1.9731278535996986  3321
1.9777236052888478  3734
1.9822712330395684  2461
1.9867717342662448  5503
1.9912260756924949  3829
1.99563519459755  2966
2.0  4546
2.0043213737826426  2462
2.0086001717619175  1555
2.012837224705172  6226
2.0170333392987803  1742
2.0211892990699383  2536
2.0253058652647704  3103
2.0293837776852097  2895
2.03342375548695  1453
2.037426497940624  3964
2.041392685158225  3442
2.0453229787866576  1779
2.0492180226701815  4589
2.0530784434834195  3938
2.0569048513364727  3694
2.060697840353612  3675
2.0644579892269186  5078
2.0681858617461617  2933
2.0718820073061255  3253
2.0755469613925306  2637
2.0791812460476247  2619
2.0827853703164503  2370
2.0863598306747484  1872
2.089905111439398  4123
2.093421685162235  3732
2.0969100130080562  1790
2.100370545117563  5315
2.103803720955957  1877
2.1072099696478683  3498
2.110589710299249  1990
2.113943352306837  3930
2.1172712956557644  2471
2.12057393120585  2549
2.123851640967086  5339
2.1271047983648077  2664
2.130333768495006  2057
2.1335389083702174  4269
2.1367205671564067  2330
2.1398790864012365  2240
2.143014800254095  3087
2.146128035678238  4333
2.1492191126553797  3267
2.1522883443830563  3772
2.155336037465062  1589
2.1583624920952498  2144
2.161368002234975  2783
2.164352855784437  3094
2.167317334748176  1997
2.1702617153949575  2100
2.173186268412274  2960
2.1760912590556813  3139
2.1789769472931693  3992
2.1818435879447726  3361
2.184691430817599  2451
2.187520720836463  4317
2.1903316981702914  3042
2.1931245983544616  2897
2.1958996524092336  2639
2.1986570869544226  2860
2.2013971243204513  2154
2.2041199826559246  3725
2.2068258760318495  2173
2.2095150145426308  4290
2.2121876044039577  4143
2.214843848047698  2362
2.2174839442139063  3139
2.220108088040055  4721
2.2227164711475833  2761
2.225309281725863  1162
2.2278867046136734  1614
2.230448921378274  3022
2.2329961103921536  2026
2.2355284469075487  2208
2.2380461031287955  2460
2.2405492482826  3516
2.2430380486862944  2311
2.24551266781415  2633
2.247973266361807  3328
2.250420002308894  2985
2.2528530309798933  2506
2.255272505103306  3780
2.2576785748691846  1368
2.2600713879850747  2500
2.2624510897304293  2773
2.2648178230095364  2429
2.2671717284030137  2642
2.2695129442179165  2788
2.271841606536499  1383
2.27415784926368  3867
2.2764618041732443  2851
2.278753600952829  2712
2.2810333672477277  3651
2.2833012287035497  1858
2.285557309007774  2988
2.287801729930226  2460
2.290034611362518  2664
2.292256071356476  3308
2.294466226161593  2579
2.296665190261531  2529
2.298853076409707  2087
2.3010299956639813  1667
2.303196057420489  2586
2.305351369446624  1349
2.307496037913213  3610
2.3096301674258988  1902
2.311753861055754  1629
2.3138672203691533  1704
2.315970345456918  2032
2.3180633349627615  3067
2.3201462861110542  2502
2.322219294733919  1836
2.3242824552976926  2688
2.326335860928751  2563
2.3283796034387376  2262
2.330413773349191  1946
2.3324384599156054  2078
2.3344537511509307  2342
2.3364597338485296  2455
2.3384564936046046  2919
2.3404441148401185  2319
2.342422680822206  966
2.3443922736851106  1845
2.346352974450639  1061
2.3483048630481607  3049
2.3502480183341627  2134
2.3521825181113627  1041
2.3541084391474008  1714
2.3560258571931225  1413
2.357934847000454  3171
2.359835482339888  1823
2.361727836017593  1471
2.3636119798921444  1176
2.3654879848909  2255
2.367355921026019  2644
2.369215857410143  3110
2.3710678622717363  1599
2.3729120029701067  1307
2.374748346010104  2139
2.376576957056512  1348
2.3783979009481375  1806
2.380211241711606  2342
2.3820170425748683  2561
2.383815365980431  1337
2.385606273598312  2846
2.387389826338729  1910
2.3891660843645326  1829
2.3909351071033793  2060
2.392696953259666  2648
2.3944516808262164  1491
2.3961993470957363  1974
2.3979400086720375  1297
2.399673721481038  1881
2.401400540781544  1986
2.403120521175818  1357
2.404833716619938  2136
2.406540180433955  1139
2.4082399653118496  1709
2.4099331233312946  1460
2.41161970596323  2336
2.413299764081252  1548
2.4149733479708178  1812
2.416640507338281  1822
2.4183012913197452  1692
2.419955748489758  1373
2.4216039268698313  978
2.423245873936808  1738
2.424881636631067  1507
2.4265112613645754  2352
2.428134794028789  1275
2.429752280002408  1749
2.4313637641589874  1382
2.432969290874406  1537
2.4345689040341987  1180
2.436162647040756  1284
2.437750562820388  1196
2.439332693830263  1392
2.4409090820652177  1044
2.4424797690644486  2151
2.444044795918076  1132
2.4456042032735974  2277
2.4471580313422194  1552
2.44870631990508  1756
2.450249108319361  981
2.45178643552429  1410
2.4533183400470375  886
2.45484486000851  1564
2.456366033129043  1901
2.4578818967339924  987
2.459392487759231  1719
2.4608978427565478  1296
2.462397997898956  1365
2.4638929889859074  985
2.4653828514484184  1240
2.4668676203541096  1835
2.4683473304121573  1104
2.469822015978163  1263
2.4712917110589387  1420
2.4727564493172123  1500
2.4742162640762553  1857
2.4756711883244296  1364
2.4771212547196626  1255
2.4785664955938436  845
2.4800069429571505  1092
2.481442628502305  976
2.482873583608754  1530
2.484299839346786  1821
2.48572142648158  949
2.4871383754771865  1465
2.4885507165004443  1246
2.4899584794248346  1627
2.4913616938342726  1351
2.4927603890268375  904
2.494154594018443  1216
2.4955443375464483  1119
2.496929648073215  1256
2.4983105537896004  998
2.499687082618404  1042
2.5010592622177517  1043
2.5024271199844326  708
2.503790683057181  1076
2.505149978319906  1258
2.506505032404872  1081
2.507855871695831  1011
2.509202522331103  1610
2.510545010206612  969
2.5118833609788744  1244
2.513217600067939  1317
2.514547752660286  838
2.515873843711679  1009
2.5171958979499744  668
2.5185139398778875  800
2.519827993775719  933
2.5211380837040362  1000
2.5224442335063197  986
2.5237464668115646  714
2.525044807036845  1089
2.526339277389844  708
2.5276299008713385  1268
2.5289167002776547  1001
2.530199698203082  691
2.531478917042255  1020
2.5327543789924976  683
2.534026106056135  687
2.5352941200427703  813
2.53655844257153  579
2.537819095073274  915
2.5390760987927767  1166
2.5403294747908736  786
2.5415792439465807  871
2.5428254269591797  849
2.5440680443502757  678
2.545307116465824  967
2.546542663478131  792
2.5477747053878224  1021
2.5490032620257876  916
2.550228353055094  805
2.5514499979728753  876
2.552668216112193  860
2.5538830266438746  639
2.5550944485783194  1022
2.5563025007672873  703
2.5575072019056577  700
2.558708570533166  872
2.5599066250361124  774
2.561101383649056  448
2.5622928644564746  842
2.5634810853944106  528
2.5646660642520893  920
2.5658478186735176  797
2.56702636615906  547
2.568201724066995  628
2.569373909615046  828
2.5705429398818973  698
2.571708831808688  595
2.5728716022004803  676
2.574031267727719  439
2.575187844927661  503
2.576341350205793  747
2.5774917998372255  659
2.578639209968072  541
2.57978359661681  590
2.5809249756756194  601
2.582063362911709  591
2.583198773968623  420
2.584331224367531  623
2.5854607295085006  519
2.586587304671755  834
2.5877109650189114  578
2.5888317255942073  675
2.5899496013257077  544
2.591064607026499  646
2.5921767573958667  396
2.593286067020457  613
2.5943925503754266  445
2.595496221825574  469
2.59659709562646  461
2.597695185925512  421
2.598790506763115  530
2.5998830720736876  554
2.6009728956867484  611
2.6020599913279625  382
2.603144372620182  563
2.60422605308447  401
2.6053050461411096  451
2.606381365110605  560
2.6074550232146687  511
2.6085260335771943  539
2.60959440922522  450
2.61066016308988  391
2.611723308007342  407
2.6127838567197355  309
2.6138418218760693  420
2.6148972160331345  382
2.615950051656401  393
2.617000341120899  414
2.6180480967120925  374
2.6190933306267428  396
2.6201360549737576  491
2.621176281775035  360
2.622214022966295  310
2.6232492903979003  433
2.6242820958356683  433
2.625312450961674  302
2.6263403673750423  314
2.6273658565927325  315
2.6283889300503116  425
2.629409599102719  292
2.630427875025024  332
2.6314437690131722  337
2.6324572921847245  332
2.6334684555795866  251
2.6344772701607315  257
2.635483746814912  291
2.6364878963533656  257
2.637489729512511  254
2.6384892569546374  250
2.639486489268586  228
2.640481436970422  192
2.6414741105040997  219
2.6424645202421213  210
2.6434526764861874  197
2.6444385894678386  212
2.645422269349092  189
2.6464037262230695  167
2.6473829701146196  157
2.6483600109809315  145
2.649334858712142  118
2.6503075231319366  157
2.651278013998144  124
2.6522463410033232  89
2.6532125137753435  107
2.6541765418779604  97
2.655138434811382  78
2.656098202012832  80
2.6570558528571038  95
2.6580113966571126  85
2.658964842664435  70
2.6599162000698504  76
2.660865478003869  55
2.661812685537261  67
2.662757831681574  53
2.663700925389648  90
2.6646419755561257  46
2.6655809910179533  45
2.6665179805548807  43
2.667452952889954  43
2.66838591669  37
2.6693168805661123  29
2.670245853074124  16
2.6711728427150834  9
2.6720978579357175  23
2.673020907128896  15
2.673941998634088  17
2.6748611407378116  36
2.6757783416740852  14
2.6766936096248664  8
2.677606952720493  4
2.678518379040114  9
2.6794278966121188  9
2.680335513414563  3
2.681241237375587  7
2.682145076373832  7
2.6830470382388496  6
2.683947130751512  9
2.6848453616444123  1
2.6857417386022635  1
2.6866362692622934  3
2.6875289612146345  2
2.6884198220027105  5
2.6893088591236203  4
2.69196510276736  4
2.69284691927723  1
2.693726948923647  1
2.694605198933569  1
2.699837725867246  1
