0.3010299956639812  357149
0.47712125471966244  224198
0.6020599913279624  213914
0.6989700043360189  197566
0.7781512503836436  172945
0.8450980400142568  146716
0.9030899869919435  119852
0.9542425094393249  120489
1.0  94855
1.0413926851582251  103525
1.0791812460476249  91009
1.1139433523068367  76881
1.146128035678238  68476
1.1760912590556813  52319
1.2041199826559248  46049
1.2304489213782739  43024
1.255272505103306  36753
1.2787536009528289  29483
1.3010299956639813  27162
1.3222192947339193  19438
1.3424226808222062  17655
1.3617278360175928  12449
1.380211241711606  11128
1.3979400086720377  9426
1.414973347970818  11575
1.4313637641589874  6871
1.4471580313422192  9539
1.462397997898956  4631
1.4771212547196624  9127
1.4913616938342726  8543
1.505149978319906  8907
1.5185139398778875  7229
1.5314789170422551  2611
1.5440680443502757  9631
1.5563025007672873  8362
1.568201724066995  10192
1.5797835966168101  7269
1.591064607026499  7313
1.6020599913279623  8495
1.6127838567197355  8414
1.6232492903979006  10947
1.6334684555795864  10857
1.6434526764861874  7888
1.6532125137753437  9403
1.662757831681574  5875
1.6720978579357175  8314
1.6812412373755872  8210
1.6901960800285136  15448
1.6989700043360187  8978
1.7075701760979363  11165
1.7160033436347992  5132
1.724275869600789  9281
1.7323937598229686  13745
1.7403626894942439  6730
1.7481880270062005  7320
1.7558748556724915  6157
1.7634279935629373  6504
1.7708520116421442  9854
1.7781512503836436  12935
1.7853298350107671  6126
1.792391689498254  7390
1.7993405494535817  6313
1.806179973983887  4303
1.8129133566428555  12231
1.8195439355418688  7981
1.8260748027008264  5847
1.8325089127062364  5756
1.8388490907372552  6603
1.845098040014257  4892
1.8512583487190752  7061
1.8573324964312685  6030
1.863322860120456  10055
1.8692317197309762  7686
1.8750612633917  10674
1.8808135922807914  7609
1.8864907251724818  6711
1.8920946026904804  7216
1.8976270912904414  7220
1.9030899869919435  8449
1.9084850188786497  5958
1.9138138523837167  5487
1.919078092376074  8744
1.9242792860618816  7964
1.9294189257142926  7702
1.9344984512435677  9316
1.9395192526186185  7388
1.9444826721501687  5432
1.9493900066449128  6495
1.954242509439325  8556
1.9590413923210936  7546
1.9637878273455553  10023
1.968482948553935  6284
1.9731278535996986  3515
1.9777236052888478  6069
1.9822712330395684  9751
1.9867717342662448  8032
1.9912260756924949  5825
1.99563519459755  11713
2.0  4433
2.0043213737826426  8151
2.0086001717619175  7842
2.012837224705172  4294
2.0170333392987803  5592
2.0211892990699383  7696
2.0253058652647704  7661
2.0293837776852097  9033
2.03342375548695  9069
2.037426497940624  8952
2.041392685158225  6948
2.0453229787866576  11062
2.0492180226701815  5248
2.0530784434834195  12225
2.0569048513364727  10129
2.060697840353612  8383
2.0644579892269186  4001
2.0681858617461617  5276
2.0718820073061255  7174
2.0755469613925306  5817
2.0791812460476247  6157
2.0827853703164503  7104
2.0863598306747484  8079
2.089905111439398  5949
2.093421685162235  9856
2.0969100130080562  6995
2.100370545117563  5610
2.103803720955957  13080
2.1072099696478683  7379
2.110589710299249  10259
2.113943352306837  7315
2.1172712956557644  7854
2.12057393120585  11745
2.123851640967086  11503
2.1271047983648077  5026
2.130333768495006  6430
2.1335389083702174  9054
2.1367205671564067  6748
2.1398790864012365  8072
2.143014800254095  8527
2.146128035678238  6629
2.1492191126553797  6951
2.1522883443830563  8069
2.155336037465062  3732
2.1583624920952498  10553
2.161368002234975  11152
2.164352855784437  5248
2.167317334748176  6686
2.1702617153949575  7844
2.173186268412274  8066
2.1760912590556813  6558
2.1789769472931693  9216
2.1818435879447726  7546
2.184691430817599  6541
2.187520720836463  7519
2.1903316981702914  4160
2.1931245983544616  2909
2.1958996524092336  6567
2.1986570869544226  7169
2.2013971243204513  9069
2.2041199826559246  5150
2.2068258760318495  7172
2.2095150145426308  6241
2.2121876044039577  8371
2.214843848047698  6396
2.2174839442139063  6906
2.220108088040055  10275
2.2227164711475833  10070
2.225309281725863  5897
2.2278867046136734  9486
2.230448921378274  6334
2.2329961103921536  7947
2.2355284469075487  7469
2.2380461031287955  7475
2.2405492482826  6886
2.2430380486862944  5961
2.24551266781415  7671
2.247973266361807  6540
2.250420002308894  8114
2.2528530309798933  4284
2.255272505103306  7482
2.2576785748691846  5834
2.2600713879850747  8692
2.2624510897304293  5606
2.2648178230095364  5637
2.2671717284030137  4524
2.2695129442179165  7975
2.271841606536499  7046
2.27415784926368  6471
2.2764618041732443  7447
2.278753600952829  6043
2.2810333672477277  6091
2.2833012287035497  4685
2.285557309007774  7651
2.287801729930226  9460
2.290034611362518  8659
2.292256071356476  7780
2.294466226161593  5436
2.296665190261531  5683
2.298853076409707  6672
2.3010299956639813  9582
2.303196057420489  5548
2.305351369446624  5383
2.307496037913213  7837
2.3096301674258988  10674
2.311753861055754  8047
2.3138672203691533  7013
2.315970345456918  10416
2.3180633349627615  6520
2.3201462861110542  8827
2.322219294733919  7473
2.3242824552976926  5975
2.326335860928751  7489
2.3283796034387376  12999
2.330413773349191  3688
2.3324384599156054  3878
2.3344537511509307  5400
2.3364597338485296  3633
2.3384564936046046  5292
2.3404441148401185  7959
2.342422680822206  9557
2.3443922736851106  5293
2.346352974450639  8103
2.3483048630481607  5616
2.3502480183341627  5886
2.3521825181113627  9041
2.3541084391474008  8247
2.3560258571931225  5343
2.357934847000454  7460
2.359835482339888  5488
2.361727836017593  7435
2.3636119798921444  7481
2.3654879848909  8657
2.367355921026019  3178
2.369215857410143  5404
2.3710678622717363  7121
2.3729120029701067  5422
2.374748346010104  9710
2.376576957056512  4955
2.3783979009481375  7755
2.380211241711606  5612
2.3820170425748683  8834
2.383815365980431  6195
2.385606273598312  6781
2.387389826338729  5447
2.3891660843645326  7665
2.3909351071033793  5507
2.392696953259666  6005
2.3944516808262164  6704
2.3961993470957363  4768
2.3979400086720375  2560
2.399673721481038  3871
2.401400540781544  9681
2.403120521175818  8754
2.404833716619938  6761
2.406540180433955  5470
2.4082399653118496  9819
2.4099331233312946  10846
2.41161970596323  4188
2.413299764081252  5105
2.4149733479708178  8224
2.416640507338281  8778
2.4183012913197452  6335
2.419955748489758  4368
2.4216039268698313  6748
2.423245873936808  8321
2.424881636631067  6097
2.4265112613645754  6494
2.428134794028789  5365
2.429752280002408  6750
2.4313637641589874  8673
2.432969290874406  6461
2.4345689040341987  7288
2.436162647040756  4202
2.437750562820388  4300
2.439332693830263  5906
2.4409090820652177  6229
2.4424797690644486  6372
2.444044795918076  5444
2.4456042032735974  6010
2.4471580313422194  5921
2.44870631990508  5181
2.450249108319361  9330
2.45178643552429  5599
2.4533183400470375  5515
2.45484486000851  5927
2.456366033129043  5674
2.4578818967339924  7328
2.459392487759231  4991
2.4608978427565478  4177
2.462397997898956  5616
2.4638929889859074  8781
2.4653828514484184  4448
2.4668676203541096  6771
2.4683473304121573  3994
2.469822015978163  6941
2.4712917110589387  6991
2.4727564493172123  5129
2.4742162640762553  6523
2.4756711883244296  5789
2.4771212547196626  5097
2.4785664955938436  6116
2.4800069429571505  4294
2.481442628502305  6945
2.482873583608754  8503
2.484299839346786  3695
2.48572142648158  8470
2.4871383754771865  5801
2.4885507165004443  4400
2.4899584794248346  5925
2.4913616938342726  4458
2.4927603890268375  5095
2.494154594018443  4477
2.4955443375464483  5452
2.496929648073215  5392
2.4983105537896004  7052
2.499687082618404  6317
2.5010592622177517  6956
2.5024271199844326  5878
2.503790683057181  6559
2.505149978319906  4501
2.506505032404872  6302
2.507855871695831  3801
2.509202522331103  4929
2.510545010206612  6490
2.5118833609788744  5646
2.513217600067939  5143
2.514547752660286  5264
2.515873843711679  6568
2.5171958979499744  5101
2.5185139398778875  5113
2.519827993775719  5298
2.5211380837040362  4991
2.5224442335063197  3170
2.5237464668115646  5323
2.525044807036845  6418
2.526339277389844  6986
2.5276299008713385  4593
2.5289167002776547  4522
2.530199698203082  5397
2.531478917042255  5308
2.5327543789924976  7191
2.534026106056135  7094
2.5352941200427703  4812
2.53655844257153  7658
2.537819095073274  6440
2.5390760987927767  5015
2.5403294747908736  5128
2.5415792439465807  4844
2.5428254269591797  6870
2.5440680443502757  8220
2.545307116465824  5966
2.546542663478131  6357
2.5477747053878224  4072
2.5490032620257876  6140
2.550228353055094  5793
2.5514499979728753  6085
2.552668216112193  5079
2.5538830266438746  5462
2.5550944485783194  5055
2.5563025007672873  6039
2.5575072019056577  5494
2.558708570533166  6548
2.5599066250361124  5268
2.561101383649056  5577
2.5622928644564746  5789
2.5634810853944106  4648
2.5646660642520893  4477
2.5658478186735176  5021
2.56702636615906  6256
2.568201724066995  3486
2.569373909615046  5357
2.5705429398818973  4868
2.571708831808688  7604
2.5728716022004803  5682
2.574031267727719  5540
2.575187844927661  8154
2.576341350205793  8025
2.5774917998372255  5954
2.578639209968072  3384
2.57978359661681  3964
2.5809249756756194  4771
2.582063362911709  7491
2.583198773968623  6092
2.584331224367531  4495
2.5854607295085006  4889
2.586587304671755  6423
2.5877109650189114  6196
2.5888317255942073  4321
2.5899496013257077  5056
2.591064607026499  4339
2.5921767573958667  4698
2.593286067020457  3738
2.5943925503754266  4473
2.595496221825574  3955
2.59659709562646  5073
2.597695185925512  6217
2.598790506763115  5005
2.5998830720736876  6071
2.6009728956867484  7180
2.6020599913279625  4383
2.603144372620182  4270
2.60422605308447  5369
2.6053050461411096  3855
2.606381365110605  5454
2.6074550232146687  6388
2.6085260335771943  5550
2.60959440922522  5417
2.61066016308988  4956
2.611723308007342  4294
2.6127838567197355  6793
2.6138418218760693  3868
2.6148972160331345  4316
2.615950051656401  6093
2.617000341120899  6271
2.6180480967120925  2782
2.6190933306267428  4284
2.6201360549737576  4372
2.621176281775035  4129
2.622214022966295  7051
2.6232492903979003  4263
2.6242820958356683  5046
2.625312450961674  5103
2.6263403673750423  4035
2.6273658565927325  4656
2.6283889300503116  3879
2.629409599102719  4181
2.630427875025024  3477
2.6314437690131722  4375
2.6324572921847245  6433
2.6334684555795866  3901
2.6344772701607315  3971
2.635483746814912  3626
2.6364878963533656  3260
2.637489729512511  4729
2.6384892569546374  3574
2.639486489268586  4812
2.640481436970422  5360
2.6414741105040997  5673
2.6424645202421213  5446
2.6434526764861874  5596
2.6444385894678386  4428
2.645422269349092  4621
2.6464037262230695  5298
2.6473829701146196  4908
2.6483600109809315  5470
2.649334858712142  4991
2.6503075231319366  4877
2.651278013998144  3652
2.6522463410033232  6006
2.6532125137753435  4984
2.6541765418779604  5267
2.655138434811382  3558
2.656098202012832  5409
2.6570558528571038  5805
2.6580113966571126  4233
2.658964842664435  4154
2.6599162000698504  5727
2.660865478003869  3140
2.661812685537261  4464
2.662757831681574  3403
2.663700925389648  4297
2.6646419755561257  2691
2.6655809910179533  3511
2.6665179805548807  2760
2.667452952889954  5103
2.66838591669  4495
2.6693168805661123  3823
2.670245853074124  3526
2.6711728427150834  4493
2.6720978579357175  4647
2.673020907128896  3507
2.673941998634088  3949
2.6748611407378116  4552
2.6757783416740852  3920
2.6766936096248664  3943
2.677606952720493  4015
2.678518379040114  3654
2.6794278966121188  3414
2.680335513414563  5882
2.681241237375587  4311
2.682145076373832  5518
2.6830470382388496  3706
2.683947130751512  4558
2.6848453616444123  4942
2.6857417386022635  3574
2.6866362692622934  4553
2.6875289612146345  3501
2.6884198220027105  4360
2.6893088591236203  4241
2.690196080028514  4015
2.6910814921229687  3530
2.69196510276736  4334
2.69284691927723  4025
2.693726948923647  5495
2.694605198933569  3348
2.6954816764901977  3924
2.696356388733332  4876
2.6972293427597176  3995
2.6981005456233897  4818
2.6989700043360187  2984
2.699837725867246  3212
2.7007037171450192  3773
2.7015679850559273  3030
2.7024305364455254  3939
2.7032913781186614  3191
2.7041505168397992  5275
2.705007959333336  4103
2.7058637122839193  4489
2.7067177823367587  4737
2.7075701760979363  4138
2.708420900134713  4014
2.709269960975831  1702
2.7101173651118162  4546
2.710963118995276  3184
2.711807229041191  3147
2.7126497016272113  3304
2.7134905430939424  4868
2.714329759745233  3952
2.7151673578484576  4460
2.716003343634799  3210
2.7168377232995247  5171
2.717670503002262  3654
2.718501688867274  4990
2.7193312869837265  3449
2.720159303405957  4184
2.7209857441537393  3545
2.7218106152125467  3476
2.722633922533812  4088
2.7234556720351857  3299
2.724275869600789  3165
2.725094521081469  4206
2.7259116322950483  2851
2.7267272090265724  2948
2.727541257028556  3236
2.7283537820212285  2619
2.72916478969277  2569
2.7299742856995555  3247
2.7307822756663893  3569
2.7315887651867388  3326
2.7323937598229686  3965
2.7331972651065692  3894
2.733999286538387  3277
2.734799829588847  2428
2.73559889969818  3360
2.7363965022766426  3472
2.7371926427047373  4899
2.737987326333431  3537
2.738780558484369  3310
2.739572344450092  3999
2.7403626894942437  3014
2.741151598851785  3007
2.741939077729199  2734
2.7427251313046983  4247
2.74350976472843  3498
2.7442929831226763  3572
2.7450747915820575  1967
2.745855195173729  3036
2.7466341989375787  3753
2.747411807886423  3225
2.7481880270062002  3388
2.7489628612561616  3068
2.749736315569061  3812
2.7505083948513462  3783
2.751279103983342  2870
2.7520484478194387  3560
2.7528164311882715  2618
2.7535830588929064  2975
2.754348335711019  2577
2.7551122663950713  3400
2.7558748556724915  3060
2.756636108245848  3088
2.7573960287930244  2124
2.75815462196739  3322
2.7589118923979736  2993
2.7596678446896306  2749
2.760422483423212  4047
2.7611758131557314  3845
2.761927838420529  2294
2.762678563727436  2819
2.7634279935629373  3047
2.7641761323903307  2499
2.7649229846498886  2710
2.765668554759014  2609
2.7664128471123997  2739
2.7671558660821804  2829
2.767897616018091  2530
2.7686381012476144  2938
2.7693773260761385  2585
2.7701152947871015  2489
2.7708520116421442  2665
2.7715874808812555  2687
2.77232170672292  2778
2.7730546933642626  3070
2.7737864449811935  2044
2.7745169657285498  2437
2.7752462597402365  2912
2.775974331129369  2468
2.776701183988411  2683
2.7774268223893115  2587
2.7781512503836434  2605
2.7788744720027396  2630
2.7795964912578244  2681
2.780317312140151  2306
2.7810369386211318  2978
2.781755374652469  2456
2.782472624166286  2554
2.7831886910752575  2959
2.783903579272735  2533
2.784617292632875  2611
2.785329835010767  3001
2.786041210242554  2270
2.7867514221455614  2134
2.787460474518415  2693
2.788168371141168  3064
2.788875115775417  2758
2.7895807121644256  2343
2.7902851640332416  2135
2.790988475088816  2796
2.791690649020118  2287
2.792391689498254  2601
2.79309160017658  2740
2.7937903846908188  2086
2.7944880466591697  2271
2.795184589682424  2521
2.7958800173440754  2507
2.7965743332104296  1748
2.7972675408307164  2238
2.797959643737196  2417
2.798650645445269  2369
2.7993405494535817  2415
2.8000293592441343  2157
2.800717078282385  2241
2.801403710017355  2191
2.802089257881733  2137
2.8027737252919755  2238
2.803457115648414  1878
2.8041394323353503  2266
2.8048206787211623  2290
2.8055008581584002  2037
2.806179973983887  2056
2.8068580295188172  2272
2.807535028068853  1889
2.808210972924222  2010
2.808885867359812  1989
2.8095597146352675  1796
2.8102325179950842  1966
2.8109042806687006  2333
2.8115750058705933  1829
2.812244696800369  2159
2.8129133566428557  1542
2.813580988568192  1947
2.81424759573192  1805
2.814913181275074  1799
2.815577748324267  1766
2.816241299991783  1661
2.8169038393756605  1990
2.8175653695597807  2270
2.8182258936139557  1807
2.8188854145940097  1525
2.8195439355418688  1503
2.82020145948564  1664
2.8208579894397  1655
2.821513528404773  2006
2.8221680793680175  2017
2.8228216453031045  1624
2.823474229170301  1675
2.824125833916549  1731
2.824776462475546  1462
2.8254261177678233  1527
2.8260748027008264  1368
2.826722520168992  1433
2.8273692730538253  1876
2.828015064223977  1384
2.82865989653532  1447
2.829303772831025  1618
2.829946695941636  1312
2.8305886686851442  1271
2.8312296938670634  1570
2.8318697742805017  1811
2.832508912706236  1298
2.833147111912785  1530
2.833784374656479  1347
2.8344207036815328  1412
2.835056101720116  1164
2.8356905714924254  1515
2.8363241157067516  1493
2.8369567370595505  1408
2.837588438235511  1292
2.8382192219076257  1096
2.838849090737255  1390
2.8394780473741985  1404
2.840106094456758  1358
2.8407332346118066  1210
2.841359470454855  1146
2.8419848045901137  1083
2.842609239610562  994
2.8432327780980096  1087
2.843855422623161  1082
2.8444771757456815  889
2.845098040014257  1081
2.8457180179666586  1120
2.846337112129805  1111
2.846955325019824  884
2.847572659142112  833
2.848189116991399  1179
2.8488047010518036  1023
2.8494194137968996  992
2.850033257689769  1027
2.8506462351830666  792
2.8512583487190755  831
2.851869600729766  948
2.8524799936368566  877
2.8530895298518657  735
2.8536982117761744  751
2.8543060418010806  703
2.8549130223078554  765
2.8555191556678  604
2.8561244442423  742
2.8567288903828825  650
2.8573324964312685  605
2.857935264719429  660
2.858537197569639  565
2.859138297294531  653
2.859738566197147  443
2.8603380065709936  474
2.8609366207000937  563
2.8615344108590377  435
2.862131379313037  508
2.8627275283179747  391
2.863322860120456  373
2.8639173769578603  346
2.864511081058392  448
2.8651039746411278  400
2.8656960599160706  333
2.8662873390841948  352
2.866877814337499  324
2.8674674878590514  374
2.8680563618230415  269
2.8686444383948255  307
2.8692317197309762  253
2.869818207979328  257
2.870403905279027  280
2.8709888137605755  212
2.8715729355458786  287
2.8721562727482928  284
2.8727388274726686  157
2.873320601815399  209
2.8739015978644615  125
2.8744818176994666  158
2.8750612633917  229
2.8756399370041685  117
2.876217840591642  151
2.8767949762007006  121
2.877371345869774  154
2.8779469516291885  109
2.8785217955012063  154
2.8790958795000727  97
2.8796692056320534  102
2.88024177589548  112
2.8808135922807914  114
2.8813846567705728  76
2.8819549713396007  92
2.8825245379548803  68
2.8830933585756897  71
2.8836614351536176  49
2.884228769632604  55
2.884795363948981  60
2.885361220031512  48
2.885926339801431  28
2.886490725172482  58
2.8870543780509568  32
2.887617300335736  37
2.888179493918325  24
2.8887409606828927  23
2.88930170250631  42
2.8898617212581885  16
2.890421018800914  42
2.890979596989689  27
2.8915374576725643  16
2.8920946026904804  22
2.8926510338773004  14
2.893206753059848  14
2.8937617620579434  11
2.8943160626844384  9
2.8948696567452528  6
2.895422546039408  7
2.8959747323590648  13
2.8965262174895554  6
2.89707700320942  8
2.8976270912904414  6
2.8981764834976764  5
2.8987251815894934  28
2.8992731873176036  5
2.8998205024270964  3
2.9003671286564705  6
2.900913067737669  10
2.9014583213961123  3
2.9020028913507296  10
2.902546779313991  11
2.9030899869919438  2
2.9036325160842376  4
2.904715545278681  3
2.9057958803678687  4
2.907411360774586  2
2.9079485216122722  2
2.9095560292411755  3
2.910090545594068  3
2.910624404889201  1
2.9116901587538613  1
2.9122220565324155  1
