0.3010299956639812  29831
0.47712125471966244  27619
0.6020599913279624  26544
0.6989700043360189  28096
0.7781512503836436  26096
0.8450980400142568  27692
0.9030899869919435  28436
0.9542425094393249  27605
1.0  27301
1.0413926851582251  25032
1.0791812460476249  28357
1.1139433523068367  28668
1.146128035678238  26875
1.1760912590556813  27055
1.2041199826559248  28210
1.2304489213782739  28512
1.255272505103306  27287
1.2787536009528289  26530
1.3010299956639813  26906
1.3222192947339193  27279
1.3424226808222062  28552
1.3617278360175928  26131
1.380211241711606  28624
1.3979400086720377  26821
1.414973347970818  27482
1.4313637641589874  24407
1.4471580313422192  28211
1.462397997898956  27443
1.4771212547196624  29305
1.4913616938342726  26019
1.505149978319906  26732
1.5185139398778875  23811
1.5314789170422551  21910
1.5440680443502757  21887
1.5563025007672873  19427
1.568201724066995  17100
1.5797835966168101  13749
1.591064607026499  12965
1.6020599913279623  11400
1.6127838567197355  10864
1.6232492903979006  10620
1.6334684555795864  9538
1.6434526764861874  9459
1.6532125137753437  9494
1.662757831681574  9856
1.6720978579357175  9352
1.6812412373755872  9143
1.6901960800285136  9437
1.6989700043360187  9579
1.7075701760979363  10047
1.7160033436347992  9435
1.724275869600789  9300
1.7323937598229686  10234
1.7403626894942439  9689
1.7481880270062005  9241
1.7558748556724915  9717
1.7634279935629373  9552
1.7708520116421442  9575
1.7781512503836436  9094
1.7853298350107671  10351
1.792391689498254  9583
1.7993405494535817  9830
1.806179973983887  9101
1.8129133566428555  9617
1.8195439355418688  8681
1.8260748027008264  9961
1.8325089127062364  9812
1.8388490907372552  10065
1.845098040014257  9581
1.8512583487190752  9451
1.8573324964312685  9416
1.863322860120456  9727
1.8692317197309762  9717
1.8750612633917  10010
1.8808135922807914  9262
1.8864907251724818  10116
1.8920946026904804  9754
1.8976270912904414  9605
1.9030899869919435  9066
1.9084850188786497  8562
1.9138138523837167  9396
1.919078092376074  8866
1.9242792860618816  9767
1.9294189257142926  9339
1.9344984512435677  9618
1.9395192526186185  9406
1.9444826721501687  9221
1.9493900066449128  9119
1.954242509439325  10197
1.9590413923210936  9946
1.9637878273455553  9332
1.968482948553935  9809
1.9731278535996986  9510
1.9777236052888478  9614
1.9822712330395684  9967
1.9867717342662448  8873
1.9912260756924949  9964
1.99563519459755  9771
2.0  10001
2.0043213737826426  10720
2.0086001717619175  8536
2.012837224705172  8901
2.0170333392987803  9304
2.0211892990699383  9294
2.0253058652647704  9127
2.0293837776852097  8366
2.03342375548695  9986
2.037426497940624  9281
2.041392685158225  8560
2.0453229787866576  9431
2.0492180226701815  9603
2.0530784434834195  9015
2.0569048513364727  9460
2.060697840353612  9587
2.0644579892269186  10214
2.0681858617461617  9759
2.0718820073061255  10167
2.0755469613925306  10083
2.0791812460476247  9843
2.0827853703164503  9002
2.0863598306747484  8700
2.089905111439398  9941
2.093421685162235  9351
2.0969100130080562  9756
2.100370545117563  8739
2.103803720955957  9426
2.1072099696478683  10722
2.110589710299249  9454
2.113943352306837  7770
2.1172712956557644  9674
2.12057393120585  9288
2.123851640967086  8975
2.1271047983648077  9293
2.130333768495006  9169
2.1335389083702174  10672
2.1367205671564067  9812
2.1398790864012365  9931
2.143014800254095  8966
2.146128035678238  8997
2.1492191126553797  10378
2.1522883443830563  9984
2.155336037465062  8627
2.1583624920952498  9371
2.161368002234975  8691
2.164352855784437  9381
2.167317334748176  9055
2.1702617153949575  8413
2.173186268412274  9270
2.1760912590556813  8711
2.1789769472931693  9046
2.1818435879447726  9758
2.184691430817599  9931
2.187520720836463  8388
2.1903316981702914  9085
2.1931245983544616  9058
2.1958996524092336  9759
2.1986570869544226  9457
2.2013971243204513  8804
2.2041199826559246  10211
2.2068258760318495  8890
2.2095150145426308  9068
2.2121876044039577  9768
2.214843848047698  9323
2.2174839442139063  9674
2.220108088040055  9241
2.2227164711475833  9975
2.225309281725863  9013
2.2278867046136734  8836
2.230448921378274  8793
2.2329961103921536  9153
2.2355284469075487  9731
2.2380461031287955  9574
2.2405492482826  9165
2.2430380486862944  8713
2.24551266781415  9230
2.247973266361807  10746
2.250420002308894  8660
2.2528530309798933  8676
2.255272505103306  8944
2.2576785748691846  9804
2.2600713879850747  9510
2.2624510897304293  9393
2.2648178230095364  9151
2.2671717284030137  9690
2.2695129442179165  9643
2.271841606536499  9360
2.27415784926368  8366
2.2764618041732443  9741
2.278753600952829  9046
2.2810333672477277  8950
2.2833012287035497  9281
2.285557309007774  8967
2.287801729930226  9691
2.290034611362518  8922
2.292256071356476  9381
2.294466226161593  8516
2.296665190261531  9348
2.298853076409707  9048
2.3010299956639813  9459
2.303196057420489  10037
2.305351369446624  9581
2.307496037913213  9976
2.3096301674258988  9196
2.311753861055754  10203
2.3138672203691533  8939
2.315970345456918  8992
2.3180633349627615  9961
2.3201462861110542  9081
2.322219294733919  9177
2.3242824552976926  9916
2.326335860928751  9024
2.3283796034387376  9164
2.330413773349191  9736
2.3324384599156054  9570
2.3344537511509307  7892
2.3364597338485296  9432
2.3384564936046046  9225
2.3404441148401185  10141
2.342422680822206  9099
2.3443922736851106  9145
2.346352974450639  8943
2.3483048630481607  9100
2.3502480183341627  9596
2.3521825181113627  9115
2.3541084391474008  9435
2.3560258571931225  8622
2.357934847000454  9976
2.359835482339888  9107
2.361727836017593  9150
2.3636119798921444  9606
2.3654879848909  9725
2.367355921026019  9732
2.369215857410143  9112
2.3710678622717363  8548
2.3729120029701067  9653
2.374748346010104  9646
2.376576957056512  9404
2.3783979009481375  9572
2.380211241711606  9577
2.3820170425748683  9980
2.383815365980431  9736
2.385606273598312  9573
2.387389826338729  9877
2.3891660843645326  10304
2.3909351071033793  9238
2.392696953259666  8977
2.3944516808262164  9957
2.3961993470957363  8866
2.3979400086720375  10517
2.399673721481038  9641
2.401400540781544  8934
2.403120521175818  9581
2.404833716619938  10065
2.406540180433955  9914
2.4082399653118496  9931
2.4099331233312946  9991
2.41161970596323  9004
2.413299764081252  10166
2.4149733479708178  10417
2.416640507338281  8734
2.4183012913197452  9620
2.419955748489758  9595
2.4216039268698313  9722
2.423245873936808  8689
2.424881636631067  9141
2.4265112613645754  8905
2.428134794028789  9868
2.429752280002408  9563
2.4313637641589874  8442
2.432969290874406  10263
2.4345689040341987  10793
2.436162647040756  9449
2.437750562820388  10087
2.439332693830263  9722
2.4409090820652177  10408
2.4424797690644486  9149
2.444044795918076  9389
2.4456042032735974  8240
2.4471580313422194  9852
2.44870631990508  8811
2.450249108319361  9231
2.45178643552429  8553
2.4533183400470375  9863
2.45484486000851  9875
2.456366033129043  8815
2.4578818967339924  9056
2.459392487759231  9507
2.4608978427565478  8632
2.462397997898956  10005
2.4638929889859074  9912
2.4653828514484184  9135
2.4668676203541096  9276
2.4683473304121573  9171
2.469822015978163  9693
2.4712917110589387  9925
2.4727564493172123  9929
2.4742162640762553  8854
2.4756711883244296  10100
2.4771212547196626  8722
2.4785664955938436  8960
2.4800069429571505  9068
2.481442628502305  9231
2.482873583608754  9509
2.484299839346786  8492
2.48572142648158  9000
2.4871383754771865  9598
2.4885507165004443  9824
2.4899584794248346  9690
2.4913616938342726  9621
2.4927603890268375  9300
2.494154594018443  9754
2.4955443375464483  9843
2.496929648073215  8993
2.4983105537896004  8387
2.499687082618404  9501
2.5010592622177517  9557
2.5024271199844326  9949
2.503790683057181  8636
2.505149978319906  9203
2.506505032404872  9017
2.507855871695831  9303
2.509202522331103  8199
2.510545010206612  7657
2.5118833609788744  8980
2.513217600067939  9058
2.514547752660286  9156
2.515873843711679  8803
2.5171958979499744  9637
2.5185139398778875  9839
2.519827993775719  8868
2.5211380837040362  8772
2.5224442335063197  8592
2.5237464668115646  8907
2.525044807036845  9063
2.526339277389844  8636
2.5276299008713385  8911
2.5289167002776547  9641
2.530199698203082  9775
2.531478917042255  8950
2.5327543789924976  8870
2.534026106056135  9704
2.5352941200427703  9195
2.53655844257153  9657
2.537819095073274  9309
2.5390760987927767  8611
2.5403294747908736  10516
2.5415792439465807  9147
2.5428254269591797  9179
2.5440680443502757  9184
2.545307116465824  10057
2.546542663478131  9493
2.5477747053878224  9092
2.5490032620257876  9872
2.550228353055094  9460
2.5514499979728753  8944
2.552668216112193  8343
2.5538830266438746  9564
2.5550944485783194  9486
2.5563025007672873  9092
2.5575072019056577  10899
2.558708570533166  9625
2.5599066250361124  9816
2.561101383649056  9484
2.5622928644564746  10117
2.5634810853944106  9124
2.5646660642520893  10558
2.5658478186735176  9760
2.56702636615906  8618
2.568201724066995  9317
2.569373909615046  9958
2.5705429398818973  10109
2.571708831808688  8844
2.5728716022004803  10727
2.574031267727719  9010
2.575187844927661  9156
2.576341350205793  9356
2.5774917998372255  10089
2.578639209968072  9769
2.57978359661681  9305
2.5809249756756194  9003
2.582063362911709  9804
2.583198773968623  8639
2.584331224367531  9115
2.5854607295085006  8846
2.586587304671755  9128
2.5877109650189114  8792
2.5888317255942073  8375
2.5899496013257077  9339
2.591064607026499  8880
2.5921767573958667  9054
2.593286067020457  9818
2.5943925503754266  8682
2.595496221825574  9372
2.59659709562646  8797
2.597695185925512  10703
2.598790506763115  9174
2.5998830720736876  9034
2.6009728956867484  10496
2.6020599913279625  9158
2.603144372620182  8715
2.60422605308447  9446
2.6053050461411096  9531
2.606381365110605  9674
2.6074550232146687  10342
2.6085260335771943  8773
2.60959440922522  9125
2.61066016308988  9153
2.611723308007342  10583
2.6127838567197355  10504
2.6138418218760693  9031
2.6148972160331345  9203
2.615950051656401  8514
2.617000341120899  9658
2.6180480967120925  9401
2.6190933306267428  9661
2.6201360549737576  9184
2.621176281775035  10487
2.622214022966295  8450
2.6232492903979003  10270
2.6242820958356683  8913
2.625312450961674  8332
2.6263403673750423  9673
2.6273658565927325  8504
2.6283889300503116  9359
2.629409599102719  10064
2.630427875025024  9452
2.6314437690131722  9384
2.6324572921847245  10245
2.6334684555795866  9779
2.6344772701607315  9143
2.635483746814912  9837
2.6364878963533656  8333
2.637489729512511  8752
2.6384892569546374  9402
2.639486489268586  10233
2.640481436970422  9202
2.6414741105040997  9709
2.6424645202421213  8788
2.6434526764861874  9385
2.6444385894678386  9113
2.645422269349092  10073
2.6464037262230695  8979
2.6473829701146196  9146
2.6483600109809315  8680
2.649334858712142  9312
2.6503075231319366  8830
2.651278013998144  9214
2.6522463410033232  9547
2.6532125137753435  9537
2.6541765418779604  9649
2.655138434811382  8290
2.656098202012832  8161
2.6570558528571038  10187
2.6580113966571126  8163
2.658964842664435  9703
2.6599162000698504  9924
2.660865478003869  9296
2.661812685537261  10927
2.662757831681574  9809
2.663700925389648  9013
2.6646419755561257  9527
2.6655809910179533  9255
2.6665179805548807  10420
2.667452952889954  9691
2.66838591669  9973
2.6693168805661123  9188
2.670245853074124  8674
2.6711728427150834  9735
2.6720978579357175  9516
2.673020907128896  10756
2.673941998634088  8114
2.6748611407378116  9280
2.6757783416740852  8194
2.6766936096248664  8955
2.677606952720493  9541
2.678518379040114  9314
2.6794278966121188  9423
2.680335513414563  8584
2.681241237375587  8966
2.682145076373832  10277
2.6830470382388496  9978
2.683947130751512  8137
2.6848453616444123  10232
2.6857417386022635  9382
2.6866362692622934  9030
2.6875289612146345  10103
2.6884198220027105  9076
2.6893088591236203  9167
2.690196080028514  9371
2.6910814921229687  8910
2.69196510276736  9170
2.69284691927723  9737
2.693726948923647  9587
2.694605198933569  10301
2.6954816764901977  9734
2.696356388733332  10337
2.6972293427597176  10204
2.6981005456233897  9651
2.6989700043360187  8841
2.699837725867246  9254
2.7007037171450192  9234
2.7015679850559273  9439
2.7024305364455254  9052
2.7032913781186614  9362
2.7041505168397992  8926
2.705007959333336  9239
2.7058637122839193  9791
2.7067177823367587  8420
2.7075701760979363  9529
2.708420900134713  9809
2.709269960975831  9379
2.7101173651118162  10222
2.710963118995276  10199
2.711807229041191  9809
2.7126497016272113  9596
2.7134905430939424  9805
2.714329759745233  9392
2.7151673578484576  9239
2.716003343634799  8953
2.7168377232995247  9948
2.717670503002262  8995
2.718501688867274  8706
2.7193312869837265  8725
2.720159303405957  9012
2.7209857441537393  8585
2.7218106152125467  9051
2.722633922533812  8652
2.7234556720351857  9875
2.724275869600789  10139
2.725094521081469  9192
2.7259116322950483  9300
2.7267272090265724  8875
2.727541257028556  9964
2.7283537820212285  8614
2.72916478969277  7868
2.7299742856995555  9305
2.7307822756663893  9572
2.7315887651867388  10411
2.7323937598229686  8862
2.7331972651065692  8847
2.733999286538387  8947
2.734799829588847  9193
2.73559889969818  9550
2.7363965022766426  9808
2.7371926427047373  8849
2.737987326333431  8454
2.738780558484369  9697
2.739572344450092  8981
2.7403626894942437  8687
2.741151598851785  8993
2.741939077729199  9240
2.7427251313046983  9615
2.74350976472843  8692
2.7442929831226763  8945
2.7450747915820575  9854
2.745855195173729  10085
2.7466341989375787  8984
2.747411807886423  9480
2.7481880270062002  9170
2.7489628612561616  10135
2.749736315569061  9569
2.7505083948513462  10178
2.751279103983342  9572
2.7520484478194387  9409
2.7528164311882715  9083
2.7535830588929064  8974
2.754348335711019  9700
2.7551122663950713  8637
2.7558748556724915  8646
2.756636108245848  9771
2.7573960287930244  7951
2.75815462196739  9058
2.7589118923979736  10998
2.7596678446896306  10142
2.760422483423212  9344
2.7611758131557314  10179
2.761927838420529  8928
2.762678563727436  8656
2.7634279935629373  9977
2.7641761323903307  9720
2.7649229846498886  8754
2.765668554759014  8316
2.7664128471123997  8893
2.7671558660821804  9164
2.767897616018091  9408
2.7686381012476144  9720
2.7693773260761385  10325
2.7701152947871015  9953
2.7708520116421442  8696
2.7715874808812555  9586
2.77232170672292  9426
2.7730546933642626  8621
2.7737864449811935  10273
2.7745169657285498  9708
2.7752462597402365  8636
2.775974331129369  9568
2.776701183988411  8649
2.7774268223893115  8856
2.7781512503836434  9449
2.7788744720027396  9260
2.7795964912578244  9054
2.780317312140151  9686
2.7810369386211318  8774
2.781755374652469  9707
2.782472624166286  9193
2.7831886910752575  9340
2.783903579272735  8726
2.784617292632875  9224
2.785329835010767  10197
2.786041210242554  8689
2.7867514221455614  9421
2.787460474518415  8404
2.788168371141168  9086
2.788875115775417  9599
2.7895807121644256  9649
2.7902851640332416  10494
2.790988475088816  9843
2.791690649020118  9475
2.792391689498254  8842
2.79309160017658  8751
2.7937903846908188  9206
2.7944880466591697  10186
2.795184589682424  8383
2.7958800173440754  8622
2.7965743332104296  9875
2.7972675408307164  9271
2.797959643737196  8911
2.798650645445269  9710
2.7993405494535817  9039
2.8000293592441343  9155
2.800717078282385  9134
2.801403710017355  10736
2.802089257881733  9639
2.8027737252919755  8650
2.803457115648414  9370
2.8041394323353503  10078
2.8048206787211623  9842
2.8055008581584002  9162
2.806179973983887  10145
2.8068580295188172  8620
2.807535028068853  9784
2.808210972924222  8872
2.808885867359812  9235
2.8095597146352675  10397
2.8102325179950842  9343
2.8109042806687006  9127
2.8115750058705933  10035
2.812244696800369  8846
2.8129133566428557  9506
2.813580988568192  8511
2.81424759573192  10378
2.814913181275074  8331
2.815577748324267  8457
2.816241299991783  8680
2.8169038393756605  10129
2.8175653695597807  9163
2.8182258936139557  9555
2.8188854145940097  10083
2.8195439355418688  10356
2.82020145948564  10289
2.8208579894397  9611
2.821513528404773  8919
2.8221680793680175  9115
2.8228216453031045  10742
2.823474229170301  8842
2.824125833916549  9843
2.824776462475546  9531
2.8254261177678233  8570
2.8260748027008264  9818
2.826722520168992  9083
2.8273692730538253  9457
2.828015064223977  9305
2.82865989653532  9650
2.829303772831025  9323
2.829946695941636  8911
2.8305886686851442  9574
2.8312296938670634  8654
2.8318697742805017  9682
2.832508912706236  8906
2.833147111912785  8501
2.833784374656479  9112
2.8344207036815328  10350
2.835056101720116  8577
2.8356905714924254  9922
2.8363241157067516  8661
2.8369567370595505  9809
2.837588438235511  8713
2.8382192219076257  10309
2.838849090737255  9183
2.8394780473741985  9169
2.840106094456758  9385
2.8407332346118066  8406
2.841359470454855  10656
2.8419848045901137  8861
2.842609239610562  9483
2.8432327780980096  9908
2.843855422623161  9446
2.8444771757456815  9822
2.845098040014257  8799
2.8457180179666586  9554
2.846337112129805  9058
2.846955325019824  9165
2.847572659142112  8876
2.848189116991399  10211
2.8488047010518036  9082
2.8494194137968996  9190
2.850033257689769  8419
2.8506462351830666  9232
2.8512583487190755  9848
2.851869600729766  9536
2.8524799936368566  8840
2.8530895298518657  9763
2.8536982117761744  9319
2.8543060418010806  8459
2.8549130223078554  9420
2.8555191556678  9603
2.8561244442423  9926
2.8567288903828825  10047
2.8573324964312685  9105
2.857935264719429  10025
2.858537197569639  9730
2.859138297294531  9663
2.859738566197147  7976
2.8603380065709936  10172
2.8609366207000937  9493
2.8615344108590377  10063
2.862131379313037  8713
2.8627275283179747  8549
2.863322860120456  9716
2.8639173769578603  9358
2.864511081058392  9144
2.8651039746411278  10023
2.8656960599160706  8561
2.8662873390841948  9705
2.866877814337499  9226
2.8674674878590514  9564
2.8680563618230415  9574
2.8686444383948255  8238
2.8692317197309762  8989
2.869818207979328  9612
2.870403905279027  8882
2.8709888137605755  9827
2.8715729355458786  9125
2.8721562727482928  8973
2.8727388274726686  8727
2.873320601815399  10517
2.8739015978644615  9126
2.8744818176994666  9067
2.8750612633917  8811
2.8756399370041685  8451
2.876217840591642  9393
2.8767949762007006  9882
2.877371345869774  10549
2.8779469516291885  9446
2.8785217955012063  9223
2.8790958795000727  10148
2.8796692056320534  9374
2.88024177589548  9269
2.8808135922807914  9896
2.8813846567705728  9168
2.8819549713396007  9576
2.8825245379548803  9275
2.8830933585756897  9232
2.8836614351536176  10022
2.884228769632604  8596
2.884795363948981  9668
2.885361220031512  9994
2.885926339801431  9873
2.886490725172482  9951
2.8870543780509568  8461
2.887617300335736  8427
2.888179493918325  9224
2.8887409606828927  9479
2.88930170250631  8662
2.8898617212581885  9240
2.890421018800914  9781
2.890979596989689  10367
2.8915374576725643  9178
2.8920946026904804  8947
2.8926510338773004  9962
2.893206753059848  10543
2.8937617620579434  8656
2.8943160626844384  9721
2.8948696567452528  9914
2.895422546039408  10027
2.8959747323590648  8679
2.8965262174895554  8932
2.89707700320942  9513
2.8976270912904414  9645
2.8981764834976764  10290
2.8987251815894934  9504
2.8992731873176036  9084
2.8998205024270964  9618
2.9003671286564705  10013
2.900913067737669  8848
2.9014583213961123  9375
2.9020028913507296  10024
2.902546779313991  7984
2.9030899869919438  9824
2.9036325160842376  9479
2.9041743682841634  9423
2.904715545278681  10466
2.905256048748451  9285
2.9057958803678687  11035
2.906335041805091  9207
2.90687353472207  9707
2.907411360774586  9819
2.9079485216122722  8620
2.90848501887865  9338
2.909020854211156  9401
2.9095560292411755  8778
2.910090545594068  9837
2.910624404889201  8687
2.9111576087399764  10598
2.9116901587538613  9385
2.9122220565324155  9509
2.912753303671323  9962
2.9132839017604186  9624
2.9138138523837167  9551
2.9143431571194407  8700
2.9148718175400505  9986
2.91539983521227  8911
2.9159272116971158  9273
2.916453948549925  9413
2.9169800473203824  8985
2.9175055095525466  9050
2.9180303367848803  9671
2.9185545305502734  9421
2.9190780923760737  9759
2.919601023784111  9658
2.920123326290724  8704
2.9206450014067875  10077
2.921166050637739  9554
2.921686475483602  8470
2.9222062774390163  9010
2.92272545799326  10679
2.9232440186302764  9379
2.9237619608287004  9639
2.9242792860618816  8746
2.924795995797912  8754
2.9253120914996495  9532
2.9258275746247424  9360
2.926342446625655  9794
2.926856708949692  9608
2.9273703630390235  8831
2.9278834103307068  8210
2.9283958522567137  10058
2.928907690243953  9308
2.929418925714293  9181
2.929929560084588  10225
2.9304395947667  9726
2.930949031167523  8695
2.931457870689005  9150
2.931966114728173  9606
2.932473764677153  8400
2.932980821923198  9225
2.9334872878487053  8900
2.9339931638312424  8985
2.934498451243568  9375
2.935003151453655  10263
2.9355072658247128  9688
2.9360107957152097  9540
2.936513742478893  8724
2.9370161074648142  9836
2.937517892017347  8634
2.9380190974762104  8621
2.938519725176492  9368
2.9390197764486663  8734
2.9395192526186187  8858
2.9400181550076634  9160
2.940516484932567  9189
2.9410142437055695  9706
2.941511432634403  9148
2.942008053022313  8221
2.9425041061680806  9962
2.9429995933660407  9753
2.9434945159061026  9132
2.9439888750737717  9134
2.9444826721501687  9064
2.9449759084120477  10666
2.94546858513182  9428
2.9459607035775686  9305
2.946452265013073  8930
2.9469432706978256  9950
2.9474337218870508  9060
2.9479236198317262  10829
2.948412965778601  9561
2.9489017609702137  9192
2.949390006644913  9856
2.949877704036875  10145
2.950364854376123  9394
2.9508514588885464  10507
2.951337518795918  9099
2.951823035315912  9245
2.9523080096621253  9184
2.952792443044092  9517
2.9532763366673045  9325
2.9537596917332287  9173
2.9542425094393248  9400
2.954724790979063  9003
2.9552065375419416  9652
2.9556877503135057  9043
2.9561684304753633  9823
2.9566485792052033  8821
2.957128197676813  8927
2.957607287060095  9545
2.958085848521085  9920
2.9585638832219674  8572
2.9590413923210934  9923
2.9595183769729982  9074
2.959994838328416  10110
2.960470777534299  9767
2.960946195733831  8617
2.9614210940664485  10272
2.9618954736678504  10107
2.962369335670021  10296
2.9628426812012423  10306
2.9633155113861114  8932
2.963787827345555  9127
2.964259630196849  9364
2.9647309210536292  9007
2.965201701025912  8974
2.9656719712201065  9717
2.9661417327390325  8439
2.966610986681934  8725
2.967079734144497  8588
2.967547976218862  8882
2.968015713993642  9409
2.9684829485539352  9170
2.9689496809813427  9442
2.9694159123539814  9012
2.9698816437465  9463
2.9703468762300935  9682
2.9708116108725178  9641
2.971275848738105  9141
2.971739590887778  9077
2.9722028383790646  9969
2.972665592266111  9386
2.9731278535996988  8609
2.973589623427257  9190
2.9740509027928774  9343
2.9745116927373285  9319
2.974971994298069  9842
2.975431808509263  8736
2.975891136401793  9172
2.9763499790032735  8865
2.976808337338066  9612
2.977266212427293  10215
2.9777236052888476  9142
2.978180516937414  9761
2.9786369483844743  8736
2.979092900638326  9614
2.979548374704095  8825
2.9800033715837464  9520
2.9804578922761  8987
2.9809119377768436  8976
2.9813655090785445  9442
2.9818186071706636  10237
2.9822712330395684  9164
2.9827233876685453  8988
2.983175072037813  9410
2.9836262871245345  8913
2.984077033902831  9795
2.9845273133437926  9453
2.9849771264154934  9408
2.9854264740830017  8840
2.9858753573083936  9662
2.986323777050765  9013
2.9867717342662448  9123
2.9872192299080047  9537
2.9876662649262746  10409
2.988112840268352  10026
2.9885589568786157  10240
2.989004615698537  9612
2.9894498176666917  8944
2.989894563718773  8818
2.9903388547876015  9058
2.9907826918031377  9232
2.9912260756924947  9515
2.9916690073799486  10464
2.9921114877869495  10278
2.9925535178321354  9094
2.9929950984313414  9685
2.9934362304976116  9151
2.993876914941211  9895
2.9943171526696366  9112
2.9947569445876283  9856
2.9951962915971793  8346
2.99563519459755  9628
2.9960736544852753  9393
2.9965116721541785  9263
2.996949248495381  9222
2.997386384397313  8347
2.9978230807457256  9543
2.998259338423699  8761
2.998695158311656  10116
2.999130541287371  9623
2.9995654882259823  8651
3.0  8581
3.000434077479319  8441
3.0008677215312267  9842
3.0013009330204183  9065
3.0017337128090005  8986
3.002166061756508  10248
3.0025979807199086  9791
3.003029470553618  9494
3.0034605321095067  9596
3.0038911662369103  9421
3.0043213737826426  9430
3.004751155591001  10248
3.0051805125037805  8897
3.0056094453602804  9923
3.0060379549973173  8734
3.0064660422492318  9747
3.0068937079479006  9147
3.0073209529227447  10442
3.00774777800074  8665
3.0081741840064264  10800
3.0086001717619175  10305
3.0090257420869104  9203
3.009450895798694  9268
3.00987563371216  8739
3.010299956639812  9740
3.010723865391773  9299
3.0111473607757975  8980
3.0115704435972783  9535
3.011993114659257  8648
3.012415374762433  9329
3.012837224705172  9816
3.0132586652835167  9693
3.0136796972911926  9962
3.0141003215196207  9796
3.0145205387579237  10083
3.0149403497929366  9036
3.0153597554092144  9738
3.015778756389041  9250
3.016197353512439  9931
3.016615547557177  9100
3.0170333392987803  9589
3.017450729510536  10974
3.0178677189635055  9615
3.018284308426531  8727
3.0187004986662433  9791
3.019116290447073  10135
3.0195316845312554  8365
3.0199466816788423  8451
3.0203612826477078  9050
3.020775488193558  8866
3.0211892990699383  8654
3.021602716028242  9439
3.02201573981772  9321
3.0224283711854865  8887
3.022840610876528  9366
3.0232524596337114  9120
3.0236639181977933  9170
3.024074987307426  9793
3.024485667699167  10060
3.024895960107485  9074
3.0253058652647704  9282
3.025715383901341  9599
3.0261245167454502  10853
3.0265332645232967  8778
3.0269416279590295  9302
3.0273496077747564  9293
3.0277572046905536  8822
3.0281644194244697  9592
3.0285712526925375  8926
3.028977705208778  9166
3.0293837776852097  8526
3.029789470831856  10376
3.030194785356751  9012
3.030599721965951  10180
3.0310042813635367  10742
3.031408464251624  9124
3.0318122713303706  8360
3.0322157032979815  8780
3.03261876085072  9053
3.0330214446829107  9347
3.03342375548695  10165
3.03382569395331  9690
3.0342272607705505  9746
3.0346284566253203  9252
3.0350292822023683  8881
3.0354297381845483  9383
3.035829825252828  9433
3.0362295440862948  10195
3.036628895362161  8760
3.037027879755775  9624
3.037426497940624  9476
3.037824750588342  10034
3.0382226383687185  9366
3.038620161949703  10195
3.039017321997412  9311
3.0394141191761372  8564
3.0398105541483504  8364
3.0402066275747113  9311
3.040602340114073  9456
3.0409976924234905  8933
3.041392685158225  8883
3.041787318971752  10833
3.042181594515766  9656
3.0425755124401905  8927
3.0429690733931802  9954
3.0433622780211294  9634
3.0437551269686796  9547
3.044147620878723  9267
3.044539760392411  8570
3.04493154614916  9033
3.0453229787866576  9495
3.0457140589408676  9374
3.0461047872460387  9328
3.0464951643347082  8890
3.04688519083771  9896
3.0472748673841794  9244
3.04766419460156  8558
3.048053173115609  10241
3.0484418035504044  8419
3.04883008652835  9337
3.0492180226701815  9661
3.049605612594973  9888
3.0499928569201424  8829
3.050379756261458  9032
3.0507663112330423  8280
3.0511525224473814  7873
3.0515383905153275  9672
3.0519239160461065  9518
3.0523090996473234  9884
3.052693941924968  8806
3.0530784434834195  9382
3.053462604925455  9497
3.0538464268522527  8407
3.0542299098633974  10092
3.0546130545568877  8641
3.0549958615291417  10090
3.055378331375  8643
3.0557604646877348  9877
3.056142262059052  10169
3.0565237240791006  10407
3.0569048513364727  8523
3.0572856444182146  9650
3.0576661039098294  10334
3.0580462303952816  8984
3.058426024457005  9255
3.0588054866759067  9561
3.059184617631371  8760
3.0595634179012676  9898
3.059941888061955  10278
3.060320028688285  8831
3.060697840353612  9794
3.0610753236297916  8758
3.061452479087193  9911
3.061829307294699  9934
3.0622058088197126  8909
3.062581984228163  8570
3.0629578340845103  9127
3.0633333589517497  9315
3.0637085593914173  9518
3.064083435963596  9666
3.0644579892269186  10115
3.064832219738574  8418
3.065206128054312  8915
3.0655797147284485  11092
3.06595298031387  9729
3.0663259253620376  9289
3.0666985504229953  8785
3.0670708560453703  9734
3.0674428427763805  8970
3.0678145111618402  9250
3.0681858617461617  8554
3.068556895072363  9736
3.068927611682072  8461
3.0692980121155293  9232
3.0696680969115957  9389
3.070037866607755  9168
3.0704073217401198  9824
3.0707764628434346  9524
3.0711452904510828  9109
3.071513805095089  9553
3.0718820073061255  9845
3.072249897613515  9965
3.0726174765452368  8062
3.0729847446279304  9353
3.073351702386901  8907
3.0737183503461227  10612
3.074084689028244  9123
3.074450718954591  9964
3.074816440645175  9860
3.0751818546186915  9112
3.0755469613925306  9840
3.0759117614827773  8424
3.076276255404218  8291
3.076640443670342  8962
3.0770043267933502  10044
3.0773679052841563  9107
3.077731179652392  11021
3.0780941504064105  9234
3.0784568180532927  9508
3.0788191830988487  9577
3.0791812460476247  9360
3.079543007402906  9309
3.079904467666721  9154
3.0802656273398448  9412
3.0806264869218056  8944
3.080987046910887  8397
3.0813473078041325  9679
3.081707270097349  9755
3.082066934285113  9524
3.0824263008607717  8826
3.0827853703164503  9607
3.0831441431430524  8819
3.0835026198302673  7924
3.083860800866573  10205
3.0842186867392387  8833
3.084576277934331  9671
3.084933574936716  9461
3.085290578230065  9430
3.0856472882968564  9580
3.0860037056183818  8698
3.0863598306747484  10029
3.0867156639448825  8222
3.0870712059065353  9488
3.0874264570362855  10299
3.087781417809542  9943
3.0881360887005513  8972
3.0884904701823963  9768
3.088844562727004  9404
3.089198366805149  9040
3.089551882886454  9242
3.089905111439398  9533
3.090258052931316  9588
3.090610707828407  10287
3.0909630765957314  9499
3.091315159697223  8864
3.0916669575956846  9751
3.092018470752797  10515
3.0923696996291206  9473
3.0927206446840994  9420
3.0930713063760633  10561
3.093421685162235  8996
3.09377178149873  8833
3.0941215958405612  9349
3.094471128641645  9754
3.0948203803548  9613
3.095169351431755  9169
3.095518042323151  9772
3.0958664534785427  9820
3.0962145853464054  9313
3.0965624383741357  8461
3.0969100130080562  9141
3.09725730969342  10210
3.097604328874411  9624
3.09795107099415  9935
3.0982975364946976  9894
3.098643725817057  9637
3.0989896394011773  9325
3.0993352776859577  8760
3.09968064110925  9369
3.1000257301078626  8531
3.100370545117563  8751
3.1007150865730817  8916
3.1010593549081156  8530
3.101403350555331  8977
3.1017470739463664  9419
3.1020905255118367  8787
3.1024337056813365  8844
3.1027766148834415  9085
3.1031192535457137  9888
3.103461622094705  10355
3.103803720955957  9644
3.104145550554008  9812
3.104487111312395  8436
3.1048284036536553  9690
3.1051694279993316  9042
3.1055101847699738  9634
3.1058506743851435  9455
3.1061908972634154  9211
3.1065308538223815  9293
3.106870544478654  8860
3.1072099696478683  9935
3.1075491297446862  8880
3.1078880251827985  9118
3.1082266563749283  9578
3.1085650237328344  9637
3.1089031276673134  9909
3.109240968588203  8410
3.1095785469043866  9233
3.1099158630237933  10075
3.110252917353403  9916
3.110589710299249  9865
3.1109262422664203  9472
3.1112625136590655  8782
3.111598524880394  9133
3.1119342763326814  10153
3.1122697684172707  10111
3.1126050015345745  9287
3.11293997608408  10008
3.1132746924643504  9844
3.1136091510730277  9076
3.113943352306837  9534
3.1142772965615864  8601
3.114610984232173  8487
3.1149444157125847  9967
3.1152775913959014  8969
3.1156105116742996  9345
3.115943176939055  9024
3.116275587580544  9002
3.1166077439882485  8818
3.116939646550756  10560
3.1172712956557644  9393
3.117602691690084  9445
3.1179338350396413  9295
3.118264726089479  10589
3.118595365223762  9346
3.1189257528257768  9275
3.1192558892779365  9050
3.119585774961784  9605
3.119915410257991  9259
3.1202447955463652  9149
3.12057393120585  9488
3.1209028176145273  9757
3.1212314551496214  9387
3.1215598441875008  8950
3.121887985103681  9261
3.1222158782728267  9118
3.1225435240687545  10035
3.1228709228644354  9226
3.1231980750319988  9520
3.123524980942732  9565
3.123851640967086  9059
3.124178055474675  10289
3.1245042248342823  9111
3.1248301494138593  9927
3.12515582958053  9672
3.125481265700594  9529
3.125806458139527  10359
3.1261314072619846  10384
3.1264561134318045  8525
3.126780577012009  9073
3.1271047983648077  8858
3.127428777851599  9803
3.1277525158329733  9136
3.1280760126687155  9594
3.1283992687178066  9398
3.128722284338427  10304
3.1290450598879582  9074
3.1293675957229854  9584
3.129689892199301  8849
3.1300119496719043  9534
3.130333768495006  9317
3.130655349022031  8696
3.130976691605617  8546
3.131297796597623  8984
3.1316186643491255  9509
3.1319392952104246  8955
3.1322596895310446  9390
3.132579847659737  9655
3.132899769944483  9052
3.1332194567324945  8880
3.1335389083702174  8902
3.133858125203335  9142
3.1341771075767664  8845
3.1344958558346736  9325
3.13481437032046  9009
3.1351326513767748  8958
3.1354506993455136  8591
3.1357685145678222  9181
3.1360860973840974  9337
3.13640344813399  9390
3.1367205671564067  8687
3.1370374547895126  10348
3.137354111370733  9356
3.137670537236755  9801
3.137986732723532  9257
3.1383026981662816  9751
3.1386184338994925  8318
3.1389339402569236  10441
3.139249217571607  9156
3.13956426617585  8466
3.1398790864012365  9402
3.140193678578631  9940
3.1405080430381798  9329
3.1408221801093106  10675
3.141136090120739  8726
3.1414497734004674  8569
3.141763230275788  8887
3.1420764610732848  9545
3.142389466118836  10500
3.1427022457376155  8844
3.143014800254095  8449
3.143327129992046  8827
3.1436392352745433  9536
3.1439511164239633  9528
3.144262773761991  9952
3.144574207609616  9973
3.144885418287142  9657
3.1451964061141817  10098
3.1455071714096627  8918
3.1458177144918276  9129
3.146128035678238  9341
3.1464381352857744  9065
3.14674801363064  9094
3.1470576710283598  8759
3.1473671077937864  9470
3.1476763242410986  9857
3.147985320683805  9576
3.1482940974347455  8893
3.1486026548060932  8997
3.1489109931093564  9861
3.1492191126553797  10160
3.149527013754348  9250
3.149834696715785  9444
3.1501421618485588  9172
3.150449409460881  9860
3.150756439860309  9383
3.15106325335375  9323
3.1513698502474603  8916
3.151676230847048  8794
3.151982395457474  9583
3.1522883443830563  8829
3.15259407792747  10039
3.1528995963937474  9056
3.153204900084284  9885
3.1535099893008374  10054
3.153814864344529  8947
3.154119525515847  10472
3.154423973114647  9147
3.1547282074401557  8972
3.1550322287909704  9320
3.155336037465062  9688
3.1556396337597765  8785
3.1559430179718366  9816
3.1562461903973444  9366
3.1565491513317814  10053
3.156851901070011  10282
3.1571544399062814  9463
3.157456768134226  9879
3.1577588860468637  8896
3.158060793936605  10149
3.1583624920952498  9551
3.1586639808139894  9175
3.15896526038341  8602
3.159266331093494  9485
3.1595671932336202  10549
3.1598678470925665  9353
3.160168292958512  9034
3.1604685311190375  8220
3.1607685618611283  10409
3.1610683854711747  8657
3.161368002234975  10190
3.161667412437736  9825
3.161966616364075  9294
3.1622656142980214  8233
3.162564406523019  10017
3.162862993321926  9472
3.1631613749770184  9952
3.16345955176999  8394
3.163757523981956  8940
3.1640552918934515  10007
3.164352855784437  9470
3.1646502159342966  10094
3.1649473726218416  8721
3.1652443261253107  9599
3.165541076722373  9793
3.1658376246901283  8946
3.166133970305109  9320
3.166430113843283  9429
3.166726055580052  10223
3.1670217957902564  10234
3.167317334748176  9886
3.16761267272753  9955
3.16790781000148  10300
3.168202746842631  8940
3.1684974835230326  8491
3.1687920203141817  9425
3.1690863574870227  9869
3.1693804953119495  10221
3.1696744340588068  8863
3.1699681739968923  9680
3.1702617153949575  9508
3.1705550585212086  9941
3.170848203643309  8259
3.1711411510283822  9392
3.171433900943008  9175
3.171726453653231  9525
3.1720188094245563  9120
3.172310968521954  9089
3.17260293120986  10594
3.1728946977521764  9521
3.173186268412274  9307
3.1734776434529945  8381
3.17376882313665  9676
3.1740598077250253  10391
3.1743505974793798  8877
3.1746411926604483  9109
3.1749315935284423  9530
3.1752218003430523  9800
3.1755118133634475  9682
3.1758016328482794  10491
3.1760912590556813  8346
3.1763806922432702  9156
3.17666993266815  9682
3.176958980586908  8541
3.1772478362556233  9566
3.1775364999298623  9202
3.177824971864682  9407
3.1781132523146316  9140
3.178401341533755  8892
3.17868923977559  10779
3.1789769472931693  10129
3.1792644643390253  9327
3.1795517911651876  9571
3.179838928023187  9576
3.180125875164054  9250
3.180412632838324  9710
3.1806992012960347  9423
3.1809855807867304  9337
3.1812717715594614  9108
3.1815577738627865  9611
3.1818435879447726  8467
3.182129214052998  9294
3.182414652434554  8985
3.1826999033360424  9637
3.182984967003582  9423
3.1832698436828046  9020
3.1835545336188615  9561
3.1838390370564214  10121
3.184123354239671  9423
3.1844074854123203  10170
3.184691430817599  9741
3.184975190698261  9277
3.185258765296585  9192
3.185542154854375  9180
3.185825359612962  9717
3.1861083798132053  9398
3.186391215695493  9912
3.1866738674997452  8724
3.1869563354654122  10872
3.187238619831479  10863
3.187520720836463  8487
3.1878026387184195  9514
3.188084373714938  10082
3.188365926063148  9686
3.188647295999717  10168
3.1889284837608534  8816
3.189209489582306  8462
3.1894903136993675  8962
3.189770956346874  8905
3.190051417759206  9641
3.1903316981702914  9255
3.190611797813605  9750
3.1908917169221698  8913
3.1911714557285586  9332
3.1914510144648953  8691
3.1917303933628562  8423
3.1920095926536702  9157
3.1922886125681202  10626
3.1925674533365456  8655
3.192846115188842  10382
3.1931245983544616  8976
3.1934029030624176  9870
3.1936810295412816  9187
3.193958978019187  9864
3.1942367487238292  8884
3.194514341882467  9535
3.1947917577219247  9338
3.1950689964685903  9517
3.1953460583484197  8159
3.1956229435869368  8817
3.1958996524092336  9481
3.1961761850399735  10229
3.196452541703389  9077
3.196728722623287  10730
3.1970047280230456  9154
3.197280558125619  9981
3.1975562131535367  9780
3.197831693328903  10239
3.1981069988734014  9427
3.1983821300082944  8752
3.1986570869544226  8750
3.198931869932209  9378
3.1992064791616577  9524
3.199480914862356  9991
3.1997551772534747  10366
3.2000292665537704  10009
3.200303182981585  9677
3.2005769267548483  9144
3.2008504980910772  10363
3.2011238972073794  8973
3.2013971243204513  9923
3.2016701796465816  9752
3.20194306340165  9293
3.2022157758011316  9730
3.2024883170600935  9270
3.2027606873931997  9320
3.2030328870147105  9798
3.203304916138483  9046
3.2035767749779724  9947
3.2038484637462346  9459
3.2041199826559246  9947
3.2043913319193  8571
3.204662511748219  8714
3.204933522354145  9948
3.2052043639481447  9331
3.205475036740891  9240
3.205745540942662  9184
3.2060158767633444  9694
3.2062860444124324  8796
3.2065560440990297  9179
3.2068258760318495  9278
3.207095540419218  9238
3.2073650374690716  9176
3.2076343673889616  10487
3.2079035303860515  9650
3.2081725266671217  9789
3.208441356438567  9762
3.208710019906401  9004
3.2089785172762535  10058
3.2092468487533736  9003
3.2095150145426308  9575
3.209783014848515  8958
3.2100508498751372  8567
3.210318519826232  9300
3.2105860249051563  8622
3.210853365314893  9215
3.2111205412580492  9066
3.2113875529368587  9055
3.2116544005531824  9544
3.2119210843085093  9786
3.2121876044039577  9276
3.212453961040276  9578
3.2127201544178425  9777
3.212986184736668  10445
3.2132520521963968  8811
3.2135177569963047  8545
3.2137832993353044  9087
3.2140486794119414  8780
3.2143138974244  8529
3.214578953570499  9797
3.214843848047698  11109
3.215108581053093  9943
3.215373152783422  8543
3.215637563435062  9102
3.215901813204032  9540
3.216165902285993  9354
3.216429830876251  8773
3.2166935991697545  8645
3.216957207361097  9034
3.217220655644519  10102
3.2174839442139063  8795
3.2177470732627937  9532
3.218010042984363  8966
3.2182728535714475  9078
3.218535505216528  8871
3.2187979981117376  9465
3.219060332448861  9535
3.219322508419337  8844
3.2195845262142546  9143
3.219846386024361  10225
3.220108088040055  9612
3.2203696324513946  10629
3.220631019448092  9005
3.2208922492195193  9424
3.2211533219547053  8477
3.2214142378423385  9206
3.2216749970707688  9104
3.2219355998280053  9141
3.22219604630172  8446
3.222456336679247  9510
3.2227164711475833  9539
3.2229764498933915  9425
3.2232362731029975  9546
3.2234959409623944  10027
3.2237554536572413  9540
3.224014811372864  9186
3.2242740142942576  9900
3.2245330626060857  9459
3.2247919564926817  9355
3.225050696138049  9393
3.225309281725863  9570
3.225567713439471  8979
3.2258259914618934  9186
3.226084115975824  9351
3.226342087163631  9752
3.2265999052073573  8964
3.2268575702887237  8020
3.2271150825891253  9126
3.2273724422896364  9696
3.227629649571009  8909
3.2278867046136734  8910
3.2281436075977417  9911
3.228400358703005  8330
3.2286569581089353  8541
3.228913405994688  9060
3.229169702539101  8161
3.229425847920695  9202
3.229681842317676  9766
3.229937685907934  9195
3.230193378869046  9561
3.230448921378274  10092
3.230704313612569  8636
3.230959555748569  9739
3.231214647962601  10418
3.2314695904306814  10045
3.2317243833285163  9028
3.231979026831504  9271
3.2322335211147335  9157
3.232487866352986  9220
3.232742062720737  10006
3.2329961103921536  9840
3.2332500095411003  10280
3.2335037603411343  9938
3.2337573629655103  10121
3.2340108175871793  8682
3.2342641243787895  9521
3.2345172835126865  9623
3.2347702951609163  9381
3.2350231594952237  8759
3.2352758766870524  9492
3.2355284469075487  9229
3.2357808703275603  8781
3.236033147117636  9530
3.2362852774480286  9488
3.236537261488694  8770
3.2367890994092927  8944
3.237040791379191  8817
3.237292337567459  8808
3.2375437381428744  9705
3.2377949932739227  9773
3.2380461031287955  9513
3.238297067875394  8268
3.2385478876813276  9775
3.238798562713917  8655
3.2390490931401916  10188
3.2392994791268923  9667
3.239549720840473  8996
3.2397998184470986  9484
3.2400497721126476  9014
3.2402995820027125  10269
3.2405492482826  9103
3.240798771117331  10427
3.241048150671644  9704
3.2412973871099933  9411
3.2415464805965484  9560
3.241795431295199  9643
3.2420442393695508  8632
3.2422929049829308  8756
3.2425414282983844  9664
3.2427898094786767  9471
3.2430380486862944  8981
3.243286146083446  10188
3.243534101832062  9687
3.243781916093795  9087
3.244029589030022  9160
3.244277120801843  8960
3.244524511570084  9277
3.244771761495295  9519
3.245018870737753  8681
3.245265839457461  9188
3.24551266781415  10397
3.245759355967277  8549
3.246005904076029  9655
3.246252312299322  9151
3.246498580795801  9708
3.2467447097238415  10437
3.24699069924155  9330
3.247236549506764  9445
3.2474822606770544  8864
3.2477278329097232  8703
3.247973266361807  9525
3.248218561190075  9033
3.248463717551032  8960
3.2487087356009177  10366
3.2489536154957075  8859
3.249198357391113  9886
3.249442961442582  10151
3.2496874278053016  8834
3.249931756634195  9196
3.250175948083925  9387
3.250420002308894  9216
3.2506639194632436  11034
3.250907699700856  9146
3.2511513431753545  9500
3.2513948500401044  9698
3.251638220448212  9889
3.2518814545525276  9946
3.252124552505644  9380
3.2523675144598987  9576
3.252610340567373  8380
3.2528530309798933  8161
3.2530955858490316  11190
3.2533380053261065  9450
3.253580289562183  9959
3.2538224387080734  8899
3.254064452914338  9714
3.2543063323312857  9017
3.2545480771089736  9049
3.25478968739721  9115
3.2550311633455515  8672
3.255272505103306  9005
3.2555137128195333  7702
3.255754786643044  8511
3.255995726722402  9216
3.256236533205923  9613
3.256477206241677  8540
3.256717745977487  9116
3.256958152560932  10507
3.2571984261393445  9316
3.257438566859814  9436
3.2576785748691846  9613
3.2579184503140586  9392
3.2581581933407944  8576
3.258397804095509  9652
3.2586372827240764  8703
3.258876629372131  8949
3.2591158441850663  9192
3.2593549273080344  9366
3.2595938788859486  9251
3.2598326990634834  9428
3.2600713879850747  9742
3.26030994579492  9709
3.2605483726369795  9637
3.2607866686549762  9855
3.2610248339923973  8955
3.2612628687924934  8583
3.2615007731982804  10565
3.2617385473525378  10173
3.2619761913978125  9626
3.262213705476417  9660
3.2624510897304293  9989
3.2626883443016963  9916
3.2629254693318317  9894
3.2631624649622166  9512
3.263399331334002  9406
3.263636068588108  9338
3.2638726768652235  8698
3.2641091563058082  9235
3.2643455070500926  8808
3.2645817292380777  8249
3.2648178230095364  9842
3.2650537885040145  9080
3.26528962586083  8427
3.2655253352190736  9350
3.2657609167176105  9856
3.265996370495079  8507
3.266231696689893  8958
3.2664668954402414  9079
3.2667019668840878  10499
3.266936911159173  9651
3.2671717284030137  9446
3.267406418752904  10818
3.2676409823459154  9314
3.2678754193188975  10398
3.2681097298084785  9378
3.268343913951065  9019
3.268577971882843  9326
3.2688119037397803  9112
3.269045709657623  9802
3.2692793897718984  8614
3.2695129442179165  8482
3.269746373130767  11023
3.269979676645324  9583
3.2702128548962426  8927
3.2704459080179626  9804
3.2706788361447066  10079
3.2709116394104814  9012
3.2711443179490782  9654
3.2713768718940743  9211
3.271609301378832  9534
3.271841606536499  9905
3.27207378750001  9546
3.2723058444020863  9685
3.2725377773752373  9213
3.2727695865517594  8587
3.2730012720637376  9094
3.2732328340430454  10230
3.273464272621346  8757
3.273695587930092  8593
3.2739267801005254  9715
3.27415784926368  9420
3.274388795550379  8416
3.274619619091238  10038
3.274850320016665  10658
3.2750808984568587  9957
3.2753113545418118  10411
3.2755416884013098  9593
3.2757719001649312  8962
3.27600198996205  9499
3.2762319579218335  9508
3.2764618041732443  10148
3.27669152884504  9606
3.276921132065774  9685
3.277150613963797  10405
3.2773799746672547  9142
3.2776092143040914  9014
3.2778383330020473  8353
3.2780673308886628  9457
3.2782962080912736  10236
3.2785249647370174  9823
3.278753600952829  9837
3.278982116865443  9866
3.279210512601395  8925
3.2794387882870204  9856
3.2796669440484556  10045
3.279894980011638  10023
3.2801228963023075  9202
3.280350693046006  8922
3.2805783703680764  9238
3.280805928393667  9206
3.2810333672477277  10317
3.281260687055013  9396
3.2814878879400813  8762
3.281714970027296  10342
3.281941933440825  8795
3.2821687783046416  9656
3.2823955047425257  9359
3.2826221128780624  9719
3.282848602834645  9333
3.2830749747354715  8759
3.2833012287035497  10016
3.2835273648616936  9272
3.2837533833325265  9177
3.28397928423848  9345
3.284205067701794  10280
3.2844307338445193  9283
3.2846562827885157  9490
3.284881714655453  9673
3.285107029566812  9644
3.2853322276438846  9163
3.285557309007774  9594
3.285782273779395  8840
3.2860071220794747  9659
3.286231854028553  9452
3.286456469746983  9675
3.28668096935493  8831
3.286905352972375  9069
3.287129620719111  10217
3.2873537727147464  9006
3.2875778090787056  10173
3.287801729930226  9959
3.2880255353883627  9691
3.288249225571986  7938
3.2884728005997825  9927
3.288696260590256  9291
3.2889196056617265  9006
3.289142835932333  9724
3.2893659515200318  9164
3.2895889525425965  8856
3.2898118391176214  9424
3.290034611362518  9158
3.2902572693945182  10781
3.290479813330673  9548
3.2907022432878543  10053
3.2909245593827543  9999
3.2911467617318855  8985
3.291368850451583  9524
3.2915908256580013  10153
3.291812687467119  8744
3.2920344359947364  10168
3.292256071356476  9952
3.292477593667784  8682
3.29269900304393  8866
3.292920299600006  9957
3.2931414834509307  9081
3.2933625547114453  8947
3.2935835134961167  9516
3.2938043599193367  9489
3.2940250940953226  9947
3.2942457161381182  8463
3.294466226161593  9029
3.2946866242794433  9128
3.2949069106051923  9317
3.295127085252191  9220
3.295347148333618  8228
3.295567099962479  9782
3.295786940251609  9065
3.2960066693136723  10011
3.2962262872611605  9610
3.296445794206396  8461
3.296665190261531  8385
3.296884475538547  9124
3.2971036501492565  8912
3.2973227142053028  9590
3.2975416678181597  10291
3.297760511099134  8160
3.2979792441593623  9961
3.298197867109815  8914
3.2984163800612945  8559
3.2986347831244354  8890
3.298853076409707  8776
3.2990712600274095  10168
3.29928933408768  8815
3.2995072987004876  9331
3.2997251539756367  9778
3.299942900022767  9449
3.3001605369513523  10028
3.3003780648707024  8695
3.3005954838899636  10208
3.300812794118117  10301
3.3010299956639813  8929
3.3012470886362113  10019
3.3014640731433  8605
3.3016809492935764  9559
3.301897717195208  9233
3.302114376956201  8961
3.302330928684399  9660
3.3025473724874854  9379
3.3027637084729817  9700
3.3029799367482493  8730
3.303196057420489  9127
3.303412070596742  9978
3.30362797638389  9231
3.3038437748886547  10170
3.3040594662175993  8542
3.3042750504771283  9334
3.3044905277734875  8996
3.3047058982127653  9374
3.3049211619008916  9057
3.305136318943639  9383
3.305351369446624  9761
3.305566313515304  9989
3.3057811512549824  9967
3.3059958827708047  9813
3.3062105081677613  9719
3.3064250275506875  9683
3.3066394410242617  10247
3.3068537486930087  9928
3.3070679506612985  8167
3.307282047033346  9339
3.307496037913213  8605
3.307709923404807  10367
3.307923703611882  9691
3.3081373786380386  9758
3.308350948586726  9174
3.3085644135612386  8894
3.3087777736647213  9288
3.3089910290001643  9583
3.3092041796704077  10116
3.30941722577814  8395
3.3096301674258988  9132
3.3098430047160705  9347
3.3100557377508912  9046
3.3102683666324477  9579
3.3104808914626753  10306
3.3106933123433606  10028
3.3109056293761414  8551
3.311117842662506  9592
3.3113299523037933  9442
3.311541958401195  8380
3.311753861055754  9039
3.3119656603683665  8489
3.3121773564397787  8897
3.312388949370592  9848
3.3126004392612596  9158
3.312811826212088  9305
3.313023110323238  7714
3.313234291694724  9240
3.313445370426414  7977
3.3136563466180315  10480
3.3138672203691533  9737
3.3140779917792127  9295
3.3142886609474975  10284
3.3144992279731516  8732
3.314709692955174  8582
3.31492005599242  11095
3.315130317183602  10150
3.3153404766272883  8490
3.315550534421905  8989
3.3157604906657347  9013
3.315970345456918  9516
3.3161800988934527  9674
3.3163897510731952  9773
3.3165993020938607  9562
3.316808752053022  8705
3.3170181010481117  9337
3.31722734917642  9484
3.317436496535099  9125
3.3176455432211585  9031
3.317854489331469  9235
3.3180633349627615  10084
3.318272080211627  9102
3.3184807251745174  8947
3.318689269947746  8767
3.3188977146274867  9094
3.3191060593097763  8893
3.319314304090512  8573
3.3195224490654542  9659
3.3197304943302246  8846
3.3199384399803087  9489
3.3201462861110542  10166
3.3203540328176717  9604
3.3205616801952367  9747
3.3207692283386865  9011
3.3209766773428235  8797
3.3211840273023143  7541
3.321391278311689  9565
3.3215984304653436  9527
3.3218054838575393  9754
3.3220124385824006  8883
3.322219294733919  9340
3.3224260524059526  8983
3.3226327116922234  10172
3.322839272686321  9739
3.3230457354817013  10101
3.323252100171687  8308
3.3234583668494677  9198
3.3236645356081  9570
3.323870606540509  9239
3.3240765797394864  9592
3.3242824552976926  9726
3.3244882333076564  8922
3.3246939138617746  9107
3.3248994970523134  9738
3.3251049829714074  10395
3.325310371711061  8735
3.325515663363148  8610
3.325720858019412  10047
3.325925955771466  9472
3.3261309567107946  9010
3.326335860928751  9161
3.3265406685165617  9582
3.3267453795653217  9879
3.326949994165999  9914
3.3271545124094315  10237
3.3273589343863303  9238
3.327563260187278  10203
3.327767489902729  8257
3.3279716236230104  8923
3.3281756614383227  9907
3.3283796034387376  8755
3.328583449714202  8878
3.3287872003545345  8767
3.3289908554494287  10212
3.329194415088451  8831
3.329397879361043  8341
3.3296012483565187  8941
3.3298045221640695  9311
3.330007700872759  9549
3.330210784571528  8613
3.330413773349191  8520
3.3306166672944384  9237
3.330819466495837  9154
3.3310221710418286  8764
3.3312247810207323  9519
3.331427296520743  8346
3.3316297176299323  9666
3.331832044436249  9207
3.332034277027518  10116
3.3322364154914434  8368
3.3324384599156054  9089
3.3326404103874627  9030
3.3328422669943514  9376
3.3330440298234874  8953
3.3332456989619628  8973
3.3334472744967503  9234
3.3336487565147013  9413
3.333850145102545  8892
3.334051440346892  9178
3.334252642334231  9603
3.3344537511509307  10109
3.3346547668832414  9418
3.3348556896172914  9940
3.3350565194390915  9543
3.3352572564345317  10281
3.3354579006893843  10442
3.3356584522893016  8822
3.335858911319818  9770
3.336059277866349  8847
3.336259552014193  9096
3.3364597338485296  8990
3.3366598234544202  9778
3.336859820916809  8335
3.3370597263205246  8764
3.3372595397502756  9534
3.337459261290656  9178
3.3376588910261424  9248
3.3378584290410944  9823
3.3380578754197563  9395
3.3382572302462554  9943
3.3384564936046046  9924
3.3386556655787003  9985
3.338854746252323  8930
3.339053735709139  9274
3.3392526340327  10336
3.3394514413064407  9483
3.339650157613684  9105
3.339848783037637  9020
3.340047317661393  9234
3.3402457615679317  9219
3.3404441148401185  9778
3.3406423775607053  9364
3.3408405498123317  9556
3.341038631677523  8825
3.3412366232386925  8826
3.34143452457814  8098
3.3416323357780544  8785
3.3418300569205104  8161
3.3420276880874717  8715
3.3422252293607904  9956
3.342422680822206  9545
3.342620042553348  9500
3.342817314635733  8817
3.343014497150768  8313
3.3432115901797474  9363
3.3434085938038574  8810
3.343605508104172  10252
3.343802333161655  10266
3.3439990690571615  9813
3.344195715871435  9484
3.3443922736851106  8584
3.344588742578714  8426
3.344785122632661  8846
3.344981413927258  10037
3.345177616542704  9065
3.3453737305590883  8625
3.345569756056392  9278
3.345765693114488  9322
3.3459615418131414  10223
3.346157302232008  9157
3.346352974450639  9571
3.346548558548474  9894
3.346744054604849  9835
3.3469394626989906  10056
3.34713478291002  8554
3.3473300153169503  9598
3.3475251599986895  8860
3.347720217034038  8983
3.3479151865016914  9756
3.3481100684802376  8804
3.3483048630481607  8841
3.348499570283838  8296
3.348694190265541  8472
3.348888723071438  9122
3.34908316877959  9604
3.3492775274679554  9238
3.3494717992143856  9470
3.34966598409663  8752
3.3498600821923312  9301
3.3500540935790304  9532
3.3502480183341627  9140
3.350441856535061  9346
3.3506356082589543  8978
3.350829273582968  9035
3.3510228525841237  9057
3.351216345339342  9116
3.351409751925439  8939
3.351603072419129  9403
3.3517963068970236  8995
3.351989455435632  9029
3.3521825181113627  9180
3.35237549500052  8379
3.3525683861793087  9091
3.3527611917238307  8704
3.3529539117100877  8768
3.3531465462139796  9079
3.3533390953113047  8937
3.353531559077762  8483
3.353723937588949  9154
3.353916230920363  8707
3.3541084391474008  8883
3.35430056234536  9922
3.3544926005894364  10108
3.3546845539547285  9730
3.354876422516234  8934
3.3550682063488506  9280
3.3552599055273786  8420
3.3554515201265174  8745
3.355643050220869  9868
3.355834495884936  9661
3.3560258571931225  8834
3.3562171342197353  9042
3.3564083270389813  9169
3.356599435724971  9501
3.356790460351716  8704
3.3569814009931314  9648
3.3571722577230334  9290
3.3573630306151427  9564
3.3575537197430814  9285
3.3577443251803754  9671
3.357934847000454  9211
3.3581252852766488  8431
3.358315640082196  9068
3.3585059114902354  8645
3.3586960995738107  8704
3.358886204405869  9797
3.359076226059263  10150
3.3592661646067485  9133
3.3594560201209864  8069
3.359645792674543  9067
3.359835482339888  9575
3.3600250891893975  8549
3.3602146132953523  8163
3.3604040547299387  9664
3.360593413565249  9292
3.36078268987328  9021
3.3609718837259357  8916
3.361160995195026  8831
3.3613500243522663  9806
3.361538971269279  7992
3.361727836017593  9382
3.3619166186686433  9395
3.362105319293773  9385
3.362293937964231  10033
3.3624824747511743  8801
3.362670929725667  8964
3.36285930295868  8304
3.3630475945210936  9256
3.363235804483694  8688
3.3634239329171765  7755
3.3636119798921444  9248
3.3637999454791094  9458
3.3639878297484915  9854
3.3641756327706194  8725
3.3643633546157306  8023
3.364550995353972  8961
3.3647385550553985  8960
3.364926033789976  9539
3.3651134316275773  8797
3.3653007486379876  9131
3.3654879848909  8791
3.3656751404559175  9577
3.365862215402555  8632
3.3660492098002353  8702
3.366236123718293  8681
3.3664229572259727  8908
3.3666097103924297  8429
3.36679638328673  9859
3.3669829759778507  8705
3.367169488534681  8142
3.367355921026019  9549
3.3675422735205767  8875
3.3677285460869766  8868
3.3679147387937527  8546
3.3681008517093516  9281
3.368286884902131  8300
3.3684728384403617  9129
3.368658712392227  8349
3.3688445068258215  9117
3.3690302218091532  8633
3.369215857410143  9006
3.3694014136966244  8644
3.369586890736344  9235
3.369772288596963  8601
3.369957607346053  9281
3.370142847051102  8879
3.3703280077795106  9322
3.3705130895985924  9343
3.370698092575577  8177
3.370883016777606  9380
3.3710678622717363  8152
3.3712526291249394  9076
3.371437317404101  8692
3.3716219271760215  8369
3.371806458507416  8799
3.371990911464915  8129
3.372175286115064  9507
3.3723595825243238  9024
3.3725438007590705  8048
3.3727279408855955  9523
3.3729120029701067  8644
3.373095987078727  8605
3.373279893277496  8416
3.373463721632369  7844
3.3736474722092176  8293
3.3738311450738303  8432
3.3740147402919116  8643
3.374198257929083  8692
3.374381698050882  7608
3.374565060722765  8336
3.374748346010104  8846
3.3749315539781883  8811
3.375114684692225  7897
3.375297738217339  8485
3.3754807146185724  8355
3.3756636139608855  8670
3.375846436309156  8082
3.3760291817281805  8755
3.376211850282673  7889
3.3763944420372662  9314
3.376576957056512  8466
3.37675939540488  7732
3.3769417571467586  9058
3.377124042346456  8370
3.377306251068199  8381
3.3774883833761327  8470
3.377670439334323  8247
3.3778524190067545  8883
3.3780343224573315  8819
3.378216149749878  8769
3.3783979009481375  8798
3.378579576115775  7849
3.3787611753163733  8294
3.378942698613437  8832
3.379124146070392  8597
3.379305517750582  7622
3.3794868137172736  8487
3.379668034033654  7627
3.37984917876283  8228
3.380030247967831  8374
3.380211241711606  7892
3.3803921600570273  8345
3.3805730030668872  8477
3.3807537708039  8220
3.380934463330702  8319
3.3811150807098507  7931
3.381295623003826  8104
3.38147609027503  7891
3.381656482585787  7844
3.3818367999983434  7897
3.3820170425748683  7703
3.382197210377454  8317
3.3823773034681137  8038
3.3825573219087857  7900
3.3827372657613304  8375
3.382917135087531  7612
3.3830969299490943  7467
3.3832766504076504  7704
3.383456296524753  8324
3.3836358683618797  7932
3.383815365980431  7410
3.383994789441733  7667
3.3841741388070337  7707
3.384353414137506  7634
3.3845326154942486  7853
3.3847117429382823  8866
3.3848907965305544  7945
3.385069776331935  6753
3.38524868240322  7918
3.3854275148051305  7724
3.385606273598312  8218
3.3857849588433355  8093
3.385963570600697  8024
3.3861421089308186  7101
3.386320573894046  8244
3.386498965550653  7721
3.3866772839608377  7493
3.386855529184724  7433
3.387033701282363  7447
3.3872118003137306  7334
3.387389826338729  6612
3.387567779417189  8013
3.3877456596088638  8567
3.3879234669734366  7908
3.3881012015705165  7789
3.388278863459639  7285
3.3884564527002667  7654
3.388633969351789  7548
3.3888114134735234  8493
3.388988785124714  7858
3.3891660843645326  7331
3.389343311252078  7143
3.3895204658463776  7305
3.3896975482063856  7572
3.3898745583909853  7326
3.3900514964589874  7489
3.3902283624691303  6559
3.390405156480081  7640
3.390581878550435  7733
3.390758528738717  7405
3.3909351071033793  6904
3.3911116137028023  7556
3.3912880485952974  6796
3.3914644118391033  6979
3.3916407034923877  6861
3.391816923613249  6656
3.3919930722597127  7069
3.392169149489736  6123
3.392345155361204  7400
3.3925210899319325  7016
3.392696953259666  7606
3.3928727454020793  7111
3.3930484664167784  6734
3.3932241163612975  7291
3.393399695293102  7224
3.3935752032695876  7734
3.39375064034808  7170
3.3939260065858368  6979
3.3941013020400446  6451
3.3942765267678214  7226
3.3944516808262164  6375
3.394626764272209  6993
3.394801777162711  6622
3.394976719554564  7215
3.3951515915045425  6392
3.395326393069351  6769
3.395501124305626  6271
3.395675785269936  6553
3.3958503760187813  6592
3.3960248966085933  6114
3.3961993470957363  6322
3.3963737275365067  6241
3.396548037987132  6030
3.3967222785037734  6074
3.396896449142524  6693
3.397070549959409  6085
3.397244581010386  6580
3.397418542351348  6609
3.3975924340381165  5755
3.39776625612645  6628
3.3979400086720375  6251
3.3981136917305026  6468
3.398287305357401  6473
3.3984608496082234  6090
3.398634324538392  6184
3.3988077302032647  6657
3.398981066658131  6332
3.3991543339582164  6083
3.399327532158679  5852
3.3995006613146104  5782
3.399673721481038  6290
3.3998467127129226  6347
3.4000196350651586  5860
3.400192488592576  5822
3.400365273349939  5707
3.400537989391946  5898
3.400710636773231  5952
3.4008832155483626  5472
3.401055725771844  5774
3.401228167498113  5562
3.401400540781544  5874
3.401572845676446  5659
3.401745082237063  5303
3.4019172505175748  5643
3.402089350572097  5693
3.40226138245468  5333
3.402433346219312  5442
3.4026052419199146  5509
3.402777069610347  5228
3.4029488293444046  5220
3.403120521175818  5647
3.4032921451582543  4937
3.4034637013453173  5346
3.403635189790548  5033
3.4038066105474227  5229
3.403977963669355  4943
3.404149249209695  4801
3.404320467221731  4746
3.404491617758686  5048
3.4046627008737222  4659
3.404833716619938  5171
3.4050046650503694  4519
3.4051755462179893  4854
3.405346360175709  4637
3.4055171069763763  4697
3.4056877866727775  4513
3.4058583993176366  4850
3.406028944963615  4336
3.406199423663313  4420
3.4063698354692673  4521
3.406540180433955  4330
3.40671045860979  4278
3.4068806700491248  4071
3.40705081480425  4178
3.4072208929273966  3985
3.4073909044707316  3964
3.4075608494863627  3713
3.4077307280263356  4458
3.407900540142635  3895
3.4080702858871854  3996
3.4082399653118496  4085
3.40840957846843  4009
3.4085791254086675  3406
3.408748606184244  3546
3.4089180208467798  3831
3.409087369447835  3883
3.4092566520389096  3329
3.4094258686714434  3460
3.4095950193968156  3377
3.4097641042663462  3584
3.4099331233312946  3459
3.4101020766428607  3549
3.4102709642521845  3153
3.4104397862103464  3107
3.410608542568368  3231
3.41077723337721  2969
3.4109458586877746  3131
3.4111144185509046  2720
3.4112829130173843  2758
3.4114513421379375  2969
3.41161970596323  2957
3.411788004543869  3049
3.4119562379304016  2937
3.412124406173317  2828
3.4122925093230463  2831
3.412460547429961  2595
3.4126285205443754  2517
3.4127964287165433  2636
3.4129642719966626  2409
3.413132050434872  2335
3.413299764081252  2314
3.413467412985825  2243
3.413634997198556  2284
3.4138025167693513  2314
3.4139699717480614  2217
3.414137362184477  2266
3.4143046881283317  2202
3.4144719496293026  2088
3.414639146737009  2233
3.4148062795010126  2047
3.4149733479708178  2046
3.4151403521958725  1960
3.4153072922255676  2021
3.4154741681092355  1963
3.4156409798961542  1765
3.4158077276355434  1823
3.415974411376566  1548
3.416141031168329  1814
3.4163075870598827  1484
3.4164740791002206  1549
3.416640507338281  1524
3.4168068718229443  1561
3.4169731726030363  1473
3.4171394097273255  1518
3.4173055832445254  1362
3.417471693203293  1450
3.4176377396522297  1361
3.417803722639881  1248
3.417969642214737  1338
3.418135498425232  1322
3.4183012913197452  1144
3.4184670209466006  1072
3.4186326873540653  1028
3.4187982905903533  1124
3.4189638307036225  1197
3.4191293077419758  1004
3.4192947217534604  862
3.4194600727860704  1043
3.419625360887743  967
3.419790586106363  986
3.419955748489758  893
3.420120848085703  909
3.4202858849419178  813
3.4204508591060683  826
3.420615770625765  772
3.4207806195485655  825
3.420945405921972  739
3.4211101297934343  692
3.4212747912103465  765
3.4214393902200495  617
3.4216039268698313  659
3.421768401206924  652
3.4219328132785085  550
3.4220971631317103  543
3.4222614508136027  578
3.4224256763712044  570
3.422589839851482  456
3.422753941301348  476
3.422917980767662  470
3.423081958297231  453
3.423245873936808  424
3.4234097277330933  515
3.4235735197327357  358
3.423737249982329  322
3.4239009185284166  356
3.4240645254174877  285
3.42422807069598  317
3.4243915544102776  292
3.4245549766067134  313
3.424718337331567  257
3.424881636631067  288
3.425044874551389  263
3.4252080511386565  253
3.425371166438941  268
3.4255342204982635  250
3.425697213362591  200
3.4258601450778405  186
3.4260230156898763  189
3.426185825244511  182
3.4263485737875077  167
3.4265112613645754  194
3.426673888021373  164
3.426836453803508  165
3.426998958756537  119
3.4271614029259654  140
3.427323786357247  110
3.4274861090957853  143
3.4276483711869328  101
3.42781057267599  106
3.427972713608209  83
3.428134794028789  99
3.4282968139828798  114
3.42845877351558  108
3.428620672671939  82
3.4287825114969546  109
3.428944290035574  96
3.4291060083326967  55
3.4292676664331685  58
3.429429264381788  73
3.4295908022233017  39
3.429752280002408  62
3.4299136977637543  57
3.430075055551939  67
3.4302363534115106  55
3.4303975913869666  49
3.4305587695227575  28
3.4307198878632823  55
3.4308809464528913  37
3.4310419453358856  59
3.431202884556517  48
3.4313637641589874  41
3.431524584187451  29
3.4316853446860116  27
3.4318460456987254  22
3.4320066872695985  30
3.4321672694425884  31
3.4323277922616042  40
3.4324882557705063  19
3.4326486600131068  18
3.4328090050331683  16
3.432969290874406  13
3.4331295175804857  22
3.433289685195026  17
3.433449793761596  18
3.433609843323718  23
3.433769833924866  35
3.433929765608464  20
3.4340896384178907  17
3.4342494523964757  15
3.4344092075875  15
3.4345689040341987  12
3.4347285417797577  10
3.434888120867316  17
3.4350476413399647  18
3.4352071032407476  12
3.4353665066126613  10
3.435525851498655  3
3.43568513794163  7
3.4358443659844413  4
3.4360035356698964  4
3.436162647040756  4
3.4363217001397333  2
3.436480695009495  4
3.436639631692661  7
3.4367985102318035  6
3.4369573306694496  7
3.4371160930480786  3
3.4372747974101237  3
3.437433443797971  2
3.437750562820388  1
3.4379090355394983  1
3.4382258076045296  2
3.438384107034714  1
