0.3010299956639812  2104797
0.47712125471966244  305764
0.6020599913279624  229734
0.6989700043360189  201688
0.7781512503836436  201393
0.8450980400142568  179275
0.9030899869919435  175992
0.9542425094393249  162518
1.0  136492
1.0413926851582251  130575
1.0791812460476249  116141
1.1139433523068367  100428
1.146128035678238  88100
1.1760912590556813  71732
1.2041199826559248  55831
1.2304489213782739  44157
1.255272505103306  52114
1.2787536009528289  30653
1.3010299956639813  31437
1.3222192947339193  21329
1.3424226808222062  27216
1.3617278360175928  14935
1.380211241711606  13015
1.3979400086720377  8530
1.414973347970818  14727
1.4313637641589874  7605
1.4471580313422192  8000
1.462397997898956  9117
1.4771212547196624  5978
1.4913616938342726  5615
1.505149978319906  10047
1.5185139398778875  12323
1.5314789170422551  8149
1.5440680443502757  8469
1.5563025007672873  8681
1.568201724066995  8238
1.5797835966168101  8110
1.591064607026499  15313
1.6020599913279623  11013
1.6127838567197355  7361
1.6232492903979006  6476
1.6334684555795864  11878
1.6434526764861874  9676
1.6532125137753437  8944
1.662757831681574  8569
1.6720978579357175  5652
1.6812412373755872  14395
1.6901960800285136  8310
1.6989700043360187  12171
1.7075701760979363  14094
1.7160033436347992  9917
1.724275869600789  7525
1.7323937598229686  16504
1.7403626894942439  9129
1.7481880270062005  12932
1.7558748556724915  8236
1.7634279935629373  8083
1.7708520116421442  5682
1.7781512503836436  8368
1.7853298350107671  5384
1.792391689498254  9791
1.7993405494535817  16356
1.806179973983887  14179
1.8129133566428555  7671
1.8195439355418688  9873
1.8260748027008264  9295
1.8325089127062364  7972
1.8388490907372552  9886
1.845098040014257  12153
1.8512583487190752  11499
1.8573324964312685  8962
1.863322860120456  12446
1.8692317197309762  14569
1.8750612633917  8981
1.8808135922807914  5263
1.8864907251724818  7103
1.8920946026904804  9553
1.8976270912904414  8787
1.9030899869919435  10795
1.9084850188786497  8755
1.9138138523837167  10363
1.919078092376074  8084
1.9242792860618816  15524
1.9294189257142926  10381
1.9344984512435677  13750
1.9395192526186185  6030
1.9444826721501687  8597
1.9493900066449128  8378
1.954242509439325  12473
1.9590413923210936  3915
1.9637878273455553  7664
1.968482948553935  9874
1.9731278535996986  4809
1.9777236052888478  12979
1.9822712330395684  4543
1.9867717342662448  10279
1.9912260756924949  7141
1.99563519459755  6341
2.0  10323
2.0043213737826426  5761
2.0086001717619175  5013
2.012837224705172  7895
2.0170333392987803  3855
2.0211892990699383  13991
2.0253058652647704  11407
2.0293837776852097  11193
2.03342375548695  4880
2.037426497940624  10474
2.041392685158225  7211
2.0453229787866576  6230
2.0492180226701815  8087
2.0530784434834195  10638
2.0569048513364727  9908
2.060697840353612  8082
2.0644579892269186  9880
2.0681858617461617  12027
2.0718820073061255  7284
2.0755469613925306  9313
2.0791812460476247  12584
2.0827853703164503  5594
2.0863598306747484  9473
2.089905111439398  8284
2.093421685162235  6989
2.0969100130080562  8515
2.100370545117563  10322
2.103803720955957  6285
2.1072099696478683  7358
2.110589710299249  7540
2.113943352306837  8290
2.1172712956557644  7784
2.12057393120585  11635
2.123851640967086  6423
2.1271047983648077  3658
2.130333768495006  5862
2.1335389083702174  11842
2.1367205671564067  8289
2.1398790864012365  10284
2.143014800254095  9120
2.146128035678238  4248
2.1492191126553797  6731
2.1522883443830563  7882
2.155336037465062  7869
2.1583624920952498  8659
2.161368002234975  4841
2.164352855784437  4388
2.167317334748176  3315
2.1702617153949575  6133
2.173186268412274  11249
2.1760912590556813  8688
2.1789769472931693  4289
2.1818435879447726  5845
2.184691430817599  12187
2.187520720836463  6351
2.1903316981702914  4742
2.1931245983544616  8915
2.1958996524092336  9755
2.1986570869544226  5914
2.2013971243204513  7032
2.2041199826559246  5916
2.2068258760318495  8123
2.2095150145426308  10808
2.2121876044039577  5427
2.214843848047698  6732
2.2174839442139063  10066
2.220108088040055  7842
2.2227164711475833  9587
2.225309281725863  6280
2.2278867046136734  7915
2.230448921378274  5320
2.2329961103921536  8132
2.2355284469075487  5596
2.2380461031287955  5657
2.2405492482826  8848
2.2430380486862944  6137
2.24551266781415  4102
2.247973266361807  5490
2.250420002308894  8393
2.2528530309798933  7043
2.255272505103306  6705
2.2576785748691846  5473
2.2600713879850747  3222
2.2624510897304293  9659
2.2648178230095364  7365
2.2671717284030137  4262
2.2695129442179165  6011
2.271841606536499  6537
2.27415784926368  5842
2.2764618041732443  5957
2.278753600952829  6124
2.2810333672477277  8337
2.2833012287035497  6699
2.285557309007774  7250
2.287801729930226  3457
2.290034611362518  3623
2.292256071356476  7291
2.294466226161593  8627
2.296665190261531  8569
2.298853076409707  5873
2.3010299956639813  7458
2.303196057420489  5105
2.305351369446624  5807
2.307496037913213  6799
2.3096301674258988  13295
2.311753861055754  5670
2.3138672203691533  7117
2.315970345456918  6996
2.3180633349627615  6684
2.3201462861110542  8033
2.322219294733919  6748
2.3242824552976926  5170
2.326335860928751  9773
2.3283796034387376  6720
2.330413773349191  7429
2.3324384599156054  7275
2.3344537511509307  6730
2.3364597338485296  4969
2.3384564936046046  4919
2.3404441148401185  7900
2.342422680822206  4847
2.3443922736851106  5701
2.346352974450639  4316
2.3483048630481607  8055
2.3502480183341627  5995
2.3521825181113627  3771
2.3541084391474008  5950
2.3560258571931225  9307
2.357934847000454  5360
2.359835482339888  3218
2.361727836017593  7908
2.3636119798921444  6130
2.3654879848909  6999
2.367355921026019  7425
2.369215857410143  3321
2.3710678622717363  5904
2.3729120029701067  5927
2.374748346010104  7683
2.376576957056512  6989
2.3783979009481375  7620
2.380211241711606  6483
2.3820170425748683  7813
2.383815365980431  5857
2.385606273598312  6440
2.387389826338729  7699
2.3891660843645326  5634
2.3909351071033793  4415
2.392696953259666  9574
2.3944516808262164  5685
2.3961993470957363  4438
2.3979400086720375  7219
2.399673721481038  8930
2.401400540781544  3128
2.403120521175818  5595
2.404833716619938  4646
2.406540180433955  4943
2.4082399653118496  5815
2.4099331233312946  5793
2.41161970596323  5408
2.413299764081252  4740
2.4149733479708178  3299
2.416640507338281  6235
2.4183012913197452  6368
2.419955748489758  8042
2.4216039268698313  5497
2.423245873936808  6803
2.424881636631067  7069
2.4265112613645754  7422
2.428134794028789  7549
2.429752280002408  5424
2.4313637641589874  5740
2.432969290874406  5558
2.4345689040341987  6154
2.436162647040756  5068
2.437750562820388  2430
2.439332693830263  5591
2.4409090820652177  5982
2.4424797690644486  3578
2.444044795918076  3007
2.4456042032735974  6127
2.4471580313422194  3795
2.44870631990508  4955
2.450249108319361  6816
2.45178643552429  5748
2.4533183400470375  6468
2.45484486000851  6297
2.456366033129043  3072
2.4578818967339924  4390
2.459392487759231  3986
2.4608978427565478  4208
2.462397997898956  5299
2.4638929889859074  4775
2.4653828514484184  5853
2.4668676203541096  5348
2.4683473304121573  5159
2.469822015978163  4261
2.4712917110589387  4126
2.4727564493172123  3519
2.4742162640762553  4923
2.4756711883244296  4313
2.4771212547196626  3221
2.4785664955938436  1269
2.4800069429571505  5330
2.481442628502305  3546
2.482873583608754  4453
2.484299839346786  3842
2.48572142648158  5343
2.4871383754771865  6065
2.4885507165004443  2710
2.4899584794248346  5872
2.4913616938342726  5019
2.4927603890268375  3985
2.494154594018443  4394
2.4955443375464483  4787
2.496929648073215  5113
2.4983105537896004  4221
2.499687082618404  3660
2.5010592622177517  3764
2.5024271199844326  5810
2.503790683057181  4592
2.505149978319906  3451
2.506505032404872  2953
2.507855871695831  3410
2.509202522331103  4720
2.510545010206612  2699
2.5118833609788744  2815
2.513217600067939  4301
2.514547752660286  2887
2.515873843711679  3311
2.5171958979499744  4042
2.5185139398778875  1733
2.519827993775719  4956
2.5211380837040362  4369
2.5224442335063197  3130
2.5237464668115646  4129
2.525044807036845  5912
2.526339277389844  3876
2.5276299008713385  2917
2.5289167002776547  4392
2.530199698203082  3311
2.531478917042255  3837
2.5327543789924976  3181
2.534026106056135  3999
2.5352941200427703  3501
2.53655844257153  4530
2.537819095073274  3347
2.5390760987927767  4561
2.5403294747908736  2122
2.5415792439465807  3998
2.5428254269591797  3260
2.5440680443502757  4053
2.545307116465824  4536
2.546542663478131  2571
2.5477747053878224  5256
2.5490032620257876  5340
2.550228353055094  4733
2.5514499979728753  3780
2.552668216112193  3376
2.5538830266438746  3795
2.5550944485783194  4552
2.5563025007672873  3659
2.5575072019056577  3453
2.558708570533166  3441
2.5599066250361124  2931
2.561101383649056  3747
2.5622928644564746  3687
2.5634810853944106  2904
2.5646660642520893  2428
2.5658478186735176  3912
2.56702636615906  1823
2.568201724066995  2812
2.569373909615046  4068
2.5705429398818973  3183
2.571708831808688  2624
2.5728716022004803  3859
2.574031267727719  3956
2.575187844927661  3792
2.576341350205793  3640
2.5774917998372255  2420
2.578639209968072  4033
2.57978359661681  3613
2.5809249756756194  3663
2.582063362911709  3371
2.583198773968623  3201
2.584331224367531  3061
2.5854607295085006  4858
2.586587304671755  3168
2.5877109650189114  2699
2.5888317255942073  5860
2.5899496013257077  4140
2.591064607026499  3848
2.5921767573958667  2233
2.593286067020457  3881
2.5943925503754266  2978
2.595496221825574  2051
2.59659709562646  3709
2.597695185925512  3074
2.598790506763115  4091
2.5998830720736876  3250
2.6009728956867484  2408
2.6020599913279625  2074
2.603144372620182  2809
2.60422605308447  3845
2.6053050461411096  3028
2.606381365110605  2711
2.6074550232146687  2426
2.6085260335771943  3709
2.60959440922522  2105
2.61066016308988  2810
2.611723308007342  3333
2.6127838567197355  3557
2.6138418218760693  2242
2.6148972160331345  2473
2.615950051656401  3823
2.617000341120899  2786
2.6180480967120925  2775
2.6190933306267428  3029
2.6201360549737576  2437
2.621176281775035  3132
2.622214022966295  3218
2.6232492903979003  2934
2.6242820958356683  3958
2.625312450961674  3118
2.6263403673750423  1832
2.6273658565927325  2359
2.6283889300503116  3114
2.629409599102719  2468
2.630427875025024  1775
2.6314437690131722  2696
2.6324572921847245  3156
2.6334684555795866  3358
2.6344772701607315  2721
2.635483746814912  1446
2.6364878963533656  2837
2.637489729512511  1439
2.6384892569546374  2740
2.639486489268586  1583
2.640481436970422  1946
2.6414741105040997  2362
2.6424645202421213  2402
2.6434526764861874  2630
2.6444385894678386  1465
2.645422269349092  2969
2.6464037262230695  2114
2.6473829701146196  1865
2.6483600109809315  2672
2.649334858712142  3048
2.6503075231319366  2059
2.651278013998144  1597
2.6522463410033232  2199
2.6532125137753435  2165
2.6541765418779604  2503
2.655138434811382  1658
2.656098202012832  2329
2.6570558528571038  2444
2.6580113966571126  1545
2.658964842664435  1327
2.6599162000698504  2624
2.660865478003869  1832
2.661812685537261  2092
2.662757831681574  2035
2.663700925389648  2209
2.6646419755561257  2276
2.6655809910179533  2561
2.6665179805548807  2278
2.667452952889954  1628
2.66838591669  2618
2.6693168805661123  2070
2.670245853074124  1247
2.6711728427150834  2155
2.6720978579357175  1729
2.673020907128896  1663
2.673941998634088  1788
2.6748611407378116  2249
2.6757783416740852  1255
2.6766936096248664  2417
2.677606952720493  1867
2.678518379040114  2154
2.6794278966121188  1210
2.680335513414563  1068
2.681241237375587  1717
2.682145076373832  1616
2.6830470382388496  1977
2.683947130751512  1719
2.6848453616444123  1399
2.6857417386022635  1809
2.6866362692622934  1568
2.6875289612146345  1748
2.6884198220027105  1524
2.6893088591236203  1459
2.690196080028514  2212
2.6910814921229687  2051
2.69196510276736  1531
2.69284691927723  1326
2.693726948923647  1698
2.694605198933569  1443
2.6954816764901977  1506
2.696356388733332  1122
2.6972293427597176  1607
2.6981005456233897  1551
2.6989700043360187  1804
2.699837725867246  1539
2.7007037171450192  1697
2.7015679850559273  1156
2.7024305364455254  1158
2.7032913781186614  1284
2.7041505168397992  1541
2.705007959333336  1639
2.7058637122839193  1476
2.7067177823367587  1145
2.7075701760979363  1034
2.708420900134713  879
2.709269960975831  1146
2.7101173651118162  1319
2.710963118995276  1150
2.711807229041191  1314
2.7126497016272113  1384
2.7134905430939424  1480
2.714329759745233  1200
2.7151673578484576  1586
2.716003343634799  1239
2.7168377232995247  1155
2.717670503002262  1284
2.718501688867274  874
2.7193312869837265  1428
2.720159303405957  1402
2.7209857441537393  1204
2.7218106152125467  1072
2.722633922533812  1005
2.7234556720351857  1155
2.724275869600789  1271
2.725094521081469  921
2.7259116322950483  834
2.7267272090265724  1603
2.727541257028556  889
2.7283537820212285  1027
2.72916478969277  1002
2.7299742856995555  854
2.7307822756663893  1133
2.7315887651867388  999
2.7323937598229686  941
2.7331972651065692  981
2.733999286538387  1052
2.734799829588847  978
2.73559889969818  921
2.7363965022766426  631
2.7371926427047373  992
2.737987326333431  882
2.738780558484369  649
2.739572344450092  878
2.7403626894942437  782
2.741151598851785  923
2.741939077729199  1032
2.7427251313046983  972
2.74350976472843  848
2.7442929831226763  1002
2.7450747915820575  550
2.745855195173729  729
2.7466341989375787  989
2.747411807886423  644
2.7481880270062002  841
2.7489628612561616  757
2.749736315569061  617
2.7505083948513462  919
2.751279103983342  805
2.7520484478194387  706
2.7528164311882715  674
2.7535830588929064  635
2.754348335711019  723
2.7551122663950713  628
2.7558748556724915  614
2.756636108245848  523
2.7573960287930244  641
2.75815462196739  865
2.7589118923979736  924
2.7596678446896306  694
2.760422483423212  760
2.7611758131557314  566
2.761927838420529  636
2.762678563727436  631
2.7634279935629373  578
2.7641761323903307  477
2.7649229846498886  674
2.765668554759014  445
2.7664128471123997  606
2.7671558660821804  529
2.767897616018091  619
2.7686381012476144  570
2.7693773260761385  731
2.7701152947871015  627
2.7708520116421442  660
2.7715874808812555  415
2.77232170672292  397
2.7730546933642626  512
2.7737864449811935  492
2.7745169657285498  511
2.7752462597402365  432
2.775974331129369  453
2.776701183988411  519
2.7774268223893115  518
2.7781512503836434  395
2.7788744720027396  550
2.7795964912578244  347
2.780317312140151  492
2.7810369386211318  561
2.781755374652469  432
2.782472624166286  366
2.7831886910752575  443
2.783903579272735  333
2.784617292632875  469
2.785329835010767  377
2.786041210242554  359
2.7867514221455614  316
2.787460474518415  406
2.788168371141168  425
2.788875115775417  389
2.7895807121644256  353
2.7902851640332416  348
2.790988475088816  373
2.791690649020118  385
2.792391689498254  302
2.79309160017658  328
2.7937903846908188  361
2.7944880466591697  341
2.795184589682424  291
2.7958800173440754  261
2.7965743332104296  321
2.7972675408307164  297
2.797959643737196  239
2.798650645445269  288
2.7993405494535817  280
2.8000293592441343  238
2.800717078282385  276
2.801403710017355  223
2.802089257881733  318
2.8027737252919755  251
2.803457115648414  207
2.8041394323353503  245
2.8048206787211623  250
2.8055008581584002  213
2.806179973983887  200
2.8068580295188172  181
2.807535028068853  250
2.808210972924222  204
2.808885867359812  152
2.8095597146352675  194
2.8102325179950842  178
2.8109042806687006  139
2.8115750058705933  149
2.812244696800369  129
2.8129133566428557  101
2.813580988568192  107
2.81424759573192  119
2.814913181275074  99
2.815577748324267  81
2.816241299991783  117
2.8169038393756605  131
2.8175653695597807  95
2.8182258936139557  77
2.8188854145940097  98
2.8195439355418688  86
2.82020145948564  78
2.8208579894397  103
2.821513528404773  116
2.8221680793680175  70
2.8228216453031045  66
2.823474229170301  52
2.824125833916549  71
2.824776462475546  34
2.8254261177678233  63
2.8260748027008264  41
2.826722520168992  45
2.8273692730538253  60
2.828015064223977  23
2.82865989653532  43
2.829303772831025  22
2.829946695941636  23
2.8305886686851442  15
2.8312296938670634  36
2.8318697742805017  24
2.832508912706236  22
2.833147111912785  28
2.833784374656479  13
2.8344207036815328  17
2.835056101720116  20
2.8356905714924254  20
2.8363241157067516  13
2.8369567370595505  12
2.837588438235511  21
2.8382192219076257  10
2.838849090737255  12
2.8394780473741985  10
2.840106094456758  2
2.8407332346118066  7
2.841359470454855  3
2.8419848045901137  5
2.842609239610562  4
2.8432327780980096  2
2.843855422623161  1
2.8444771757456815  2
2.845098040014257  3
2.8457180179666586  1
2.846337112129805  9
2.846955325019824  3
2.847572659142112  1
2.848189116991399  3
2.8488047010518036  2
2.8494194137968996  1
2.8506462351830666  2
2.851869600729766  4
2.8555191556678  2
2.857935264719429  1
2.8603380065709936  1
2.8609366207000937  1
2.8627275283179747  2
2.8639173769578603  1
2.8656960599160706  1
2.8674674878590514  1
