0.3010299956639812  4902
0.47712125471966244  4884
0.6020599913279624  4837
0.6989700043360189  4770
0.7781512503836436  5029
0.8450980400142568  4640
0.9030899869919435  4967
0.9542425094393249  5010
1.0  4947
1.0413926851582251  4806
1.0791812460476249  5060
1.1139433523068367  4654
1.146128035678238  4999
1.1760912590556813  4691
1.2041199826559248  4979
1.2304489213782739  4974
1.255272505103306  4843
1.2787536009528289  5059
1.3010299956639813  4967
1.3222192947339193  4854
1.3424226808222062  5034
1.3617278360175928  5089
1.380211241711606  4795
1.3979400086720377  5049
1.414973347970818  4871
1.4313637641589874  4914
1.4471580313422192  4813
1.462397997898956  4542
1.4771212547196624  4484
1.4913616938342726  4300
1.505149978319906  4548
1.5185139398778875  4237
1.5314789170422551  3979
1.5440680443502757  4159
1.5563025007672873  3953
1.568201724066995  4045
1.5797835966168101  3879
1.591064607026499  3888
1.6020599913279623  3827
1.6127838567197355  4061
1.6232492903979006  4003
1.6334684555795864  3892
1.6434526764861874  3952
1.6532125137753437  3982
1.662757831681574  4044
1.6720978579357175  4012
1.6812412373755872  3851
1.6901960800285136  4031
1.6989700043360187  3962
1.7075701760979363  4093
1.7160033436347992  3984
1.724275869600789  3907
1.7323937598229686  3970
1.7403626894942439  3911
1.7481880270062005  3914
1.7558748556724915  3890
1.7634279935629373  3910
1.7708520116421442  3895
1.7781512503836436  4102
1.7853298350107671  4194
1.792391689498254  3891
1.7993405494535817  4115
1.806179973983887  4004
1.8129133566428555  3863
1.8195439355418688  3909
1.8260748027008264  3969
1.8325089127062364  3967
1.8388490907372552  3917
1.845098040014257  3887
1.8512583487190752  4078
1.8573324964312685  3808
1.863322860120456  4073
1.8692317197309762  3910
1.8750612633917  3920
1.8808135922807914  3856
1.8864907251724818  4021
1.8920946026904804  3904
1.8976270912904414  3868
1.9030899869919435  3990
1.9084850188786497  3918
1.9138138523837167  3784
1.919078092376074  3796
1.9242792860618816  3905
1.9294189257142926  4125
1.9344984512435677  4009
1.9395192526186185  4006
1.9444826721501687  3898
1.9493900066449128  4022
1.954242509439325  3967
1.9590413923210936  3985
1.9637878273455553  3871
1.968482948553935  3952
1.9731278535996986  4018
1.9777236052888478  3982
1.9822712330395684  3862
1.9867717342662448  4060
1.9912260756924949  3873
1.99563519459755  4072
2.0  3890
2.0043213737826426  4049
2.0086001717619175  3919
2.012837224705172  4026
2.0170333392987803  3885
2.0211892990699383  3890
2.0253058652647704  3826
2.0293837776852097  3959
2.03342375548695  4052
2.037426497940624  4027
2.041392685158225  3917
2.0453229787866576  3937
2.0492180226701815  3851
2.0530784434834195  3916
2.0569048513364727  4023
2.060697840353612  3976
2.0644579892269186  3687
2.0681858617461617  4092
2.0718820073061255  4074
2.0755469613925306  4051
2.0791812460476247  3919
2.0827853703164503  4109
2.0863598306747484  3911
2.089905111439398  4006
2.093421685162235  3983
2.0969100130080562  3954
2.100370545117563  3843
2.103803720955957  4081
2.1072099696478683  3814
2.110589710299249  3722
2.113943352306837  3909
2.1172712956557644  3933
2.12057393120585  3889
2.123851640967086  3981
2.1271047983648077  3927
2.130333768495006  3879
2.1335389083702174  4112
2.1367205671564067  3844
2.1398790864012365  3778
2.143014800254095  3929
2.146128035678238  4069
2.1492191126553797  4020
2.1522883443830563  3905
2.155336037465062  4128
2.1583624920952498  3840
2.161368002234975  3802
2.164352855784437  3676
2.167317334748176  4103
2.1702617153949575  3852
2.173186268412274  4120
2.1760912590556813  4012
2.1789769472931693  4061
2.1818435879447726  4055
2.184691430817599  3868
2.187520720836463  4072
2.1903316981702914  3994
2.1931245983544616  4035
2.1958996524092336  3844
2.1986570869544226  3844
2.2013971243204513  4015
2.2041199826559246  3882
2.2068258760318495  4069
2.2095150145426308  3809
2.2121876044039577  3835
2.214843848047698  3926
2.2174839442139063  3989
2.220108088040055  3982
2.2227164711475833  4056
2.225309281725863  4007
2.2278867046136734  4063
2.230448921378274  3894
2.2329961103921536  3977
2.2355284469075487  4037
2.2380461031287955  4045
2.2405492482826  3958
2.2430380486862944  3939
2.24551266781415  4017
2.247973266361807  3885
2.250420002308894  4078
2.2528530309798933  3915
2.255272505103306  3901
2.2576785748691846  3988
2.2600713879850747  3965
2.2624510897304293  3932
2.2648178230095364  3956
2.2671717284030137  3898
2.2695129442179165  3839
2.271841606536499  4041
2.27415784926368  4039
2.2764618041732443  4057
2.278753600952829  3926
2.2810333672477277  3914
2.2833012287035497  4035
2.285557309007774  3909
2.287801729930226  4011
2.290034611362518  3868
2.292256071356476  4042
2.294466226161593  4102
2.296665190261531  3912
2.298853076409707  3868
2.3010299956639813  4044
2.303196057420489  4017
2.305351369446624  3902
2.307496037913213  3874
2.3096301674258988  3953
2.311753861055754  3879
2.3138672203691533  3774
2.315970345456918  4035
2.3180633349627615  4134
2.3201462861110542  3869
2.322219294733919  3843
2.3242824552976926  4182
2.326335860928751  4015
2.3283796034387376  4012
2.330413773349191  3850
2.3324384599156054  4017
2.3344537511509307  3880
2.3364597338485296  3768
2.3384564936046046  3941
2.3404441148401185  3943
2.342422680822206  3935
2.3443922736851106  4078
2.346352974450639  4028
2.3483048630481607  3897
2.3502480183341627  4193
2.3521825181113627  3950
2.3541084391474008  4008
2.3560258571931225  4008
2.357934847000454  4105
2.359835482339888  3986
2.361727836017593  3876
2.3636119798921444  3985
2.3654879848909  4037
2.367355921026019  3828
2.369215857410143  4055
2.3710678622717363  4048
2.3729120029701067  4010
2.374748346010104  4060
2.376576957056512  3896
2.3783979009481375  4063
2.380211241711606  3914
2.3820170425748683  3936
2.383815365980431  4022
2.385606273598312  3842
2.387389826338729  3847
2.3891660843645326  4010
2.3909351071033793  4080
2.392696953259666  3846
2.3944516808262164  3763
2.3961993470957363  4157
2.3979400086720375  4064
2.399673721481038  3888
2.401400540781544  3951
2.403120521175818  4026
2.404833716619938  3969
2.406540180433955  3973
2.4082399653118496  3942
2.4099331233312946  3875
2.41161970596323  3987
2.413299764081252  4018
2.4149733479708178  3995
2.416640507338281  4007
2.4183012913197452  3909
2.419955748489758  3913
2.4216039268698313  3943
2.423245873936808  3885
2.424881636631067  3774
2.4265112613645754  3846
2.428134794028789  4047
2.429752280002408  4089
2.4313637641589874  4039
2.432969290874406  4011
2.4345689040341987  3834
2.436162647040756  4015
2.437750562820388  3949
2.439332693830263  3950
2.4409090820652177  3990
2.4424797690644486  3946
2.444044795918076  3919
2.4456042032735974  4054
2.4471580313422194  4053
2.44870631990508  4069
2.450249108319361  3807
2.45178643552429  3881
2.4533183400470375  4048
2.45484486000851  3990
2.456366033129043  3990
2.4578818967339924  3945
2.459392487759231  3785
2.4608978427565478  4070
2.462397997898956  3961
2.4638929889859074  3970
2.4653828514484184  4089
2.4668676203541096  4111
2.4683473304121573  3998
2.469822015978163  3777
2.4712917110589387  3875
2.4727564493172123  3956
2.4742162640762553  3849
2.4756711883244296  4075
2.4771212547196626  3748
2.4785664955938436  4030
2.4800069429571505  3950
2.481442628502305  3966
2.482873583608754  4013
2.484299839346786  3835
2.48572142648158  4047
2.4871383754771865  3974
2.4885507165004443  3837
2.4899584794248346  3943
2.4913616938342726  4002
2.4927603890268375  4138
2.494154594018443  3909
2.4955443375464483  3933
2.496929648073215  3956
2.4983105537896004  3838
2.499687082618404  4068
2.5010592622177517  3712
2.5024271199844326  3816
2.503790683057181  3917
2.505149978319906  3985
2.506505032404872  3889
2.507855871695831  4007
2.509202522331103  3982
2.510545010206612  3831
2.5118833609788744  3924
2.513217600067939  4134
2.514547752660286  3951
2.515873843711679  3941
2.5171958979499744  4187
2.5185139398778875  3985
2.519827993775719  4056
2.5211380837040362  3763
2.5224442335063197  4079
2.5237464668115646  3954
2.525044807036845  3909
2.526339277389844  3871
2.5276299008713385  4145
2.5289167002776547  3943
2.530199698203082  4026
2.531478917042255  3902
2.5327543789924976  3895
2.534026106056135  3745
2.5352941200427703  3916
2.53655844257153  3938
2.537819095073274  3854
2.5390760987927767  4146
2.5403294747908736  3925
2.5415792439465807  3920
2.5428254269591797  3927
2.5440680443502757  3825
2.545307116465824  3846
2.546542663478131  4075
2.5477747053878224  3890
2.5490032620257876  4143
2.550228353055094  3971
2.5514499979728753  4019
2.552668216112193  4079
2.5538830266438746  3969
2.5550944485783194  3970
2.5563025007672873  4002
2.5575072019056577  4127
2.558708570533166  4113
2.5599066250361124  4075
2.561101383649056  3985
2.5622928644564746  3996
2.5634810853944106  3870
2.5646660642520893  4030
2.5658478186735176  4053
2.56702636615906  3924
2.568201724066995  4007
2.569373909615046  4065
2.5705429398818973  3945
2.571708831808688  3926
2.5728716022004803  4066
2.574031267727719  4081
2.575187844927661  4006
2.576341350205793  3992
2.5774917998372255  3979
2.578639209968072  3976
2.57978359661681  3956
2.5809249756756194  3850
2.582063362911709  3829
2.583198773968623  3918
2.584331224367531  3956
2.5854607295085006  3930
2.586587304671755  3794
2.5877109650189114  3977
2.5888317255942073  4233
2.5899496013257077  4005
2.591064607026499  3999
2.5921767573958667  3948
2.593286067020457  3899
2.5943925503754266  3910
2.595496221825574  4103
2.59659709562646  3878
2.597695185925512  3910
2.598790506763115  3956
2.5998830720736876  3911
2.6009728956867484  3962
2.6020599913279625  3926
2.603144372620182  3921
2.60422605308447  3865
2.6053050461411096  4078
2.606381365110605  3790
2.6074550232146687  3897
2.6085260335771943  3926
2.60959440922522  4006
2.61066016308988  3873
2.611723308007342  3908
2.6127838567197355  3802
2.6138418218760693  3911
2.6148972160331345  3881
2.615950051656401  3890
2.617000341120899  3831
2.6180480967120925  3879
2.6190933306267428  3986
2.6201360549737576  4149
2.621176281775035  3964
2.622214022966295  3909
2.6232492903979003  3975
2.6242820958356683  3725
2.625312450961674  3902
2.6263403673750423  4085
2.6273658565927325  4040
2.6283889300503116  3913
2.629409599102719  4000
2.630427875025024  3767
2.6314437690131722  3987
2.6324572921847245  3877
2.6334684555795866  3920
2.6344772701607315  3828
2.635483746814912  3998
2.6364878963533656  3951
2.637489729512511  3924
2.6384892569546374  3979
2.639486489268586  4066
2.640481436970422  3992
2.6414741105040997  4096
2.6424645202421213  3835
2.6434526764861874  3857
2.6444385894678386  4243
2.645422269349092  3928
2.6464037262230695  4062
2.6473829701146196  3934
2.6483600109809315  4032
2.649334858712142  3924
2.6503075231319366  4121
2.651278013998144  3927
2.6522463410033232  3996
2.6532125137753435  3884
2.6541765418779604  4009
2.655138434811382  4050
2.656098202012832  3884
2.6570558528571038  4049
2.6580113966571126  4020
2.658964842664435  3947
2.6599162000698504  3726
2.660865478003869  3788
2.661812685537261  3775
2.662757831681574  4041
2.663700925389648  4158
2.6646419755561257  3927
2.6655809910179533  3937
2.6665179805548807  4026
2.667452952889954  3976
2.66838591669  3947
2.6693168805661123  3816
2.670245853074124  3930
2.6711728427150834  3888
2.6720978579357175  3954
2.673020907128896  3836
2.673941998634088  4086
2.6748611407378116  3934
2.6757783416740852  3949
2.6766936096248664  4176
2.677606952720493  3840
2.678518379040114  4014
2.6794278966121188  4138
2.680335513414563  3904
2.681241237375587  3872
2.682145076373832  4042
2.6830470382388496  3947
2.683947130751512  3949
2.6848453616444123  3865
2.6857417386022635  3980
2.6866362692622934  3828
2.6875289612146345  3882
2.6884198220027105  4025
2.6893088591236203  3837
2.690196080028514  3845
2.6910814921229687  3820
2.69196510276736  3907
2.69284691927723  3902
2.693726948923647  3885
2.694605198933569  3975
2.6954816764901977  3995
2.696356388733332  4026
2.6972293427597176  4207
2.6981005456233897  3959
2.6989700043360187  4091
2.699837725867246  3920
2.7007037171450192  3937
2.7015679850559273  4190
2.7024305364455254  3887
2.7032913781186614  3771
2.7041505168397992  3938
2.705007959333336  3968
2.7058637122839193  4108
2.7067177823367587  3908
2.7075701760979363  3879
2.708420900134713  3962
2.709269960975831  4000
2.7101173651118162  4000
2.710963118995276  3947
2.711807229041191  3984
2.7126497016272113  3979
2.7134905430939424  4089
2.714329759745233  3943
2.7151673578484576  3774
2.716003343634799  3879
2.7168377232995247  4107
2.717670503002262  3948
2.718501688867274  4067
2.7193312869837265  3844
2.720159303405957  3912
2.7209857441537393  3940
2.7218106152125467  3971
2.722633922533812  4000
2.7234556720351857  3966
2.724275869600789  3961
2.725094521081469  3785
2.7259116322950483  4126
2.7267272090265724  3873
2.727541257028556  3985
2.7283537820212285  3910
2.72916478969277  4067
2.7299742856995555  4022
2.7307822756663893  3850
2.7315887651867388  3941
2.7323937598229686  4175
2.7331972651065692  3858
2.733999286538387  4049
2.734799829588847  4044
2.73559889969818  4062
2.7363965022766426  3946
2.7371926427047373  3909
2.737987326333431  3801
2.738780558484369  4152
2.739572344450092  4203
2.7403626894942437  3977
2.741151598851785  3982
2.741939077729199  4025
2.7427251313046983  3882
2.74350976472843  4094
2.7442929831226763  3956
2.7450747915820575  4124
2.745855195173729  3803
2.7466341989375787  3987
2.747411807886423  3836
2.7481880270062002  3961
2.7489628612561616  4065
2.749736315569061  3917
2.7505083948513462  3903
2.751279103983342  3925
2.7520484478194387  3913
2.7528164311882715  3884
2.7535830588929064  3920
2.754348335711019  3826
2.7551122663950713  3990
2.7558748556724915  3954
2.756636108245848  3933
2.7573960287930244  3893
2.75815462196739  4076
2.7589118923979736  3908
2.7596678446896306  4068
2.760422483423212  3818
2.7611758131557314  4067
2.761927838420529  4059
2.762678563727436  3831
2.7634279935629373  4066
2.7641761323903307  3919
2.7649229846498886  3901
2.765668554759014  3987
2.7664128471123997  3908
2.7671558660821804  4036
2.767897616018091  4045
2.7686381012476144  3859
2.7693773260761385  3804
2.7701152947871015  4233
2.7708520116421442  3950
2.7715874808812555  3950
2.77232170672292  3908
2.7730546933642626  3839
2.7737864449811935  4037
2.7745169657285498  4056
2.7752462597402365  4032
2.775974331129369  3882
2.776701183988411  3981
2.7774268223893115  3978
2.7781512503836434  4142
2.7788744720027396  3981
2.7795964912578244  4009
2.780317312140151  3906
2.7810369386211318  3860
2.781755374652469  4009
2.782472624166286  3890
2.7831886910752575  4013
2.783903579272735  3839
2.784617292632875  4097
2.785329835010767  4058
2.786041210242554  3809
2.7867514221455614  3945
2.787460474518415  3803
2.788168371141168  4031
2.788875115775417  3859
2.7895807121644256  4056
2.7902851640332416  3837
2.790988475088816  4130
2.791690649020118  3908
2.792391689498254  3917
2.79309160017658  3789
2.7937903846908188  3953
2.7944880466591697  4148
2.795184589682424  3910
2.7958800173440754  4082
2.7965743332104296  4088
2.7972675408307164  3895
2.797959643737196  3928
2.798650645445269  3916
2.7993405494535817  3909
2.8000293592441343  3796
2.800717078282385  3801
2.801403710017355  4002
2.802089257881733  3967
2.8027737252919755  4001
2.803457115648414  3961
2.8041394323353503  3772
2.8048206787211623  3940
2.8055008581584002  3921
2.806179973983887  3967
2.8068580295188172  3883
2.807535028068853  4110
2.808210972924222  3947
2.808885867359812  4039
2.8095597146352675  3895
2.8102325179950842  3974
2.8109042806687006  4009
2.8115750058705933  3837
2.812244696800369  3943
2.8129133566428557  3971
2.813580988568192  3955
2.81424759573192  3848
2.814913181275074  3912
2.815577748324267  3920
2.816241299991783  3955
2.8169038393756605  4081
2.8175653695597807  3904
2.8182258936139557  3926
2.8188854145940097  3959
2.8195439355418688  3944
2.82020145948564  3925
2.8208579894397  4018
2.821513528404773  3973
2.8221680793680175  4122
2.8228216453031045  3921
2.823474229170301  3833
2.824125833916549  3935
2.824776462475546  3749
2.8254261177678233  3992
2.8260748027008264  4028
2.826722520168992  3991
2.8273692730538253  3952
2.828015064223977  3960
2.82865989653532  4022
2.829303772831025  4004
2.829946695941636  3869
2.8305886686851442  3987
2.8312296938670634  3878
2.8318697742805017  4037
2.832508912706236  3825
2.833147111912785  3962
2.833784374656479  4087
2.8344207036815328  3999
2.835056101720116  4020
2.8356905714924254  4000
2.8363241157067516  3713
2.8369567370595505  3825
2.837588438235511  3832
2.8382192219076257  4028
2.838849090737255  3971
2.8394780473741985  3950
2.840106094456758  4025
2.8407332346118066  3857
2.841359470454855  4133
2.8419848045901137  4040
2.842609239610562  4188
2.8432327780980096  4059
2.843855422623161  3939
2.8444771757456815  3929
2.845098040014257  3918
2.8457180179666586  3836
2.846337112129805  3837
2.846955325019824  3909
2.847572659142112  4037
2.848189116991399  3987
2.8488047010518036  3754
2.8494194137968996  3936
2.850033257689769  3820
2.8506462351830666  3880
2.8512583487190755  3877
2.851869600729766  3990
2.8524799936368566  4141
2.8530895298518657  3985
2.8536982117761744  3843
2.8543060418010806  4041
2.8549130223078554  3921
2.8555191556678  3886
2.8561244442423  4113
2.8567288903828825  4138
2.8573324964312685  3869
2.857935264719429  3964
2.858537197569639  3814
2.859138297294531  3924
2.859738566197147  3904
2.8603380065709936  4053
2.8609366207000937  4152
2.8615344108590377  3962
2.862131379313037  3920
2.8627275283179747  3770
2.863322860120456  3971
2.8639173769578603  3885
2.864511081058392  3872
2.8651039746411278  3956
2.8656960599160706  3935
2.8662873390841948  3933
2.866877814337499  3986
2.8674674878590514  4046
2.8680563618230415  4051
2.8686444383948255  3974
2.8692317197309762  3913
2.869818207979328  4286
2.870403905279027  3957
2.8709888137605755  3909
2.8715729355458786  4027
2.8721562727482928  3905
2.8727388274726686  3931
2.873320601815399  3935
2.8739015978644615  3791
2.8744818176994666  4082
2.8750612633917  4132
2.8756399370041685  3882
2.876217840591642  3968
2.8767949762007006  3893
2.877371345869774  4010
2.8779469516291885  3908
2.8785217955012063  4011
2.8790958795000727  3917
2.8796692056320534  3991
2.88024177589548  3926
2.8808135922807914  3768
2.8813846567705728  4005
2.8819549713396007  3924
2.8825245379548803  3954
2.8830933585756897  4061
2.8836614351536176  4076
2.884228769632604  3857
2.884795363948981  3977
2.885361220031512  4038
2.885926339801431  3999
2.886490725172482  3943
2.8870543780509568  3751
2.887617300335736  3827
2.888179493918325  4028
2.8887409606828927  4003
2.88930170250631  4142
2.8898617212581885  3870
2.890421018800914  3859
2.890979596989689  4055
2.8915374576725643  4011
2.8920946026904804  4007
2.8926510338773004  4111
2.893206753059848  4116
2.8937617620579434  4022
2.8943160626844384  4254
2.8948696567452528  3845
2.895422546039408  3883
2.8959747323590648  3956
2.8965262174895554  3931
2.89707700320942  4010
2.8976270912904414  3956
2.8981764834976764  4103
2.8987251815894934  3843
2.8992731873176036  3985
2.8998205024270964  3952
2.9003671286564705  3870
2.900913067737669  4040
2.9014583213961123  3959
2.9020028913507296  3648
2.902546779313991  3926
2.9030899869919438  3993
2.9036325160842376  3977
2.9041743682841634  4055
2.904715545278681  3944
2.905256048748451  3810
2.9057958803678687  4062
2.906335041805091  3925
2.90687353472207  3812
2.907411360774586  4018
2.9079485216122722  3851
2.90848501887865  3890
2.909020854211156  3994
2.9095560292411755  3884
2.910090545594068  3902
2.910624404889201  4141
2.9111576087399764  3930
2.9116901587538613  3972
2.9122220565324155  3936
2.912753303671323  3884
2.9132839017604186  4181
2.9138138523837167  3874
2.9143431571194407  4139
2.9148718175400505  3997
2.91539983521227  3989
2.9159272116971158  3985
2.916453948549925  3945
2.9169800473203824  3857
2.9175055095525466  4062
2.9180303367848803  3965
2.9185545305502734  3824
2.9190780923760737  3880
2.919601023784111  3882
2.920123326290724  3960
2.9206450014067875  4090
2.921166050637739  3938
2.921686475483602  3882
2.9222062774390163  4041
2.92272545799326  3912
2.9232440186302764  3870
2.9237619608287004  4117
2.9242792860618816  4002
2.924795995797912  3815
2.9253120914996495  3934
2.9258275746247424  4050
2.926342446625655  4102
2.926856708949692  3840
2.9273703630390235  3935
2.9278834103307068  3874
2.9283958522567137  3722
2.928907690243953  3822
2.929418925714293  4103
2.929929560084588  3908
2.9304395947667  3958
2.930949031167523  4077
2.931457870689005  3972
2.931966114728173  3903
2.932473764677153  3825
2.932980821923198  4047
2.9334872878487053  4159
2.9339931638312424  3996
2.934498451243568  3916
2.935003151453655  4056
2.9355072658247128  3909
2.9360107957152097  3885
2.936513742478893  3940
2.9370161074648142  3800
2.937517892017347  3941
2.9380190974762104  4000
2.938519725176492  3977
2.9390197764486663  4143
2.9395192526186187  3878
2.9400181550076634  3828
2.940516484932567  3916
2.9410142437055695  3915
2.941511432634403  4057
2.942008053022313  3892
2.9425041061680806  3816
2.9429995933660407  3980
2.9434945159061026  3916
2.9439888750737717  3908
2.9444826721501687  3884
2.9449759084120477  3758
2.94546858513182  3758
2.9459607035775686  4081
2.946452265013073  3964
2.9469432706978256  3984
2.9474337218870508  3904
2.9479236198317262  3898
2.948412965778601  3828
2.9489017609702137  3932
2.949390006644913  3995
2.949877704036875  4029
2.950364854376123  4001
2.9508514588885464  3858
2.951337518795918  3988
2.951823035315912  3853
2.9523080096621253  4134
2.952792443044092  3834
2.9532763366673045  3863
2.9537596917332287  4065
2.9542425094393248  3872
2.954724790979063  3939
2.9552065375419416  4041
2.9556877503135057  3898
2.9561684304753633  4149
2.9566485792052033  3964
2.957128197676813  3993
2.957607287060095  3885
2.958085848521085  3948
2.9585638832219674  3966
2.9590413923210934  3977
2.9595183769729982  3851
2.959994838328416  3912
2.960470777534299  3880
2.960946195733831  3969
2.9614210940664485  3913
2.9618954736678504  3867
2.962369335670021  4044
2.9628426812012423  3985
2.9633155113861114  3839
2.963787827345555  4076
2.964259630196849  3868
2.9647309210536292  4041
2.965201701025912  4026
2.9656719712201065  3888
2.9661417327390325  3915
2.966610986681934  3783
2.967079734144497  3987
2.967547976218862  3928
2.968015713993642  3932
2.9684829485539352  3876
2.9689496809813427  4023
2.9694159123539814  3960
2.9698816437465  4067
2.9703468762300935  3892
2.9708116108725178  3980
2.971275848738105  3940
2.971739590887778  3886
2.9722028383790646  4035
2.972665592266111  3949
2.9731278535996988  3873
2.973589623427257  3972
2.9740509027928774  3994
2.9745116927373285  4060
2.974971994298069  4007
2.975431808509263  4009
2.975891136401793  3950
2.9763499790032735  3859
2.976808337338066  4057
2.977266212427293  3958
2.9777236052888476  4049
2.978180516937414  4013
2.9786369483844743  3981
2.979092900638326  3867
2.979548374704095  3884
2.9800033715837464  3839
2.9804578922761  4011
2.9809119377768436  3844
2.9813655090785445  3996
2.9818186071706636  4075
2.9822712330395684  3895
2.9827233876685453  4027
2.983175072037813  3873
2.9836262871245345  3938
2.984077033902831  3890
2.9845273133437926  4161
2.9849771264154934  3944
2.9854264740830017  3838
2.9858753573083936  3926
2.986323777050765  3934
2.9867717342662448  3905
2.9872192299080047  4049
2.9876662649262746  4038
2.988112840268352  3914
2.9885589568786157  3756
2.989004615698537  3914
2.9894498176666917  4069
2.989894563718773  3994
2.9903388547876015  3918
2.9907826918031377  3986
2.9912260756924947  3992
2.9916690073799486  3977
2.9921114877869495  3936
2.9925535178321354  3974
2.9929950984313414  4026
2.9934362304976116  3969
2.993876914941211  3941
2.9943171526696366  4018
2.9947569445876283  4064
2.9951962915971793  4003
2.99563519459755  3949
2.9960736544852753  3851
2.9965116721541785  3793
2.996949248495381  3989
2.997386384397313  3880
2.9978230807457256  3919
2.998259338423699  3928
2.998695158311656  3998
2.999130541287371  3896
2.9995654882259823  3962
3.0  4073
3.000434077479319  3942
3.0008677215312267  4069
3.0013009330204183  3833
3.0017337128090005  3905
3.002166061756508  4030
3.0025979807199086  4029
3.003029470553618  4039
3.0034605321095067  3938
3.0038911662369103  3865
3.0043213737826426  3859
3.004751155591001  4040
3.0051805125037805  3938
3.0056094453602804  3948
3.0060379549973173  4052
3.0064660422492318  3991
3.0068937079479006  3919
3.0073209529227447  3970
3.00774777800074  4077
3.0081741840064264  3924
3.0086001717619175  4107
3.0090257420869104  3810
3.009450895798694  4023
3.00987563371216  4052
3.010299956639812  4049
3.010723865391773  3895
3.0111473607757975  3767
3.0115704435972783  4027
3.011993114659257  3915
3.012415374762433  4014
3.012837224705172  3859
3.0132586652835167  3869
3.0136796972911926  3961
3.0141003215196207  3905
3.0145205387579237  3958
3.0149403497929366  3859
3.0153597554092144  3987
3.015778756389041  3929
3.016197353512439  4010
3.016615547557177  4116
3.0170333392987803  4037
3.017450729510536  3851
3.0178677189635055  3937
3.018284308426531  4148
3.0187004986662433  3996
3.019116290447073  3845
3.0195316845312554  4116
3.0199466816788423  3955
3.0203612826477078  3976
3.020775488193558  4042
3.0211892990699383  3973
3.021602716028242  3966
3.02201573981772  3892
3.0224283711854865  3957
3.022840610876528  3916
3.0232524596337114  3964
3.0236639181977933  4003
3.024074987307426  3916
3.024485667699167  3915
3.024895960107485  4264
3.0253058652647704  3867
3.025715383901341  4143
3.0261245167454502  4056
3.0265332645232967  4023
3.0269416279590295  3955
3.0273496077747564  4042
3.0277572046905536  4049
3.0281644194244697  3922
3.0285712526925375  3915
3.028977705208778  3972
3.0293837776852097  4120
3.029789470831856  3746
3.030194785356751  4062
3.030599721965951  3926
3.0310042813635367  3919
3.031408464251624  3960
3.0318122713303706  3980
3.0322157032979815  3952
3.03261876085072  3976
3.0330214446829107  3893
3.03342375548695  3634
3.03382569395331  4027
3.0342272607705505  3782
3.0346284566253203  4030
3.0350292822023683  3835
3.0354297381845483  4165
3.035829825252828  3910
3.0362295440862948  4015
3.036628895362161  4019
3.037027879755775  3871
3.037426497940624  3966
3.037824750588342  3980
3.0382226383687185  4016
3.038620161949703  3913
3.039017321997412  3856
3.0394141191761372  3948
3.0398105541483504  4013
3.0402066275747113  4005
3.040602340114073  4042
3.0409976924234905  3901
3.041392685158225  3967
3.041787318971752  4065
3.042181594515766  4004
3.0425755124401905  3888
3.0429690733931802  3790
3.0433622780211294  3939
3.0437551269686796  3965
3.044147620878723  3923
3.044539760392411  3962
3.04493154614916  3946
3.0453229787866576  3945
3.0457140589408676  3979
3.0461047872460387  3855
3.0464951643347082  3966
3.04688519083771  3971
3.0472748673841794  3850
3.04766419460156  3974
3.048053173115609  3915
3.0484418035504044  3985
3.04883008652835  3685
3.0492180226701815  4001
3.049605612594973  4007
3.0499928569201424  3834
3.050379756261458  4152
3.0507663112330423  3922
3.0511525224473814  3918
3.0515383905153275  3908
3.0519239160461065  3996
3.0523090996473234  3953
3.052693941924968  3982
3.0530784434834195  4110
3.053462604925455  3759
3.0538464268522527  3907
3.0542299098633974  3876
3.0546130545568877  4052
3.0549958615291417  4175
3.055378331375  3979
3.0557604646877348  3943
3.056142262059052  4189
3.0565237240791006  3943
3.0569048513364727  4090
3.0572856444182146  3850
3.0576661039098294  3952
3.0580462303952816  4039
3.058426024457005  3970
3.0588054866759067  4040
3.059184617631371  4014
3.0595634179012676  3885
3.059941888061955  3776
3.060320028688285  3806
3.060697840353612  3960
3.0610753236297916  3963
3.061452479087193  4147
3.061829307294699  3943
3.0622058088197126  3729
3.062581984228163  3942
3.0629578340845103  4093
3.0633333589517497  4084
3.0637085593914173  3861
3.064083435963596  3949
3.0644579892269186  4136
3.064832219738574  3796
3.065206128054312  3887
3.0655797147284485  3874
3.06595298031387  3831
3.0663259253620376  3938
3.0666985504229953  4039
3.0670708560453703  3953
3.0674428427763805  3980
3.0678145111618402  3857
3.0681858617461617  4079
3.068556895072363  3909
3.068927611682072  4057
3.0692980121155293  3998
3.0696680969115957  4003
3.070037866607755  4073
3.0704073217401198  4021
3.0707764628434346  3969
3.0711452904510828  3915
3.071513805095089  3620
3.0718820073061255  3998
3.072249897613515  3938
3.0726174765452368  3861
3.0729847446279304  3857
3.073351702386901  3934
3.0737183503461227  3962
3.074084689028244  3912
3.074450718954591  3767
3.074816440645175  3780
3.0751818546186915  4033
3.0755469613925306  4038
3.0759117614827773  3790
3.076276255404218  4072
3.076640443670342  3876
3.0770043267933502  4098
3.0773679052841563  3899
3.077731179652392  4006
3.0780941504064105  3861
3.0784568180532927  4106
3.0788191830988487  3973
3.0791812460476247  3904
3.079543007402906  3933
3.079904467666721  3959
3.0802656273398448  3875
3.0806264869218056  3940
3.080987046910887  4119
3.0813473078041325  3945
3.081707270097349  3957
3.082066934285113  4033
3.0824263008607717  3901
3.0827853703164503  4125
3.0831441431430524  3965
3.0835026198302673  3853
3.083860800866573  4011
3.0842186867392387  4043
3.084576277934331  3795
3.084933574936716  3921
3.085290578230065  3865
3.0856472882968564  3918
3.0860037056183818  3921
3.0863598306747484  3831
3.0867156639448825  3936
3.0870712059065353  3869
3.0874264570362855  3966
3.087781417809542  3763
3.0881360887005513  3932
3.0884904701823963  3956
3.088844562727004  4118
3.089198366805149  3892
3.089551882886454  3937
3.089905111439398  3981
3.090258052931316  3883
3.090610707828407  4037
3.0909630765957314  3859
3.091315159697223  4080
3.0916669575956846  4015
3.092018470752797  3877
3.0923696996291206  3910
3.0927206446840994  3761
3.0930713063760633  3961
3.093421685162235  3980
3.09377178149873  3930
3.0941215958405612  3866
3.094471128641645  3903
3.0948203803548  4008
3.095169351431755  3972
3.095518042323151  3987
3.0958664534785427  3799
3.0962145853464054  3819
3.0965624383741357  4044
3.0969100130080562  4117
3.09725730969342  3966
3.097604328874411  4046
3.09795107099415  4185
3.0982975364946976  3993
3.098643725817057  3772
3.0989896394011773  4112
3.0993352776859577  3919
3.09968064110925  4022
3.1000257301078626  3912
3.100370545117563  3890
3.1007150865730817  4028
3.1010593549081156  4079
3.101403350555331  3833
3.1017470739463664  3988
3.1020905255118367  3897
3.1024337056813365  4025
3.1027766148834415  4100
3.1031192535457137  3819
3.103461622094705  4161
3.103803720955957  3966
3.104145550554008  3977
3.104487111312395  3996
3.1048284036536553  3804
3.1051694279993316  3966
3.1055101847699738  3780
3.1058506743851435  3923
3.1061908972634154  3987
3.1065308538223815  3849
3.106870544478654  4036
3.1072099696478683  3902
3.1075491297446862  4005
3.1078880251827985  3979
3.1082266563749283  4024
3.1085650237328344  4037
3.1089031276673134  4013
3.109240968588203  3924
3.1095785469043866  3906
3.1099158630237933  4066
3.110252917353403  4098
3.110589710299249  3950
3.1109262422664203  4128
3.1112625136590655  3873
3.111598524880394  3956
3.1119342763326814  4125
3.1122697684172707  4059
3.1126050015345745  4046
3.11293997608408  3918
3.1132746924643504  4160
3.1136091510730277  3781
3.113943352306837  4066
3.1142772965615864  4117
3.114610984232173  3933
3.1149444157125847  4127
3.1152775913959014  3846
3.1156105116742996  3754
3.115943176939055  3914
3.116275587580544  3916
3.1166077439882485  3963
3.116939646550756  3943
3.1172712956557644  3905
3.117602691690084  3827
3.1179338350396413  3908
3.118264726089479  3791
3.118595365223762  4060
3.1189257528257768  3911
3.1192558892779365  3870
3.119585774961784  3963
3.119915410257991  3978
3.1202447955463652  3873
3.12057393120585  3901
3.1209028176145273  3839
3.1212314551496214  3800
3.1215598441875008  3940
3.121887985103681  3955
3.1222158782728267  3849
3.1225435240687545  4020
3.1228709228644354  3896
3.1231980750319988  4037
3.123524980942732  4067
3.123851640967086  3882
3.124178055474675  3930
3.1245042248342823  3949
3.1248301494138593  3982
3.12515582958053  3851
3.125481265700594  4014
3.125806458139527  4085
3.1261314072619846  3941
3.1264561134318045  3977
3.126780577012009  3936
3.1271047983648077  3898
3.127428777851599  3979
3.1277525158329733  4047
3.1280760126687155  3899
3.1283992687178066  3950
3.128722284338427  3858
3.1290450598879582  4099
3.1293675957229854  3585
3.129689892199301  3875
3.1300119496719043  3862
3.130333768495006  3908
3.130655349022031  3983
3.130976691605617  4060
3.131297796597623  3961
3.1316186643491255  3920
3.1319392952104246  4065
3.1322596895310446  3966
3.132579847659737  3773
3.132899769944483  3986
3.1332194567324945  3866
3.1335389083702174  3874
3.133858125203335  3956
3.1341771075767664  4014
3.1344958558346736  3996
3.13481437032046  3945
3.1351326513767748  4108
3.1354506993455136  4194
3.1357685145678222  3993
3.1360860973840974  4094
3.13640344813399  4015
3.1367205671564067  4144
3.1370374547895126  4005
3.137354111370733  3789
3.137670537236755  3899
3.137986732723532  3885
3.1383026981662816  4046
3.1386184338994925  3927
3.1389339402569236  4015
3.139249217571607  4001
3.13956426617585  3905
3.1398790864012365  3989
3.140193678578631  4191
3.1405080430381798  3916
3.1408221801093106  3977
3.141136090120739  3908
3.1414497734004674  3786
3.141763230275788  3927
3.1420764610732848  3921
3.142389466118836  3863
3.1427022457376155  4024
3.143014800254095  3817
3.143327129992046  3924
3.1436392352745433  4005
3.1439511164239633  3941
3.144262773761991  3808
3.144574207609616  3871
3.144885418287142  4035
3.1451964061141817  3801
3.1455071714096627  3960
3.1458177144918276  3789
3.146128035678238  4061
3.1464381352857744  3932
3.14674801363064  3998
3.1470576710283598  3953
3.1473671077937864  3931
3.1476763242410986  3856
3.147985320683805  3866
3.1482940974347455  3913
3.1486026548060932  3934
3.1489109931093564  4180
3.1492191126553797  3958
3.149527013754348  4035
3.149834696715785  4008
3.1501421618485588  3921
3.150449409460881  4032
3.150756439860309  3729
3.15106325335375  3989
3.1513698502474603  3920
3.151676230847048  4017
3.151982395457474  4021
3.1522883443830563  3987
3.15259407792747  3900
3.1528995963937474  4153
3.153204900084284  4006
3.1535099893008374  3918
3.153814864344529  4172
3.154119525515847  3857
3.154423973114647  4059
3.1547282074401557  3837
3.1550322287909704  3925
3.155336037465062  3887
3.1556396337597765  4012
3.1559430179718366  3983
3.1562461903973444  3875
3.1565491513317814  3944
3.156851901070011  4103
3.1571544399062814  3906
3.157456768134226  3835
3.1577588860468637  3897
3.158060793936605  3915
3.1583624920952498  3914
3.1586639808139894  4068
3.15896526038341  3913
3.159266331093494  3979
3.1595671932336202  4096
3.1598678470925665  4058
3.160168292958512  3985
3.1604685311190375  3771
3.1607685618611283  3906
3.1610683854711747  3942
3.161368002234975  4036
3.161667412437736  3916
3.161966616364075  3916
3.1622656142980214  3907
3.162564406523019  3971
3.162862993321926  3964
3.1631613749770184  3945
3.16345955176999  3814
3.163757523981956  3922
3.1640552918934515  4026
3.164352855784437  3881
3.1646502159342966  4031
3.1649473726218416  4024
3.1652443261253107  3988
3.165541076722373  4079
3.1658376246901283  3862
3.166133970305109  3955
3.166430113843283  3991
3.166726055580052  3978
3.1670217957902564  4002
3.167317334748176  3898
3.16761267272753  3849
3.16790781000148  3999
3.168202746842631  3819
3.1684974835230326  3925
3.1687920203141817  3906
3.1690863574870227  4029
3.1693804953119495  3854
3.1696744340588068  3891
3.1699681739968923  4034
3.1702617153949575  3914
3.1705550585212086  4091
3.170848203643309  3945
3.1711411510283822  3968
3.171433900943008  3937
3.171726453653231  3814
3.1720188094245563  3787
3.172310968521954  4033
3.17260293120986  3998
3.1728946977521764  3965
3.173186268412274  3927
3.1734776434529945  3717
3.17376882313665  4015
3.1740598077250253  4048
3.1743505974793798  3898
3.1746411926604483  3888
3.1749315935284423  4019
3.1752218003430523  4046
3.1755118133634475  3874
3.1758016328482794  4020
3.1760912590556813  3974
3.1763806922432702  3984
3.17666993266815  4003
3.176958980586908  4102
3.1772478362556233  3957
3.1775364999298623  4047
3.177824971864682  3965
3.1781132523146316  3968
3.178401341533755  3987
3.17868923977559  4021
3.1789769472931693  3997
3.1792644643390253  3998
3.1795517911651876  4005
3.179838928023187  4133
3.180125875164054  3946
3.180412632838324  3989
3.1806992012960347  3918
3.1809855807867304  4144
3.1812717715594614  4167
3.1815577738627865  3926
3.1818435879447726  4023
3.182129214052998  4028
3.182414652434554  3965
3.1826999033360424  4054
3.182984967003582  4185
3.1832698436828046  4059
3.1835545336188615  3967
3.1838390370564214  3982
3.184123354239671  4004
3.1844074854123203  3856
3.184691430817599  3908
3.184975190698261  3922
3.185258765296585  4109
3.185542154854375  4126
3.185825359612962  3984
3.1861083798132053  3867
3.186391215695493  4017
3.1866738674997452  4003
3.1869563354654122  4006
3.187238619831479  3991
3.187520720836463  3796
3.1878026387184195  3924
3.188084373714938  4055
3.188365926063148  3882
3.188647295999717  3991
3.1889284837608534  3807
3.189209489582306  3957
3.1894903136993675  3809
3.189770956346874  4012
3.190051417759206  4050
3.1903316981702914  3734
3.190611797813605  3939
3.1908917169221698  3932
3.1911714557285586  3727
3.1914510144648953  4157
3.1917303933628562  3936
3.1920095926536702  4027
3.1922886125681202  3977
3.1925674533365456  3936
3.192846115188842  3898
3.1931245983544616  3938
3.1934029030624176  4164
3.1936810295412816  3922
3.193958978019187  4108
3.1942367487238292  3864
3.194514341882467  4011
3.1947917577219247  3891
3.1950689964685903  4004
3.1953460583484197  3833
3.1956229435869368  3844
3.1958996524092336  4058
3.1961761850399735  3981
3.196452541703389  4044
3.196728722623287  3981
3.1970047280230456  4036
3.197280558125619  3988
3.1975562131535367  4042
3.197831693328903  3954
3.1981069988734014  3901
3.1983821300082944  3815
3.1986570869544226  3946
3.198931869932209  4074
3.1992064791616577  4021
3.199480914862356  4037
3.1997551772534747  3958
3.2000292665537704  3976
3.200303182981585  3955
3.2005769267548483  4187
3.2008504980910772  3933
3.2011238972073794  3924
3.2013971243204513  3977
3.2016701796465816  3963
3.20194306340165  3965
3.2022157758011316  4099
3.2024883170600935  3993
3.2027606873931997  3956
3.2030328870147105  3944
3.203304916138483  3737
3.2035767749779724  3901
3.2038484637462346  3834
3.2041199826559246  3859
3.2043913319193  3914
3.204662511748219  3777
3.204933522354145  4153
3.2052043639481447  3970
3.205475036740891  3969
3.205745540942662  3915
3.2060158767633444  3822
3.2062860444124324  3979
3.2065560440990297  4033
3.2068258760318495  3877
3.207095540419218  3848
3.2073650374690716  3791
3.2076343673889616  3894
3.2079035303860515  4034
3.2081725266671217  3876
3.208441356438567  4129
3.208710019906401  4056
3.2089785172762535  3918
3.2092468487533736  3893
3.2095150145426308  3969
3.209783014848515  3892
3.2100508498751372  3913
3.210318519826232  4074
3.2105860249051563  3960
3.210853365314893  4048
3.2111205412580492  4009
3.2113875529368587  4086
3.2116544005531824  4019
3.2119210843085093  3995
3.2121876044039577  3912
3.212453961040276  3938
3.2127201544178425  3937
3.212986184736668  4056
3.2132520521963968  3813
3.2135177569963047  3945
3.2137832993353044  3954
3.2140486794119414  3975
3.2143138974244  3969
3.214578953570499  4050
3.214843848047698  3825
3.215108581053093  3984
3.215373152783422  3874
3.215637563435062  3878
3.215901813204032  3872
3.216165902285993  3882
3.216429830876251  4086
3.2166935991697545  4068
3.216957207361097  4018
3.217220655644519  3949
3.2174839442139063  4068
3.2177470732627937  4002
3.218010042984363  3994
3.2182728535714475  3922
3.218535505216528  3984
3.2187979981117376  4101
3.219060332448861  4027
3.219322508419337  3984
3.2195845262142546  3974
3.219846386024361  3872
3.220108088040055  3894
3.2203696324513946  3985
3.220631019448092  4046
3.2208922492195193  3876
3.2211533219547053  4011
3.2214142378423385  3997
3.2216749970707688  3905
3.2219355998280053  4068
3.22219604630172  3932
3.222456336679247  3968
3.2227164711475833  3730
3.2229764498933915  3991
3.2232362731029975  3981
3.2234959409623944  3950
3.2237554536572413  3908
3.224014811372864  3984
3.2242740142942576  3775
3.2245330626060857  3915
3.2247919564926817  3835
3.225050696138049  4087
3.225309281725863  3994
3.225567713439471  3925
3.2258259914618934  4079
3.226084115975824  3826
3.226342087163631  3972
3.2265999052073573  4077
3.2268575702887237  3827
3.2271150825891253  3844
3.2273724422896364  3925
3.227629649571009  3945
3.2278867046136734  3909
3.2281436075977417  3902
3.228400358703005  3869
3.2286569581089353  3889
3.228913405994688  3940
3.229169702539101  3923
3.229425847920695  4043
3.229681842317676  3790
3.229937685907934  3910
3.230193378869046  3843
3.230448921378274  3927
3.230704313612569  3890
3.230959555748569  3965
3.231214647962601  4074
3.2314695904306814  3927
3.2317243833285163  3851
3.231979026831504  3928
3.2322335211147335  3884
3.232487866352986  4049
3.232742062720737  3839
3.2329961103921536  3910
3.2332500095411003  3997
3.2335037603411343  3860
3.2337573629655103  3999
3.2340108175871793  3952
3.2342641243787895  4045
3.2345172835126865  3949
3.2347702951609163  4013
3.2350231594952237  4140
3.2352758766870524  3925
3.2355284469075487  3893
3.2357808703275603  3912
3.236033147117636  3944
3.2362852774480286  4029
3.236537261488694  3903
3.2367890994092927  3976
3.237040791379191  3819
3.237292337567459  3933
3.2375437381428744  4043
3.2377949932739227  3907
3.2380461031287955  3899
3.238297067875394  3794
3.2385478876813276  3938
3.238798562713917  3870
3.2390490931401916  3977
3.2392994791268923  3872
3.239549720840473  3891
3.2397998184470986  3749
3.2400497721126476  4071
3.2402995820027125  3997
3.2405492482826  3811
3.240798771117331  3796
3.241048150671644  4074
3.2412973871099933  4069
3.2415464805965484  3880
3.241795431295199  3872
3.2420442393695508  3996
3.2422929049829308  3923
3.2425414282983844  3955
3.2427898094786767  4213
3.2430380486862944  4087
3.243286146083446  3939
3.243534101832062  4011
3.243781916093795  4036
3.244029589030022  3939
3.244277120801843  3989
3.244524511570084  3902
3.244771761495295  4052
3.245018870737753  4011
3.245265839457461  3955
3.24551266781415  3909
3.245759355967277  4015
3.246005904076029  4101
3.246252312299322  4006
3.246498580795801  4054
3.2467447097238415  3954
3.24699069924155  4039
3.247236549506764  3918
3.2474822606770544  3890
3.2477278329097232  3879
3.247973266361807  3894
3.248218561190075  3912
3.248463717551032  3953
3.2487087356009177  3979
3.2489536154957075  3932
3.249198357391113  3912
3.249442961442582  3819
3.2496874278053016  3948
3.249931756634195  3926
3.250175948083925  3852
3.250420002308894  3816
3.2506639194632436  3969
3.250907699700856  3896
3.2511513431753545  3988
3.2513948500401044  4045
3.251638220448212  3947
3.2518814545525276  3858
3.252124552505644  4146
3.2523675144598987  3955
3.252610340567373  3809
3.2528530309798933  3907
3.2530955858490316  4053
3.2533380053261065  3929
3.253580289562183  3872
3.2538224387080734  3954
3.254064452914338  4023
3.2543063323312857  4076
3.2545480771089736  4110
3.25478968739721  3903
3.2550311633455515  4066
3.255272505103306  3959
3.2555137128195333  3865
3.255754786643044  4002
3.255995726722402  3870
3.256236533205923  3892
3.256477206241677  4053
3.256717745977487  3855
3.256958152560932  3761
3.2571984261393445  3948
3.257438566859814  3863
3.2576785748691846  4066
3.2579184503140586  3924
3.2581581933407944  4078
3.258397804095509  3965
3.2586372827240764  3890
3.258876629372131  4099
3.2591158441850663  4060
3.2593549273080344  4036
3.2595938788859486  3913
3.2598326990634834  4173
3.2600713879850747  3942
3.26030994579492  3984
3.2605483726369795  3980
3.2607866686549762  3828
3.2610248339923973  4159
3.2612628687924934  3979
3.2615007731982804  3962
3.2617385473525378  3825
3.2619761913978125  3949
3.262213705476417  4013
3.2624510897304293  4014
3.2626883443016963  3874
3.2629254693318317  3980
3.2631624649622166  4083
3.263399331334002  4003
3.263636068588108  4237
3.2638726768652235  3980
3.2641091563058082  3959
3.2643455070500926  4120
3.2645817292380777  3841
3.2648178230095364  4052
3.2650537885040145  3971
3.26528962586083  4018
3.2655253352190736  3919
3.2657609167176105  3834
3.265996370495079  4018
3.266231696689893  3861
3.2664668954402414  3971
3.2667019668840878  3983
3.266936911159173  4061
3.2671717284030137  4007
3.267406418752904  3986
3.2676409823459154  4098
3.2678754193188975  3966
3.2681097298084785  4027
3.268343913951065  3850
3.268577971882843  3942
3.2688119037397803  3933
3.269045709657623  3944
3.2692793897718984  4053
3.2695129442179165  4005
3.269746373130767  4047
3.269979676645324  3879
3.2702128548962426  3969
3.2704459080179626  3864
3.2706788361447066  4048
3.2709116394104814  3948
3.2711443179490782  3989
3.2713768718940743  3820
3.271609301378832  4002
3.271841606536499  3957
3.27207378750001  3917
3.2723058444020863  3890
3.2725377773752373  3993
3.2727695865517594  3876
3.2730012720637376  3901
3.2732328340430454  3717
3.273464272621346  3947
3.273695587930092  3882
3.2739267801005254  3876
3.27415784926368  3962
3.274388795550379  3862
3.274619619091238  4002
3.274850320016665  3984
3.2750808984568587  3790
3.2753113545418118  3956
3.2755416884013098  3841
3.2757719001649312  3966
3.27600198996205  4033
3.2762319579218335  3962
3.2764618041732443  3899
3.27669152884504  4054
3.276921132065774  4024
3.277150613963797  3915
3.2773799746672547  4039
3.2776092143040914  4007
3.2778383330020473  3988
3.2780673308886628  3863
3.2782962080912736  3950
3.2785249647370174  3898
3.278753600952829  4016
3.278982116865443  3994
3.279210512601395  3862
3.2794387882870204  4119
3.2796669440484556  3901
3.279894980011638  3924
3.2801228963023075  3876
3.280350693046006  3946
3.2805783703680764  4066
3.280805928393667  4001
3.2810333672477277  3902
3.281260687055013  4033
3.2814878879400813  3853
3.281714970027296  3719
3.281941933440825  3955
3.2821687783046416  3952
3.2823955047425257  3945
3.2826221128780624  3940
3.282848602834645  4070
3.2830749747354715  4048
3.2833012287035497  3962
3.2835273648616936  4136
3.2837533833325265  3953
3.28397928423848  4069
3.284205067701794  4088
3.2844307338445193  4018
3.2846562827885157  3890
3.284881714655453  4025
3.285107029566812  3799
3.2853322276438846  4004
3.285557309007774  3854
3.285782273779395  3755
3.2860071220794747  3903
3.286231854028553  3991
3.286456469746983  3906
3.28668096935493  3742
3.286905352972375  3949
3.287129620719111  4110
3.2873537727147464  3830
3.2875778090787056  3954
3.287801729930226  3958
3.2880255353883627  3839
3.288249225571986  3964
3.2884728005997825  3752
3.288696260590256  3975
3.2889196056617265  3954
3.289142835932333  3902
3.2893659515200318  4183
3.2895889525425965  4189
3.2898118391176214  3968
3.290034611362518  4058
3.2902572693945182  4014
3.290479813330673  3962
3.2907022432878543  4158
3.2909245593827543  3733
3.2911467617318855  3938
3.291368850451583  3934
3.2915908256580013  4209
3.291812687467119  3929
3.2920344359947364  3982
3.292256071356476  4036
3.292477593667784  3870
3.29269900304393  3985
3.292920299600006  4041
3.2931414834509307  3972
3.2933625547114453  3896
3.2935835134961167  4231
3.2938043599193367  4159
3.2940250940953226  3934
3.2942457161381182  3973
3.294466226161593  3910
3.2946866242794433  4091
3.2949069106051923  4058
3.295127085252191  3982
3.295347148333618  3964
3.295567099962479  3907
3.295786940251609  4045
3.2960066693136723  3958
3.2962262872611605  4098
3.296445794206396  3927
3.296665190261531  3871
3.296884475538547  4025
3.2971036501492565  3650
3.2973227142053028  3911
3.2975416678181597  4157
3.297760511099134  3927
3.2979792441593623  3997
3.298197867109815  3980
3.2984163800612945  4012
3.2986347831244354  3915
3.298853076409707  3877
3.2990712600274095  3994
3.29928933408768  3832
3.2995072987004876  3808
3.2997251539756367  3931
3.299942900022767  4052
3.3001605369513523  3933
3.3003780648707024  3920
3.3005954838899636  3969
3.300812794118117  3951
3.3010299956639813  3924
3.3012470886362113  3904
3.3014640731433  3881
3.3016809492935764  3981
3.301897717195208  3929
3.302114376956201  4027
3.302330928684399  3976
3.3025473724874854  4042
3.3027637084729817  3942
3.3029799367482493  3884
3.303196057420489  3881
3.303412070596742  3964
3.30362797638389  4039
3.3038437748886547  3823
3.3040594662175993  3966
3.3042750504771283  3952
3.3044905277734875  4017
3.3047058982127653  3989
3.3049211619008916  3979
3.305136318943639  3907
3.305351369446624  3790
3.305566313515304  4066
3.3057811512549824  4066
3.3059958827708047  3917
3.3062105081677613  3999
3.3064250275506875  3820
3.3066394410242617  4289
3.3068537486930087  3880
3.3070679506612985  3876
3.307282047033346  3963
3.307496037913213  4058
3.307709923404807  3936
3.307923703611882  3980
3.3081373786380386  3825
3.308350948586726  3961
3.3085644135612386  4107
3.3087777736647213  3990
3.3089910290001643  3889
3.3092041796704077  3972
3.30941722577814  3999
3.3096301674258988  4120
3.3098430047160705  4094
3.3100557377508912  3930
3.3102683666324477  3919
3.3104808914626753  4119
3.3106933123433606  4015
3.3109056293761414  3863
3.311117842662506  4129
3.3113299523037933  3979
3.311541958401195  3980
3.311753861055754  3851
3.3119656603683665  3983
3.3121773564397787  4000
3.312388949370592  3883
3.3126004392612596  4029
3.312811826212088  3802
3.313023110323238  3632
3.313234291694724  3991
3.313445370426414  4013
3.3136563466180315  3882
3.3138672203691533  4055
3.3140779917792127  3920
3.3142886609474975  4072
3.3144992279731516  3948
3.314709692955174  3929
3.31492005599242  4214
3.315130317183602  4030
3.3153404766272883  3830
3.315550534421905  3873
3.3157604906657347  3896
3.315970345456918  3962
3.3161800988934527  3793
3.3163897510731952  3908
3.3165993020938607  4077
3.316808752053022  3912
3.3170181010481117  3983
3.31722734917642  3945
3.317436496535099  3908
3.3176455432211585  4035
3.317854489331469  4162
3.3180633349627615  3968
3.318272080211627  3967
3.3184807251745174  4060
3.318689269947746  3911
3.3188977146274867  4001
3.3191060593097763  4030
3.319314304090512  3906
3.3195224490654542  4076
3.3197304943302246  3935
3.3199384399803087  4054
3.3201462861110542  3952
3.3203540328176717  4027
3.3205616801952367  3999
3.3207692283386865  3739
3.3209766773428235  3951
3.3211840273023143  3919
3.321391278311689  3983
3.3215984304653436  4054
3.3218054838575393  3875
3.3220124385824006  4125
3.322219294733919  3806
3.3224260524059526  3921
3.3226327116922234  3850
3.322839272686321  3956
3.3230457354817013  4021
3.323252100171687  3969
3.3234583668494677  3887
3.3236645356081  4069
3.323870606540509  3889
3.3240765797394864  3975
3.3242824552976926  3838
3.3244882333076564  4000
3.3246939138617746  3919
3.3248994970523134  4022
3.3251049829714074  4114
3.325310371711061  3893
3.325515663363148  3990
3.325720858019412  4017
3.325925955771466  3880
3.3261309567107946  4096
3.326335860928751  3934
3.3265406685165617  4038
3.3267453795653217  4078
3.326949994165999  4126
3.3271545124094315  3978
3.3273589343863303  3937
3.327563260187278  4034
3.327767489902729  4056
3.3279716236230104  4064
3.3281756614383227  3759
3.3283796034387376  4189
3.328583449714202  3890
3.3287872003545345  3850
3.3289908554494287  4120
3.329194415088451  3838
3.329397879361043  3920
3.3296012483565187  3867
3.3298045221640695  4148
3.330007700872759  3833
3.330210784571528  4087
3.330413773349191  3943
3.3306166672944384  3786
3.330819466495837  3983
3.3310221710418286  3961
3.3312247810207323  3918
3.331427296520743  3834
3.3316297176299323  3764
3.331832044436249  3862
3.332034277027518  3890
3.3322364154914434  3958
3.3324384599156054  3858
3.3326404103874627  4051
3.3328422669943514  3986
3.3330440298234874  4069
3.3332456989619628  3960
3.3334472744967503  3788
3.3336487565147013  4021
3.333850145102545  3961
3.334051440346892  4002
3.334252642334231  4072
3.3344537511509307  3915
3.3346547668832414  4059
3.3348556896172914  3839
3.3350565194390915  3933
3.3352572564345317  3801
3.3354579006893843  3902
3.3356584522893016  4062
3.335858911319818  3838
3.336059277866349  4021
3.336259552014193  3966
3.3364597338485296  3902
3.3366598234544202  3864
3.336859820916809  3883
3.3370597263205246  3866
3.3372595397502756  3808
3.337459261290656  3960
3.3376588910261424  4055
3.3378584290410944  3974
3.3380578754197563  3959
3.3382572302462554  4060
3.3384564936046046  3946
3.3386556655787003  3909
3.338854746252323  3918
3.339053735709139  3874
3.3392526340327  3904
3.3394514413064407  3825
3.339650157613684  3885
3.339848783037637  4074
3.340047317661393  4094
3.3402457615679317  3935
3.3404441148401185  3869
3.3406423775607053  3937
3.3408405498123317  3882
3.341038631677523  4119
3.3412366232386925  4002
3.34143452457814  3980
3.3416323357780544  3784
3.3418300569205104  4084
3.3420276880874717  3988
3.3422252293607904  4067
3.342422680822206  3963
3.342620042553348  3848
3.342817314635733  3759
3.343014497150768  3813
3.3432115901797474  3929
3.3434085938038574  4058
3.343605508104172  4062
3.343802333161655  4057
3.3439990690571615  3657
3.344195715871435  3914
3.3443922736851106  4204
3.344588742578714  3936
3.344785122632661  3893
3.344981413927258  4023
3.345177616542704  3971
3.3453737305590883  4017
3.345569756056392  3968
3.345765693114488  3727
3.3459615418131414  3984
3.346157302232008  3899
3.346352974450639  3736
3.346548558548474  3874
3.346744054604849  3855
3.3469394626989906  3991
3.34713478291002  3927
3.3473300153169503  3893
3.3475251599986895  3923
3.347720217034038  3804
3.3479151865016914  4041
3.3481100684802376  3993
3.3483048630481607  3982
3.348499570283838  3994
3.348694190265541  3934
3.348888723071438  3972
3.34908316877959  4044
3.3492775274679554  4015
3.3494717992143856  3971
3.34966598409663  3921
3.3498600821923312  4074
3.3500540935790304  3920
3.3502480183341627  4107
3.350441856535061  3935
3.3506356082589543  3991
3.350829273582968  3944
3.3510228525841237  3867
3.351216345339342  4045
3.351409751925439  4066
3.351603072419129  3938
3.3517963068970236  3846
3.351989455435632  3883
3.3521825181113627  4160
3.35237549500052  3971
3.3525683861793087  3889
3.3527611917238307  3991
3.3529539117100877  3848
3.3531465462139796  4074
3.3533390953113047  4055
3.353531559077762  3998
3.353723937588949  3877
3.353916230920363  4027
3.3541084391474008  3968
3.35430056234536  4025
3.3544926005894364  4167
3.3546845539547285  3929
3.354876422516234  4050
3.3550682063488506  3938
3.3552599055273786  3964
3.3554515201265174  4098
3.355643050220869  4024
3.355834495884936  3984
3.3560258571931225  3969
3.3562171342197353  3884
3.3564083270389813  3936
3.356599435724971  4055
3.356790460351716  4018
3.3569814009931314  3945
3.3571722577230334  3934
3.3573630306151427  4097
3.3575537197430814  4059
3.3577443251803754  4013
3.357934847000454  3994
3.3581252852766488  3946
3.358315640082196  4072
3.3585059114902354  3921
3.3586960995738107  4121
3.358886204405869  4026
3.359076226059263  3772
3.3592661646067485  3903
3.3594560201209864  3893
3.359645792674543  4050
3.359835482339888  3907
3.3600250891893975  3914
3.3602146132953523  4041
3.3604040547299387  3803
3.360593413565249  4057
3.36078268987328  3893
3.3609718837259357  3814
3.361160995195026  3826
3.3613500243522663  4007
3.361538971269279  4058
3.361727836017593  3839
3.3619166186686433  3878
3.362105319293773  3811
3.362293937964231  3857
3.3624824747511743  3810
3.362670929725667  3977
3.36285930295868  3798
3.3630475945210936  4042
3.363235804483694  3929
3.3634239329171765  4064
3.3636119798921444  4057
3.3637999454791094  3877
3.3639878297484915  4135
3.3641756327706194  3826
3.3643633546157306  3994
3.364550995353972  3942
3.3647385550553985  4040
3.364926033789976  3948
3.3651134316275773  3934
3.3653007486379876  3925
3.3654879848909  3880
3.3656751404559175  3836
3.365862215402555  3889
3.3660492098002353  4026
3.366236123718293  4028
3.3664229572259727  4030
3.3666097103924297  4063
3.36679638328673  3816
3.3669829759778507  3790
3.367169488534681  3942
3.367355921026019  3958
3.3675422735205767  3885
3.3677285460869766  3788
3.3679147387937527  3984
3.3681008517093516  3880
3.368286884902131  4080
3.3684728384403617  3972
3.368658712392227  4192
3.3688445068258215  4049
3.3690302218091532  3967
3.369215857410143  4010
3.3694014136966244  4068
3.369586890736344  4048
3.369772288596963  4095
3.369957607346053  3999
3.370142847051102  3937
3.3703280077795106  3915
3.3705130895985924  3800
3.370698092575577  4054
3.370883016777606  3994
3.3710678622717363  3877
3.3712526291249394  3927
3.371437317404101  3947
3.3716219271760215  3703
3.371806458507416  3992
3.371990911464915  3955
3.372175286115064  4162
3.3723595825243238  3849
3.3725438007590705  4088
3.3727279408855955  3797
3.3729120029701067  4016
3.373095987078727  4150
3.373279893277496  3878
3.373463721632369  3951
3.3736474722092176  4102
3.3738311450738303  4025
3.3740147402919116  4048
3.374198257929083  3982
3.374381698050882  3933
3.374565060722765  3933
3.374748346010104  3976
3.3749315539781883  4011
3.375114684692225  4127
3.375297738217339  3892
3.3754807146185724  3870
3.3756636139608855  3919
3.375846436309156  4061
3.3760291817281805  3949
3.376211850282673  3750
3.3763944420372662  4008
3.376576957056512  3930
3.37675939540488  4057
3.3769417571467586  4029
3.377124042346456  3873
3.377306251068199  3938
3.3774883833761327  3891
3.377670439334323  3935
3.3778524190067545  3934
3.3780343224573315  3892
3.378216149749878  3865
3.3783979009481375  3972
3.378579576115775  3986
3.3787611753163733  4009
3.378942698613437  4050
3.379124146070392  4003
3.379305517750582  3922
3.3794868137172736  4086
3.379668034033654  3854
3.37984917876283  3985
3.380030247967831  3929
3.380211241711606  3786
3.3803921600570273  3843
3.3805730030668872  4134
3.3807537708039  3861
3.380934463330702  4096
3.3811150807098507  3899
3.381295623003826  3975
3.38147609027503  3824
3.381656482585787  3954
3.3818367999983434  3885
3.3820170425748683  3913
3.382197210377454  3997
3.3823773034681137  3954
3.3825573219087857  4072
3.3827372657613304  3963
3.382917135087531  3881
3.3830969299490943  4041
3.3832766504076504  3909
3.383456296524753  4108
3.3836358683618797  3874
3.383815365980431  3835
3.383994789441733  4145
3.3841741388070337  4117
3.384353414137506  4026
3.3845326154942486  3950
3.3847117429382823  4131
3.3848907965305544  4115
3.385069776331935  3865
3.38524868240322  3822
3.3854275148051305  3929
3.385606273598312  3903
3.3857849588433355  3988
3.385963570600697  3957
3.3861421089308186  4093
3.386320573894046  4096
3.386498965550653  3971
3.3866772839608377  3843
3.386855529184724  3968
3.387033701282363  3999
3.3872118003137306  4004
3.387389826338729  3810
3.387567779417189  3845
3.3877456596088638  4014
3.3879234669734366  4075
3.3881012015705165  4043
3.388278863459639  3899
3.3884564527002667  3972
3.388633969351789  4005
3.3888114134735234  3828
3.388988785124714  3948
3.3891660843645326  4019
3.389343311252078  3967
3.3895204658463776  4045
3.3896975482063856  4028
3.3898745583909853  3867
3.3900514964589874  3947
3.3902283624691303  4003
3.390405156480081  4061
3.390581878550435  3967
3.390758528738717  4085
3.3909351071033793  3895
3.3911116137028023  3829
3.3912880485952974  4084
3.3914644118391033  3913
3.3916407034923877  4019
3.391816923613249  3969
3.3919930722597127  4094
3.392169149489736  4067
3.392345155361204  3816
3.3925210899319325  3976
3.392696953259666  3962
3.3928727454020793  4047
3.3930484664167784  3906
3.3932241163612975  3949
3.393399695293102  4074
3.3935752032695876  3965
3.39375064034808  3847
3.3939260065858368  3936
3.3941013020400446  3902
3.3942765267678214  3934
3.3944516808262164  3786
3.394626764272209  4031
3.394801777162711  4095
3.394976719554564  3866
3.3951515915045425  3847
3.395326393069351  3976
3.395501124305626  3965
3.395675785269936  3864
3.3958503760187813  3896
3.3960248966085933  3849
3.3961993470957363  3838
3.3963737275365067  3845
3.396548037987132  3837
3.3967222785037734  3944
3.396896449142524  3987
3.397070549959409  4089
3.397244581010386  3906
3.397418542351348  3892
3.3975924340381165  4004
3.39776625612645  4000
3.3979400086720375  3981
3.3981136917305026  3945
3.398287305357401  3773
3.3984608496082234  3823
3.398634324538392  3728
3.3988077302032647  4001
3.398981066658131  3865
3.3991543339582164  4009
3.399327532158679  3988
3.3995006613146104  3908
3.399673721481038  4001
3.3998467127129226  3950
3.4000196350651586  3930
3.400192488592576  3849
3.400365273349939  3985
3.400537989391946  4124
3.400710636773231  3896
3.4008832155483626  4052
3.401055725771844  4023
3.401228167498113  3896
3.401400540781544  3839
3.401572845676446  4059
3.401745082237063  3959
3.4019172505175748  4028
3.402089350572097  3977
3.40226138245468  3976
3.402433346219312  4071
3.4026052419199146  3958
3.402777069610347  3857
3.4029488293444046  4000
3.403120521175818  3764
3.4032921451582543  4102
3.4034637013453173  3931
3.403635189790548  4048
3.4038066105474227  3885
3.403977963669355  3972
3.404149249209695  4064
3.404320467221731  3876
3.404491617758686  4085
3.4046627008737222  3968
3.404833716619938  4078
3.4050046650503694  4021
3.4051755462179893  4082
3.405346360175709  3830
3.4055171069763763  3914
3.4056877866727775  3885
3.4058583993176366  3973
3.406028944963615  3952
3.406199423663313  3966
3.4063698354692673  3861
3.406540180433955  3962
3.40671045860979  4129
3.4068806700491248  3748
3.40705081480425  4057
3.4072208929273966  3867
3.4073909044707316  4091
3.4075608494863627  4004
3.4077307280263356  3893
3.407900540142635  4013
3.4080702858871854  3991
3.4082399653118496  4031
3.40840957846843  4016
3.4085791254086675  3944
3.408748606184244  4055
3.4089180208467798  3811
3.409087369447835  4016
3.4092566520389096  3818
3.4094258686714434  4205
3.4095950193968156  4160
3.4097641042663462  3891
3.4099331233312946  3987
3.4101020766428607  3931
3.4102709642521845  3906
3.4104397862103464  3678
3.410608542568368  3952
3.41077723337721  4114
3.4109458586877746  3993
3.4111144185509046  3691
3.4112829130173843  4004
3.4114513421379375  3828
3.41161970596323  4012
3.411788004543869  3783
3.4119562379304016  4005
3.412124406173317  3960
3.4122925093230463  4090
3.412460547429961  3887
3.4126285205443754  4022
3.4127964287165433  3915
3.4129642719966626  3888
3.413132050434872  3909
3.413299764081252  3909
3.413467412985825  3916
3.413634997198556  4010
3.4138025167693513  3831
3.4139699717480614  3794
3.414137362184477  4091
3.4143046881283317  4098
3.4144719496293026  4183
3.414639146737009  3881
3.4148062795010126  3884
3.4149733479708178  4033
3.4151403521958725  3962
3.4153072922255676  4011
3.4154741681092355  3915
3.4156409798961542  3911
3.4158077276355434  3988
3.415974411376566  4017
3.416141031168329  4079
3.4163075870598827  3857
3.4164740791002206  4025
3.416640507338281  3881
3.4168068718229443  3975
3.4169731726030363  4121
3.4171394097273255  3942
3.4173055832445254  3853
3.417471693203293  4056
3.4176377396522297  4025
3.417803722639881  3935
3.417969642214737  3942
3.418135498425232  4092
3.4183012913197452  3796
3.4184670209466006  4104
3.4186326873540653  3969
3.4187982905903533  4028
3.4189638307036225  3916
3.4191293077419758  3875
3.4192947217534604  4018
3.4194600727860704  4030
3.419625360887743  4168
3.419790586106363  3943
3.419955748489758  3796
3.420120848085703  3940
3.4202858849419178  3941
3.4204508591060683  3838
3.420615770625765  4067
3.4207806195485655  3920
3.420945405921972  3989
3.4211101297934343  3882
3.4212747912103465  3968
3.4214393902200495  4031
3.4216039268698313  3856
3.421768401206924  4007
3.4219328132785085  3927
3.4220971631317103  3961
3.4222614508136027  3943
3.4224256763712044  4203
3.422589839851482  4176
3.422753941301348  3960
3.422917980767662  3903
3.423081958297231  3800
3.423245873936808  3851
3.4234097277330933  3716
3.4235735197327357  3977
3.423737249982329  3900
3.4239009185284166  4002
3.4240645254174877  4023
3.42422807069598  3909
3.4243915544102776  3876
3.4245549766067134  4030
3.424718337331567  4052
3.424881636631067  4069
3.425044874551389  3829
3.4252080511386565  3932
3.425371166438941  3884
3.4255342204982635  3894
3.425697213362591  4040
3.4258601450778405  4148
3.4260230156898763  4109
3.426185825244511  4064
3.4263485737875077  3752
3.4265112613645754  3990
3.426673888021373  3934
3.426836453803508  4102
3.426998958756537  3917
3.4271614029259654  3989
3.427323786357247  4163
3.4274861090957853  3903
3.4276483711869328  4124
3.42781057267599  3959
3.427972713608209  3982
3.428134794028789  4030
3.4282968139828798  3993
3.42845877351558  3754
3.428620672671939  4069
3.4287825114969546  3877
3.428944290035574  3800
3.4291060083326967  3921
3.4292676664331685  3996
3.429429264381788  3986
3.4295908022233017  3943
3.429752280002408  3921
3.4299136977637543  3868
3.430075055551939  3981
3.4302363534115106  4051
3.4303975913869666  4029
3.4305587695227575  3984
3.4307198878632823  4007
3.4308809464528913  4067
3.4310419453358856  3824
3.431202884556517  3923
3.4313637641589874  4016
3.431524584187451  3901
3.4316853446860116  3925
3.4318460456987254  3869
3.4320066872695985  3998
3.4321672694425884  3941
3.4323277922616042  4043
3.4324882557705063  3887
3.4326486600131068  3969
3.4328090050331683  3936
3.432969290874406  3934
3.4331295175804857  4054
3.433289685195026  3997
3.433449793761596  3962
3.433609843323718  4061
3.433769833924866  3952
3.433929765608464  3986
3.4340896384178907  3856
3.4342494523964757  4099
3.4344092075875  3880
3.4345689040341987  3934
3.4347285417797577  3934
3.434888120867316  3982
3.4350476413399647  3854
3.4352071032407476  3956
3.4353665066126613  3930
3.435525851498655  3993
3.43568513794163  3927
3.4358443659844413  3906
3.4360035356698964  4007
3.436162647040756  3918
3.4363217001397333  4005
3.436480695009495  4146
3.436639631692661  3986
3.4367985102318035  4082
3.4369573306694496  3886
3.4371160930480786  4121
3.4372747974101237  3926
3.437433443797971  3912
3.4375920322539613  3957
3.437750562820388  3968
3.4379090355394983  3924
3.438067450453494  3957
3.4382258076045296  3941
3.438384107034714  4077
3.4385423487861106  3870
3.4387005329007363  4008
3.438858659420562  4079
3.4390167283875126  3839
3.4391747398434687  3994
3.439332693830263  3810
3.4394905903896835  4028
3.4396484295634737  4096
3.4398062113933303  3811
3.439963935920905  3974
3.4401216031878037  3863
3.440279213235588  3895
3.4404367661057735  4119
3.440594261839831  3995
3.4407517004791854  3901
3.4409090820652177  3890
3.4410664066392633  3951
3.4412236742426123  3975
3.4413808849165113  3972
3.441538038702161  3923
3.441695135640717  4132
3.441852175773292  3840
3.442009159140952  3816
3.44216608578472  3761
3.4423229557455746  3983
3.4424797690644486  3787
3.442636525782232  4042
3.442793225939769  3997
3.4429498695778618  3906
3.443106456737266  4099
3.443262987458695  3987
3.4434194617828173  3860
3.4435758797502576  4137
3.4437322414015967  3899
3.443888546777372  3928
3.444044795918076  3820
3.4442009888641594  3992
3.4443571256560275  3912
3.444513206334043  3840
3.4446692309385245  3865
3.4448251995097476  3920
3.4449811120879446  3925
3.445136968713304  3813
3.4452927694259716  4159
3.44544851426605  3829
3.4456042032735974  4014
3.445759836488631  3827
3.4459154139511234  4006
3.446070935701005  3924
3.446226401778163  3878
3.446381812222442  3875
3.446537167073644  3989
3.4466924663715273  3909
3.446847710155809  3941
3.4470028984661623  3835
3.4471580313422194  3899
3.4473131088235682  3900
3.4474681309497557  3991
3.447623097760286  3803
3.447778009294621  3961
3.4479328655921804  4070
3.448087666692341  3873
3.448242412634439  3927
3.4483971034577676  4014
3.448551739201578  3963
3.44870631990508  3885
3.4488608456074408  4021
3.4490153163477864  4062
3.449169732165201  4131
3.449324093098727  3930
3.449478399187365  3837
3.4496326504700745  3731
3.4497868469857735  3956
3.4499409887733377  3821
3.4500950758716025  4019
3.450249108319361  3845
3.450403086155366  3986
3.450557009418329  4007
3.450710878146919  3871
3.450864692379766  3923
3.4510184521554574  3825
3.45117215751254  3788
3.4513258084895195  3961
3.4514794051248616  3922
3.4516329474569907  4193
3.45178643552429  4067
3.451939869365103  3844
3.4520932490177314  3890
3.452246574520437  4145
3.4523998459114416  3906
3.452553063228925  3965
3.452706226511029  3933
3.452859335795852  4044
3.4530123911214554  4087
3.4531653925258574  4014
3.4533183400470375  3847
3.453471233722936  4098
3.4536240735914507  3868
3.4537768596904423  4053
3.4539295920577286  3867
3.45408227073109  3933
3.4542348957482654  3881
3.454387467146955  4008
3.4545399849648186  3889
3.454692449239477  4107
3.45484486000851  3965
3.45499721730946  3955
3.4551495211798278  3961
3.4553017716570764  3925
3.4554539687786283  4046
3.455606112581867  3972
3.455758203104137  3965
3.455910240382743  3844
3.4560622244549513  3792
3.456214155357989  3950
3.456366033129043  3879
3.4565178578052627  4079
3.4566696294237578  4125
3.456821348021599  3976
3.456973013635818  3887
3.457124626303409  3991
3.4572761860613257  3997
3.4574276929464847  3862
3.4575791469957626  4041
3.4577305482459986  3928
3.4578818967339924  3954
3.458033192496506  4101
3.4581844355702627  3937
3.4583356259919475  3803
3.4584867637982066  4057
3.4586378490256493  4017
3.458788881710845  3895
3.458939861890326  3920
3.4590907896005865  4109
3.459241664878082  3990
3.459392487759231  3970
3.459543258280413  4021
3.4596939764779706  3998
3.459844642388208  4042
3.4599952560473914  3749
3.46014581749175  3990
3.4602963267574753  4029
3.4604467838807205  3992
3.4605971888976015  3939
3.460747541844197  4079
3.4608978427565478  4075
3.4610480916706576  4021
3.461198288622493  3777
3.461348433647983  3871
3.4614985267830187  3980
3.4616485680634552  3965
3.461798557525109  3948
3.461948495203762  4081
3.462098381135156  4038
3.4622482153549976  3861
3.462397997898956  4028
3.4625477288026643  4014
3.4626974081017172  4044
3.4628470358316736  3850
3.462996612028056  3935
3.4631461367263494  3765
3.4632956099620027  3964
3.4634450317704277  3878
3.463594402187  3892
3.463743721247059  4047
3.4638929889859074  3971
3.464042205438811  3889
3.4641913706409997  3949
3.4643404846276673  3942
3.4644895474339714  3901
3.464638559095033  3850
3.4647875196459372  3899
3.4649364291217326  3784
3.4650852875574327  3898
3.4652340949880145  3955
3.4653828514484184  4111
3.46553155697355  4162
3.465680211598278  4062
3.4658288153574364  3973
3.465977368285823  4036
3.466125870418199  3979
3.466274321789292  3965
3.466422722433792  4046
3.4665710723863543  3929
3.4667193716815987  3845
3.4668676203541096  3849
3.4670158184384356  3993
3.4671639659690903  3964
3.467312062980552  3812
3.4674601095072637  3968
3.467608105583633  4052
3.467756051244033  4012
3.4679039465228003  4004
3.4680517914542377  3989
3.4681995860726125  3935
3.4683473304121573  3778
3.468495024507069  4039
3.4686426683915115  3861
3.468790262099611  4057
3.4689378056654614  4018
3.4690852991231202  4003
3.469232742506612  3897
3.469380135849925  3900
3.469527479187014  3893
3.469674772551798  3894
3.469822015978163  3783
3.4699692094999595  3974
3.470116353151004  3885
3.4702634469650784  4006
3.470410490975931  4029
3.4705574852172743  4046
3.470704429722788  4121
3.4708513245261177  4043
3.4709981696608736  3972
3.471144965160633  3922
3.4712917110589387  3888
3.471438407389299  4018
3.47158505418519  3921
3.471731651480051  3842
3.4718781993072905  3888
3.4720246977002813  3874
3.472171146692363  4090
3.472317546316842  4173
3.4724638966069894  3846
3.472610197596045  3975
3.4727564493172123  4054
3.472902651803664  3884
3.4730488050885375  3923
3.473194909204938  3891
3.4733409641859354  4080
3.4734869700645685  3937
3.473632926873841  3761
3.473778834646725  4033
3.473924693416157  3991
3.4740705032150436  3898
3.4742162640762553  3990
3.4743619760326307  3881
3.474507639116976  3914
3.474653253362063  3986
3.474798818800631  3983
3.4749443354653877  3993
3.4750898033890065  3935
3.475235222604128  4110
3.475380593143361  3814
3.4755259150392805  3917
3.4756711883244296  3923
3.475816413031318  3909
3.4759615891924236  3906
3.4761067168401913  4006
3.4762517960070336  3998
3.4763968267253302  3895
3.4765418090274287  3983
3.476686742945645  3864
3.4768316285122607  4109
3.476976465759527  3862
3.4771212547196626  3930
3.477265995424853  4091
3.4774106879072515  3878
3.477555332198981  3881
3.4776999283321306  3932
3.4778444763387584  4050
3.4779889762508893  4038
3.4781334281005174  3977
3.4782778319196046  3915
3.4784221877400805  3904
3.4785664955938436  4002
3.4787107555127594  4050
3.478854967528663  4077
3.478999131673357  3896
3.479143247978613  4167
3.47928731647617  3706
3.4794313371977363  3848
3.4795753101749884  3779
3.479719235439571  3970
3.479863113023098  4083
3.4800069429571505  3883
3.4801507252732806  4076
3.4802944600030066  4039
3.480438147177817  3930
3.480581786829169  3975
3.4807253789884878  3892
3.4808689236871677  3866
3.481012420956573  3980
3.4811558708280352  3955
3.481299273332856  3868
3.481442628502305  3914
3.4815859363676225  4030
3.481729196960016  3959
3.4818724103106633  3786
3.4820155764507117  4076
3.482158695411276  3975
3.4823017672234426  3917
3.4824447919182653  4067
3.4825877695267677  4019
3.482730700079943  4122
3.482873583608754  4159
3.483016420144132  3903
3.4831592097169795  3949
3.483301952358167  3898
3.4834446480985353  4026
3.4835872969688944  3911
3.4837298990000236  3969
3.4838724542226736  3957
3.4840149626675627  3880
3.484157424365381  3900
3.484299839346786  4016
3.484442207642407  3843
3.484584529282843  3914
3.4847268042986617  3924
3.484869032720402  3814
3.485011214578573  4053
3.485153349903652  3997
3.485295438726089  3877
3.485437481076301  4045
3.485579476984679  3904
3.48572142648158  4011
3.4858633295973345  3861
3.486005186362242  3860
3.4861469968065726  3897
3.486288760960566  3925
3.486430478854434  3863
3.4865721505183562  3990
3.4867137759824853  3963
3.4868553552769432  4003
3.4869968884318228  3802
3.4871383754771865  3932
3.4872798164430687  3891
3.4874212113594742  3986
3.4875625602563782  4111
3.4877038631637265  3956
3.4878451201114355  4057
3.4879863311293935  3860
3.4881274962474587  4162
3.48826861549546  3910
3.488409688903198  4003
3.4885507165004443  3797
3.4886916983169405  3879
3.4888326343824003  3761
3.488973524726508  3817
3.4891143693789193  3879
3.4892551683692603  4033
3.4893959217271293  4006
3.4895366294820955  4052
3.4896772916636984  4137
3.4898179083014504  3963
3.4899584794248346  4036
3.4900990050633047  3958
3.4902394852462875  4014
3.490379920003179  3915
3.490520309363349  4050
3.490660653356137  3974
3.490800952010855  3894
3.490941205356787  4119
3.491081413423187  4032
3.491221576239283  3942
3.4913616938342726  4014
3.4915017662373264  3887
3.4916417934775863  4114
3.491781775584166  4133
3.491921712586151  4001
3.492061604512599  3948
3.49220145139254  4071
3.4923412532549745  3794
3.4924810101288766  3848
3.492620722043192  3816
3.4927603890268375  3851
3.4929000111087034  4044
3.4930395883176515  3817
3.493179120682515  3874
3.4933186082321015  3800
3.4934580509951885  3912
3.493597449000527  4072
3.49373680227684  3922
3.4938761108528227  3733
3.4940153747571436  3936
3.494154594018443  3980
3.4942937686653326  3862
3.494432898726399  3792
3.4945719842301988  4082
3.494711025205263  3929
3.494850021680094  4095
3.494988973683168  3886
3.4951278812429334  3949
3.4952667443878105  3908
3.495405563146193  3863
3.4955443375464483  3967
3.4956830676169153  3976
3.495821753385906  4039
3.4959603948817053  3914
3.496098992132571  4011
3.496237545166735  3963
3.496376054012401  3938
3.496514518697745  3944
3.496652939250918  3912
3.4967913157000425  4167
3.496929648073215  4115
3.497067936398505  3902
3.4972061807039547  3963
3.49734438101758  4075
3.4974825373673704  3936
3.497620649781288  4049
3.497758718287268  3895
3.49789674291322  3867
3.498034723687027  3984
3.498172660636544  4083
3.4983105537896004  3899
3.4984484031739997  3981
3.498586208817518  3810
3.4987239707479048  4075
3.498861688992884  3874
3.498999363580153  3831
3.4991369945373827  4035
3.4992745818922173  3837
3.499412125672275  3957
3.499549625905149  3839
3.499687082618404  4095
3.49982449583958  3925
3.49996186559619  4013
3.500099191915723  3786
3.500236474825639  3855
3.500373714353374  3979
3.5005109105263372  4034
3.500648063371912  3993
3.500785172917456  3898
3.5009222391903005  4102
3.5010592622177517  4023
3.501196242027089  3916
3.501333178645566  3961
3.501470072100412  3917
3.5016069224188295  3957
3.5017437296279943  4116
3.5018804937550585  3855
3.5020172148271476  3849
3.5021538928713607  3970
3.5022905279147727  4057
3.5024271199844326  3869
3.502563669107363  3770
3.502700175310563  3893
3.502836638621003  3842
3.5029730590656314  3817
3.503109436671369  3849
3.503245771465113  3920
3.5033820634737327  3927
3.5035183127240748  3760
3.5036545192429593  3838
3.503790683057181  4022
3.5039268041935103  3816
3.5040628826786917  3822
3.504198918539445  3915
3.5043349118024643  3918
3.504470862494419  3923
3.5046067706419537  3926
3.504742636271688  4038
3.504878459410216  3920
3.505014240084107  3772
3.505149978319906  3999
3.5052856741441323  3696
3.505421327583281  3895
3.5055569386638217  3818
3.5056925074122  3926
3.5058280338548364  3799
3.505963518018126  3756
3.5060989599284405  3735
3.506234359612126  3805
3.506369717095504  3926
3.506505032404872  3781
3.5066403055665023  3616
3.5067755366066433  3719
3.506910725551518  3729
3.5070458724273257  3708
3.5071809772602407  3676
3.5073160400764136  3728
3.50745106090197  3780
3.5075860397630105  3616
3.5077209766856137  3604
3.507855871695831  3720
3.5079907248196913  3740
3.5081255360831993  3727
3.5082603055123345  3652
3.508395033133053  3492
3.5085297189712867  3609
3.508664363052943  3567
3.508798965403905  3709
3.5089335260500327  3449
3.5090680450171616  3628
3.509202522331103  3493
3.509336958017644  3408
3.5094713521025485  3720
3.5096057046115563  3605
3.509740015570382  3549
3.5098742850047193  3572
3.5100085129402347  3372
3.5101426994025733  3755
3.510276844417355  3446
3.510410948010177  3513
3.510545010206612  3419
3.51067903103221  3485
3.510813010512496  3448
3.5109469486729727  3412
3.5110808455391185  3229
3.511214701136388  3334
3.511348515490213  3210
3.5114822886260013  3399
3.5116160205691376  3261
3.511749711344983  3273
3.5118833609788744  3271
3.5120169694961265  3265
3.5121505369220305  3173
3.5122840632818537  3303
3.51241754860084  3254
3.512550992904211  3214
3.5126843962171637  3171
3.512817758564873  3040
3.5129510799724906  3201
3.513084360465144  3008
3.513217600067939  3022
3.513350798805957  3083
3.513483956704257  3036
3.513617073787875  2964
3.5137501500818233  2814
3.5138831856110926  2869
3.5140161804006493  2804
3.514149134475437  2745
3.514282047860378  2891
3.514414920580369  2662
3.514547752660286  2735
3.5146805441249818  2592
3.514813294999285  2604
3.5149460053080044  2691
3.5150786750759226  2562
3.515211304327802  2683
3.5153438930883807  2475
3.515476441382376  2450
3.51560894923448  2528
3.515741416669365  2515
3.515873843711679  2418
3.5160062303860475  2382
3.5161385767170743  2434
3.5162708827293403  2442
3.516403148447403  2302
3.5165353738957994  2325
3.516667559099043  2323
3.5167997040816243  2231
3.5169318088680126  2210
3.5170638734826545  2144
3.5171958979499744  2077
3.5173278822943734  2095
3.5174598265402324  2073
3.517591730711908  1958
3.5177235948337358  1935
3.517855418930029  1919
3.5179872030250783  1869
3.518118947143153  1796
3.5182506513085  1717
3.518382315545344  1704
3.5185139398778875  1740
3.5186455243303114  1675
3.518777068926775  1569
3.518908573691414  1574
3.5190400386483445  1562
3.519171463821659  1513
3.519302849235429  1401
3.519434194913703  1452
3.519565500880509  1459
3.519696767159853  1397
3.519827993775719  1282
3.5199591807520685  1252
3.5200903281128424  1192
3.52022143588196  1202
3.520352504083318  1156
3.520483532740792  1115
3.520614521878236  1118
3.5207454715194824  1068
3.5208763816883417  1028
3.521007252408604  976
3.5211380837040362  969
3.5212688755983854  1003
3.521399628115376  894
3.521530341278711  875
3.5216610151120733  869
3.5217916496391233  846
3.5219222448835006  853
3.5220528008688223  772
3.5221833176186865  766
3.522313795156667  727
3.5224442335063197  745
3.522574632691177  669
3.52270499273475  680
3.52283531366053  614
3.5229655954919865  613
3.523095838252568  585
3.523226041965701  565
3.5233562066547925  533
3.5234863323432277  490
3.523616419054371  476
3.5237464668115646  468
3.523876475638131  407
3.5240064455573727  413
3.5241363765925686  392
3.524266268766979  369
3.524396122103842  371
3.5245259366263757  367
3.5246557123577773  342
3.5247854493212225  343
3.524915147539867  308
3.525044807036845  299
3.5251744278352715  311
3.525304009958239  268
3.52543355342882  255
3.525563058270067  223
3.525692524505011  246
3.5258219521566625  208
3.5259513412480126  185
3.5260806918020298  173
3.526210003841664  168
3.526339277389844  169
3.5264685124694775  153
3.526597709103452  136
3.5267268673146357  153
3.5268559871258747  149
3.5269850685599957  139
3.527114111639805  125
3.5272431163880884  121
3.527372082827612  110
3.52750101098112  97
3.5276299008713385  92
3.5277587525209717  91
3.527887565952705  92
3.5280163411892014  82
3.5281450782531065  82
3.5282737771670436  59
3.5284024379536176  71
3.5285310606354114  62
3.5286596452349897  67
3.5287881917748964  42
3.5289167002776547  38
3.529045170765769  51
3.529173603261723  36
3.5293019977879805  32
3.529430354366986  36
3.529558673021163  31
3.5296869537729165  29
3.5298151966446305  25
3.5299434016586693  30
3.530071568837378  16
3.530199698203082  21
3.5303277897780863  25
3.5304558435846762  19
3.530583859645118  15
3.530711837981657  28
3.5308397786165204  20
3.530967681571915  16
3.531095546870028  11
3.5312233745330266  14
3.5313511645830595  10
3.531478917042255  6
3.531606631932722  7
3.5317343092765503  6
3.531861949095809  7
3.53198955141255  5
3.532117116248804  9
3.532244643626582  8
3.5323721335678773  7
3.5324995860946626  7
3.532627001228891  6
3.5327543789924976  9
3.5328817194073974  8
3.5330090224954853  7
3.533136288278639  6
3.5332635167787148  4
3.5333907080175515  4
3.5335178620169674  1
3.5336449787987627  4
3.533772058384718  4
3.5338991007965945  3
3.534026106056135  4
3.5341530741850624  2
3.5342800052050816  2
3.534406899137877  1
3.5345337560051155  1
3.534660575828444  1
3.5347873586294916  1
3.534914104429867  1
3.5350408132511606  1
3.535167485114944  1
3.5352941200427703  1
3.5354207180561734  2
