0.3010299956639812  822808
0.47712125471966244  219278
0.6020599913279624  118346
0.6989700043360189  82455
0.7781512503836436  70082
0.8450980400142568  75114
0.9030899869919435  59816
0.9542425094393249  45833
1.0  39427
1.0413926851582251  36391
1.0791812460476249  34364
1.1139433523068367  27528
1.146128035678238  20101
1.1760912590556813  16630
1.2041199826559248  13294
1.2304489213782739  9503
1.255272505103306  7675
1.2787536009528289  5674
1.3010299956639813  4632
1.3222192947339193  5856
1.3424226808222062  8205
1.3617278360175928  5105
1.380211241711606  6098
1.3979400086720377  5711
1.414973347970818  4495
1.4313637641589874  4347
1.4471580313422192  2357
1.462397997898956  6995
1.4771212547196624  4080
1.4913616938342726  6390
1.505149978319906  6030
1.5185139398778875  4178
1.5314789170422551  2360
1.5440680443502757  1355
1.5563025007672873  3544
1.568201724066995  4522
1.5797835966168101  1468
1.591064607026499  5233
1.6020599913279623  7127
1.6127838567197355  5448
1.6232492903979006  3836
1.6334684555795864  3978
1.6434526764861874  3684
1.6532125137753437  7001
1.662757831681574  4419
1.6720978579357175  4231
1.6812412373755872  2662
1.6901960800285136  4011
1.6989700043360187  2614
1.7075701760979363  5601
1.7160033436347992  2334
1.724275869600789  5481
1.7323937598229686  3041
1.7403626894942439  634
1.7481880270062005  4949
1.7558748556724915  5172
1.7634279935629373  4597
1.7708520116421442  5080
1.7781512503836436  5437
1.7853298350107671  2634
1.792391689498254  3543
1.7993405494535817  1645
1.806179973983887  1966
1.8129133566428555  4969
1.8195439355418688  4934
1.8260748027008264  6743
1.8325089127062364  5568
1.8388490907372552  5094
1.845098040014257  5113
1.8512583487190752  3636
1.8573324964312685  2629
1.863322860120456  4048
1.8692317197309762  5001
1.8750612633917  4967
1.8808135922807914  3924
1.8864907251724818  4993
1.8920946026904804  6598
1.8976270912904414  2538
1.9030899869919435  3366
1.9084850188786497  4134
1.9138138523837167  2662
1.919078092376074  3456
1.9242792860618816  3391
1.9294189257142926  3141
1.9344984512435677  4502
1.9395192526186185  2211
1.9444826721501687  4331
1.9493900066449128  4088
1.954242509439325  4744
1.9590413923210936  4344
1.9637878273455553  4432
1.968482948553935  2733
1.9731278535996986  2306
1.9777236052888478  2974
1.9822712330395684  1999
1.9867717342662448  4871
1.9912260756924949  3969
1.99563519459755  4785
2.0  6750
2.0043213737826426  2458
2.0086001717619175  5286
2.012837224705172  2884
2.0170333392987803  2602
2.0211892990699383  5191
2.0253058652647704  6273
2.0293837776852097  2536
2.03342375548695  5161
2.037426497940624  3507
2.041392685158225  1876
2.0453229787866576  4864
2.0492180226701815  3153
2.0530784434834195  3503
2.0569048513364727  4039
2.060697840353612  4165
2.0644579892269186  2566
2.0681858617461617  4029
2.0718820073061255  5170
2.0755469613925306  3763
2.0791812460476247  2927
2.0827853703164503  1141
2.0863598306747484  5933
2.089905111439398  1798
2.093421685162235  2900
2.0969100130080562  4367
2.100370545117563  4197
2.103803720955957  2803
2.1072099696478683  5394
2.110589710299249  2981
2.113943352306837  4194
2.1172712956557644  3131
2.12057393120585  3141
2.123851640967086  3957
2.1271047983648077  5471
2.130333768495006  4714
2.1335389083702174  3811
2.1367205671564067  5290
2.1398790864012365  3032
2.143014800254095  4245
2.146128035678238  4020
2.1492191126553797  2338
2.1522883443830563  3523
2.155336037465062  3640
2.1583624920952498  2969
2.161368002234975  2282
2.164352855784437  4979
2.167317334748176  2948
2.1702617153949575  2985
2.173186268412274  2615
2.1760912590556813  2130
2.1789769472931693  6363
2.1818435879447726  1938
2.184691430817599  1854
2.187520720836463  2654
2.1903316981702914  1767
2.1931245983544616  2938
2.1958996524092336  2036
2.1986570869544226  2900
2.2013971243204513  3540
2.2041199826559246  3794
2.2068258760318495  1826
2.2095150145426308  3822
2.2121876044039577  4583
2.214843848047698  1715
2.2174839442139063  2099
2.220108088040055  4248
2.2227164711475833  2914
2.225309281725863  2354
2.2278867046136734  4421
2.230448921378274  2451
2.2329961103921536  2686
2.2355284469075487  2865
2.2380461031287955  1216
2.2405492482826  2313
2.2430380486862944  3742
2.24551266781415  2945
2.247973266361807  4364
2.250420002308894  1972
2.2528530309798933  3450
2.255272505103306  3221
2.2576785748691846  2497
2.2600713879850747  2245
2.2624510897304293  3388
2.2648178230095364  3811
2.2671717284030137  2849
2.2695129442179165  2896
2.271841606536499  1699
2.27415784926368  2492
2.2764618041732443  3444
2.278753600952829  3597
2.2810333672477277  4338
2.2833012287035497  1612
2.285557309007774  2242
2.287801729930226  1647
2.290034611362518  2701
2.292256071356476  3090
2.294466226161593  2303
2.296665190261531  2897
2.298853076409707  2334
2.3010299956639813  1639
2.303196057420489  3135
2.305351369446624  2422
2.307496037913213  2433
2.3096301674258988  2459
2.311753861055754  2881
2.3138672203691533  2696
2.315970345456918  2355
2.3180633349627615  3235
2.3201462861110542  1619
2.322219294733919  1974
2.3242824552976926  2116
2.326335860928751  1764
2.3283796034387376  1432
2.330413773349191  2502
2.3324384599156054  3759
2.3344537511509307  2788
2.3364597338485296  1980
2.3384564936046046  2631
2.3404441148401185  2385
2.342422680822206  3130
2.3443922736851106  2158
2.346352974450639  3698
2.3483048630481607  2662
2.3502480183341627  2815
2.3521825181113627  2095
2.3541084391474008  1515
2.3560258571931225  1060
2.357934847000454  2934
2.359835482339888  1828
2.361727836017593  2606
2.3636119798921444  2337
2.3654879848909  1545
2.367355921026019  2226
2.369215857410143  2667
2.3710678622717363  2524
2.3729120029701067  1915
2.374748346010104  2392
2.376576957056512  2589
2.3783979009481375  1913
2.380211241711606  2443
2.3820170425748683  2236
2.383815365980431  3253
2.385606273598312  2233
2.387389826338729  2062
2.3891660843645326  1631
2.3909351071033793  2208
2.392696953259666  1632
2.3944516808262164  2240
2.3961993470957363  1614
2.3979400086720375  2340
2.399673721481038  1160
2.401400540781544  2147
2.403120521175818  2245
2.404833716619938  2012
2.406540180433955  1654
2.4082399653118496  1719
2.4099331233312946  3246
2.41161970596323  2823
2.413299764081252  1765
2.4149733479708178  1628
2.416640507338281  1762
2.4183012913197452  1707
2.419955748489758  1728
2.4216039268698313  2126
2.423245873936808  1572
2.424881636631067  1574
2.4265112613645754  2611
2.428134794028789  2366
2.429752280002408  1639
2.4313637641589874  1959
2.432969290874406  1926
2.4345689040341987  1594
2.436162647040756  1582
2.437750562820388  2419
2.439332693830263  1533
2.4409090820652177  1341
2.4424797690644486  2951
2.444044795918076  1427
2.4456042032735974  1692
2.4471580313422194  2385
2.44870631990508  1399
2.450249108319361  1362
2.45178643552429  2598
2.4533183400470375  2777
2.45484486000851  1780
2.456366033129043  1213
2.4578818967339924  1699
2.459392487759231  2226
2.4608978427565478  840
2.462397997898956  2048
2.4638929889859074  1054
2.4653828514484184  1011
2.4668676203541096  1753
2.4683473304121573  1159
2.469822015978163  2573
2.4712917110589387  1010
2.4727564493172123  1760
2.4742162640762553  2011
2.4756711883244296  1816
2.4771212547196626  1771
2.4785664955938436  1112
2.4800069429571505  1952
2.481442628502305  1448
2.482873583608754  1082
2.484299839346786  1524
2.48572142648158  1166
2.4871383754771865  1279
2.4885507165004443  1597
2.4899584794248346  995
2.4913616938342726  1743
2.4927603890268375  1512
2.494154594018443  1843
2.4955443375464483  1804
2.496929648073215  2255
2.4983105537896004  1413
2.499687082618404  1506
2.5010592622177517  1734
2.5024271199844326  1415
2.503790683057181  1452
2.505149978319906  1095
2.506505032404872  1291
2.507855871695831  1447
2.509202522331103  1541
2.510545010206612  1399
2.5118833609788744  1471
2.513217600067939  937
2.514547752660286  1078
2.515873843711679  434
2.5171958979499744  1238
2.5185139398778875  853
2.519827993775719  891
2.5211380837040362  1496
2.5224442335063197  1184
2.5237464668115646  1202
2.525044807036845  1083
2.526339277389844  1206
2.5276299008713385  1268
2.5289167002776547  1158
2.530199698203082  1214
2.531478917042255  968
2.5327543789924976  1303
2.534026106056135  1352
2.5352941200427703  1226
2.53655844257153  1254
2.537819095073274  952
2.5390760987927767  1248
2.5403294747908736  1443
2.5415792439465807  1243
2.5428254269591797  932
2.5440680443502757  970
2.545307116465824  1076
2.546542663478131  1372
2.5477747053878224  974
2.5490032620257876  1290
2.550228353055094  847
2.5514499979728753  1190
2.552668216112193  759
2.5538830266438746  1054
2.5550944485783194  920
2.5563025007672873  1179
2.5575072019056577  1148
2.558708570533166  1237
2.5599066250361124  1031
2.561101383649056  1074
2.5622928644564746  1088
2.5634810853944106  851
2.5646660642520893  708
2.5658478186735176  790
2.56702636615906  945
2.568201724066995  879
2.569373909615046  1287
2.5705429398818973  1084
2.571708831808688  823
2.5728716022004803  1192
2.574031267727719  779
2.575187844927661  643
2.576341350205793  689
2.5774917998372255  895
2.578639209968072  934
2.57978359661681  1011
2.5809249756756194  883
2.582063362911709  818
2.583198773968623  714
2.584331224367531  1024
2.5854607295085006  788
2.586587304671755  821
2.5877109650189114  1017
2.5888317255942073  685
2.5899496013257077  490
2.591064607026499  595
2.5921767573958667  692
2.593286067020457  550
2.5943925503754266  860
2.595496221825574  487
2.59659709562646  833
2.597695185925512  648
2.598790506763115  572
2.5998830720736876  614
2.6009728956867484  914
2.6020599913279625  824
2.603144372620182  708
2.60422605308447  684
2.6053050461411096  557
2.606381365110605  823
2.6074550232146687  839
2.6085260335771943  634
2.60959440922522  552
2.61066016308988  623
2.611723308007342  771
2.6127838567197355  730
2.6138418218760693  1009
2.6148972160331345  673
2.615950051656401  774
2.617000341120899  781
2.6180480967120925  624
2.6190933306267428  647
2.6201360549737576  574
2.621176281775035  599
2.622214022966295  704
2.6232492903979003  672
2.6242820958356683  526
2.625312450961674  538
2.6263403673750423  641
2.6273658565927325  548
2.6283889300503116  676
2.629409599102719  546
2.630427875025024  527
2.6314437690131722  524
2.6324572921847245  587
2.6334684555795866  636
2.6344772701607315  494
2.635483746814912  475
2.6364878963533656  511
2.637489729512511  500
2.6384892569546374  562
2.639486489268586  529
2.640481436970422  499
2.6414741105040997  351
2.6424645202421213  421
2.6434526764861874  400
2.6444385894678386  449
2.645422269349092  553
2.6464037262230695  599
2.6473829701146196  487
2.6483600109809315  334
2.649334858712142  454
2.6503075231319366  415
2.651278013998144  513
2.6522463410033232  514
2.6532125137753435  382
2.6541765418779604  375
2.655138434811382  375
2.656098202012832  376
2.6570558528571038  375
2.6580113966571126  422
2.658964842664435  288
2.6599162000698504  310
2.660865478003869  333
2.661812685537261  276
2.662757831681574  308
2.663700925389648  351
2.6646419755561257  234
2.6655809910179533  297
2.6665179805548807  249
2.667452952889954  294
2.66838591669  261
2.6693168805661123  235
2.670245853074124  190
2.6711728427150834  214
2.6720978579357175  265
2.673020907128896  241
2.673941998634088  184
2.6748611407378116  168
2.6757783416740852  117
2.6766936096248664  150
2.677606952720493  136
2.678518379040114  154
2.6794278966121188  114
2.680335513414563  128
2.681241237375587  107
2.682145076373832  112
2.6830470382388496  135
2.683947130751512  67
2.6848453616444123  86
2.6857417386022635  102
2.6866362692622934  69
2.6875289612146345  67
2.6884198220027105  58
2.6893088591236203  96
2.690196080028514  65
2.6910814921229687  82
2.69196510276736  33
2.69284691927723  63
2.693726948923647  50
2.694605198933569  42
2.6954816764901977  44
2.696356388733332  43
2.6972293427597176  17
2.6981005456233897  23
2.6989700043360187  34
2.699837725867246  23
2.7007037171450192  19
2.7015679850559273  30
2.7024305364455254  15
2.7032913781186614  5
2.7041505168397992  27
2.705007959333336  35
2.7058637122839193  14
2.7067177823367587  15
2.7075701760979363  6
2.708420900134713  10
2.709269960975831  2
2.7101173651118162  9
2.710963118995276  5
2.711807229041191  7
2.7126497016272113  6
2.7134905430939424  3
2.714329759745233  5
2.7151673578484576  6
2.716003343634799  4
2.7168377232995247  1
2.718501688867274  3
2.720159303405957  6
2.7218106152125467  1
2.722633922533812  1
2.7234556720351857  27
2.724275869600789  1
2.7259116322950483  4
2.7267272090265724  1
2.7283537820212285  2
2.72916478969277  3
2.7307822756663893  1
2.7315887651867388  1
2.7363965022766426  2
