0.3010299956639812  2814
0.47712125471966244  2943
0.6020599913279624  2637
0.6989700043360189  2858
0.7781512503836436  2784
0.8450980400142568  2770
0.9030899869919435  2781
0.9542425094393249  2678
1.0  2813
1.0413926851582251  2841
1.0791812460476249  2693
1.1139433523068367  2916
1.146128035678238  2872
1.1760912590556813  2646
1.2041199826559248  2789
1.2304489213782739  2701
1.255272505103306  2747
1.2787536009528289  2620
1.3010299956639813  2570
1.3222192947339193  2552
1.3424226808222062  2456
1.3617278360175928  2359
1.380211241711606  2372
1.3979400086720377  2217
1.414973347970818  2329
1.4313637641589874  2208
1.4471580313422192  2277
1.462397997898956  2173
1.4771212547196624  2143
1.4913616938342726  2068
1.505149978319906  2095
1.5185139398778875  2161
1.5314789170422551  2227
1.5440680443502757  1984
1.5563025007672873  2157
1.568201724066995  2305
1.5797835966168101  2012
1.591064607026499  2179
1.6020599913279623  2065
1.6127838567197355  2112
1.6232492903979006  2143
1.6334684555795864  2206
1.6434526764861874  2111
1.6532125137753437  2171
1.662757831681574  2049
1.6720978579357175  2174
1.6812412373755872  2143
1.6901960800285136  2197
1.6989700043360187  2177
1.7075701760979363  2108
1.7160033436347992  2162
1.724275869600789  2202
1.7323937598229686  2070
1.7403626894942439  2149
1.7481880270062005  2089
1.7558748556724915  2198
1.7634279935629373  2152
1.7708520116421442  2169
1.7781512503836436  2113
1.7853298350107671  2048
1.792391689498254  2118
1.7993405494535817  2086
1.806179973983887  2224
1.8129133566428555  2014
1.8195439355418688  2241
1.8260748027008264  2134
1.8325089127062364  2307
1.8388490907372552  2145
1.845098040014257  2071
1.8512583487190752  2185
1.8573324964312685  2022
1.863322860120456  2021
1.8692317197309762  2133
1.8750612633917  2229
1.8808135922807914  2197
1.8864907251724818  2255
1.8920946026904804  2196
1.8976270912904414  2058
1.9030899869919435  2111
1.9084850188786497  2197
1.9138138523837167  2102
1.919078092376074  2206
1.9242792860618816  2050
1.9294189257142926  2268
1.9344984512435677  2169
1.9395192526186185  2104
1.9444826721501687  2015
1.9493900066449128  2220
1.954242509439325  2086
1.9590413923210936  2103
1.9637878273455553  2155
1.968482948553935  2279
1.9731278535996986  2024
1.9777236052888478  2166
1.9822712330395684  2155
1.9867717342662448  2232
1.9912260756924949  2135
1.99563519459755  2058
2.0  2175
2.0043213737826426  2193
2.0086001717619175  2163
2.012837224705172  2126
2.0170333392987803  2081
2.0211892990699383  2242
2.0253058652647704  2180
2.0293837776852097  2310
2.03342375548695  2205
2.037426497940624  2094
2.041392685158225  2008
2.0453229787866576  2233
2.0492180226701815  2194
2.0530784434834195  2216
2.0569048513364727  2220
2.060697840353612  2175
2.0644579892269186  2126
2.0681858617461617  2199
2.0718820073061255  2166
2.0755469613925306  2040
2.0791812460476247  2082
2.0827853703164503  2192
2.0863598306747484  2082
2.089905111439398  2076
2.093421685162235  1998
2.0969100130080562  2303
2.100370545117563  2164
2.103803720955957  2226
2.1072099696478683  2170
2.110589710299249  2042
2.113943352306837  2134
2.1172712956557644  2140
2.12057393120585  2180
2.123851640967086  2139
2.1271047983648077  2158
2.130333768495006  2099
2.1335389083702174  2035
2.1367205671564067  2156
2.1398790864012365  2296
2.143014800254095  2235
2.146128035678238  2184
2.1492191126553797  2164
2.1522883443830563  2292
2.155336037465062  2198
2.1583624920952498  2259
2.161368002234975  2139
2.164352855784437  2223
2.167317334748176  2147
2.1702617153949575  2154
2.173186268412274  2192
2.1760912590556813  2062
2.1789769472931693  2163
2.1818435879447726  2174
2.184691430817599  2200
2.187520720836463  2213
2.1903316981702914  2207
2.1931245983544616  2260
2.1958996524092336  2156
2.1986570869544226  2147
2.2013971243204513  2064
2.2041199826559246  2281
2.2068258760318495  1918
2.2095150145426308  2060
2.2121876044039577  1994
2.214843848047698  2031
2.2174839442139063  2133
2.220108088040055  2145
2.2227164711475833  2145
2.225309281725863  2198
2.2278867046136734  2192
2.230448921378274  2002
2.2329961103921536  2255
2.2355284469075487  2154
2.2380461031287955  2299
2.2405492482826  2067
2.2430380486862944  2049
2.24551266781415  2044
2.247973266361807  2179
2.250420002308894  2084
2.2528530309798933  2289
2.255272505103306  2172
2.2576785748691846  2106
2.2600713879850747  2118
2.2624510897304293  2223
2.2648178230095364  2204
2.2671717284030137  2302
2.2695129442179165  2137
2.271841606536499  1995
2.27415784926368  2055
2.2764618041732443  2069
2.278753600952829  2168
2.2810333672477277  2105
2.2833012287035497  2204
2.285557309007774  2124
2.287801729930226  2058
2.290034611362518  2181
2.292256071356476  2247
2.294466226161593  2191
2.296665190261531  2009
2.298853076409707  2172
2.3010299956639813  2004
2.303196057420489  2150
2.305351369446624  2144
2.307496037913213  2042
2.3096301674258988  2332
2.311753861055754  2135
2.3138672203691533  2216
2.315970345456918  2030
2.3180633349627615  2236
2.3201462861110542  2121
2.322219294733919  2128
2.3242824552976926  2110
2.326335860928751  2203
2.3283796034387376  2089
2.330413773349191  2096
2.3324384599156054  2031
2.3344537511509307  2151
2.3364597338485296  2081
2.3384564936046046  1999
2.3404441148401185  2234
2.342422680822206  2114
2.3443922736851106  1938
2.346352974450639  2257
2.3483048630481607  2263
2.3502480183341627  2126
2.3521825181113627  2068
2.3541084391474008  2079
2.3560258571931225  2176
2.357934847000454  2248
2.359835482339888  2134
2.361727836017593  2065
2.3636119798921444  2094
2.3654879848909  2145
2.367355921026019  2170
2.369215857410143  2216
2.3710678622717363  2143
2.3729120029701067  2167
2.374748346010104  2141
2.376576957056512  2264
2.3783979009481375  2099
2.380211241711606  2070
2.3820170425748683  2291
2.383815365980431  2195
2.385606273598312  2074
2.387389826338729  2165
2.3891660843645326  2089
2.3909351071033793  2303
2.392696953259666  2177
2.3944516808262164  2093
2.3961993470957363  2128
2.3979400086720375  2008
2.399673721481038  2225
2.401400540781544  2251
2.403120521175818  2223
2.404833716619938  2194
2.406540180433955  2223
2.4082399653118496  2362
2.4099331233312946  2070
2.41161970596323  2302
2.413299764081252  2141
2.4149733479708178  2146
2.416640507338281  2117
2.4183012913197452  2313
2.419955748489758  2133
2.4216039268698313  2155
2.423245873936808  2158
2.424881636631067  1840
2.4265112613645754  2106
2.428134794028789  2004
2.429752280002408  2238
2.4313637641589874  2117
2.432969290874406  2179
2.4345689040341987  2097
2.436162647040756  2099
2.437750562820388  2193
2.439332693830263  2270
2.4409090820652177  2270
2.4424797690644486  2171
2.444044795918076  2015
2.4456042032735974  2230
2.4471580313422194  2104
2.44870631990508  2101
2.450249108319361  2136
2.45178643552429  2188
2.4533183400470375  2042
2.45484486000851  2160
2.456366033129043  2251
2.4578818967339924  2001
2.459392487759231  2203
2.4608978427565478  2167
2.462397997898956  2161
2.4638929889859074  2041
2.4653828514484184  2258
2.4668676203541096  2076
2.4683473304121573  2099
2.469822015978163  2108
2.4712917110589387  2085
2.4727564493172123  2086
2.4742162640762553  2208
2.4756711883244296  2094
2.4771212547196626  2099
2.4785664955938436  2071
2.4800069429571505  2217
2.481442628502305  2163
2.482873583608754  2193
2.484299839346786  2140
2.48572142648158  2117
2.4871383754771865  2112
2.4885507165004443  2105
2.4899584794248346  2083
2.4913616938342726  2111
2.4927603890268375  2134
2.494154594018443  2230
2.4955443375464483  2202
2.496929648073215  2217
2.4983105537896004  2258
2.499687082618404  2098
2.5010592622177517  2217
2.5024271199844326  2149
2.503790683057181  2018
2.505149978319906  2154
2.506505032404872  2202
2.507855871695831  2279
2.509202522331103  2143
2.510545010206612  2104
2.5118833609788744  2133
2.513217600067939  2015
2.514547752660286  2317
2.515873843711679  2017
2.5171958979499744  2069
2.5185139398778875  2147
2.519827993775719  2279
2.5211380837040362  2268
2.5224442335063197  2159
2.5237464668115646  2233
2.525044807036845  2047
2.526339277389844  2060
2.5276299008713385  2124
2.5289167002776547  2098
2.530199698203082  2168
2.531478917042255  2160
2.5327543789924976  2109
2.534026106056135  2116
2.5352941200427703  2193
2.53655844257153  2174
2.537819095073274  2253
2.5390760987927767  2119
2.5403294747908736  2126
2.5415792439465807  2052
2.5428254269591797  2102
2.5440680443502757  2143
2.545307116465824  2212
2.546542663478131  2103
2.5477747053878224  2256
2.5490032620257876  2076
2.550228353055094  2370
2.5514499979728753  2209
2.552668216112193  2124
2.5538830266438746  2141
2.5550944485783194  2079
2.5563025007672873  2028
2.5575072019056577  2076
2.558708570533166  2264
2.5599066250361124  2243
2.561101383649056  2065
2.5622928644564746  2325
2.5634810853944106  2203
2.5646660642520893  2153
2.5658478186735176  2040
2.56702636615906  2165
2.568201724066995  2169
2.569373909615046  2261
2.5705429398818973  2170
2.571708831808688  2204
2.5728716022004803  2184
2.574031267727719  2210
2.575187844927661  2130
2.576341350205793  2149
2.5774917998372255  2257
2.578639209968072  2256
2.57978359661681  2152
2.5809249756756194  2262
2.582063362911709  2185
2.583198773968623  2178
2.584331224367531  2228
2.5854607295085006  1970
2.586587304671755  2219
2.5877109650189114  2055
2.5888317255942073  2119
2.5899496013257077  2092
2.591064607026499  2306
2.5921767573958667  2055
2.593286067020457  2120
2.5943925503754266  2156
2.595496221825574  2022
2.59659709562646  2163
2.597695185925512  2161
2.598790506763115  2185
2.5998830720736876  2092
2.6009728956867484  2075
2.6020599913279625  2026
2.603144372620182  2211
2.60422605308447  2089
2.6053050461411096  2204
2.606381365110605  2217
2.6074550232146687  2104
2.6085260335771943  2242
2.60959440922522  2112
2.61066016308988  2155
2.611723308007342  2249
2.6127838567197355  2164
2.6138418218760693  2038
2.6148972160331345  2227
2.615950051656401  2103
2.617000341120899  2128
2.6180480967120925  2148
2.6190933306267428  2273
2.6201360549737576  2349
2.621176281775035  2135
2.622214022966295  2058
2.6232492903979003  2254
2.6242820958356683  2128
2.625312450961674  2039
2.6263403673750423  2254
2.6273658565927325  2126
2.6283889300503116  2206
2.629409599102719  2016
2.630427875025024  2085
2.6314437690131722  2134
2.6324572921847245  2169
2.6334684555795866  2187
2.6344772701607315  2236
2.635483746814912  1948
2.6364878963533656  2177
2.637489729512511  2092
2.6384892569546374  2150
2.639486489268586  2081
2.640481436970422  2092
2.6414741105040997  2201
2.6424645202421213  2157
2.6434526764861874  2205
2.6444385894678386  2267
2.645422269349092  2050
2.6464037262230695  2142
2.6473829701146196  2183
2.6483600109809315  2170
2.649334858712142  2240
2.6503075231319366  2124
2.651278013998144  2355
2.6522463410033232  1954
2.6532125137753435  2209
2.6541765418779604  2134
2.655138434811382  2291
2.656098202012832  2177
2.6570558528571038  2289
2.6580113966571126  2142
2.658964842664435  2058
2.6599162000698504  2176
2.660865478003869  2220
2.661812685537261  2205
2.662757831681574  2247
2.663700925389648  2065
2.6646419755561257  2315
2.6655809910179533  2125
2.6665179805548807  2230
2.667452952889954  2281
2.66838591669  2200
2.6693168805661123  2084
2.670245853074124  2240
2.6711728427150834  2283
2.6720978579357175  2204
2.673020907128896  2336
2.673941998634088  2149
2.6748611407378116  2094
2.6757783416740852  2142
2.6766936096248664  2112
2.677606952720493  2215
2.678518379040114  2228
2.6794278966121188  2068
2.680335513414563  2111
2.681241237375587  2149
2.682145076373832  2275
2.6830470382388496  2181
2.683947130751512  2094
2.6848453616444123  2092
2.6857417386022635  2033
2.6866362692622934  2216
2.6875289612146345  2288
2.6884198220027105  2174
2.6893088591236203  2073
2.690196080028514  2288
2.6910814921229687  2123
2.69196510276736  2228
2.69284691927723  2257
2.693726948923647  2227
2.694605198933569  2236
2.6954816764901977  2050
2.696356388733332  2178
2.6972293427597176  2121
2.6981005456233897  2144
2.6989700043360187  2162
2.699837725867246  2185
2.7007037171450192  2217
2.7015679850559273  2072
2.7024305364455254  2144
2.7032913781186614  2183
2.7041505168397992  2138
2.705007959333336  2235
2.7058637122839193  2091
2.7067177823367587  2105
2.7075701760979363  2215
2.708420900134713  2155
2.709269960975831  2183
2.7101173651118162  2215
2.710963118995276  2229
2.711807229041191  2166
2.7126497016272113  2173
2.7134905430939424  2064
2.714329759745233  2043
2.7151673578484576  2109
2.716003343634799  2246
2.7168377232995247  2105
2.717670503002262  2213
2.718501688867274  2321
2.7193312869837265  2278
2.720159303405957  1967
2.7209857441537393  2122
2.7218106152125467  2204
2.722633922533812  2160
2.7234556720351857  2243
2.724275869600789  2146
2.725094521081469  2128
2.7259116322950483  2290
2.7267272090265724  2067
2.727541257028556  2210
2.7283537820212285  2131
2.72916478969277  2057
2.7299742856995555  2112
2.7307822756663893  2273
2.7315887651867388  2179
2.7323937598229686  2140
2.7331972651065692  2163
2.733999286538387  2190
2.734799829588847  2148
2.73559889969818  2345
2.7363965022766426  2095
2.7371926427047373  2125
2.737987326333431  2164
2.738780558484369  2158
2.739572344450092  2134
2.7403626894942437  2204
2.741151598851785  2057
2.741939077729199  2049
2.7427251313046983  2128
2.74350976472843  2375
2.7442929831226763  2191
2.7450747915820575  2208
2.745855195173729  2096
2.7466341989375787  2207
2.747411807886423  1979
2.7481880270062002  2200
2.7489628612561616  2229
2.749736315569061  2008
2.7505083948513462  2157
2.751279103983342  2125
2.7520484478194387  2196
2.7528164311882715  2268
2.7535830588929064  2130
2.754348335711019  2139
2.7551122663950713  2057
2.7558748556724915  2046
2.756636108245848  2168
2.7573960287930244  2010
2.75815462196739  2154
2.7589118923979736  2051
2.7596678446896306  2219
2.760422483423212  1983
2.7611758131557314  2101
2.761927838420529  2230
2.762678563727436  2168
2.7634279935629373  2154
2.7641761323903307  2145
2.7649229846498886  2109
2.765668554759014  2132
2.7664128471123997  2216
2.7671558660821804  2096
2.767897616018091  2191
2.7686381012476144  2132
2.7693773260761385  2091
2.7701152947871015  2004
2.7708520116421442  2230
2.7715874808812555  2222
2.77232170672292  2017
2.7730546933642626  2117
2.7737864449811935  2150
2.7745169657285498  2196
2.7752462597402365  2202
2.775974331129369  2128
2.776701183988411  2079
2.7774268223893115  2089
2.7781512503836434  2037
2.7788744720027396  2126
2.7795964912578244  2178
2.780317312140151  2265
2.7810369386211318  2047
2.781755374652469  2169
2.782472624166286  2274
2.7831886910752575  2049
2.783903579272735  2216
2.784617292632875  2100
2.785329835010767  2162
2.786041210242554  2134
2.7867514221455614  2169
2.787460474518415  2019
2.788168371141168  2085
2.788875115775417  2274
2.7895807121644256  2226
2.7902851640332416  2180
2.790988475088816  2094
2.791690649020118  2292
2.792391689498254  2146
2.79309160017658  2050
2.7937903846908188  2086
2.7944880466591697  2188
2.795184589682424  2005
2.7958800173440754  2062
2.7965743332104296  2104
2.7972675408307164  2174
2.797959643737196  2194
2.798650645445269  2276
2.7993405494535817  2252
2.8000293592441343  2105
2.800717078282385  2194
2.801403710017355  2151
2.802089257881733  2058
2.8027737252919755  2176
2.803457115648414  2032
2.8041394323353503  2107
2.8048206787211623  2221
2.8055008581584002  2002
2.806179973983887  2182
2.8068580295188172  2035
2.807535028068853  2173
2.808210972924222  1994
2.808885867359812  2268
2.8095597146352675  2089
2.8102325179950842  2245
2.8109042806687006  1943
2.8115750058705933  2228
2.812244696800369  2183
2.8129133566428557  2220
2.813580988568192  2042
2.81424759573192  2312
2.814913181275074  2131
2.815577748324267  2259
2.816241299991783  2157
2.8169038393756605  2075
2.8175653695597807  2052
2.8182258936139557  2287
2.8188854145940097  2104
2.8195439355418688  2412
2.82020145948564  2213
2.8208579894397  2217
2.821513528404773  2236
2.8221680793680175  2177
2.8228216453031045  2200
2.823474229170301  2017
2.824125833916549  2183
2.824776462475546  2175
2.8254261177678233  2162
2.8260748027008264  2123
2.826722520168992  2251
2.8273692730538253  2188
2.828015064223977  2232
2.82865989653532  2207
2.829303772831025  2187
2.829946695941636  2177
2.8305886686851442  2112
2.8312296938670634  2135
2.8318697742805017  2233
2.832508912706236  2135
2.833147111912785  2249
2.833784374656479  2270
2.8344207036815328  2027
2.835056101720116  2278
2.8356905714924254  2081
2.8363241157067516  2118
2.8369567370595505  2094
2.837588438235511  2151
2.8382192219076257  2163
2.838849090737255  2134
2.8394780473741985  2232
2.840106094456758  2112
2.8407332346118066  2183
2.841359470454855  2140
2.8419848045901137  1974
2.842609239610562  2242
2.8432327780980096  2036
2.843855422623161  2309
2.8444771757456815  2080
2.845098040014257  2102
2.8457180179666586  2166
2.846337112129805  2254
2.846955325019824  2262
2.847572659142112  2160
2.848189116991399  2090
2.8488047010518036  2116
2.8494194137968996  2152
2.850033257689769  2100
2.8506462351830666  2338
2.8512583487190755  2117
2.851869600729766  2050
2.8524799936368566  2155
2.8530895298518657  2182
2.8536982117761744  2106
2.8543060418010806  2092
2.8549130223078554  2060
2.8555191556678  2106
2.8561244442423  2066
2.8567288903828825  2071
2.8573324964312685  2040
2.857935264719429  2000
2.858537197569639  2113
2.859138297294531  2295
2.859738566197147  2201
2.8603380065709936  2234
2.8609366207000937  2075
2.8615344108590377  2147
2.862131379313037  2250
2.8627275283179747  2117
2.863322860120456  2182
2.8639173769578603  2179
2.864511081058392  2120
2.8651039746411278  2055
2.8656960599160706  2127
2.8662873390841948  2126
2.866877814337499  2293
2.8674674878590514  2112
2.8680563618230415  2174
2.8686444383948255  2199
2.8692317197309762  2234
2.869818207979328  1979
2.870403905279027  2248
2.8709888137605755  2153
2.8715729355458786  2304
2.8721562727482928  2262
2.8727388274726686  2076
2.873320601815399  2237
2.8739015978644615  2125
2.8744818176994666  2059
2.8750612633917  2117
2.8756399370041685  2170
2.876217840591642  2098
2.8767949762007006  2216
2.877371345869774  2140
2.8779469516291885  2000
2.8785217955012063  2064
2.8790958795000727  2047
2.8796692056320534  2230
2.88024177589548  2123
2.8808135922807914  2296
2.8813846567705728  2309
2.8819549713396007  2270
2.8825245379548803  2175
2.8830933585756897  2200
2.8836614351536176  2202
2.884228769632604  2136
2.884795363948981  2114
2.885361220031512  2049
2.885926339801431  2256
2.886490725172482  2116
2.8870543780509568  2225
2.887617300335736  2136
2.888179493918325  2084
2.8887409606828927  2009
2.88930170250631  2194
2.8898617212581885  2163
2.890421018800914  2117
2.890979596989689  2092
2.8915374576725643  2214
2.8920946026904804  2203
2.8926510338773004  2142
2.893206753059848  2194
2.8937617620579434  2368
2.8943160626844384  2200
2.8948696567452528  2116
2.895422546039408  2145
2.8959747323590648  2128
2.8965262174895554  2135
2.89707700320942  2048
2.8976270912904414  2178
2.8981764834976764  2091
2.8987251815894934  2139
2.8992731873176036  2132
2.8998205024270964  2061
2.9003671286564705  2237
2.900913067737669  2231
2.9014583213961123  2255
2.9020028913507296  2192
2.902546779313991  2051
2.9030899869919438  2300
2.9036325160842376  2187
2.9041743682841634  2198
2.904715545278681  2191
2.905256048748451  2163
2.9057958803678687  1966
2.906335041805091  2105
2.90687353472207  2075
2.907411360774586  2143
2.9079485216122722  1973
2.90848501887865  2115
2.909020854211156  2136
2.9095560292411755  2101
2.910090545594068  2018
2.910624404889201  2086
2.9111576087399764  2018
2.9116901587538613  2278
2.9122220565324155  2178
2.912753303671323  2189
2.9132839017604186  2071
2.9138138523837167  2184
2.9143431571194407  2144
2.9148718175400505  2232
2.91539983521227  2129
2.9159272116971158  2006
2.916453948549925  2131
2.9169800473203824  2244
2.9175055095525466  2042
2.9180303367848803  2055
2.9185545305502734  2169
2.9190780923760737  2158
2.919601023784111  2115
2.920123326290724  2226
2.9206450014067875  2230
2.921166050637739  2168
2.921686475483602  2067
2.9222062774390163  2089
2.92272545799326  2252
2.9232440186302764  2176
2.9237619608287004  2149
2.9242792860618816  2224
2.924795995797912  2112
2.9253120914996495  2319
2.9258275746247424  1904
2.926342446625655  2096
2.926856708949692  2207
2.9273703630390235  2274
2.9278834103307068  2097
2.9283958522567137  2137
2.928907690243953  2248
2.929418925714293  2102
2.929929560084588  2314
2.9304395947667  2172
2.930949031167523  2023
2.931457870689005  2126
2.931966114728173  2141
2.932473764677153  2169
2.932980821923198  2167
2.9334872878487053  2115
2.9339931638312424  1928
2.934498451243568  2265
2.935003151453655  2199
2.9355072658247128  2201
2.9360107957152097  2154
2.936513742478893  2090
2.9370161074648142  2179
2.937517892017347  2157
2.9380190974762104  2197
2.938519725176492  2198
2.9390197764486663  2174
2.9395192526186187  2290
2.9400181550076634  2033
2.940516484932567  2074
2.9410142437055695  2175
2.941511432634403  2133
2.942008053022313  2220
2.9425041061680806  2125
2.9429995933660407  2193
2.9434945159061026  2118
2.9439888750737717  2171
2.9444826721501687  2132
2.9449759084120477  2214
2.94546858513182  2122
2.9459607035775686  2239
2.946452265013073  2256
2.9469432706978256  2064
2.9474337218870508  2178
2.9479236198317262  2210
2.948412965778601  2148
2.9489017609702137  2157
2.949390006644913  2100
2.949877704036875  2187
2.950364854376123  2132
2.9508514588885464  2210
2.951337518795918  2025
2.951823035315912  2064
2.9523080096621253  2187
2.952792443044092  2194
2.9532763366673045  2190
2.9537596917332287  2137
2.9542425094393248  2206
2.954724790979063  2174
2.9552065375419416  2115
2.9556877503135057  2277
2.9561684304753633  2097
2.9566485792052033  2335
2.957128197676813  2127
2.957607287060095  2219
2.958085848521085  2151
2.9585638832219674  2195
2.9590413923210934  2140
2.9595183769729982  2102
2.959994838328416  2081
2.960470777534299  2082
2.960946195733831  1981
2.9614210940664485  2204
2.9618954736678504  1957
2.962369335670021  2174
2.9628426812012423  2250
2.9633155113861114  2097
2.963787827345555  2229
2.964259630196849  2170
2.9647309210536292  2025
2.965201701025912  2182
2.9656719712201065  2104
2.9661417327390325  2072
2.966610986681934  2305
2.967079734144497  2132
2.967547976218862  2084
2.968015713993642  2199
2.9684829485539352  2132
2.9689496809813427  2171
2.9694159123539814  2129
2.9698816437465  2121
2.9703468762300935  2057
2.9708116108725178  2178
2.971275848738105  2251
2.971739590887778  2054
2.9722028383790646  2131
2.972665592266111  2169
2.9731278535996988  2062
2.973589623427257  2205
2.9740509027928774  2114
2.9745116927373285  2077
2.974971994298069  2280
2.975431808509263  2094
2.975891136401793  2096
2.9763499790032735  2189
2.976808337338066  2201
2.977266212427293  2192
2.9777236052888476  2193
2.978180516937414  2191
2.9786369483844743  2200
2.979092900638326  2123
2.979548374704095  2092
2.9800033715837464  2139
2.9804578922761  2249
2.9809119377768436  2129
2.9813655090785445  2128
2.9818186071706636  2191
2.9822712330395684  1999
2.9827233876685453  2199
2.983175072037813  2102
2.9836262871245345  2228
2.984077033902831  2113
2.9845273133437926  2121
2.9849771264154934  2215
2.9854264740830017  2176
2.9858753573083936  2197
2.986323777050765  2192
2.9867717342662448  2036
2.9872192299080047  2204
2.9876662649262746  2286
2.988112840268352  1994
2.9885589568786157  2170
2.989004615698537  2205
2.9894498176666917  2129
2.989894563718773  2015
2.9903388547876015  2056
2.9907826918031377  2215
2.9912260756924947  2162
2.9916690073799486  2190
2.9921114877869495  2056
2.9925535178321354  2152
2.9929950984313414  2043
2.9934362304976116  2149
2.993876914941211  2086
2.9943171526696366  2333
2.9947569445876283  2153
2.9951962915971793  2162
2.99563519459755  2000
2.9960736544852753  2002
2.9965116721541785  2091
2.996949248495381  2058
2.997386384397313  2115
2.9978230807457256  2235
2.998259338423699  2174
2.998695158311656  2126
2.999130541287371  2179
2.9995654882259823  2193
3.0  2124
3.000434077479319  2016
3.0008677215312267  2166
3.0013009330204183  2074
3.0017337128090005  2186
3.002166061756508  2216
3.0025979807199086  2204
3.003029470553618  2237
3.0034605321095067  2165
3.0038911662369103  2087
3.0043213737826426  2266
3.004751155591001  2205
3.0051805125037805  2285
3.0056094453602804  2171
3.0060379549973173  2208
3.0064660422492318  2084
3.0068937079479006  2466
3.0073209529227447  2311
3.00774777800074  2108
3.0081741840064264  2097
3.0086001717619175  2179
3.0090257420869104  1999
3.009450895798694  2199
3.00987563371216  2338
3.010299956639812  2101
3.010723865391773  2062
3.0111473607757975  2152
3.0115704435972783  2161
3.011993114659257  2096
3.012415374762433  1999
3.012837224705172  2126
3.0132586652835167  2129
3.0136796972911926  2021
3.0141003215196207  2057
3.0145205387579237  2172
3.0149403497929366  2034
3.0153597554092144  2169
3.015778756389041  2084
3.016197353512439  2083
3.016615547557177  2080
3.0170333392987803  2002
3.017450729510536  2173
3.0178677189635055  2124
3.018284308426531  2131
3.0187004986662433  2240
3.019116290447073  2162
3.0195316845312554  2226
3.0199466816788423  2209
3.0203612826477078  2243
3.020775488193558  2150
3.0211892990699383  2074
3.021602716028242  2219
3.02201573981772  2155
3.0224283711854865  2302
3.022840610876528  2192
3.0232524596337114  2142
3.0236639181977933  2172
3.024074987307426  2077
3.024485667699167  2119
3.024895960107485  2108
3.0253058652647704  2241
3.025715383901341  2227
3.0261245167454502  2160
3.0265332645232967  2146
3.0269416279590295  2185
3.0273496077747564  2221
3.0277572046905536  2183
3.0281644194244697  2168
3.0285712526925375  2158
3.028977705208778  2038
3.0293837776852097  2060
3.029789470831856  2175
3.030194785356751  2272
3.030599721965951  2116
3.0310042813635367  2183
3.031408464251624  2123
3.0318122713303706  2154
3.0322157032979815  2131
3.03261876085072  2082
3.0330214446829107  2007
3.03342375548695  2085
3.03382569395331  2143
3.0342272607705505  2137
3.0346284566253203  2113
3.0350292822023683  2098
3.0354297381845483  2149
3.035829825252828  2124
3.0362295440862948  2019
3.036628895362161  2246
3.037027879755775  2067
3.037426497940624  2180
3.037824750588342  2180
3.0382226383687185  2289
3.038620161949703  2191
3.039017321997412  2195
3.0394141191761372  2084
3.0398105541483504  2183
3.0402066275747113  2218
3.040602340114073  2041
3.0409976924234905  2265
3.041392685158225  2099
3.041787318971752  2189
3.042181594515766  2223
3.0425755124401905  2302
3.0429690733931802  2125
3.0433622780211294  2125
3.0437551269686796  2210
3.044147620878723  2216
3.044539760392411  2075
3.04493154614916  2079
3.0453229787866576  2141
3.0457140589408676  2278
3.0461047872460387  2267
3.0464951643347082  2118
3.04688519083771  2209
3.0472748673841794  2092
3.04766419460156  2216
3.048053173115609  2099
3.0484418035504044  2114
3.04883008652835  2160
3.0492180226701815  2169
3.049605612594973  2285
3.0499928569201424  2138
3.050379756261458  2099
3.0507663112330423  2056
3.0511525224473814  2195
3.0515383905153275  2166
3.0519239160461065  2017
3.0523090996473234  2298
3.052693941924968  2255
3.0530784434834195  2182
3.053462604925455  2182
3.0538464268522527  2156
3.0542299098633974  2173
3.0546130545568877  2143
3.0549958615291417  2163
3.055378331375  2282
3.0557604646877348  1982
3.056142262059052  2055
3.0565237240791006  1995
3.0569048513364727  2005
3.0572856444182146  2307
3.0576661039098294  2163
3.0580462303952816  2168
3.058426024457005  2197
3.0588054866759067  2265
3.059184617631371  1970
3.0595634179012676  2289
3.059941888061955  2029
3.060320028688285  2199
3.060697840353612  1973
3.0610753236297916  2162
3.061452479087193  2142
3.061829307294699  2105
3.0622058088197126  2110
3.062581984228163  2137
3.0629578340845103  2278
3.0633333589517497  2033
3.0637085593914173  2128
3.064083435963596  2078
3.0644579892269186  2059
3.064832219738574  2062
3.065206128054312  2114
3.0655797147284485  2140
3.06595298031387  2078
3.0663259253620376  2051
3.0666985504229953  2198
3.0670708560453703  2257
3.0674428427763805  1954
3.0678145111618402  2228
3.0681858617461617  2199
3.068556895072363  2028
3.068927611682072  2282
3.0692980121155293  2135
3.0696680969115957  2076
3.070037866607755  2058
3.0704073217401198  2028
3.0707764628434346  2090
3.0711452904510828  2074
3.071513805095089  2243
3.0718820073061255  2134
3.072249897613515  2223
3.0726174765452368  2008
3.0729847446279304  2208
3.073351702386901  2138
3.0737183503461227  2193
3.074084689028244  2133
3.074450718954591  2254
3.074816440645175  2134
3.0751818546186915  2135
3.0755469613925306  2103
3.0759117614827773  1984
3.076276255404218  2324
3.076640443670342  2258
3.0770043267933502  2168
3.0773679052841563  2186
3.077731179652392  2175
3.0780941504064105  2268
3.0784568180532927  2142
3.0788191830988487  2082
3.0791812460476247  2163
3.079543007402906  2142
3.079904467666721  2183
3.0802656273398448  2108
3.0806264869218056  1983
3.080987046910887  2180
3.0813473078041325  2117
3.081707270097349  2204
3.082066934285113  2285
3.0824263008607717  2189
3.0827853703164503  2098
3.0831441431430524  2286
3.0835026198302673  2098
3.083860800866573  2115
3.0842186867392387  2041
3.084576277934331  2241
3.084933574936716  2186
3.085290578230065  2102
3.0856472882968564  1994
3.0860037056183818  2067
3.0863598306747484  2084
3.0867156639448825  2275
3.0870712059065353  2164
3.0874264570362855  1975
3.087781417809542  2140
3.0881360887005513  2112
3.0884904701823963  2096
3.088844562727004  2115
3.089198366805149  2123
3.089551882886454  2032
3.089905111439398  2002
3.090258052931316  2096
3.090610707828407  2063
3.0909630765957314  2235
3.091315159697223  2084
3.0916669575956846  2185
3.092018470752797  2165
3.0923696996291206  2216
3.0927206446840994  2392
3.0930713063760633  2219
3.093421685162235  2118
3.09377178149873  2083
3.0941215958405612  2182
3.094471128641645  2284
3.0948203803548  2061
3.095169351431755  2189
3.095518042323151  2059
3.0958664534785427  2198
3.0962145853464054  2192
3.0965624383741357  2113
3.0969100130080562  2117
3.09725730969342  2310
3.097604328874411  2130
3.09795107099415  2233
3.0982975364946976  2267
3.098643725817057  2248
3.0989896394011773  1981
3.0993352776859577  2055
3.09968064110925  2347
3.1000257301078626  2154
3.100370545117563  2005
3.1007150865730817  2095
3.1010593549081156  2098
3.101403350555331  2073
3.1017470739463664  2127
3.1020905255118367  2027
3.1024337056813365  2134
3.1027766148834415  2053
3.1031192535457137  2052
3.103461622094705  2233
3.103803720955957  2200
3.104145550554008  2288
3.104487111312395  2129
3.1048284036536553  2144
3.1051694279993316  2185
3.1055101847699738  2214
3.1058506743851435  2155
3.1061908972634154  2202
3.1065308538223815  2214
3.106870544478654  2153
3.1072099696478683  2305
3.1075491297446862  2235
3.1078880251827985  2088
3.1082266563749283  2268
3.1085650237328344  2109
3.1089031276673134  2328
3.109240968588203  2248
3.1095785469043866  2134
3.1099158630237933  2188
3.110252917353403  2079
3.110589710299249  2226
3.1109262422664203  2237
3.1112625136590655  2174
3.111598524880394  2146
3.1119342763326814  2167
3.1122697684172707  2127
3.1126050015345745  2164
3.11293997608408  2175
3.1132746924643504  2154
3.1136091510730277  2175
3.113943352306837  2101
3.1142772965615864  2131
3.114610984232173  2314
3.1149444157125847  1960
3.1152775913959014  2043
3.1156105116742996  2075
3.115943176939055  2174
3.116275587580544  2155
3.1166077439882485  2124
3.116939646550756  2227
3.1172712956557644  2092
3.117602691690084  2222
3.1179338350396413  2025
3.118264726089479  2307
3.118595365223762  2084
3.1189257528257768  2095
3.1192558892779365  2157
3.119585774961784  2150
3.119915410257991  2150
3.1202447955463652  2218
3.12057393120585  2175
3.1209028176145273  2345
3.1212314551496214  2088
3.1215598441875008  2118
3.121887985103681  2018
3.1222158782728267  2108
3.1225435240687545  2240
3.1228709228644354  2187
3.1231980750319988  2132
3.123524980942732  2191
3.123851640967086  2154
3.124178055474675  2095
3.1245042248342823  2189
3.1248301494138593  2219
3.12515582958053  2244
3.125481265700594  2149
3.125806458139527  2137
3.1261314072619846  1998
3.1264561134318045  2185
3.126780577012009  2031
3.1271047983648077  2052
3.127428777851599  2163
3.1277525158329733  2159
3.1280760126687155  2226
3.1283992687178066  2146
3.128722284338427  2128
3.1290450598879582  2019
3.1293675957229854  2244
3.129689892199301  2046
3.1300119496719043  2142
3.130333768495006  2156
3.130655349022031  2124
3.130976691605617  2074
3.131297796597623  2269
3.1316186643491255  2213
3.1319392952104246  2227
3.1322596895310446  2107
3.132579847659737  2263
3.132899769944483  2252
3.1332194567324945  2029
3.1335389083702174  2120
3.133858125203335  2167
3.1341771075767664  2247
3.1344958558346736  2097
3.13481437032046  2141
3.1351326513767748  2120
3.1354506993455136  2182
3.1357685145678222  2225
3.1360860973840974  1965
3.13640344813399  2117
3.1367205671564067  2173
3.1370374547895126  2080
3.137354111370733  2113
3.137670537236755  2122
3.137986732723532  2051
3.1383026981662816  2005
3.1386184338994925  1991
3.1389339402569236  2061
3.139249217571607  2155
3.13956426617585  2282
3.1398790864012365  1919
3.140193678578631  2363
3.1405080430381798  2365
3.1408221801093106  2182
3.141136090120739  2210
3.1414497734004674  2161
3.141763230275788  2034
3.1420764610732848  2188
3.142389466118836  2159
3.1427022457376155  2031
3.143014800254095  2219
3.143327129992046  2180
3.1436392352745433  2095
3.1439511164239633  2104
3.144262773761991  2148
3.144574207609616  2086
3.144885418287142  2028
3.1451964061141817  2146
3.1455071714096627  2146
3.1458177144918276  2178
3.146128035678238  2105
3.1464381352857744  2101
3.14674801363064  2213
3.1470576710283598  2076
3.1473671077937864  2007
3.1476763242410986  2155
3.147985320683805  2144
3.1482940974347455  2223
3.1486026548060932  2140
3.1489109931093564  2138
3.1492191126553797  2028
3.149527013754348  2052
3.149834696715785  2062
3.1501421618485588  2130
3.150449409460881  2007
3.150756439860309  2041
3.15106325335375  2081
3.1513698502474603  2054
3.151676230847048  2107
3.151982395457474  2069
3.1522883443830563  2036
3.15259407792747  2009
3.1528995963937474  2008
3.153204900084284  2042
3.1535099893008374  1995
3.153814864344529  2044
3.154119525515847  2011
3.154423973114647  2052
3.1547282074401557  2069
3.1550322287909704  2045
3.155336037465062  1966
3.1556396337597765  1996
3.1559430179718366  2021
3.1562461903973444  1987
3.1565491513317814  1945
3.156851901070011  1998
3.1571544399062814  1909
3.157456768134226  1922
3.1577588860468637  2061
3.158060793936605  1910
3.1583624920952498  1961
3.1586639808139894  1921
3.15896526038341  2009
3.159266331093494  1891
3.1595671932336202  1851
3.1598678470925665  1984
3.160168292958512  1915
3.1604685311190375  1921
3.1607685618611283  1876
3.1610683854711747  1800
3.161368002234975  1849
3.161667412437736  1919
3.161966616364075  1733
3.1622656142980214  1802
3.162564406523019  1671
3.162862993321926  1821
3.1631613749770184  1764
3.16345955176999  1777
3.163757523981956  1736
3.1640552918934515  1706
3.164352855784437  1759
3.1646502159342966  1752
3.1649473726218416  1740
3.1652443261253107  1576
3.165541076722373  1656
3.1658376246901283  1645
3.166133970305109  1501
3.166430113843283  1518
3.166726055580052  1610
3.1670217957902564  1515
3.167317334748176  1470
3.16761267272753  1537
3.16790781000148  1402
3.168202746842631  1340
3.1684974835230326  1240
3.1687920203141817  1384
3.1690863574870227  1442
3.1693804953119495  1281
3.1696744340588068  1295
3.1699681739968923  1279
3.1702617153949575  1205
3.1705550585212086  1108
3.170848203643309  1162
3.1711411510283822  1081
3.171433900943008  1140
3.171726453653231  1105
3.1720188094245563  971
3.172310968521954  908
3.17260293120986  935
3.1728946977521764  872
3.173186268412274  847
3.1734776434529945  929
3.17376882313665  832
3.1740598077250253  801
3.1743505974793798  793
3.1746411926604483  703
3.1749315935284423  682
3.1752218003430523  670
3.1755118133634475  621
3.1758016328482794  677
3.1760912590556813  589
3.1763806922432702  605
3.17666993266815  579
3.176958980586908  560
3.1772478362556233  525
3.1775364999298623  501
3.177824971864682  455
3.1781132523146316  450
3.178401341533755  386
3.17868923977559  424
3.1789769472931693  395
3.1792644643390253  339
3.1795517911651876  342
3.179838928023187  362
3.180125875164054  297
3.180412632838324  263
3.1806992012960347  253
3.1809855807867304  243
3.1812717715594614  246
3.1815577738627865  220
3.1818435879447726  177
3.182129214052998  192
3.182414652434554  170
3.1826999033360424  178
3.182984967003582  179
3.1832698436828046  146
3.1835545336188615  144
3.1838390370564214  121
3.184123354239671  121
3.1844074854123203  107
3.184691430817599  102
3.184975190698261  97
3.185258765296585  88
3.185542154854375  74
3.185825359612962  74
3.1861083798132053  74
3.186391215695493  73
3.1866738674997452  48
3.1869563354654122  57
3.187238619831479  64
3.187520720836463  40
3.1878026387184195  34
3.188084373714938  29
3.188365926063148  34
3.188647295999717  36
3.1889284837608534  36
3.189209489582306  26
3.1894903136993675  29
3.189770956346874  22
3.190051417759206  22
3.1903316981702914  23
3.190611797813605  25
3.1908917169221698  16
3.1911714557285586  19
3.1914510144648953  16
3.1917303933628562  13
3.1920095926536702  13
3.1922886125681202  11
3.1925674533365456  12
3.192846115188842  9
3.1931245983544616  10
3.1934029030624176  4
3.1936810295412816  5
3.193958978019187  4
3.1942367487238292  4
3.194514341882467  3
3.1947917577219247  2
