0.3010299956639812  1966
0.47712125471966244  2226
0.6020599913279624  2066
0.6989700043360189  2080
0.7781512503836436  1979
0.8450980400142568  2010
0.9030899869919435  2086
0.9542425094393249  2110
1.0  2125
1.0413926851582251  1991
1.0791812460476249  2011
1.1139433523068367  2063
1.146128035678238  2088
1.1760912590556813  2023
1.2041199826559248  1918
1.2304489213782739  1947
1.255272505103306  1951
1.2787536009528289  1865
1.3010299956639813  1838
1.3222192947339193  1933
1.3424226808222062  1812
1.3617278360175928  1785
1.380211241711606  1782
1.3979400086720377  1804
1.414973347970818  1682
1.4313637641589874  1796
1.4471580313422192  1832
1.462397997898956  1753
1.4771212547196624  1812
1.4913616938342726  1729
1.505149978319906  1801
1.5185139398778875  1717
1.5314789170422551  1817
1.5440680443502757  1836
1.5563025007672873  1700
1.568201724066995  1807
1.5797835966168101  1834
1.591064607026499  1869
1.6020599913279623  1888
1.6127838567197355  1774
1.6232492903979006  1793
1.6334684555795864  1797
1.6434526764861874  1838
1.6532125137753437  1809
1.662757831681574  1755
1.6720978579357175  1727
1.6812412373755872  1816
1.6901960800285136  1834
1.6989700043360187  1786
1.7075701760979363  1863
1.7160033436347992  1781
1.724275869600789  1685
1.7323937598229686  1776
1.7403626894942439  1712
1.7481880270062005  1861
1.7558748556724915  1720
1.7634279935629373  1753
1.7708520116421442  1854
1.7781512503836436  1730
1.7853298350107671  1754
1.792391689498254  1793
1.7993405494535817  1719
1.806179973983887  1777
1.8129133566428555  1769
1.8195439355418688  1706
1.8260748027008264  1792
1.8325089127062364  1756
1.8388490907372552  1842
1.845098040014257  1788
1.8512583487190752  1813
1.8573324964312685  1749
1.863322860120456  1739
1.8692317197309762  1639
1.8750612633917  1845
1.8808135922807914  1768
1.8864907251724818  1797
1.8920946026904804  1827
1.8976270912904414  1689
1.9030899869919435  1788
1.9084850188786497  1818
1.9138138523837167  1730
1.919078092376074  1771
1.9242792860618816  1747
1.9294189257142926  1872
1.9344984512435677  1874
1.9395192526186185  1722
1.9444826721501687  1829
1.9493900066449128  1806
1.954242509439325  1820
1.9590413923210936  1929
1.9637878273455553  1746
1.968482948553935  1868
1.9731278535996986  1739
1.9777236052888478  1807
1.9822712330395684  1788
1.9867717342662448  1717
1.9912260756924949  1847
1.99563519459755  1772
2.0  1759
2.0043213737826426  1696
2.0086001717619175  1692
2.012837224705172  1925
2.0170333392987803  1721
2.0211892990699383  1792
2.0253058652647704  1846
2.0293837776852097  1749
2.03342375548695  1755
2.037426497940624  1884
2.041392685158225  1746
2.0453229787866576  1732
2.0492180226701815  1761
2.0530784434834195  1700
2.0569048513364727  1706
2.060697840353612  1692
2.0644579892269186  1837
2.0681858617461617  1770
2.0718820073061255  1699
2.0755469613925306  1733
2.0791812460476247  1815
2.0827853703164503  1652
2.0863598306747484  1790
2.089905111439398  1740
2.093421685162235  1796
2.0969100130080562  1849
2.100370545117563  1839
2.103803720955957  1813
2.1072099696478683  1713
2.110589710299249  1707
2.113943352306837  1704
2.1172712956557644  1808
2.12057393120585  1853
2.123851640967086  1795
2.1271047983648077  1814
2.130333768495006  1738
2.1335389083702174  1725
2.1367205671564067  1904
2.1398790864012365  1762
2.143014800254095  1744
2.146128035678238  1849
2.1492191126553797  1669
2.1522883443830563  1733
2.155336037465062  1780
2.1583624920952498  1777
2.161368002234975  1728
2.164352855784437  1806
2.167317334748176  1715
2.1702617153949575  1734
2.173186268412274  1743
2.1760912590556813  1751
2.1789769472931693  1766
2.1818435879447726  1765
2.184691430817599  1753
2.187520720836463  1728
2.1903316981702914  1728
2.1931245983544616  1785
2.1958996524092336  1760
2.1986570869544226  1730
2.2013971243204513  1846
2.2041199826559246  1781
2.2068258760318495  1769
2.2095150145426308  1856
2.2121876044039577  1755
2.214843848047698  1761
2.2174839442139063  1761
2.220108088040055  1764
2.2227164711475833  1776
2.225309281725863  1699
2.2278867046136734  1892
2.230448921378274  1727
2.2329961103921536  1827
2.2355284469075487  1756
2.2380461031287955  1746
2.2405492482826  1756
2.2430380486862944  1729
2.24551266781415  1733
2.247973266361807  1775
2.250420002308894  1784
2.2528530309798933  1815
2.255272505103306  1793
2.2576785748691846  1870
2.2600713879850747  1857
2.2624510897304293  1745
2.2648178230095364  1707
2.2671717284030137  1743
2.2695129442179165  1766
2.271841606536499  1766
2.27415784926368  1823
2.2764618041732443  1797
2.278753600952829  1824
2.2810333672477277  1783
2.2833012287035497  1686
2.285557309007774  1727
2.287801729930226  1830
2.290034611362518  1793
2.292256071356476  1792
2.294466226161593  1849
2.296665190261531  1862
2.298853076409707  1797
2.3010299956639813  1719
2.303196057420489  1753
2.305351369446624  1827
2.307496037913213  1785
2.3096301674258988  1795
2.311753861055754  1831
2.3138672203691533  1735
2.315970345456918  1821
2.3180633349627615  1730
2.3201462861110542  1759
2.322219294733919  1894
2.3242824552976926  1743
2.326335860928751  1697
2.3283796034387376  1663
2.330413773349191  1711
2.3324384599156054  1745
2.3344537511509307  1828
2.3364597338485296  1629
2.3384564936046046  1735
2.3404441148401185  1712
2.342422680822206  1759
2.3443922736851106  1797
2.346352974450639  1815
2.3483048630481607  1720
2.3502480183341627  1781
2.3521825181113627  1777
2.3541084391474008  1734
2.3560258571931225  1804
2.357934847000454  1842
2.359835482339888  1789
2.361727836017593  1780
2.3636119798921444  1831
2.3654879848909  1754
2.367355921026019  1821
2.369215857410143  1769
2.3710678622717363  1808
2.3729120029701067  1733
2.374748346010104  1825
2.376576957056512  1723
2.3783979009481375  1816
2.380211241711606  1774
2.3820170425748683  1774
2.383815365980431  1790
2.385606273598312  1812
2.387389826338729  1758
2.3891660843645326  1746
2.3909351071033793  1790
2.392696953259666  1734
2.3944516808262164  1673
2.3961993470957363  1739
2.3979400086720375  1883
2.399673721481038  1787
2.401400540781544  1783
2.403120521175818  1722
2.404833716619938  1708
2.406540180433955  1730
2.4082399653118496  1804
2.4099331233312946  1775
2.41161970596323  1807
2.413299764081252  1740
2.4149733479708178  1799
2.416640507338281  1692
2.4183012913197452  1795
2.419955748489758  1768
2.4216039268698313  1769
2.423245873936808  1821
2.424881636631067  1815
2.4265112613645754  1710
2.428134794028789  1784
2.429752280002408  1774
2.4313637641589874  1783
2.432969290874406  1795
2.4345689040341987  1846
2.436162647040756  1873
2.437750562820388  1843
2.439332693830263  1734
2.4409090820652177  1729
2.4424797690644486  1678
2.444044795918076  1661
2.4456042032735974  1795
2.4471580313422194  1792
2.44870631990508  1769
2.450249108319361  1817
2.45178643552429  1799
2.4533183400470375  1870
2.45484486000851  1781
2.456366033129043  1733
2.4578818967339924  1745
2.459392487759231  1823
2.4608978427565478  1852
2.462397997898956  1907
2.4638929889859074  1734
2.4653828514484184  1753
2.4668676203541096  1900
2.4683473304121573  1734
2.469822015978163  1752
2.4712917110589387  1833
2.4727564493172123  1705
2.4742162640762553  1725
2.4756711883244296  1728
2.4771212547196626  1719
2.4785664955938436  1760
2.4800069429571505  1728
2.481442628502305  1758
2.482873583608754  1749
2.484299839346786  1873
2.48572142648158  1766
2.4871383754771865  1822
2.4885507165004443  1695
2.4899584794248346  1722
2.4913616938342726  1769
2.4927603890268375  1840
2.494154594018443  1779
2.4955443375464483  1891
2.496929648073215  1817
2.4983105537896004  1769
2.499687082618404  1747
2.5010592622177517  1838
2.5024271199844326  1759
2.503790683057181  1912
2.505149978319906  1735
2.506505032404872  1735
2.507855871695831  1779
2.509202522331103  1739
2.510545010206612  1723
2.5118833609788744  1770
2.513217600067939  1845
2.514547752660286  1764
2.515873843711679  1769
2.5171958979499744  1846
2.5185139398778875  1738
2.519827993775719  1715
2.5211380837040362  1775
2.5224442335063197  1781
2.5237464668115646  1765
2.525044807036845  1850
2.526339277389844  1765
2.5276299008713385  1701
2.5289167002776547  1764
2.530199698203082  1798
2.531478917042255  1882
2.5327543789924976  1705
2.534026106056135  1736
2.5352941200427703  1819
2.53655844257153  1759
2.537819095073274  1758
2.5390760987927767  1880
2.5403294747908736  1766
2.5415792439465807  1680
2.5428254269591797  1742
2.5440680443502757  1852
2.545307116465824  1686
2.546542663478131  1716
2.5477747053878224  1892
2.5490032620257876  1838
2.550228353055094  1779
2.5514499979728753  1801
2.552668216112193  1758
2.5538830266438746  1731
2.5550944485783194  1743
2.5563025007672873  1798
2.5575072019056577  1768
2.558708570533166  1781
2.5599066250361124  1761
2.561101383649056  1764
2.5622928644564746  1775
2.5634810853944106  1773
2.5646660642520893  1805
2.5658478186735176  1925
2.56702636615906  1694
2.568201724066995  1759
2.569373909615046  1781
2.5705429398818973  1758
2.571708831808688  1699
2.5728716022004803  1857
2.574031267727719  1829
2.575187844927661  1858
2.576341350205793  1819
2.5774917998372255  1873
2.578639209968072  1760
2.57978359661681  1765
2.5809249756756194  1799
2.582063362911709  1857
2.583198773968623  1723
2.584331224367531  1794
2.5854607295085006  1728
2.586587304671755  1822
2.5877109650189114  1768
2.5888317255942073  1807
2.5899496013257077  1730
2.591064607026499  1827
2.5921767573958667  1744
2.593286067020457  1769
2.5943925503754266  1819
2.595496221825574  1684
2.59659709562646  1724
2.597695185925512  1741
2.598790506763115  1753
2.5998830720736876  1684
2.6009728956867484  1780
2.6020599913279625  1807
2.603144372620182  1721
2.60422605308447  1758
2.6053050461411096  1604
2.606381365110605  1787
2.6074550232146687  1803
2.6085260335771943  1775
2.60959440922522  1813
2.61066016308988  1749
2.611723308007342  1777
2.6127838567197355  1715
2.6138418218760693  1779
2.6148972160331345  1812
2.615950051656401  1858
2.617000341120899  1745
2.6180480967120925  1833
2.6190933306267428  1757
2.6201360549737576  1801
2.621176281775035  1776
2.622214022966295  1690
2.6232492903979003  1735
2.6242820958356683  1878
2.625312450961674  1753
2.6263403673750423  1858
2.6273658565927325  1711
2.6283889300503116  1679
2.629409599102719  1790
2.630427875025024  1814
2.6314437690131722  1811
2.6324572921847245  1765
2.6334684555795866  1791
2.6344772701607315  1739
2.635483746814912  1895
2.6364878963533656  1740
2.637489729512511  1883
2.6384892569546374  1810
2.639486489268586  1855
2.640481436970422  1783
2.6414741105040997  1791
2.6424645202421213  1794
2.6434526764861874  1699
2.6444385894678386  1732
2.645422269349092  1785
2.6464037262230695  1778
2.6473829701146196  1801
2.6483600109809315  1633
2.649334858712142  1815
2.6503075231319366  1754
2.651278013998144  1784
2.6522463410033232  1792
2.6532125137753435  1702
2.6541765418779604  1758
2.655138434811382  1748
2.656098202012832  1736
2.6570558528571038  1769
2.6580113966571126  1772
2.658964842664435  1807
2.6599162000698504  1723
2.660865478003869  1776
2.661812685537261  1744
2.662757831681574  1688
2.663700925389648  1794
2.6646419755561257  1745
2.6655809910179533  1769
2.6665179805548807  1764
2.667452952889954  1828
2.66838591669  1856
2.6693168805661123  1777
2.670245853074124  1810
2.6711728427150834  1746
2.6720978579357175  1752
2.673020907128896  1800
2.673941998634088  1735
2.6748611407378116  1758
2.6757783416740852  1867
2.6766936096248664  1771
2.677606952720493  1683
2.678518379040114  1734
2.6794278966121188  1809
2.680335513414563  1863
2.681241237375587  1801
2.682145076373832  1797
2.6830470382388496  1715
2.683947130751512  1756
2.6848453616444123  1787
2.6857417386022635  1668
2.6866362692622934  1706
2.6875289612146345  1758
2.6884198220027105  1755
2.6893088591236203  1800
2.690196080028514  1806
2.6910814921229687  1786
2.69196510276736  1733
2.69284691927723  1740
2.693726948923647  1744
2.694605198933569  1682
2.6954816764901977  1685
2.696356388733332  1739
2.6972293427597176  1857
2.6981005456233897  1852
2.6989700043360187  1761
2.699837725867246  1755
2.7007037171450192  1818
2.7015679850559273  1831
2.7024305364455254  1783
2.7032913781186614  1749
2.7041505168397992  1761
2.705007959333336  1798
2.7058637122839193  1752
2.7067177823367587  1762
2.7075701760979363  1799
2.708420900134713  1819
2.709269960975831  1730
2.7101173651118162  1784
2.710963118995276  1679
2.711807229041191  1791
2.7126497016272113  1610
2.7134905430939424  1844
2.714329759745233  1830
2.7151673578484576  1738
2.716003343634799  1701
2.7168377232995247  1673
2.717670503002262  1853
2.718501688867274  1703
2.7193312869837265  1791
2.720159303405957  1824
2.7209857441537393  1829
2.7218106152125467  1809
2.722633922533812  1819
2.7234556720351857  1729
2.724275869600789  1777
2.725094521081469  1716
2.7259116322950483  1788
2.7267272090265724  1782
2.727541257028556  1807
2.7283537820212285  1849
2.72916478969277  1707
2.7299742856995555  1778
2.7307822756663893  1803
2.7315887651867388  1766
2.7323937598229686  1849
2.7331972651065692  1802
2.733999286538387  1850
2.734799829588847  1774
2.73559889969818  1764
2.7363965022766426  1772
2.7371926427047373  1941
2.737987326333431  1820
2.738780558484369  1771
2.739572344450092  1787
2.7403626894942437  1829
2.741151598851785  1780
2.741939077729199  1846
2.7427251313046983  1716
2.74350976472843  1764
2.7442929831226763  1755
2.7450747915820575  1829
2.745855195173729  1732
2.7466341989375787  1702
2.747411807886423  1814
2.7481880270062002  1794
2.7489628612561616  1753
2.749736315569061  1782
2.7505083948513462  1738
2.751279103983342  1749
2.7520484478194387  1807
2.7528164311882715  1845
2.7535830588929064  1718
2.754348335711019  1793
2.7551122663950713  1725
2.7558748556724915  1785
2.756636108245848  1767
2.7573960287930244  1874
2.75815462196739  1732
2.7589118923979736  1676
2.7596678446896306  1799
2.760422483423212  1731
2.7611758131557314  1808
2.761927838420529  1777
2.762678563727436  1724
2.7634279935629373  1747
2.7641761323903307  1868
2.7649229846498886  1826
2.765668554759014  1794
2.7664128471123997  1724
2.7671558660821804  1750
2.767897616018091  1761
2.7686381012476144  1751
2.7693773260761385  1714
2.7701152947871015  1846
2.7708520116421442  1662
2.7715874808812555  1781
2.77232170672292  1747
2.7730546933642626  1654
2.7737864449811935  1740
2.7745169657285498  1718
2.7752462597402365  1806
2.775974331129369  1829
2.776701183988411  1741
2.7774268223893115  1767
2.7781512503836434  1758
2.7788744720027396  1848
2.7795964912578244  1740
2.780317312140151  1776
2.7810369386211318  1743
2.781755374652469  1704
2.782472624166286  1688
2.7831886910752575  1785
2.783903579272735  1803
2.784617292632875  1730
2.785329835010767  1752
2.786041210242554  1768
2.7867514221455614  1764
2.787460474518415  1854
2.788168371141168  1757
2.788875115775417  1702
2.7895807121644256  1795
2.7902851640332416  1671
2.790988475088816  1773
2.791690649020118  1762
2.792391689498254  1756
2.79309160017658  1713
2.7937903846908188  1640
2.7944880466591697  1751
2.795184589682424  1805
2.7958800173440754  1701
2.7965743332104296  1781
2.7972675408307164  1673
2.797959643737196  1778
2.798650645445269  1708
2.7993405494535817  1738
2.8000293592441343  1759
2.800717078282385  1687
2.801403710017355  1826
2.802089257881733  1796
2.8027737252919755  1805
2.803457115648414  1732
2.8041394323353503  1760
2.8048206787211623  1697
2.8055008581584002  1746
2.806179973983887  1827
2.8068580295188172  1740
2.807535028068853  1730
2.808210972924222  1806
2.808885867359812  1753
2.8095597146352675  1735
2.8102325179950842  1646
2.8109042806687006  1811
2.8115750058705933  1756
2.812244696800369  1771
2.8129133566428557  1658
2.813580988568192  1805
2.81424759573192  1782
2.814913181275074  1783
2.815577748324267  1706
2.816241299991783  1850
2.8169038393756605  1719
2.8175653695597807  1787
2.8182258936139557  1726
2.8188854145940097  1867
2.8195439355418688  1841
2.82020145948564  1775
2.8208579894397  1672
2.821513528404773  1787
2.8221680793680175  1735
2.8228216453031045  1716
2.823474229170301  1731
2.824125833916549  1790
2.824776462475546  1793
2.8254261177678233  1704
2.8260748027008264  1720
2.826722520168992  1741
2.8273692730538253  1758
2.828015064223977  1747
2.82865989653532  1814
2.829303772831025  1812
2.829946695941636  1761
2.8305886686851442  1808
2.8312296938670634  1768
2.8318697742805017  1733
2.832508912706236  1829
2.833147111912785  1783
2.833784374656479  1734
2.8344207036815328  1864
2.835056101720116  1894
2.8356905714924254  1770
2.8363241157067516  1795
2.8369567370595505  1726
2.837588438235511  1724
2.8382192219076257  1689
2.838849090737255  1770
2.8394780473741985  1699
2.840106094456758  1797
2.8407332346118066  1708
2.841359470454855  1723
2.8419848045901137  1858
2.842609239610562  1703
2.8432327780980096  1793
2.843855422623161  1870
2.8444771757456815  1819
2.845098040014257  1704
2.8457180179666586  1781
2.846337112129805  1729
2.846955325019824  1696
2.847572659142112  1786
2.848189116991399  1770
2.8488047010518036  1832
2.8494194137968996  1670
2.850033257689769  1754
2.8506462351830666  1819
2.8512583487190755  1755
2.851869600729766  1763
2.8524799936368566  1679
2.8530895298518657  1798
2.8536982117761744  1700
2.8543060418010806  1665
2.8549130223078554  1742
2.8555191556678  1837
2.8561244442423  1771
2.8567288903828825  1798
2.8573324964312685  1721
2.857935264719429  1711
2.858537197569639  1680
2.859138297294531  1814
2.859738566197147  1877
2.8603380065709936  1808
2.8609366207000937  1798
2.8615344108590377  1808
2.862131379313037  1813
2.8627275283179747  1846
2.863322860120456  1800
2.8639173769578603  1764
2.864511081058392  1832
2.8651039746411278  1738
2.8656960599160706  1706
2.8662873390841948  1710
2.866877814337499  1760
2.8674674878590514  1794
2.8680563618230415  1769
2.8686444383948255  1696
2.8692317197309762  1847
2.869818207979328  1726
2.870403905279027  1739
2.8709888137605755  1707
2.8715729355458786  1797
2.8721562727482928  1784
2.8727388274726686  1780
2.873320601815399  1672
2.8739015978644615  1645
2.8744818176994666  1762
2.8750612633917  1793
2.8756399370041685  1788
2.876217840591642  1882
2.8767949762007006  1704
2.877371345869774  1788
2.8779469516291885  1692
2.8785217955012063  1718
2.8790958795000727  1822
2.8796692056320534  1754
2.88024177589548  1716
2.8808135922807914  1772
2.8813846567705728  1949
2.8819549713396007  1756
2.8825245379548803  1922
2.8830933585756897  1720
2.8836614351536176  1792
2.884228769632604  1687
2.884795363948981  1801
2.885361220031512  1678
2.885926339801431  1843
2.886490725172482  1766
2.8870543780509568  1746
2.887617300335736  1811
2.888179493918325  1853
2.8887409606828927  1716
2.88930170250631  1669
2.8898617212581885  1746
2.890421018800914  1777
2.890979596989689  1778
2.8915374576725643  1823
2.8920946026904804  1739
2.8926510338773004  1688
2.893206753059848  1768
2.8937617620579434  1797
2.8943160626844384  1793
2.8948696567452528  1879
2.895422546039408  1794
2.8959747323590648  1817
2.8965262174895554  1762
2.89707700320942  1808
2.8976270912904414  1798
2.8981764834976764  1767
2.8987251815894934  1736
2.8992731873176036  1812
2.8998205024270964  1664
2.9003671286564705  1784
2.900913067737669  1708
2.9014583213961123  1850
2.9020028913507296  1750
2.902546779313991  1700
2.9030899869919438  1816
2.9036325160842376  1828
2.9041743682841634  1822
2.904715545278681  1773
2.905256048748451  1777
2.9057958803678687  1732
2.906335041805091  1871
2.90687353472207  1826
2.907411360774586  1828
2.9079485216122722  1766
2.90848501887865  1734
2.909020854211156  1836
2.9095560292411755  1854
2.910090545594068  1713
2.910624404889201  1786
2.9111576087399764  1837
2.9116901587538613  1797
2.9122220565324155  1830
2.912753303671323  1739
2.9132839017604186  1710
2.9138138523837167  1770
2.9143431571194407  1726
2.9148718175400505  1723
2.91539983521227  1774
2.9159272116971158  1745
2.916453948549925  1771
2.9169800473203824  1752
2.9175055095525466  1711
2.9180303367848803  1767
2.9185545305502734  1693
2.9190780923760737  1752
2.919601023784111  1957
2.920123326290724  1919
2.9206450014067875  1747
2.921166050637739  1758
2.921686475483602  1819
2.9222062774390163  1702
2.92272545799326  1796
2.9232440186302764  1747
2.9237619608287004  1745
2.9242792860618816  1706
2.924795995797912  1779
2.9253120914996495  1747
2.9258275746247424  1759
2.926342446625655  1802
2.926856708949692  1832
2.9273703630390235  1784
2.9278834103307068  1804
2.9283958522567137  1665
2.928907690243953  1841
2.929418925714293  1790
2.929929560084588  1665
2.9304395947667  1735
2.930949031167523  1877
2.931457870689005  1806
2.931966114728173  1689
2.932473764677153  1824
2.932980821923198  1702
2.9334872878487053  1738
2.9339931638312424  1698
2.934498451243568  1860
2.935003151453655  1756
2.9355072658247128  1750
2.9360107957152097  1701
2.936513742478893  1779
2.9370161074648142  1717
2.937517892017347  1803
2.9380190974762104  1872
2.938519725176492  1711
2.9390197764486663  1898
2.9395192526186187  1776
2.9400181550076634  1825
2.940516484932567  1765
2.9410142437055695  1846
2.941511432634403  1653
2.942008053022313  1775
2.9425041061680806  1746
2.9429995933660407  1751
2.9434945159061026  1824
2.9439888750737717  1793
2.9444826721501687  1742
2.9449759084120477  1740
2.94546858513182  1670
2.9459607035775686  1820
2.946452265013073  1805
2.9469432706978256  1701
2.9474337218870508  1740
2.9479236198317262  1831
2.948412965778601  1673
2.9489017609702137  1767
2.949390006644913  1795
2.949877704036875  1830
2.950364854376123  1780
2.9508514588885464  1797
2.951337518795918  1783
2.951823035315912  1759
2.9523080096621253  1812
2.952792443044092  1752
2.9532763366673045  1718
2.9537596917332287  1809
2.9542425094393248  1791
2.954724790979063  1738
2.9552065375419416  1696
2.9556877503135057  1786
2.9561684304753633  1729
2.9566485792052033  1786
2.957128197676813  1764
2.957607287060095  1812
2.958085848521085  1789
2.9585638832219674  1762
2.9590413923210934  1830
2.9595183769729982  1852
2.959994838328416  1842
2.960470777534299  1747
2.960946195733831  1811
2.9614210940664485  1835
2.9618954736678504  1817
2.962369335670021  1798
2.9628426812012423  1734
2.9633155113861114  1744
2.963787827345555  1671
2.964259630196849  1815
2.9647309210536292  1701
2.965201701025912  1694
2.9656719712201065  1770
2.9661417327390325  1796
2.966610986681934  1783
2.967079734144497  1775
2.967547976218862  1816
2.968015713993642  1758
2.9684829485539352  1847
2.9689496809813427  1777
2.9694159123539814  1776
2.9698816437465  1747
2.9703468762300935  1778
2.9708116108725178  1825
2.971275848738105  1808
2.971739590887778  1782
2.9722028383790646  1887
2.972665592266111  1842
2.9731278535996988  1791
2.973589623427257  1780
2.9740509027928774  1808
2.9745116927373285  1767
2.974971994298069  1906
2.975431808509263  1687
2.975891136401793  1867
2.9763499790032735  1771
2.976808337338066  1877
2.977266212427293  1726
2.9777236052888476  1704
2.978180516937414  1816
2.9786369483844743  1803
2.979092900638326  1753
2.979548374704095  1701
2.9800033715837464  1696
2.9804578922761  1837
2.9809119377768436  1853
2.9813655090785445  1722
2.9818186071706636  1890
2.9822712330395684  1861
2.9827233876685453  1879
2.983175072037813  1776
2.9836262871245345  1782
2.984077033902831  1830
2.9845273133437926  1712
2.9849771264154934  1755
2.9854264740830017  1775
2.9858753573083936  1702
2.986323777050765  1819
2.9867717342662448  1755
2.9872192299080047  1755
2.9876662649262746  1709
2.988112840268352  1781
2.9885589568786157  1773
2.989004615698537  1796
2.9894498176666917  1825
2.989894563718773  1730
2.9903388547876015  1759
2.9907826918031377  1720
2.9912260756924947  1690
2.9916690073799486  1761
2.9921114877869495  1835
2.9925535178321354  1712
2.9929950984313414  1716
2.9934362304976116  1837
2.993876914941211  1797
2.9943171526696366  1705
2.9947569445876283  1701
2.9951962915971793  1791
2.99563519459755  1851
2.9960736544852753  1812
2.9965116721541785  1872
2.996949248495381  1781
2.997386384397313  1791
2.9978230807457256  1748
2.998259338423699  1718
2.998695158311656  1812
2.999130541287371  1790
2.9995654882259823  1757
3.0  1772
3.000434077479319  1740
3.0008677215312267  1804
3.0013009330204183  1812
3.0017337128090005  1737
3.002166061756508  1754
3.0025979807199086  1730
3.003029470553618  1795
3.0034605321095067  1779
3.0038911662369103  1763
3.0043213737826426  1799
3.004751155591001  1721
3.0051805125037805  1748
3.0056094453602804  1797
3.0060379549973173  1771
3.0064660422492318  1800
3.0068937079479006  1815
3.0073209529227447  1750
3.00774777800074  1771
3.0081741840064264  1892
3.0086001717619175  1802
3.0090257420869104  1775
3.009450895798694  1822
3.00987563371216  1761
3.010299956639812  1680
3.010723865391773  1714
3.0111473607757975  1702
3.0115704435972783  1693
3.011993114659257  1823
3.012415374762433  1783
3.012837224705172  1804
3.0132586652835167  1770
3.0136796972911926  1879
3.0141003215196207  1705
3.0145205387579237  1780
3.0149403497929366  1825
3.0153597554092144  1700
3.015778756389041  1857
3.016197353512439  1881
3.016615547557177  1797
3.0170333392987803  1728
3.017450729510536  1782
3.0178677189635055  1762
3.018284308426531  1738
3.0187004986662433  1795
3.019116290447073  1723
3.0195316845312554  1794
3.0199466816788423  1717
3.0203612826477078  1801
3.020775488193558  1756
3.0211892990699383  1841
3.021602716028242  1711
3.02201573981772  1818
3.0224283711854865  1714
3.022840610876528  1847
3.0232524596337114  1805
3.0236639181977933  1744
3.024074987307426  1847
3.024485667699167  1785
3.024895960107485  1758
3.0253058652647704  1881
3.025715383901341  1868
3.0261245167454502  1747
3.0265332645232967  1781
3.0269416279590295  1746
3.0273496077747564  1710
3.0277572046905536  1861
3.0281644194244697  1701
3.0285712526925375  1809
3.028977705208778  1726
3.0293837776852097  1776
3.029789470831856  1768
3.030194785356751  1801
3.030599721965951  1867
3.0310042813635367  1837
3.031408464251624  1733
3.0318122713303706  1854
3.0322157032979815  1718
3.03261876085072  1706
3.0330214446829107  1779
3.03342375548695  1811
3.03382569395331  1722
3.0342272607705505  1755
3.0346284566253203  1788
3.0350292822023683  1836
3.0354297381845483  1822
3.035829825252828  1732
3.0362295440862948  1797
3.036628895362161  1664
3.037027879755775  1765
3.037426497940624  1770
3.037824750588342  1701
3.0382226383687185  1713
3.038620161949703  1803
3.039017321997412  1789
3.0394141191761372  1729
3.0398105541483504  1769
3.0402066275747113  1802
3.040602340114073  1801
3.0409976924234905  1746
3.041392685158225  1670
3.041787318971752  1771
3.042181594515766  1817
3.0425755124401905  1740
3.0429690733931802  1762
3.0433622780211294  1769
3.0437551269686796  1791
3.044147620878723  1726
3.044539760392411  1729
3.04493154614916  1813
3.0453229787866576  1755
3.0457140589408676  1767
3.0461047872460387  1758
3.0464951643347082  1819
3.04688519083771  1773
3.0472748673841794  1753
3.04766419460156  1797
3.048053173115609  1737
3.0484418035504044  1751
3.04883008652835  1781
3.0492180226701815  1712
3.049605612594973  1658
3.0499928569201424  1685
3.050379756261458  1707
3.0507663112330423  1880
3.0511525224473814  1665
3.0515383905153275  1743
3.0519239160461065  1740
3.0523090996473234  1662
3.052693941924968  1783
3.0530784434834195  1830
3.053462604925455  1708
3.0538464268522527  1891
3.0542299098633974  1761
3.0546130545568877  1809
3.0549958615291417  1867
3.055378331375  1720
3.0557604646877348  1823
3.056142262059052  1860
3.0565237240791006  1799
3.0569048513364727  1749
3.0572856444182146  1832
3.0576661039098294  1729
3.0580462303952816  1774
3.058426024457005  1726
3.0588054866759067  1748
3.059184617631371  1702
3.0595634179012676  1725
3.059941888061955  1841
3.060320028688285  1737
3.060697840353612  1794
3.0610753236297916  1687
3.061452479087193  1711
3.061829307294699  1827
3.0622058088197126  1745
3.062581984228163  1866
3.0629578340845103  1722
3.0633333589517497  1745
3.0637085593914173  1798
3.064083435963596  1780
3.0644579892269186  1787
3.064832219738574  1837
3.065206128054312  1774
3.0655797147284485  1801
3.06595298031387  1737
3.0663259253620376  1754
3.0666985504229953  1703
3.0670708560453703  1666
3.0674428427763805  1699
3.0678145111618402  1806
3.0681858617461617  1769
3.068556895072363  1794
3.068927611682072  1742
3.0692980121155293  1777
3.0696680969115957  1724
3.070037866607755  1691
3.0704073217401198  1754
3.0707764628434346  1776
3.0711452904510828  1743
3.071513805095089  1764
3.0718820073061255  1788
3.072249897613515  1785
3.0726174765452368  1843
3.0729847446279304  1853
3.073351702386901  1749
3.0737183503461227  1784
3.074084689028244  1688
3.074450718954591  1716
3.074816440645175  1807
3.0751818546186915  1790
3.0755469613925306  1856
3.0759117614827773  1760
3.076276255404218  1735
3.076640443670342  1720
3.0770043267933502  1659
3.0773679052841563  1729
3.077731179652392  1658
3.0780941504064105  1798
3.0784568180532927  1710
3.0788191830988487  1919
3.0791812460476247  1741
3.079543007402906  1783
3.079904467666721  1763
3.0802656273398448  1821
3.0806264869218056  1752
3.080987046910887  1788
3.0813473078041325  1770
3.081707270097349  1730
3.082066934285113  1792
3.0824263008607717  1808
3.0827853703164503  1774
3.0831441431430524  1765
3.0835026198302673  1787
3.083860800866573  1758
3.0842186867392387  1766
3.084576277934331  1814
3.084933574936716  1817
3.085290578230065  1804
3.0856472882968564  1872
3.0860037056183818  1776
3.0863598306747484  1765
3.0867156639448825  1754
3.0870712059065353  1846
3.0874264570362855  1742
3.087781417809542  1797
3.0881360887005513  1774
3.0884904701823963  1803
3.088844562727004  1810
3.089198366805149  1887
3.089551882886454  1743
3.089905111439398  1787
3.090258052931316  1770
3.090610707828407  1759
3.0909630765957314  1735
3.091315159697223  1768
3.0916669575956846  1775
3.092018470752797  1716
3.0923696996291206  1830
3.0927206446840994  1662
3.0930713063760633  1793
3.093421685162235  1698
3.09377178149873  1771
3.0941215958405612  1746
3.094471128641645  1827
3.0948203803548  1702
3.095169351431755  1814
3.095518042323151  1709
3.0958664534785427  1698
3.0962145853464054  1816
3.0965624383741357  1741
3.0969100130080562  1785
3.09725730969342  1782
3.097604328874411  1759
3.09795107099415  1832
3.0982975364946976  1832
3.098643725817057  1751
3.0989896394011773  1693
3.0993352776859577  1775
3.09968064110925  1746
3.1000257301078626  1768
3.100370545117563  1785
3.1007150865730817  1736
3.1010593549081156  1740
3.101403350555331  1924
3.1017470739463664  1863
3.1020905255118367  1835
3.1024337056813365  1670
3.1027766148834415  1846
3.1031192535457137  1809
3.103461622094705  1762
3.103803720955957  1836
3.104145550554008  1797
3.104487111312395  1716
3.1048284036536553  1723
3.1051694279993316  1793
3.1055101847699738  1768
3.1058506743851435  1801
3.1061908972634154  1716
3.1065308538223815  1778
3.106870544478654  1778
3.1072099696478683  1839
3.1075491297446862  1791
3.1078880251827985  1760
3.1082266563749283  1726
3.1085650237328344  1712
3.1089031276673134  1762
3.109240968588203  1747
3.1095785469043866  1773
3.1099158630237933  1802
3.110252917353403  1727
3.110589710299249  1789
3.1109262422664203  1872
3.1112625136590655  1880
3.111598524880394  1674
3.1119342763326814  1673
3.1122697684172707  1913
3.1126050015345745  1825
3.11293997608408  1798
3.1132746924643504  1766
3.1136091510730277  1796
3.113943352306837  1776
3.1142772965615864  1760
3.114610984232173  1773
3.1149444157125847  1789
3.1152775913959014  1745
3.1156105116742996  1749
3.115943176939055  1814
3.116275587580544  1775
3.1166077439882485  1820
3.116939646550756  1685
3.1172712956557644  1794
3.117602691690084  1840
3.1179338350396413  1734
3.118264726089479  1754
3.118595365223762  1740
3.1189257528257768  1763
3.1192558892779365  1827
3.119585774961784  1724
3.119915410257991  1839
3.1202447955463652  1845
3.12057393120585  1786
3.1209028176145273  1791
3.1212314551496214  1797
3.1215598441875008  1723
3.121887985103681  1766
3.1222158782728267  1788
3.1225435240687545  1807
3.1228709228644354  1809
3.1231980750319988  1761
3.123524980942732  1814
3.123851640967086  1772
3.124178055474675  1778
3.1245042248342823  1806
3.1248301494138593  1794
3.12515582958053  1660
3.125481265700594  1763
3.125806458139527  1776
3.1261314072619846  1807
3.1264561134318045  1763
3.126780577012009  1847
3.1271047983648077  1774
3.127428777851599  1787
3.1277525158329733  1761
3.1280760126687155  1806
3.1283992687178066  1742
3.128722284338427  1741
3.1290450598879582  1803
3.1293675957229854  1737
3.129689892199301  1778
3.1300119496719043  1665
3.130333768495006  1700
3.130655349022031  1684
3.130976691605617  1750
3.131297796597623  1696
3.1316186643491255  1689
3.1319392952104246  1662
3.1322596895310446  1658
3.132579847659737  1732
3.132899769944483  1833
3.1332194567324945  1688
3.1335389083702174  1729
3.133858125203335  1681
3.1341771075767664  1736
3.1344958558346736  1752
3.13481437032046  1709
3.1351326513767748  1744
3.1354506993455136  1677
3.1357685145678222  1668
3.1360860973840974  1650
3.13640344813399  1668
3.1367205671564067  1621
3.1370374547895126  1609
3.137354111370733  1567
3.137670537236755  1579
3.137986732723532  1611
3.1383026981662816  1566
3.1386184338994925  1554
3.1389339402569236  1615
3.139249217571607  1597
3.13956426617585  1525
3.1398790864012365  1513
3.140193678578631  1520
3.1405080430381798  1466
3.1408221801093106  1474
3.141136090120739  1478
3.1414497734004674  1547
3.141763230275788  1455
3.1420764610732848  1420
3.142389466118836  1445
3.1427022457376155  1374
3.143014800254095  1344
3.143327129992046  1329
3.1436392352745433  1295
3.1439511164239633  1394
3.144262773761991  1349
3.144574207609616  1309
3.144885418287142  1228
3.1451964061141817  1210
3.1455071714096627  1263
3.1458177144918276  1198
3.146128035678238  1200
3.1464381352857744  1196
3.14674801363064  1127
3.1470576710283598  1128
3.1473671077937864  1044
3.1476763242410986  1069
3.147985320683805  1020
3.1482940974347455  989
3.1486026548060932  929
3.1489109931093564  928
3.1492191126553797  910
3.149527013754348  895
3.149834696715785  829
3.1501421618485588  817
3.150449409460881  781
3.150756439860309  766
3.15106325335375  726
3.1513698502474603  700
3.151676230847048  655
3.151982395457474  625
3.1522883443830563  630
3.15259407792747  640
3.1528995963937474  600
3.153204900084284  562
3.1535099893008374  536
3.153814864344529  495
3.154119525515847  488
3.154423973114647  426
3.1547282074401557  432
3.1550322287909704  393
3.155336037465062  378
3.1556396337597765  396
3.1559430179718366  337
3.1562461903973444  328
3.1565491513317814  305
3.156851901070011  306
3.1571544399062814  295
3.157456768134226  242
3.1577588860468637  212
3.158060793936605  198
3.1583624920952498  213
3.1586639808139894  191
3.15896526038341  171
3.159266331093494  146
3.1595671932336202  147
3.1598678470925665  145
3.160168292958512  129
3.1604685311190375  96
3.1607685618611283  92
3.1610683854711747  95
3.161368002234975  86
3.161667412437736  70
3.161966616364075  76
3.1622656142980214  56
3.162564406523019  60
3.162862993321926  49
3.1631613749770184  35
3.16345955176999  46
3.163757523981956  26
3.1640552918934515  32
3.164352855784437  31
3.1646502159342966  21
3.1649473726218416  22
3.1652443261253107  21
3.165541076722373  16
3.1658376246901283  16
3.166133970305109  16
3.166430113843283  20
3.166726055580052  15
3.1670217957902564  10
3.167317334748176  11
3.16761267272753  8
3.16790781000148  7
3.168202746842631  6
3.1684974835230326  5
3.1687920203141817  3
3.1690863574870227  3
3.1693804953119495  1
3.1696744340588068  1
3.1699681739968923  3
3.1702617153949575  2
3.1705550585212086  1
3.170848203643309  2
3.1711411510283822  1
3.171433900943008  1
3.171726453653231  1
3.1720188094245563  1
3.172310968521954  1
3.17260293120986  1
3.1728946977521764  1
3.173186268412274  1
3.1734776434529945  1
3.17376882313665  1
3.1740598077250253  1
3.1743505974793798  1
3.1749315935284423  2
3.1752218003430523  2
3.1755118133634475  2
