0.3010299956639812  3206
0.47712125471966244  3074
0.6020599913279624  3209
0.6989700043360189  3263
0.7781512503836436  3237
0.8450980400142568  3227
0.9030899869919435  3258
0.9542425094393249  3250
1.0  3289
1.0413926851582251  3144
1.0791812460476249  3311
1.1139433523068367  3268
1.146128035678238  3138
1.1760912590556813  3193
1.2041199826559248  3224
1.2304489213782739  3197
1.255272505103306  3157
1.2787536009528289  3287
1.3010299956639813  3158
1.3222192947339193  3156
1.3424226808222062  3119
1.3617278360175928  3114
1.380211241711606  3005
1.3979400086720377  3071
1.414973347970818  3008
1.4313637641589874  3035
1.4471580313422192  2954
1.462397997898956  2985
1.4771212547196624  2900
1.4913616938342726  2867
1.505149978319906  2906
1.5185139398778875  2972
1.5314789170422551  2972
1.5440680443502757  3032
1.5563025007672873  2979
1.568201724066995  3030
1.5797835966168101  2906
1.591064607026499  3067
1.6020599913279623  2878
1.6127838567197355  2860
1.6232492903979006  2986
1.6334684555795864  2964
1.6434526764861874  2963
1.6532125137753437  3044
1.662757831681574  2984
1.6720978579357175  2974
1.6812412373755872  3004
1.6901960800285136  3012
1.6989700043360187  2954
1.7075701760979363  2985
1.7160033436347992  3004
1.724275869600789  3008
1.7323937598229686  2973
1.7403626894942439  2972
1.7481880270062005  2968
1.7558748556724915  3020
1.7634279935629373  2913
1.7708520116421442  3057
1.7781512503836436  3002
1.7853298350107671  3014
1.792391689498254  3052
1.7993405494535817  2905
1.806179973983887  2977
1.8129133566428555  2934
1.8195439355418688  2923
1.8260748027008264  3034
1.8325089127062364  2967
1.8388490907372552  3053
1.845098040014257  3059
1.8512583487190752  2985
1.8573324964312685  2976
1.863322860120456  2932
1.8692317197309762  2952
1.8750612633917  2967
1.8808135922807914  3015
1.8864907251724818  2953
1.8920946026904804  2957
1.8976270912904414  2873
1.9030899869919435  2981
1.9084850188786497  2932
1.9138138523837167  2957
1.919078092376074  2835
1.9242792860618816  3010
1.9294189257142926  2985
1.9344984512435677  3029
1.9395192526186185  2958
1.9444826721501687  3022
1.9493900066449128  2888
1.954242509439325  2906
1.9590413923210936  2922
1.9637878273455553  2992
1.968482948553935  2975
1.9731278535996986  3020
1.9777236052888478  2980
1.9822712330395684  2962
1.9867717342662448  2895
1.9912260756924949  2981
1.99563519459755  2963
2.0  2820
2.0043213737826426  2901
2.0086001717619175  3032
2.012837224705172  2924
2.0170333392987803  2985
2.0211892990699383  2920
2.0253058652647704  2958
2.0293837776852097  2988
2.03342375548695  2897
2.037426497940624  3004
2.041392685158225  3004
2.0453229787866576  2957
2.0492180226701815  3058
2.0530784434834195  3079
2.0569048513364727  2942
2.060697840353612  3091
2.0644579892269186  2920
2.0681858617461617  2933
2.0718820073061255  2969
2.0755469613925306  3014
2.0791812460476247  3004
2.0827853703164503  2957
2.0863598306747484  3096
2.089905111439398  3000
2.093421685162235  3063
2.0969100130080562  2923
2.100370545117563  2903
2.103803720955957  2880
2.1072099696478683  3006
2.110589710299249  2977
2.113943352306837  2919
2.1172712956557644  2984
2.12057393120585  2970
2.123851640967086  2986
2.1271047983648077  2998
2.130333768495006  3023
2.1335389083702174  3043
2.1367205671564067  2982
2.1398790864012365  2950
2.143014800254095  2982
2.146128035678238  3003
2.1492191126553797  2952
2.1522883443830563  3022
2.155336037465062  3019
2.1583624920952498  2947
2.161368002234975  3008
2.164352855784437  3019
2.167317334748176  2972
2.1702617153949575  2885
2.173186268412274  2907
2.1760912590556813  2856
2.1789769472931693  2899
2.1818435879447726  2922
2.184691430817599  2972
2.187520720836463  2937
2.1903316981702914  3003
2.1931245983544616  2956
2.1958996524092336  3000
2.1986570869544226  3046
2.2013971243204513  2988
2.2041199826559246  2976
2.2068258760318495  2967
2.2095150145426308  2946
2.2121876044039577  2933
2.214843848047698  2955
2.2174839442139063  2924
2.220108088040055  2955
2.2227164711475833  2949
2.225309281725863  2992
2.2278867046136734  2975
2.230448921378274  2949
2.2329961103921536  2954
2.2355284469075487  2960
2.2380461031287955  3047
2.2405492482826  2991
2.2430380486862944  2958
2.24551266781415  2998
2.247973266361807  2936
2.250420002308894  2995
2.2528530309798933  2845
2.255272505103306  3063
2.2576785748691846  2917
2.2600713879850747  3012
2.2624510897304293  2949
2.2648178230095364  3083
2.2671717284030137  2941
2.2695129442179165  2928
2.271841606536499  3028
2.27415784926368  2938
2.2764618041732443  2959
2.278753600952829  2905
2.2810333672477277  2880
2.2833012287035497  2929
2.285557309007774  3022
2.287801729930226  2900
2.290034611362518  2949
2.292256071356476  2884
2.294466226161593  2978
2.296665190261531  2922
2.298853076409707  2971
2.3010299956639813  3056
2.303196057420489  3017
2.305351369446624  2945
2.307496037913213  2979
2.3096301674258988  2935
2.311753861055754  2985
2.3138672203691533  3039
2.315970345456918  2878
2.3180633349627615  3043
2.3201462861110542  2992
2.322219294733919  2991
2.3242824552976926  3016
2.326335860928751  2964
2.3283796034387376  2993
2.330413773349191  2906
2.3324384599156054  2987
2.3344537511509307  2993
2.3364597338485296  3058
2.3384564936046046  2899
2.3404441148401185  2988
2.342422680822206  2958
2.3443922736851106  3024
2.346352974450639  2983
2.3483048630481607  3016
2.3502480183341627  3001
2.3521825181113627  3004
2.3541084391474008  2943
2.3560258571931225  3036
2.357934847000454  2959
2.359835482339888  2976
2.361727836017593  2989
2.3636119798921444  3041
2.3654879848909  2969
2.367355921026019  2853
2.369215857410143  2897
2.3710678622717363  2987
2.3729120029701067  2945
2.374748346010104  2919
2.376576957056512  3063
2.3783979009481375  2960
2.380211241711606  2976
2.3820170425748683  3015
2.383815365980431  2912
2.385606273598312  2907
2.387389826338729  2972
2.3891660843645326  2944
2.3909351071033793  2911
2.392696953259666  2986
2.3944516808262164  2934
2.3961993470957363  2978
2.3979400086720375  2934
2.399673721481038  3039
2.401400540781544  3013
2.403120521175818  2942
2.404833716619938  2985
2.406540180433955  3000
2.4082399653118496  2977
2.4099331233312946  3007
2.41161970596323  3015
2.413299764081252  2961
2.4149733479708178  3032
2.416640507338281  3086
2.4183012913197452  2935
2.419955748489758  3022
2.4216039268698313  3012
2.423245873936808  2996
2.424881636631067  2954
2.4265112613645754  2993
2.428134794028789  3019
2.429752280002408  2953
2.4313637641589874  3067
2.432969290874406  2979
2.4345689040341987  3029
2.436162647040756  3053
2.437750562820388  2918
2.439332693830263  2934
2.4409090820652177  2956
2.4424797690644486  3047
2.444044795918076  2940
2.4456042032735974  2929
2.4471580313422194  2993
2.44870631990508  3006
2.450249108319361  2958
2.45178643552429  2925
2.4533183400470375  2946
2.45484486000851  3043
2.456366033129043  2939
2.4578818967339924  2909
2.459392487759231  2996
2.4608978427565478  2994
2.462397997898956  2891
2.4638929889859074  3004
2.4653828514484184  2984
2.4668676203541096  2972
2.4683473304121573  3006
2.469822015978163  2988
2.4712917110589387  2991
2.4727564493172123  2907
2.4742162640762553  2966
2.4756711883244296  2990
2.4771212547196626  2943
2.4785664955938436  3005
2.4800069429571505  3010
2.481442628502305  3062
2.482873583608754  2934
2.484299839346786  2927
2.48572142648158  2968
2.4871383754771865  2913
2.4885507165004443  2929
2.4899584794248346  3048
2.4913616938342726  2902
2.4927603890268375  3057
2.494154594018443  3022
2.4955443375464483  2955
2.496929648073215  2908
2.4983105537896004  2987
2.499687082618404  2915
2.5010592622177517  3109
2.5024271199844326  2916
2.503790683057181  3011
2.505149978319906  2988
2.506505032404872  2965
2.507855871695831  2946
2.509202522331103  3001
2.510545010206612  2891
2.5118833609788744  2932
2.513217600067939  2968
2.514547752660286  2907
2.515873843711679  2976
2.5171958979499744  3030
2.5185139398778875  3003
2.519827993775719  2941
2.5211380837040362  2976
2.5224442335063197  2994
2.5237464668115646  2958
2.525044807036845  2940
2.526339277389844  3014
2.5276299008713385  2891
2.5289167002776547  2990
2.530199698203082  2886
2.531478917042255  2945
2.5327543789924976  3035
2.534026106056135  2966
2.5352941200427703  2946
2.53655844257153  2960
2.537819095073274  2968
2.5390760987927767  2999
2.5403294747908736  2980
2.5415792439465807  3029
2.5428254269591797  2916
2.5440680443502757  2883
2.545307116465824  3011
2.546542663478131  2991
2.5477747053878224  2915
2.5490032620257876  2928
2.550228353055094  3025
2.5514499979728753  2997
2.552668216112193  2962
2.5538830266438746  2920
2.5550944485783194  3003
2.5563025007672873  2921
2.5575072019056577  2911
2.558708570533166  3061
2.5599066250361124  2948
2.561101383649056  2970
2.5622928644564746  2917
2.5634810853944106  2922
2.5646660642520893  2908
2.5658478186735176  2945
2.56702636615906  3058
2.568201724066995  2948
2.569373909615046  3014
2.5705429398818973  3011
2.571708831808688  3120
2.5728716022004803  2967
2.574031267727719  2997
2.575187844927661  2948
2.576341350205793  2927
2.5774917998372255  2987
2.578639209968072  3019
2.57978359661681  2907
2.5809249756756194  3022
2.582063362911709  2952
2.583198773968623  2995
2.584331224367531  2988
2.5854607295085006  2963
2.586587304671755  2955
2.5877109650189114  2960
2.5888317255942073  2946
2.5899496013257077  3098
2.591064607026499  2897
2.5921767573958667  3043
2.593286067020457  2979
2.5943925503754266  3048
2.595496221825574  3068
2.59659709562646  2973
2.597695185925512  2904
2.598790506763115  3034
2.5998830720736876  3085
2.6009728956867484  3036
2.6020599913279625  3005
2.603144372620182  2886
2.60422605308447  2926
2.6053050461411096  2985
2.606381365110605  2995
2.6074550232146687  2949
2.6085260335771943  2963
2.60959440922522  2985
2.61066016308988  3065
2.611723308007342  2880
2.6127838567197355  2964
2.6138418218760693  2950
2.6148972160331345  2960
2.615950051656401  2939
2.617000341120899  2982
2.6180480967120925  2954
2.6190933306267428  2851
2.6201360549737576  2951
2.621176281775035  2955
2.622214022966295  2918
2.6232492903979003  3013
2.6242820958356683  3049
2.625312450961674  2950
2.6263403673750423  2918
2.6273658565927325  2989
2.6283889300503116  2960
2.629409599102719  2949
2.630427875025024  2850
2.6314437690131722  2870
2.6324572921847245  2909
2.6334684555795866  2930
2.6344772701607315  2880
2.635483746814912  2855
2.6364878963533656  2965
2.637489729512511  2997
2.6384892569546374  2989
2.639486489268586  3002
2.640481436970422  2978
2.6414741105040997  2956
2.6424645202421213  2968
2.6434526764861874  2971
2.6444385894678386  2956
2.645422269349092  2963
2.6464037262230695  2970
2.6473829701146196  2962
2.6483600109809315  2967
2.649334858712142  3059
2.6503075231319366  2964
2.651278013998144  2993
2.6522463410033232  2959
2.6532125137753435  2980
2.6541765418779604  2995
2.655138434811382  3051
2.656098202012832  2924
2.6570558528571038  2979
2.6580113966571126  3050
2.658964842664435  2964
2.6599162000698504  2933
2.660865478003869  2937
2.661812685537261  3023
2.662757831681574  2936
2.663700925389648  2917
2.6646419755561257  3020
2.6655809910179533  2943
2.6665179805548807  3022
2.667452952889954  2976
2.66838591669  2964
2.6693168805661123  2934
2.670245853074124  3003
2.6711728427150834  2966
2.6720978579357175  3091
2.673020907128896  2978
2.673941998634088  2901
2.6748611407378116  3047
2.6757783416740852  2905
2.6766936096248664  2899
2.677606952720493  3014
2.678518379040114  2937
2.6794278966121188  2957
2.680335513414563  2986
2.681241237375587  2977
2.682145076373832  2875
2.6830470382388496  3057
2.683947130751512  2930
2.6848453616444123  2949
2.6857417386022635  2942
2.6866362692622934  3040
2.6875289612146345  2992
2.6884198220027105  2975
2.6893088591236203  2986
2.690196080028514  2922
2.6910814921229687  2958
2.69196510276736  2958
2.69284691927723  3016
2.693726948923647  2970
2.694605198933569  3013
2.6954816764901977  3011
2.696356388733332  2922
2.6972293427597176  2988
2.6981005456233897  2999
2.6989700043360187  2965
2.699837725867246  2935
2.7007037171450192  2975
2.7015679850559273  2919
2.7024305364455254  2956
2.7032913781186614  2976
2.7041505168397992  2944
2.705007959333336  3039
2.7058637122839193  2940
2.7067177823367587  2961
2.7075701760979363  2893
2.708420900134713  2972
2.709269960975831  2920
2.7101173651118162  2989
2.710963118995276  3017
2.711807229041191  2964
2.7126497016272113  2917
2.7134905430939424  2880
2.714329759745233  2941
2.7151673578484576  3004
2.716003343634799  2964
2.7168377232995247  3017
2.717670503002262  2930
2.718501688867274  3007
2.7193312869837265  3057
2.720159303405957  2887
2.7209857441537393  2892
2.7218106152125467  2944
2.722633922533812  2963
2.7234556720351857  2972
2.724275869600789  2980
2.725094521081469  2958
2.7259116322950483  3039
2.7267272090265724  2929
2.727541257028556  2901
2.7283537820212285  3024
2.72916478969277  2934
2.7299742856995555  2928
2.7307822756663893  2943
2.7315887651867388  2916
2.7323937598229686  2987
2.7331972651065692  3017
2.733999286538387  2987
2.734799829588847  2988
2.73559889969818  2853
2.7363965022766426  2966
2.7371926427047373  3013
2.737987326333431  3025
2.738780558484369  2915
2.739572344450092  2924
2.7403626894942437  3053
2.741151598851785  2962
2.741939077729199  3029
2.7427251313046983  3014
2.74350976472843  2992
2.7442929831226763  2962
2.7450747915820575  2976
2.745855195173729  2992
2.7466341989375787  2951
2.747411807886423  2963
2.7481880270062002  2966
2.7489628612561616  3000
2.749736315569061  2983
2.7505083948513462  2932
2.751279103983342  2975
2.7520484478194387  2836
2.7528164311882715  3044
2.7535830588929064  2952
2.754348335711019  2972
2.7551122663950713  2910
2.7558748556724915  2977
2.756636108245848  2998
2.7573960287930244  3009
2.75815462196739  2987
2.7589118923979736  3022
2.7596678446896306  2947
2.760422483423212  3054
2.7611758131557314  2990
2.761927838420529  2925
2.762678563727436  2923
2.7634279935629373  3011
2.7641761323903307  2920
2.7649229846498886  2968
2.765668554759014  2972
2.7664128471123997  2948
2.7671558660821804  3013
2.767897616018091  3022
2.7686381012476144  2852
2.7693773260761385  2980
2.7701152947871015  2966
2.7708520116421442  2998
2.7715874808812555  2943
2.77232170672292  3011
2.7730546933642626  2907
2.7737864449811935  2889
2.7745169657285498  2969
2.7752462597402365  2901
2.775974331129369  3053
2.776701183988411  2931
2.7774268223893115  2923
2.7781512503836434  2896
2.7788744720027396  2890
2.7795964912578244  2962
2.780317312140151  2879
2.7810369386211318  2983
2.781755374652469  3039
2.782472624166286  2979
2.7831886910752575  2934
2.783903579272735  2933
2.784617292632875  2958
2.785329835010767  2969
2.786041210242554  2999
2.7867514221455614  2962
2.787460474518415  2947
2.788168371141168  3010
2.788875115775417  2922
2.7895807121644256  2992
2.7902851640332416  2877
2.790988475088816  2878
2.791690649020118  3052
2.792391689498254  2963
2.79309160017658  2867
2.7937903846908188  3044
2.7944880466591697  2934
2.795184589682424  2967
2.7958800173440754  3012
2.7965743332104296  3008
2.7972675408307164  2948
2.797959643737196  2945
2.798650645445269  2934
2.7993405494535817  2985
2.8000293592441343  3017
2.800717078282385  2974
2.801403710017355  2988
2.802089257881733  2909
2.8027737252919755  2901
2.803457115648414  3016
2.8041394323353503  2954
2.8048206787211623  3043
2.8055008581584002  3003
2.806179973983887  2927
2.8068580295188172  2973
2.807535028068853  3008
2.808210972924222  3002
2.808885867359812  2881
2.8095597146352675  2932
2.8102325179950842  2912
2.8109042806687006  2942
2.8115750058705933  2893
2.812244696800369  2930
2.8129133566428557  2930
2.813580988568192  3004
2.81424759573192  2897
2.814913181275074  2927
2.815577748324267  2957
2.816241299991783  3136
2.8169038393756605  2951
2.8175653695597807  2925
2.8182258936139557  2971
2.8188854145940097  2932
2.8195439355418688  2966
2.82020145948564  3003
2.8208579894397  2955
2.821513528404773  3030
2.8221680793680175  2990
2.8228216453031045  2981
2.823474229170301  2948
2.824125833916549  3028
2.824776462475546  2989
2.8254261177678233  2971
2.8260748027008264  3037
2.826722520168992  2948
2.8273692730538253  3066
2.828015064223977  2909
2.82865989653532  3009
2.829303772831025  2907
2.829946695941636  3007
2.8305886686851442  2986
2.8312296938670634  2999
2.8318697742805017  3025
2.832508912706236  2975
2.833147111912785  3039
2.833784374656479  3094
2.8344207036815328  3062
2.835056101720116  3052
2.8356905714924254  3027
2.8363241157067516  2915
2.8369567370595505  2906
2.837588438235511  3032
2.8382192219076257  2957
2.838849090737255  3049
2.8394780473741985  3013
2.840106094456758  2890
2.8407332346118066  2879
2.841359470454855  3068
2.8419848045901137  3078
2.842609239610562  3024
2.8432327780980096  3029
2.843855422623161  3031
2.8444771757456815  2985
2.845098040014257  2968
2.8457180179666586  2942
2.846337112129805  3002
2.846955325019824  2870
2.847572659142112  3042
2.848189116991399  3055
2.8488047010518036  2978
2.8494194137968996  2925
2.850033257689769  2863
2.8506462351830666  2950
2.8512583487190755  2950
2.851869600729766  2994
2.8524799936368566  2977
2.8530895298518657  2873
2.8536982117761744  3032
2.8543060418010806  2932
2.8549130223078554  2993
2.8555191556678  2970
2.8561244442423  2991
2.8567288903828825  2937
2.8573324964312685  2905
2.857935264719429  2920
2.858537197569639  2941
2.859138297294531  3010
2.859738566197147  3060
2.8603380065709936  2907
2.8609366207000937  3006
2.8615344108590377  2926
2.862131379313037  2993
2.8627275283179747  3002
2.863322860120456  2994
2.8639173769578603  2988
2.864511081058392  2951
2.8651039746411278  3005
2.8656960599160706  2972
2.8662873390841948  2966
2.866877814337499  2925
2.8674674878590514  3040
2.8680563618230415  2943
2.8686444383948255  2923
2.8692317197309762  2914
2.869818207979328  2989
2.870403905279027  2958
2.8709888137605755  2904
2.8715729355458786  2973
2.8721562727482928  2875
2.8727388274726686  3062
2.873320601815399  2968
2.8739015978644615  2891
2.8744818176994666  2997
2.8750612633917  3009
2.8756399370041685  2870
2.876217840591642  2977
2.8767949762007006  2964
2.877371345869774  3013
2.8779469516291885  2976
2.8785217955012063  2961
2.8790958795000727  2893
2.8796692056320534  3047
2.88024177589548  3006
2.8808135922807914  2970
2.8813846567705728  2950
2.8819549713396007  2946
2.8825245379548803  3018
2.8830933585756897  2985
2.8836614351536176  2974
2.884228769632604  2837
2.884795363948981  3005
2.885361220031512  2906
2.885926339801431  2889
2.886490725172482  2950
2.8870543780509568  2990
2.887617300335736  2964
2.888179493918325  2920
2.8887409606828927  2979
2.88930170250631  2952
2.8898617212581885  2996
2.890421018800914  2902
2.890979596989689  2859
2.8915374576725643  2954
2.8920946026904804  2953
2.8926510338773004  3008
2.893206753059848  2993
2.8937617620579434  2941
2.8943160626844384  3086
2.8948696567452528  3024
2.895422546039408  3045
2.8959747323590648  3015
2.8965262174895554  3074
2.89707700320942  2976
2.8976270912904414  3035
2.8981764834976764  2912
2.8987251815894934  2887
2.8992731873176036  2942
2.8998205024270964  3002
2.9003671286564705  2913
2.900913067737669  2916
2.9014583213961123  2973
2.9020028913507296  2857
2.902546779313991  2919
2.9030899869919438  2929
2.9036325160842376  2976
2.9041743682841634  3042
2.904715545278681  2915
2.905256048748451  2976
2.9057958803678687  2992
2.906335041805091  2953
2.90687353472207  2966
2.907411360774586  3032
2.9079485216122722  3022
2.90848501887865  2975
2.909020854211156  3050
2.9095560292411755  2991
2.910090545594068  2938
2.910624404889201  2973
2.9111576087399764  2985
2.9116901587538613  2976
2.9122220565324155  3015
2.912753303671323  3009
2.9132839017604186  2939
2.9138138523837167  2918
2.9143431571194407  2960
2.9148718175400505  2893
2.91539983521227  2935
2.9159272116971158  3014
2.916453948549925  2976
2.9169800473203824  2950
2.9175055095525466  2985
2.9180303367848803  2980
2.9185545305502734  2904
2.9190780923760737  2901
2.919601023784111  2906
2.920123326290724  2994
2.9206450014067875  2962
2.921166050637739  2997
2.921686475483602  2960
2.9222062774390163  2986
2.92272545799326  3057
2.9232440186302764  2944
2.9237619608287004  3005
2.9242792860618816  3022
2.924795995797912  2964
2.9253120914996495  2923
2.9258275746247424  2965
2.926342446625655  2996
2.926856708949692  2938
2.9273703630390235  3001
2.9278834103307068  2982
2.9283958522567137  3050
2.928907690243953  2945
2.929418925714293  2998
2.929929560084588  2942
2.9304395947667  3018
2.930949031167523  2966
2.931457870689005  2927
2.931966114728173  2933
2.932473764677153  2971
2.932980821923198  3018
2.9334872878487053  3023
2.9339931638312424  3001
2.934498451243568  2960
2.935003151453655  2938
2.9355072658247128  3073
2.9360107957152097  2918
2.936513742478893  2939
2.9370161074648142  3039
2.937517892017347  3011
2.9380190974762104  3008
2.938519725176492  2968
2.9390197764486663  2949
2.9395192526186187  2999
2.9400181550076634  2950
2.940516484932567  2882
2.9410142437055695  3070
2.941511432634403  2972
2.942008053022313  2979
2.9425041061680806  2940
2.9429995933660407  3036
2.9434945159061026  2979
2.9439888750737717  2913
2.9444826721501687  2949
2.9449759084120477  3014
2.94546858513182  2978
2.9459607035775686  2947
2.946452265013073  3042
2.9469432706978256  3007
2.9474337218870508  3013
2.9479236198317262  3021
2.948412965778601  2951
2.9489017609702137  2958
2.949390006644913  2951
2.949877704036875  2912
2.950364854376123  2947
2.9508514588885464  2917
2.951337518795918  2895
2.951823035315912  2999
2.9523080096621253  3064
2.952792443044092  2944
2.9532763366673045  2968
2.9537596917332287  2950
2.9542425094393248  2878
2.954724790979063  2872
2.9552065375419416  3077
2.9556877503135057  3040
2.9561684304753633  2992
2.9566485792052033  2891
2.957128197676813  2958
2.957607287060095  2969
2.958085848521085  2970
2.9585638832219674  3037
2.9590413923210934  2931
2.9595183769729982  2920
2.959994838328416  2922
2.960470777534299  2935
2.960946195733831  2928
2.9614210940664485  2894
2.9618954736678504  2908
2.962369335670021  3001
2.9628426812012423  2972
2.9633155113861114  2908
2.963787827345555  3006
2.964259630196849  2993
2.9647309210536292  3018
2.965201701025912  2900
2.9656719712201065  3055
2.9661417327390325  2992
2.966610986681934  3040
2.967079734144497  2979
2.967547976218862  3028
2.968015713993642  2991
2.9684829485539352  2949
2.9689496809813427  3049
2.9694159123539814  2917
2.9698816437465  2983
2.9703468762300935  2951
2.9708116108725178  2975
2.971275848738105  2921
2.971739590887778  2966
2.9722028383790646  2932
2.972665592266111  2995
2.9731278535996988  2985
2.973589623427257  2943
2.9740509027928774  2989
2.9745116927373285  2993
2.974971994298069  2938
2.975431808509263  2983
2.975891136401793  2948
2.9763499790032735  2929
2.976808337338066  2932
2.977266212427293  2939
2.9777236052888476  2991
2.978180516937414  2993
2.9786369483844743  2982
2.979092900638326  2973
2.979548374704095  2940
2.9800033715837464  2991
2.9804578922761  2878
2.9809119377768436  2966
2.9813655090785445  2945
2.9818186071706636  2881
2.9822712330395684  3003
2.9827233876685453  2899
2.983175072037813  2998
2.9836262871245345  2923
2.984077033902831  2992
2.9845273133437926  3009
2.9849771264154934  2977
2.9854264740830017  3000
2.9858753573083936  2965
2.986323777050765  2950
2.9867717342662448  2962
2.9872192299080047  2958
2.9876662649262746  2913
2.988112840268352  2987
2.9885589568786157  2979
2.989004615698537  2963
2.9894498176666917  2958
2.989894563718773  3022
2.9903388547876015  2938
2.9907826918031377  2946
2.9912260756924947  2927
2.9916690073799486  2969
2.9921114877869495  2925
2.9925535178321354  2995
2.9929950984313414  2990
2.9934362304976116  2960
2.993876914941211  3058
2.9943171526696366  2978
2.9947569445876283  2930
2.9951962915971793  2953
2.99563519459755  2974
2.9960736544852753  3005
2.9965116721541785  3005
2.996949248495381  2970
2.997386384397313  3018
2.9978230807457256  2861
2.998259338423699  2971
2.998695158311656  3011
2.999130541287371  3019
2.9995654882259823  2901
3.0  2975
3.000434077479319  3009
3.0008677215312267  2912
3.0013009330204183  2942
3.0017337128090005  3089
3.002166061756508  3005
3.0025979807199086  2969
3.003029470553618  2849
3.0034605321095067  2926
3.0038911662369103  2906
3.0043213737826426  2893
3.004751155591001  2893
3.0051805125037805  2953
3.0056094453602804  2905
3.0060379549973173  2931
3.0064660422492318  3027
3.0068937079479006  2892
3.0073209529227447  2970
3.00774777800074  2938
3.0081741840064264  2906
3.0086001717619175  2943
3.0090257420869104  3034
3.009450895798694  2963
3.00987563371216  3015
3.010299956639812  2971
3.010723865391773  2878
3.0111473607757975  2954
3.0115704435972783  2917
3.011993114659257  2945
3.012415374762433  2924
3.012837224705172  3016
3.0132586652835167  2892
3.0136796972911926  2965
3.0141003215196207  3009
3.0145205387579237  3007
3.0149403497929366  2944
3.0153597554092144  3069
3.015778756389041  2930
3.016197353512439  2924
3.016615547557177  2940
3.0170333392987803  2978
3.017450729510536  2961
3.0178677189635055  2971
3.018284308426531  2970
3.0187004986662433  2906
3.019116290447073  2931
3.0195316845312554  2908
3.0199466816788423  3089
3.0203612826477078  2939
3.020775488193558  2874
3.0211892990699383  2986
3.021602716028242  2973
3.02201573981772  2975
3.0224283711854865  2908
3.022840610876528  2981
3.0232524596337114  3055
3.0236639181977933  3047
3.024074987307426  3011
3.024485667699167  3014
3.024895960107485  2994
3.0253058652647704  2972
3.025715383901341  3021
3.0261245167454502  2989
3.0265332645232967  2961
3.0269416279590295  2982
3.0273496077747564  3009
3.0277572046905536  2932
3.0281644194244697  2953
3.0285712526925375  2980
3.028977705208778  2922
3.0293837776852097  2948
3.029789470831856  2964
3.030194785356751  2983
3.030599721965951  3071
3.0310042813635367  3013
3.031408464251624  2970
3.0318122713303706  2958
3.0322157032979815  2986
3.03261876085072  3025
3.0330214446829107  2963
3.03342375548695  2941
3.03382569395331  3042
3.0342272607705505  2960
3.0346284566253203  2940
3.0350292822023683  3070
3.0354297381845483  2953
3.035829825252828  2981
3.0362295440862948  2953
3.036628895362161  2926
3.037027879755775  2939
3.037426497940624  2922
3.037824750588342  3015
3.0382226383687185  3008
3.038620161949703  2936
3.039017321997412  2914
3.0394141191761372  2941
3.0398105541483504  2988
3.0402066275747113  2973
3.040602340114073  2925
3.0409976924234905  2991
3.041392685158225  2995
3.041787318971752  2839
3.042181594515766  2933
3.0425755124401905  2952
3.0429690733931802  2964
3.0433622780211294  3028
3.0437551269686796  2912
3.044147620878723  2958
3.044539760392411  3017
3.04493154614916  2965
3.0453229787866576  2934
3.0457140589408676  3090
3.0461047872460387  2928
3.0464951643347082  3026
3.04688519083771  2957
3.0472748673841794  3030
3.04766419460156  3004
3.048053173115609  2949
3.0484418035504044  2938
3.04883008652835  2968
3.0492180226701815  2891
3.049605612594973  2963
3.0499928569201424  2972
3.050379756261458  2917
3.0507663112330423  3038
3.0511525224473814  2916
3.0515383905153275  2923
3.0519239160461065  3007
3.0523090996473234  2975
3.052693941924968  2989
3.0530784434834195  3049
3.053462604925455  2872
3.0538464268522527  2951
3.0542299098633974  2999
3.0546130545568877  2845
3.0549958615291417  3019
3.055378331375  2988
3.0557604646877348  2920
3.056142262059052  2981
3.0565237240791006  2925
3.0569048513364727  2949
3.0572856444182146  3051
3.0576661039098294  2900
3.0580462303952816  3069
3.058426024457005  2986
3.0588054866759067  2967
3.059184617631371  2941
3.0595634179012676  2902
3.059941888061955  2960
3.060320028688285  2981
3.060697840353612  3083
3.0610753236297916  3008
3.061452479087193  2931
3.061829307294699  2913
3.0622058088197126  2910
3.062581984228163  2888
3.0629578340845103  2932
3.0633333589517497  3008
3.0637085593914173  2927
3.064083435963596  3059
3.0644579892269186  2940
3.064832219738574  2907
3.065206128054312  2990
3.0655797147284485  3002
3.06595298031387  2993
3.0663259253620376  2969
3.0666985504229953  2961
3.0670708560453703  2983
3.0674428427763805  3008
3.0678145111618402  2962
3.0681858617461617  3046
3.068556895072363  2884
3.068927611682072  3049
3.0692980121155293  3026
3.0696680969115957  2994
3.070037866607755  2968
3.0704073217401198  2963
3.0707764628434346  2979
3.0711452904510828  3004
3.071513805095089  2984
3.0718820073061255  3004
3.072249897613515  2971
3.0726174765452368  3061
3.0729847446279304  2888
3.073351702386901  2979
3.0737183503461227  2887
3.074084689028244  2925
3.074450718954591  2899
3.074816440645175  2957
3.0751818546186915  2930
3.0755469613925306  3081
3.0759117614827773  3032
3.076276255404218  3017
3.076640443670342  3007
3.0770043267933502  2987
3.0773679052841563  2993
3.077731179652392  2962
3.0780941504064105  2979
3.0784568180532927  2949
3.0788191830988487  2957
3.0791812460476247  2970
3.079543007402906  2939
3.079904467666721  2980
3.0802656273398448  2899
3.0806264869218056  2925
3.080987046910887  2950
3.0813473078041325  2981
3.081707270097349  2966
3.082066934285113  2914
3.0824263008607717  2875
3.0827853703164503  3001
3.0831441431430524  3056
3.0835026198302673  2964
3.083860800866573  2987
3.0842186867392387  3005
3.084576277934331  3062
3.084933574936716  2999
3.085290578230065  3041
3.0856472882968564  2978
3.0860037056183818  3013
3.0863598306747484  2888
3.0867156639448825  3007
3.0870712059065353  2942
3.0874264570362855  3029
3.087781417809542  2895
3.0881360887005513  2991
3.0884904701823963  2947
3.088844562727004  3016
3.089198366805149  2945
3.089551882886454  2960
3.089905111439398  2938
3.090258052931316  2957
3.090610707828407  2980
3.0909630765957314  2955
3.091315159697223  3069
3.0916669575956846  2928
3.092018470752797  3066
3.0923696996291206  3052
3.0927206446840994  2909
3.0930713063760633  2949
3.093421685162235  2885
3.09377178149873  2975
3.0941215958405612  3041
3.094471128641645  2986
3.0948203803548  2895
3.095169351431755  3044
3.095518042323151  2991
3.0958664534785427  2917
3.0962145853464054  2933
3.0965624383741357  2980
3.0969100130080562  2944
3.09725730969342  3025
3.097604328874411  3009
3.09795107099415  2987
3.0982975364946976  3025
3.098643725817057  2993
3.0989896394011773  2989
3.0993352776859577  2887
3.09968064110925  2956
3.1000257301078626  2966
3.100370545117563  2884
3.1007150865730817  2966
3.1010593549081156  2972
3.101403350555331  2933
3.1017470739463664  3031
3.1020905255118367  2966
3.1024337056813365  2921
3.1027766148834415  3043
3.1031192535457137  2907
3.103461622094705  2905
3.103803720955957  2946
3.104145550554008  3003
3.104487111312395  2983
3.1048284036536553  3048
3.1051694279993316  2996
3.1055101847699738  2908
3.1058506743851435  2984
3.1061908972634154  2958
3.1065308538223815  2901
3.106870544478654  2919
3.1072099696478683  2990
3.1075491297446862  3020
3.1078880251827985  3019
3.1082266563749283  2985
3.1085650237328344  2960
3.1089031276673134  2877
3.109240968588203  2958
3.1095785469043866  2956
3.1099158630237933  2981
3.110252917353403  3079
3.110589710299249  2981
3.1109262422664203  3011
3.1112625136590655  2940
3.111598524880394  3031
3.1119342763326814  2965
3.1122697684172707  2899
3.1126050015345745  2932
3.11293997608408  2864
3.1132746924643504  2983
3.1136091510730277  3012
3.113943352306837  2912
3.1142772965615864  2952
3.114610984232173  2996
3.1149444157125847  3005
3.1152775913959014  3037
3.1156105116742996  2995
3.115943176939055  2953
3.116275587580544  2931
3.1166077439882485  2974
3.116939646550756  2905
3.1172712956557644  2947
3.117602691690084  2940
3.1179338350396413  2954
3.118264726089479  2983
3.118595365223762  2962
3.1189257528257768  2993
3.1192558892779365  3035
3.119585774961784  3041
3.119915410257991  2965
3.1202447955463652  2944
3.12057393120585  2905
3.1209028176145273  2993
3.1212314551496214  3018
3.1215598441875008  3002
3.121887985103681  3068
3.1222158782728267  3089
3.1225435240687545  3034
3.1228709228644354  2966
3.1231980750319988  3006
3.123524980942732  2943
3.123851640967086  3020
3.124178055474675  3048
3.1245042248342823  2962
3.1248301494138593  3056
3.12515582958053  2980
3.125481265700594  3012
3.125806458139527  2979
3.1261314072619846  2975
3.1264561134318045  3035
3.126780577012009  2970
3.1271047983648077  2961
3.127428777851599  2945
3.1277525158329733  3023
3.1280760126687155  2952
3.1283992687178066  3001
3.128722284338427  2918
3.1290450598879582  2972
3.1293675957229854  2981
3.129689892199301  2986
3.1300119496719043  3045
3.130333768495006  3003
3.130655349022031  2874
3.130976691605617  2957
3.131297796597623  2994
3.1316186643491255  2961
3.1319392952104246  2966
3.1322596895310446  2981
3.132579847659737  3029
3.132899769944483  2978
3.1332194567324945  2993
3.1335389083702174  3022
3.133858125203335  3018
3.1341771075767664  2890
3.1344958558346736  3020
3.13481437032046  3070
3.1351326513767748  3004
3.1354506993455136  2948
3.1357685145678222  2956
3.1360860973840974  2912
3.13640344813399  3017
3.1367205671564067  3016
3.1370374547895126  3053
3.137354111370733  2940
3.137670537236755  2931
3.137986732723532  2888
3.1383026981662816  2954
3.1386184338994925  2938
3.1389339402569236  2950
3.139249217571607  2986
3.13956426617585  2950
3.1398790864012365  2989
3.140193678578631  3035
3.1405080430381798  2892
3.1408221801093106  2942
3.141136090120739  2985
3.1414497734004674  3004
3.141763230275788  3025
3.1420764610732848  3003
3.142389466118836  3004
3.1427022457376155  3072
3.143014800254095  2900
3.143327129992046  2968
3.1436392352745433  2960
3.1439511164239633  3061
3.144262773761991  2986
3.144574207609616  2860
3.144885418287142  2880
3.1451964061141817  3027
3.1455071714096627  2922
3.1458177144918276  3024
3.146128035678238  2974
3.1464381352857744  3016
3.14674801363064  3062
3.1470576710283598  2947
3.1473671077937864  2973
3.1476763242410986  2943
3.147985320683805  2923
3.1482940974347455  2996
3.1486026548060932  2834
3.1489109931093564  3009
3.1492191126553797  2993
3.149527013754348  2924
3.149834696715785  3019
3.1501421618485588  2933
3.150449409460881  2902
3.150756439860309  3006
3.15106325335375  2907
3.1513698502474603  2928
3.151676230847048  3030
3.151982395457474  2922
3.1522883443830563  2953
3.15259407792747  3050
3.1528995963937474  3019
3.153204900084284  3075
3.1535099893008374  3004
3.153814864344529  2901
3.154119525515847  2959
3.154423973114647  2957
3.1547282074401557  2894
3.1550322287909704  2923
3.155336037465062  2983
3.1556396337597765  3008
3.1559430179718366  3062
3.1562461903973444  2915
3.1565491513317814  2932
3.156851901070011  3021
3.1571544399062814  2917
3.157456768134226  3081
3.1577588860468637  2955
3.158060793936605  2981
3.1583624920952498  2960
3.1586639808139894  3025
3.15896526038341  2974
3.159266331093494  3001
3.1595671932336202  2971
3.1598678470925665  2913
3.160168292958512  3020
3.1604685311190375  3006
3.1607685618611283  2994
3.1610683854711747  2967
3.161368002234975  3040
3.161667412437736  2947
3.161966616364075  2933
3.1622656142980214  2989
3.162564406523019  2954
3.162862993321926  2973
3.1631613749770184  2977
3.16345955176999  3022
3.163757523981956  2951
3.1640552918934515  3046
3.164352855784437  2990
3.1646502159342966  3048
3.1649473726218416  3007
3.1652443261253107  2916
3.165541076722373  2910
3.1658376246901283  2999
3.166133970305109  2953
3.166430113843283  3066
3.166726055580052  2984
3.1670217957902564  2983
3.167317334748176  3009
3.16761267272753  2865
3.16790781000148  2975
3.168202746842631  2937
3.1684974835230326  2988
3.1687920203141817  2985
3.1690863574870227  2989
3.1693804953119495  2928
3.1696744340588068  2961
3.1699681739968923  2978
3.1702617153949575  2987
3.1705550585212086  2973
3.170848203643309  3013
3.1711411510283822  2999
3.171433900943008  2912
3.171726453653231  2972
3.1720188094245563  2917
3.172310968521954  2998
3.17260293120986  2900
3.1728946977521764  2967
3.173186268412274  2998
3.1734776434529945  3013
3.17376882313665  2986
3.1740598077250253  2994
3.1743505974793798  2912
3.1746411926604483  3048
3.1749315935284423  2880
3.1752218003430523  2964
3.1755118133634475  2952
3.1758016328482794  2994
3.1760912590556813  2990
3.1763806922432702  2989
3.17666993266815  2927
3.176958980586908  3051
3.1772478362556233  3044
3.1775364999298623  2892
3.177824971864682  2958
3.1781132523146316  2916
3.178401341533755  2991
3.17868923977559  2903
3.1789769472931693  3031
3.1792644643390253  2935
3.1795517911651876  2972
3.179838928023187  2929
3.180125875164054  2997
3.180412632838324  2905
3.1806992012960347  2972
3.1809855807867304  2942
3.1812717715594614  2981
3.1815577738627865  2890
3.1818435879447726  2931
3.182129214052998  3068
3.182414652434554  2965
3.1826999033360424  2986
3.182984967003582  2974
3.1832698436828046  3023
3.1835545336188615  2912
3.1838390370564214  2940
3.184123354239671  2928
3.1844074854123203  2951
3.184691430817599  2907
3.184975190698261  2955
3.185258765296585  2998
3.185542154854375  2996
3.185825359612962  2942
3.1861083798132053  2906
3.186391215695493  3011
3.1866738674997452  3010
3.1869563354654122  3078
3.187238619831479  3012
3.187520720836463  2930
3.1878026387184195  2987
3.188084373714938  2944
3.188365926063148  2944
3.188647295999717  3033
3.1889284837608534  2956
3.189209489582306  2943
3.1894903136993675  2969
3.189770956346874  2935
3.190051417759206  2973
3.1903316981702914  3004
3.190611797813605  2931
3.1908917169221698  2894
3.1911714557285586  3069
3.1914510144648953  2994
3.1917303933628562  2933
3.1920095926536702  2927
3.1922886125681202  2981
3.1925674533365456  2933
3.192846115188842  2996
3.1931245983544616  3000
3.1934029030624176  2967
3.1936810295412816  3006
3.193958978019187  2934
3.1942367487238292  2941
3.194514341882467  2961
3.1947917577219247  2993
3.1950689964685903  3018
3.1953460583484197  2870
3.1956229435869368  2930
3.1958996524092336  2911
3.1961761850399735  3030
3.196452541703389  3001
3.196728722623287  2918
3.1970047280230456  3000
3.197280558125619  3040
3.1975562131535367  3012
3.197831693328903  2910
3.1981069988734014  2940
3.1983821300082944  2939
3.1986570869544226  2990
3.198931869932209  3006
3.1992064791616577  2980
3.199480914862356  2912
3.1997551772534747  2932
3.2000292665537704  2929
3.200303182981585  3018
3.2005769267548483  2982
3.2008504980910772  3000
3.2011238972073794  3013
3.2013971243204513  2899
3.2016701796465816  3005
3.20194306340165  3013
3.2022157758011316  2977
3.2024883170600935  2891
3.2027606873931997  3011
3.2030328870147105  2897
3.203304916138483  3040
3.2035767749779724  2929
3.2038484637462346  3030
3.2041199826559246  2961
3.2043913319193  2994
3.204662511748219  2967
3.204933522354145  2908
3.2052043639481447  3016
3.205475036740891  2935
3.205745540942662  2913
3.2060158767633444  2947
3.2062860444124324  3024
3.2065560440990297  2906
3.2068258760318495  2969
3.207095540419218  2934
3.2073650374690716  3007
3.2076343673889616  2955
3.2079035303860515  2958
3.2081725266671217  2942
3.208441356438567  3044
3.208710019906401  2939
3.2089785172762535  3019
3.2092468487533736  2909
3.2095150145426308  2907
3.209783014848515  2991
3.2100508498751372  3060
3.210318519826232  2952
3.2105860249051563  2959
3.210853365314893  2978
3.2111205412580492  2973
3.2113875529368587  2910
3.2116544005531824  2986
3.2119210843085093  2907
3.2121876044039577  2980
3.212453961040276  3024
3.2127201544178425  2985
3.212986184736668  2961
3.2132520521963968  3002
3.2135177569963047  2982
3.2137832993353044  3016
3.2140486794119414  2989
3.2143138974244  2986
3.214578953570499  3067
3.214843848047698  2971
3.215108581053093  3013
3.215373152783422  3027
3.215637563435062  3002
3.215901813204032  2993
3.216165902285993  2984
3.216429830876251  2917
3.2166935991697545  2993
3.216957207361097  2966
3.217220655644519  2947
3.2174839442139063  3010
3.2177470732627937  2976
3.218010042984363  2929
3.2182728535714475  2928
3.218535505216528  3003
3.2187979981117376  3067
3.219060332448861  2941
3.219322508419337  3010
3.2195845262142546  2973
3.219846386024361  2926
3.220108088040055  2955
3.2203696324513946  2899
3.220631019448092  3004
3.2208922492195193  3002
3.2211533219547053  2954
3.2214142378423385  3023
3.2216749970707688  3084
3.2219355998280053  2976
3.22219604630172  2984
3.222456336679247  3015
3.2227164711475833  2955
3.2229764498933915  2970
3.2232362731029975  3038
3.2234959409623944  2933
3.2237554536572413  2986
3.224014811372864  2989
3.2242740142942576  3037
3.2245330626060857  2986
3.2247919564926817  2951
3.225050696138049  2952
3.225309281725863  2994
3.225567713439471  2851
3.2258259914618934  3007
3.226084115975824  3010
3.226342087163631  2932
3.2265999052073573  3073
3.2268575702887237  3040
3.2271150825891253  2953
3.2273724422896364  2964
3.227629649571009  2983
3.2278867046136734  2893
3.2281436075977417  2987
3.228400358703005  3052
3.2286569581089353  2990
3.228913405994688  2929
3.229169702539101  3009
3.229425847920695  2885
3.229681842317676  2957
3.229937685907934  2875
3.230193378869046  3016
3.230448921378274  2956
3.230704313612569  2953
3.230959555748569  2984
3.231214647962601  2940
3.2314695904306814  3002
3.2317243833285163  3041
3.231979026831504  2894
3.2322335211147335  2911
3.232487866352986  2962
3.232742062720737  3028
3.2329961103921536  2953
3.2332500095411003  2995
3.2335037603411343  2949
3.2337573629655103  2933
3.2340108175871793  2930
3.2342641243787895  2876
3.2345172835126865  2971
3.2347702951609163  2942
3.2350231594952237  2963
3.2352758766870524  2896
3.2355284469075487  2919
3.2357808703275603  3072
3.236033147117636  2977
3.2362852774480286  3013
3.236537261488694  3009
3.2367890994092927  2977
3.237040791379191  3037
3.237292337567459  2981
3.2375437381428744  2977
3.2377949932739227  2918
3.2380461031287955  3011
3.238297067875394  3033
3.2385478876813276  2918
3.238798562713917  3059
3.2390490931401916  2941
3.2392994791268923  2941
3.239549720840473  3112
3.2397998184470986  2966
3.2400497721126476  2956
3.2402995820027125  3021
3.2405492482826  3011
3.240798771117331  3030
3.241048150671644  2993
3.2412973871099933  3057
3.2415464805965484  2959
3.241795431295199  3055
3.2420442393695508  2979
3.2422929049829308  2961
3.2425414282983844  3056
3.2427898094786767  2923
3.2430380486862944  2964
3.243286146083446  2998
3.243534101832062  2958
3.243781916093795  3028
3.244029589030022  3052
3.244277120801843  2928
3.244524511570084  2921
3.244771761495295  2939
3.245018870737753  2905
3.245265839457461  2978
3.24551266781415  3037
3.245759355967277  3051
3.246005904076029  2970
3.246252312299322  3039
3.246498580795801  3012
3.2467447097238415  3015
3.24699069924155  3014
3.247236549506764  2990
3.2474822606770544  3033
3.2477278329097232  2969
3.247973266361807  2945
3.248218561190075  2905
3.248463717551032  3049
3.2487087356009177  3004
3.2489536154957075  3004
3.249198357391113  2938
3.249442961442582  3075
3.2496874278053016  3023
3.249931756634195  3019
3.250175948083925  2960
3.250420002308894  2980
3.2506639194632436  2988
3.250907699700856  3042
3.2511513431753545  2949
3.2513948500401044  2944
3.251638220448212  2956
3.2518814545525276  2928
3.252124552505644  2951
3.2523675144598987  2978
3.252610340567373  2888
3.2528530309798933  2926
3.2530955858490316  2901
3.2533380053261065  2903
3.253580289562183  2923
3.2538224387080734  3007
3.254064452914338  3004
3.2543063323312857  2919
3.2545480771089736  2999
3.25478968739721  2964
3.2550311633455515  3023
3.255272505103306  3003
3.2555137128195333  2947
3.255754786643044  2896
3.255995726722402  2946
3.256236533205923  2996
3.256477206241677  3008
3.256717745977487  2971
3.256958152560932  2908
3.2571984261393445  2959
3.257438566859814  2888
3.2576785748691846  2970
3.2579184503140586  2906
3.2581581933407944  3045
3.258397804095509  2920
3.2586372827240764  3004
3.258876629372131  2964
3.2591158441850663  2983
3.2593549273080344  2931
3.2595938788859486  2905
3.2598326990634834  3014
3.2600713879850747  2876
3.26030994579492  2944
3.2605483726369795  3001
3.2607866686549762  3071
3.2610248339923973  2968
3.2612628687924934  2930
3.2615007731982804  2947
3.2617385473525378  2987
3.2619761913978125  2933
3.262213705476417  2904
3.2624510897304293  3072
3.2626883443016963  2989
3.2629254693318317  3003
3.2631624649622166  3061
3.263399331334002  3027
3.263636068588108  3067
3.2638726768652235  2931
3.2641091563058082  2991
3.2643455070500926  2898
3.2645817292380777  2992
3.2648178230095364  2988
3.2650537885040145  2981
3.26528962586083  2941
3.2655253352190736  2964
3.2657609167176105  2910
3.265996370495079  3032
3.266231696689893  2883
3.2664668954402414  3052
3.2667019668840878  2864
3.266936911159173  2954
3.2671717284030137  2959
3.267406418752904  2994
3.2676409823459154  2991
3.2678754193188975  2926
3.2681097298084785  2976
3.268343913951065  2961
3.268577971882843  2972
3.2688119037397803  2957
3.269045709657623  3004
3.2692793897718984  2934
3.2695129442179165  2932
3.269746373130767  3023
3.269979676645324  3046
3.2702128548962426  2937
3.2704459080179626  2974
3.2706788361447066  2994
3.2709116394104814  2947
3.2711443179490782  2932
3.2713768718940743  3024
3.271609301378832  2915
3.271841606536499  3030
3.27207378750001  2919
3.2723058444020863  2963
3.2725377773752373  2972
3.2727695865517594  2998
3.2730012720637376  2944
3.2732328340430454  3009
3.273464272621346  2987
3.273695587930092  2906
3.2739267801005254  2984
3.27415784926368  3071
3.274388795550379  2906
3.274619619091238  2875
3.274850320016665  3039
3.2750808984568587  2973
3.2753113545418118  2851
3.2755416884013098  2929
3.2757719001649312  2998
3.27600198996205  2967
3.2762319579218335  2920
3.2764618041732443  2906
3.27669152884504  3002
3.276921132065774  2900
3.277150613963797  2849
3.2773799746672547  2997
3.2776092143040914  2975
3.2778383330020473  2984
3.2780673308886628  2885
3.2782962080912736  2865
3.2785249647370174  3040
3.278753600952829  2929
3.278982116865443  2945
3.279210512601395  3025
3.2794387882870204  3018
3.2796669440484556  3007
3.279894980011638  2999
3.2801228963023075  3010
3.280350693046006  3002
3.2805783703680764  3029
3.280805928393667  2960
3.2810333672477277  2960
3.281260687055013  2900
3.2814878879400813  3015
3.281714970027296  2957
3.281941933440825  3058
3.2821687783046416  2975
3.2823955047425257  2946
3.2826221128780624  3006
3.282848602834645  2999
3.2830749747354715  2961
3.2833012287035497  3030
3.2835273648616936  2957
3.2837533833325265  2997
3.28397928423848  2970
3.284205067701794  2883
3.2844307338445193  2919
3.2846562827885157  2938
3.284881714655453  2943
3.285107029566812  2824
3.2853322276438846  2957
3.285557309007774  2992
3.285782273779395  3004
3.2860071220794747  3004
3.286231854028553  2873
3.286456469746983  2959
3.28668096935493  3002
3.286905352972375  2971
3.287129620719111  3050
3.2873537727147464  2996
3.2875778090787056  2960
3.287801729930226  3024
3.2880255353883627  2945
3.288249225571986  3027
3.2884728005997825  2977
3.288696260590256  2910
3.2889196056617265  2965
3.289142835932333  2916
3.2893659515200318  2960
3.2895889525425965  2974
3.2898118391176214  2956
3.290034611362518  2965
3.2902572693945182  2999
3.290479813330673  2943
3.2907022432878543  2953
3.2909245593827543  2885
3.2911467617318855  2959
3.291368850451583  2974
3.2915908256580013  3039
3.291812687467119  2883
3.2920344359947364  2886
3.292256071356476  3063
3.292477593667784  3004
3.29269900304393  2994
3.292920299600006  3054
3.2931414834509307  2864
3.2933625547114453  2940
3.2935835134961167  3067
3.2938043599193367  2973
3.2940250940953226  2981
3.2942457161381182  2960
3.294466226161593  2938
3.2946866242794433  2960
3.2949069106051923  2931
3.295127085252191  2928
3.295347148333618  2933
3.295567099962479  3017
3.295786940251609  2885
3.2960066693136723  2988
3.2962262872611605  3044
3.296445794206396  2981
3.296665190261531  2969
3.296884475538547  2959
3.2971036501492565  2968
3.2973227142053028  2974
3.2975416678181597  3018
3.297760511099134  3053
3.2979792441593623  3005
3.298197867109815  2955
3.2984163800612945  2986
3.2986347831244354  3022
3.298853076409707  2928
3.2990712600274095  2978
3.29928933408768  2962
3.2995072987004876  2904
3.2997251539756367  2985
3.299942900022767  3044
3.3001605369513523  3084
3.3003780648707024  2897
3.3005954838899636  3002
3.300812794118117  2971
3.3010299956639813  2933
3.3012470886362113  2951
3.3014640731433  3033
3.3016809492935764  2968
3.301897717195208  2981
3.302114376956201  2973
3.302330928684399  2979
3.3025473724874854  2927
3.3027637084729817  3027
3.3029799367482493  2965
3.303196057420489  2871
3.303412070596742  3014
3.30362797638389  3003
3.3038437748886547  2951
3.3040594662175993  2985
3.3042750504771283  2909
3.3044905277734875  2957
3.3047058982127653  2921
3.3049211619008916  2960
3.305136318943639  2942
3.305351369446624  2872
3.305566313515304  2973
3.3057811512549824  2986
3.3059958827708047  2912
3.3062105081677613  3031
3.3064250275506875  2986
3.3066394410242617  2982
3.3068537486930087  2952
3.3070679506612985  2916
3.307282047033346  3048
3.307496037913213  2952
3.307709923404807  2909
3.307923703611882  2998
3.3081373786380386  3042
3.308350948586726  2927
3.3085644135612386  2998
3.3087777736647213  2937
3.3089910290001643  2974
3.3092041796704077  3046
3.30941722577814  2943
3.3096301674258988  2989
3.3098430047160705  3019
3.3100557377508912  2991
3.3102683666324477  2970
3.3104808914626753  2974
3.3106933123433606  2949
3.3109056293761414  2938
3.311117842662506  2995
3.3113299523037933  2892
3.311541958401195  3008
3.311753861055754  2901
3.3119656603683665  3030
3.3121773564397787  2998
3.312388949370592  3015
3.3126004392612596  3025
3.312811826212088  2866
3.313023110323238  2901
3.313234291694724  2961
3.313445370426414  2939
3.3136563466180315  2998
3.3138672203691533  2973
3.3140779917792127  2977
3.3142886609474975  2881
3.3144992279731516  2989
3.314709692955174  2963
3.31492005599242  2945
3.315130317183602  3042
3.3153404766272883  2902
3.315550534421905  2952
3.3157604906657347  2895
3.315970345456918  2910
3.3161800988934527  3008
3.3163897510731952  2939
3.3165993020938607  3008
3.316808752053022  2945
3.3170181010481117  2923
3.31722734917642  3045
3.317436496535099  2961
3.3176455432211585  3044
3.317854489331469  2922
3.3180633349627615  2998
3.318272080211627  2978
3.3184807251745174  2948
3.318689269947746  2958
3.3188977146274867  2933
3.3191060593097763  2955
3.319314304090512  2976
3.3195224490654542  2971
3.3197304943302246  2983
3.3199384399803087  2957
3.3201462861110542  2932
3.3203540328176717  2968
3.3205616801952367  2933
3.3207692283386865  3063
3.3209766773428235  3006
3.3211840273023143  3006
3.321391278311689  3006
3.3215984304653436  2979
3.3218054838575393  3055
3.3220124385824006  2928
3.322219294733919  2987
3.3224260524059526  3023
3.3226327116922234  2859
3.322839272686321  2935
3.3230457354817013  2904
3.323252100171687  2929
3.3234583668494677  3000
3.3236645356081  2963
3.323870606540509  3066
3.3240765797394864  2956
3.3242824552976926  2924
3.3244882333076564  2990
3.3246939138617746  2921
3.3248994970523134  3010
3.3251049829714074  3000
3.325310371711061  3007
3.325515663363148  2938
3.325720858019412  2978
3.325925955771466  3028
3.3261309567107946  2931
3.326335860928751  2967
3.3265406685165617  3012
3.3267453795653217  3019
3.326949994165999  2995
3.3271545124094315  3020
3.3273589343863303  2900
3.327563260187278  3037
3.327767489902729  2983
3.3279716236230104  2957
3.3281756614383227  2958
3.3283796034387376  3002
3.328583449714202  2947
3.3287872003545345  2894
3.3289908554494287  2931
3.329194415088451  2970
3.329397879361043  3004
3.3296012483565187  3010
3.3298045221640695  2936
3.330007700872759  3041
3.330210784571528  2935
3.330413773349191  3006
3.3306166672944384  2965
3.330819466495837  2995
3.3310221710418286  2964
3.3312247810207323  2975
3.331427296520743  3018
3.3316297176299323  2985
3.331832044436249  2916
3.332034277027518  2929
3.3322364154914434  2951
3.3324384599156054  2931
3.3326404103874627  3013
3.3328422669943514  2977
3.3330440298234874  3002
3.3332456989619628  2970
3.3334472744967503  3004
3.3336487565147013  2931
3.333850145102545  2988
3.334051440346892  3045
3.334252642334231  3020
3.3344537511509307  3018
3.3346547668832414  2983
3.3348556896172914  2885
3.3350565194390915  3039
3.3352572564345317  2940
3.3354579006893843  2946
3.3356584522893016  2998
3.335858911319818  2965
3.336059277866349  2966
3.336259552014193  3048
3.3364597338485296  2999
3.3366598234544202  2934
3.336859820916809  2915
3.3370597263205246  2979
3.3372595397502756  3029
3.337459261290656  3021
3.3376588910261424  2970
3.3378584290410944  2859
3.3380578754197563  3015
3.3382572302462554  3089
3.3384564936046046  2926
3.3386556655787003  3044
3.338854746252323  2941
3.339053735709139  2979
3.3392526340327  2928
3.3394514413064407  2962
3.339650157613684  2958
3.339848783037637  2969
3.340047317661393  3025
3.3402457615679317  2983
3.3404441148401185  2955
3.3406423775607053  2988
3.3408405498123317  2955
3.341038631677523  2937
3.3412366232386925  2998
3.34143452457814  2882
3.3416323357780544  2940
3.3418300569205104  2992
3.3420276880874717  2970
3.3422252293607904  2997
3.342422680822206  2956
3.342620042553348  3002
3.342817314635733  3001
3.343014497150768  2839
3.3432115901797474  2956
3.3434085938038574  2874
3.343605508104172  3008
3.343802333161655  2959
3.3439990690571615  2972
3.344195715871435  3090
3.3443922736851106  3032
3.344588742578714  2986
3.344785122632661  2941
3.344981413927258  2986
3.345177616542704  3112
3.3453737305590883  3021
3.345569756056392  3008
3.345765693114488  3016
3.3459615418131414  3044
3.346157302232008  2948
3.346352974450639  2982
3.346548558548474  3094
3.346744054604849  2920
3.3469394626989906  2979
3.34713478291002  3013
3.3473300153169503  3034
3.3475251599986895  3016
3.347720217034038  2995
3.3479151865016914  2990
3.3481100684802376  2981
3.3483048630481607  2915
3.348499570283838  2883
3.348694190265541  2930
3.348888723071438  2952
3.34908316877959  2971
3.3492775274679554  3027
3.3494717992143856  3032
3.34966598409663  2965
3.3498600821923312  3032
3.3500540935790304  2994
3.3502480183341627  2943
3.350441856535061  2961
3.3506356082589543  2889
3.350829273582968  2935
3.3510228525841237  2885
3.351216345339342  2990
3.351409751925439  2895
3.351603072419129  2956
3.3517963068970236  2923
3.351989455435632  3018
3.3521825181113627  2914
3.35237549500052  2913
3.3525683861793087  2991
3.3527611917238307  2994
3.3529539117100877  2921
3.3531465462139796  2902
3.3533390953113047  2928
3.353531559077762  2919
3.353723937588949  3003
3.353916230920363  2873
3.3541084391474008  2914
3.35430056234536  2885
3.3544926005894364  3002
3.3546845539547285  2999
3.354876422516234  2988
3.3550682063488506  3036
3.3552599055273786  3024
3.3554515201265174  2933
3.355643050220869  2970
3.355834495884936  3008
3.3560258571931225  2965
3.3562171342197353  2929
3.3564083270389813  2916
3.356599435724971  2943
3.356790460351716  2976
3.3569814009931314  2953
3.3571722577230334  3037
3.3573630306151427  2999
3.3575537197430814  2908
3.3577443251803754  3031
3.357934847000454  3017
3.3581252852766488  2981
3.358315640082196  3062
3.3585059114902354  2997
3.3586960995738107  2944
3.358886204405869  2867
3.359076226059263  2996
3.3592661646067485  2986
3.3594560201209864  2956
3.359645792674543  2967
3.359835482339888  3034
3.3600250891893975  3022
3.3602146132953523  2993
3.3604040547299387  2983
3.360593413565249  2913
3.36078268987328  2990
3.3609718837259357  2923
3.361160995195026  3034
3.3613500243522663  3001
3.361538971269279  2939
3.361727836017593  2942
3.3619166186686433  2966
3.362105319293773  2844
3.362293937964231  2923
3.3624824747511743  3005
3.362670929725667  2928
3.36285930295868  2946
3.3630475945210936  2937
3.363235804483694  2980
3.3634239329171765  2940
3.3636119798921444  2907
3.3637999454791094  2934
3.3639878297484915  2971
3.3641756327706194  2956
3.3643633546157306  2937
3.364550995353972  2932
3.3647385550553985  3012
3.364926033789976  3018
3.3651134316275773  2882
3.3653007486379876  2916
3.3654879848909  2988
3.3656751404559175  2995
3.365862215402555  3068
3.3660492098002353  2977
3.366236123718293  3024
3.3664229572259727  2947
3.3666097103924297  2969
3.36679638328673  2930
3.3669829759778507  3026
3.367169488534681  2996
3.367355921026019  2934
3.3675422735205767  3006
3.3677285460869766  2965
3.3679147387937527  3020
3.3681008517093516  3020
3.368286884902131  3014
3.3684728384403617  3031
3.368658712392227  2939
3.3688445068258215  2915
3.3690302218091532  2970
3.369215857410143  2940
3.3694014136966244  2968
3.369586890736344  2979
3.369772288596963  2956
3.369957607346053  2998
3.370142847051102  2988
3.3703280077795106  2949
3.3705130895985924  2930
3.370698092575577  2976
3.370883016777606  2967
3.3710678622717363  3082
3.3712526291249394  2936
3.371437317404101  2968
3.3716219271760215  2895
3.371806458507416  3068
3.371990911464915  2925
3.372175286115064  2975
3.3723595825243238  2937
3.3725438007590705  2894
3.3727279408855955  2984
3.3729120029701067  2985
3.373095987078727  3021
3.373279893277496  2982
3.373463721632369  2872
3.3736474722092176  3021
3.3738311450738303  2918
3.3740147402919116  2953
3.374198257929083  2990
3.374381698050882  3068
3.374565060722765  2941
3.374748346010104  3032
3.3749315539781883  2937
3.375114684692225  2967
3.375297738217339  2955
3.3754807146185724  2995
3.3756636139608855  2952
3.375846436309156  2869
3.3760291817281805  2951
3.376211850282673  2971
3.3763944420372662  2984
3.376576957056512  2864
3.37675939540488  2921
3.3769417571467586  3003
3.377124042346456  2941
3.377306251068199  2961
3.3774883833761327  2923
3.377670439334323  2917
3.3778524190067545  2951
3.3780343224573315  2961
3.378216149749878  3025
3.3783979009481375  3059
3.378579576115775  2973
3.3787611753163733  2932
3.378942698613437  2984
3.379124146070392  2942
3.379305517750582  2964
3.3794868137172736  2952
3.379668034033654  3040
3.37984917876283  3005
3.380030247967831  3004
3.380211241711606  2932
3.3803921600570273  2940
3.3805730030668872  2894
3.3807537708039  2994
3.380934463330702  2932
3.3811150807098507  2915
3.381295623003826  2903
3.38147609027503  2998
3.381656482585787  2992
3.3818367999983434  2922
3.3820170425748683  2953
3.382197210377454  2937
3.3823773034681137  2879
3.3825573219087857  3015
3.3827372657613304  2956
3.382917135087531  2957
3.3830969299490943  2923
3.3832766504076504  2933
3.383456296524753  2991
3.3836358683618797  2942
3.383815365980431  2902
3.383994789441733  3004
3.3841741388070337  2925
3.384353414137506  2948
3.3845326154942486  3075
3.3847117429382823  2971
3.3848907965305544  2959
3.385069776331935  2904
3.38524868240322  2923
3.3854275148051305  2973
3.385606273598312  2969
3.3857849588433355  3035
3.385963570600697  2985
3.3861421089308186  2953
3.386320573894046  3023
3.386498965550653  2979
3.3866772839608377  2967
3.386855529184724  3026
3.387033701282363  2921
3.3872118003137306  3042
3.387389826338729  2963
3.387567779417189  2986
3.3877456596088638  2965
3.3879234669734366  2989
3.3881012015705165  3083
3.388278863459639  3044
3.3884564527002667  2954
3.388633969351789  2957
3.3888114134735234  3013
3.388988785124714  2893
3.3891660843645326  3016
3.389343311252078  2967
3.3895204658463776  2959
3.3896975482063856  2909
3.3898745583909853  2903
3.3900514964589874  2996
3.3902283624691303  2948
3.390405156480081  2904
3.390581878550435  2960
3.390758528738717  2941
3.3909351071033793  2901
3.3911116137028023  2934
3.3912880485952974  3036
3.3914644118391033  2882
3.3916407034923877  2968
3.391816923613249  2987
3.3919930722597127  2877
3.392169149489736  2893
3.392345155361204  3001
3.3925210899319325  2964
3.392696953259666  2940
3.3928727454020793  2938
3.3930484664167784  2953
3.3932241163612975  2910
3.393399695293102  2939
3.3935752032695876  2982
3.39375064034808  3021
3.3939260065858368  2950
3.3941013020400446  3038
3.3942765267678214  3047
3.3944516808262164  3108
3.394626764272209  2879
3.394801777162711  2967
3.394976719554564  2929
3.3951515915045425  2941
3.395326393069351  2975
3.395501124305626  2904
3.395675785269936  2903
3.3958503760187813  3011
3.3960248966085933  2968
3.3961993470957363  3005
3.3963737275365067  2890
3.396548037987132  2995
3.3967222785037734  2953
3.396896449142524  2870
3.397070549959409  2946
3.397244581010386  2985
3.397418542351348  3010
3.3975924340381165  2962
3.39776625612645  3047
3.3979400086720375  2893
3.3981136917305026  2929
3.398287305357401  2909
3.3984608496082234  3002
3.398634324538392  3037
3.3988077302032647  2976
3.398981066658131  2984
3.3991543339582164  3080
3.399327532158679  2960
3.3995006613146104  2974
3.399673721481038  2944
3.3998467127129226  2962
3.4000196350651586  2979
3.400192488592576  3022
3.400365273349939  2933
3.400537989391946  3040
3.400710636773231  2945
3.4008832155483626  2970
3.401055725771844  2919
3.401228167498113  2997
3.401400540781544  3037
3.401572845676446  2948
3.401745082237063  3010
3.4019172505175748  2882
3.402089350572097  2908
3.40226138245468  3002
3.402433346219312  2984
3.4026052419199146  2947
3.402777069610347  2968
3.4029488293444046  3051
3.403120521175818  3033
3.4032921451582543  3068
3.4034637013453173  3026
3.403635189790548  2974
3.4038066105474227  2934
3.403977963669355  2961
3.404149249209695  2962
3.404320467221731  2875
3.404491617758686  2975
3.4046627008737222  3020
3.404833716619938  2987
3.4050046650503694  3038
3.4051755462179893  2928
3.405346360175709  2985
3.4055171069763763  2900
3.4056877866727775  2895
3.4058583993176366  2959
3.406028944963615  2951
3.406199423663313  2962
3.4063698354692673  2954
3.406540180433955  3002
3.40671045860979  3038
3.4068806700491248  3022
3.40705081480425  2981
3.4072208929273966  2940
3.4073909044707316  3046
3.4075608494863627  2920
3.4077307280263356  3001
3.407900540142635  2993
3.4080702858871854  3023
3.4082399653118496  2945
3.40840957846843  2945
3.4085791254086675  2921
3.408748606184244  2970
3.4089180208467798  2976
3.409087369447835  2941
3.4092566520389096  2941
3.4094258686714434  2983
3.4095950193968156  3010
3.4097641042663462  3028
3.4099331233312946  2938
3.4101020766428607  2962
3.4102709642521845  2928
3.4104397862103464  3008
3.410608542568368  2925
3.41077723337721  2959
3.4109458586877746  2918
3.4111144185509046  2876
3.4112829130173843  2995
3.4114513421379375  2964
3.41161970596323  2993
3.411788004543869  2982
3.4119562379304016  2911
3.412124406173317  3021
3.4122925093230463  2978
3.412460547429961  3040
3.4126285205443754  3065
3.4127964287165433  3000
3.4129642719966626  2908
3.413132050434872  2913
3.413299764081252  2961
3.413467412985825  2990
3.413634997198556  2982
3.4138025167693513  2979
3.4139699717480614  3006
3.414137362184477  3062
3.4143046881283317  2940
3.4144719496293026  3000
3.414639146737009  2954
3.4148062795010126  2955
3.4149733479708178  2984
3.4151403521958725  2968
3.4153072922255676  2919
3.4154741681092355  3038
3.4156409798961542  2992
3.4158077276355434  2956
3.415974411376566  2992
3.416141031168329  2991
3.4163075870598827  2982
3.4164740791002206  2982
3.416640507338281  2985
3.4168068718229443  2910
3.4169731726030363  2972
3.4171394097273255  3034
3.4173055832445254  2928
3.417471693203293  2960
3.4176377396522297  2947
3.417803722639881  3004
3.417969642214737  2970
3.418135498425232  2982
3.4183012913197452  2942
3.4184670209466006  2973
3.4186326873540653  2922
3.4187982905903533  2908
3.4189638307036225  2873
3.4191293077419758  2894
3.4192947217534604  2868
3.4194600727860704  2961
3.419625360887743  3024
3.419790586106363  2916
3.419955748489758  2855
3.420120848085703  2987
3.4202858849419178  2933
3.4204508591060683  2974
3.420615770625765  2954
3.4207806195485655  2953
3.420945405921972  2999
3.4211101297934343  2900
3.4212747912103465  2965
3.4214393902200495  2898
3.4216039268698313  2939
3.421768401206924  2821
3.4219328132785085  2900
3.4220971631317103  2932
3.4222614508136027  2992
3.4224256763712044  2913
3.422589839851482  2902
3.422753941301348  2908
3.422917980767662  2920
3.423081958297231  2860
3.423245873936808  2810
3.4234097277330933  2897
3.4235735197327357  2906
3.423737249982329  2917
3.4239009185284166  2896
3.4240645254174877  2903
3.42422807069598  2797
3.4243915544102776  2791
3.4245549766067134  2818
3.424718337331567  2804
3.424881636631067  2931
3.425044874551389  2881
3.4252080511386565  2898
3.425371166438941  2761
3.4255342204982635  2805
3.425697213362591  2754
3.4258601450778405  2743
3.4260230156898763  2842
3.426185825244511  2832
3.4263485737875077  2820
3.4265112613645754  2718
3.426673888021373  2837
3.426836453803508  2735
3.426998958756537  2757
3.4271614029259654  2722
3.427323786357247  2705
3.4274861090957853  2657
3.4276483711869328  2647
3.42781057267599  2681
3.427972713608209  2670
3.428134794028789  2654
3.4282968139828798  2655
3.42845877351558  2586
3.428620672671939  2619
3.4287825114969546  2570
3.428944290035574  2631
3.4291060083326967  2518
3.4292676664331685  2562
3.429429264381788  2498
3.4295908022233017  2537
3.429752280002408  2463
3.4299136977637543  2465
3.430075055551939  2385
3.4302363534115106  2417
3.4303975913869666  2411
3.4305587695227575  2369
3.4307198878632823  2316
3.4308809464528913  2222
3.4310419453358856  2262
3.431202884556517  2259
3.4313637641589874  2193
3.431524584187451  2256
3.4316853446860116  2179
3.4318460456987254  2214
3.4320066872695985  2091
3.4321672694425884  2120
3.4323277922616042  2050
3.4324882557705063  2109
3.4326486600131068  2026
3.4328090050331683  2009
3.432969290874406  1964
3.4331295175804857  1955
3.433289685195026  1847
3.433449793761596  1887
3.433609843323718  1881
3.433769833924866  1871
3.433929765608464  1745
3.4340896384178907  1794
3.4342494523964757  1732
3.4344092075875  1742
3.4345689040341987  1641
3.4347285417797577  1627
3.434888120867316  1526
3.4350476413399647  1593
3.4352071032407476  1516
3.4353665066126613  1512
3.435525851498655  1426
3.43568513794163  1450
3.4358443659844413  1440
3.4360035356698964  1393
3.436162647040756  1334
3.4363217001397333  1304
3.436480695009495  1311
3.436639631692661  1327
3.4367985102318035  1239
3.4369573306694496  1237
3.4371160930480786  1136
3.4372747974101237  1157
3.437433443797971  1106
3.4375920322539613  1085
3.437750562820388  1061
3.4379090355394983  1032
3.438067450453494  1019
3.4382258076045296  942
3.438384107034714  927
3.4385423487861106  902
3.4387005329007363  868
3.438858659420562  861
3.4390167283875126  875
3.4391747398434687  770
3.439332693830263  759
3.4394905903896835  738
3.4396484295634737  725
3.4398062113933303  668
3.439963935920905  638
3.4401216031878037  616
3.440279213235588  581
3.4404367661057735  600
3.440594261839831  562
3.4407517004791854  535
3.4409090820652177  506
3.4410664066392633  485
3.4412236742426123  478
3.4413808849165113  456
3.441538038702161  449
3.441695135640717  422
3.441852175773292  419
3.442009159140952  380
3.44216608578472  348
3.4423229557455746  340
3.4424797690644486  324
3.442636525782232  308
3.442793225939769  321
3.4429498695778618  287
3.443106456737266  266
3.443262987458695  266
3.4434194617828173  253
3.4435758797502576  250
3.4437322414015967  232
3.443888546777372  211
3.444044795918076  218
3.4442009888641594  199
3.4443571256560275  188
3.444513206334043  177
3.4446692309385245  165
3.4448251995097476  171
3.4449811120879446  155
3.445136968713304  141
3.4452927694259716  149
3.44544851426605  128
3.4456042032735974  120
3.445759836488631  128
3.4459154139511234  105
3.446070935701005  105
3.446226401778163  100
3.446381812222442  100
3.446537167073644  86
3.4466924663715273  83
3.446847710155809  70
3.4470028984661623  62
3.4471580313422194  65
3.4473131088235682  65
3.4474681309497557  64
3.447623097760286  57
3.447778009294621  50
3.4479328655921804  50
3.448087666692341  53
3.448242412634439  50
3.4483971034577676  38
3.448551739201578  43
3.44870631990508  37
3.4488608456074408  32
3.4490153163477864  28
3.449169732165201  22
3.449324093098727  23
3.449478399187365  18
3.4496326504700745  23
3.4497868469857735  16
3.4499409887733377  17
3.4500950758716025  18
3.450249108319361  15
3.450403086155366  16
3.450557009418329  12
3.450710878146919  10
3.450864692379766  11
3.4510184521554574  9
3.45117215751254  9
3.4513258084895195  6
3.4514794051248616  6
3.4516329474569907  7
3.45178643552429  6
3.451939869365103  5
3.4520932490177314  5
3.452246574520437  5
3.4523998459114416  4
3.452553063228925  3
3.452706226511029  2
3.452859335795852  2
3.4530123911214554  3
3.4531653925258574  2
3.4533183400470375  3
3.453471233722936  1
3.4536240735914507  1
3.4539295920577286  1
3.45408227073109  1
3.4542348957482654  1
