0.3010299956639812  1223
0.47712125471966244  1241
0.6020599913279624  1190
0.6989700043360189  1210
0.7781512503836436  1179
0.8450980400142568  1183
0.9030899869919435  1200
0.9542425094393249  1208
1.0  1167
1.0413926851582251  1176
1.0791812460476249  1161
1.1139433523068367  1181
1.146128035678238  1190
1.1760912590556813  1160
1.2041199826559248  1178
1.2304489213782739  1171
1.255272505103306  1194
1.2787536009528289  1170
1.3010299956639813  1177
1.3222192947339193  1158
1.3424226808222062  1171
1.3617278360175928  1170
1.380211241711606  1172
1.3979400086720377  1203
1.414973347970818  1206
1.4313637641589874  1178
1.4471580313422192  1177
1.462397997898956  1188
1.4771212547196624  1159
1.4913616938342726  1195
1.505149978319906  1203
1.5185139398778875  1172
1.5314789170422551  1156
1.5440680443502757  1208
1.5563025007672873  1200
1.568201724066995  1184
1.5797835966168101  1178
1.591064607026499  1176
1.6020599913279623  1181
1.6127838567197355  1199
1.6232492903979006  1189
1.6334684555795864  1165
1.6434526764861874  1202
1.6532125137753437  1186
1.662757831681574  1181
1.6720978579357175  1164
1.6812412373755872  1202
1.6901960800285136  1198
1.6989700043360187  1193
1.7075701760979363  1164
1.7160033436347992  1156
1.724275869600789  1179
1.7323937598229686  1162
1.7403626894942439  1219
1.7481880270062005  1155
1.7558748556724915  1175
1.7634279935629373  1173
1.7708520116421442  1194
1.7781512503836436  1170
1.7853298350107671  1195
1.792391689498254  1178
1.7993405494535817  1188
1.806179973983887  1213
1.8129133566428555  1178
1.8195439355418688  1171
1.8260748027008264  1197
1.8325089127062364  1217
1.8388490907372552  1174
1.845098040014257  1175
1.8512583487190752  1139
1.8573324964312685  1196
1.863322860120456  1173
1.8692317197309762  1192
1.8750612633917  1184
1.8808135922807914  1203
1.8864907251724818  1163
1.8920946026904804  1184
1.8976270912904414  1149
1.9030899869919435  1176
1.9084850188786497  1172
1.9138138523837167  1175
1.919078092376074  1184
1.9242792860618816  1234
1.9294189257142926  1179
1.9344984512435677  1171
1.9395192526186185  1163
1.9444826721501687  1223
1.9493900066449128  1157
1.954242509439325  1174
1.9590413923210936  1206
1.9637878273455553  1174
1.968482948553935  1172
1.9731278535996986  1159
1.9777236052888478  1172
1.9822712330395684  1178
1.9867717342662448  1181
1.9912260756924949  1174
1.99563519459755  1171
2.0  1202
2.0043213737826426  1197
2.0086001717619175  1174
2.012837224705172  1152
2.0170333392987803  1169
2.0211892990699383  1180
2.0253058652647704  1183
2.0293837776852097  1189
2.03342375548695  1186
2.037426497940624  1171
2.041392685158225  1156
2.0453229787866576  1165
2.0492180226701815  1190
2.0530784434834195  1168
2.0569048513364727  1177
2.060697840353612  1197
2.0644579892269186  1168
2.0681858617461617  1155
2.0718820073061255  1162
2.0755469613925306  1205
2.0791812460476247  1155
2.0827853703164503  1179
2.0863598306747484  1168
2.089905111439398  1163
2.093421685162235  1199
2.0969100130080562  1171
2.100370545117563  1218
2.103803720955957  1181
2.1072099696478683  1181
2.110589710299249  1181
2.113943352306837  1207
2.1172712956557644  1181
2.12057393120585  1175
2.123851640967086  1164
2.1271047983648077  1170
2.130333768495006  1196
2.1335389083702174  1205
2.1367205671564067  1177
2.1398790864012365  1159
2.143014800254095  1169
2.146128035678238  1181
2.1492191126553797  1177
2.1522883443830563  1208
2.155336037465062  1204
2.1583624920952498  1167
2.161368002234975  1202
2.164352855784437  1185
2.167317334748176  1187
2.1702617153949575  1201
2.173186268412274  1159
2.1760912590556813  1164
2.1789769472931693  1195
2.1818435879447726  1167
2.184691430817599  1176
2.187520720836463  1155
2.1903316981702914  1169
2.1931245983544616  1189
2.1958996524092336  1166
2.1986570869544226  1162
2.2013971243204513  1124
2.2041199826559246  1184
2.2068258760318495  1167
2.2095150145426308  1182
2.2121876044039577  1177
2.214843848047698  1194
2.2174839442139063  1191
2.220108088040055  1198
2.2227164711475833  1175
2.225309281725863  1166
2.2278867046136734  1179
2.230448921378274  1187
2.2329961103921536  1198
2.2355284469075487  1208
2.2380461031287955  1215
2.2405492482826  1188
2.2430380486862944  1151
2.24551266781415  1198
2.247973266361807  1169
2.250420002308894  1181
2.2528530309798933  1181
2.255272505103306  1196
2.2576785748691846  1181
2.2600713879850747  1189
2.2624510897304293  1182
2.2648178230095364  1192
2.2671717284030137  1175
2.2695129442179165  1166
2.271841606536499  1175
2.27415784926368  1204
2.2764618041732443  1163
2.278753600952829  1158
2.2810333672477277  1184
2.2833012287035497  1186
2.285557309007774  1197
2.287801729930226  1174
2.290034611362518  1168
2.292256071356476  1196
2.294466226161593  1170
2.296665190261531  1183
2.298853076409707  1179
2.3010299956639813  1175
2.303196057420489  1191
2.305351369446624  1193
2.307496037913213  1178
2.3096301674258988  1171
2.311753861055754  1169
2.3138672203691533  1173
2.315970345456918  1174
2.3180633349627615  1193
2.3201462861110542  1159
2.322219294733919  1187
2.3242824552976926  1165
2.326335860928751  1182
2.3283796034387376  1177
2.330413773349191  1182
2.3324384599156054  1215
2.3344537511509307  1204
2.3364597338485296  1184
2.3384564936046046  1201
2.3404441148401185  1152
2.342422680822206  1192
2.3443922736851106  1188
2.346352974450639  1181
2.3483048630481607  1188
2.3502480183341627  1180
2.3521825181113627  1179
2.3541084391474008  1183
2.3560258571931225  1184
2.357934847000454  1176
2.359835482339888  1170
2.361727836017593  1180
2.3636119798921444  1162
2.3654879848909  1193
2.367355921026019  1171
2.369215857410143  1187
2.3710678622717363  1194
2.3729120029701067  1173
2.374748346010104  1185
2.376576957056512  1207
2.3783979009481375  1164
2.380211241711606  1192
2.3820170425748683  1150
2.383815365980431  1170
2.385606273598312  1172
2.387389826338729  1190
2.3891660843645326  1170
2.3909351071033793  1218
2.392696953259666  1171
2.3944516808262164  1207
2.3961993470957363  1199
2.3979400086720375  1185
2.399673721481038  1164
2.401400540781544  1183
2.403120521175818  1188
2.404833716619938  1203
2.406540180433955  1165
2.4082399653118496  1169
2.4099331233312946  1183
2.41161970596323  1187
2.413299764081252  1184
2.4149733479708178  1190
2.416640507338281  1206
2.4183012913197452  1169
2.419955748489758  1189
2.4216039268698313  1187
2.423245873936808  1163
2.424881636631067  1192
2.4265112613645754  1202
2.428134794028789  1187
2.429752280002408  1182
2.4313637641589874  1170
2.432969290874406  1176
2.4345689040341987  1197
2.436162647040756  1179
2.437750562820388  1194
2.439332693830263  1184
2.4409090820652177  1198
2.4424797690644486  1170
2.444044795918076  1209
2.4456042032735974  1178
2.4471580313422194  1194
2.44870631990508  1219
2.450249108319361  1179
2.45178643552429  1198
2.4533183400470375  1197
2.45484486000851  1196
2.456366033129043  1216
2.4578818967339924  1196
2.459392487759231  1175
2.4608978427565478  1179
2.462397997898956  1163
2.4638929889859074  1179
2.4653828514484184  1161
2.4668676203541096  1183
2.4683473304121573  1192
2.469822015978163  1189
2.4712917110589387  1197
2.4727564493172123  1153
2.4742162640762553  1174
2.4756711883244296  1180
2.4771212547196626  1189
2.4785664955938436  1171
2.4800069429571505  1160
2.481442628502305  1157
2.482873583608754  1187
2.484299839346786  1185
2.48572142648158  1170
2.4871383754771865  1175
2.4885507165004443  1163
2.4899584794248346  1197
2.4913616938342726  1196
2.4927603890268375  1173
2.494154594018443  1155
2.4955443375464483  1166
2.496929648073215  1185
2.4983105537896004  1185
2.499687082618404  1173
2.5010592622177517  1156
2.5024271199844326  1178
2.503790683057181  1170
2.505149978319906  1167
2.506505032404872  1182
2.507855871695831  1162
2.509202522331103  1172
2.510545010206612  1177
2.5118833609788744  1195
2.513217600067939  1188
2.514547752660286  1193
2.515873843711679  1174
2.5171958979499744  1177
2.5185139398778875  1168
2.519827993775719  1194
2.5211380837040362  1188
2.5224442335063197  1188
2.5237464668115646  1173
2.525044807036845  1153
2.526339277389844  1211
2.5276299008713385  1194
2.5289167002776547  1165
2.530199698203082  1179
2.531478917042255  1172
2.5327543789924976  1211
2.534026106056135  1192
2.5352941200427703  1168
2.53655844257153  1191
2.537819095073274  1185
2.5390760987927767  1177
2.5403294747908736  1176
2.5415792439465807  1161
2.5428254269591797  1185
2.5440680443502757  1167
2.545307116465824  1192
2.546542663478131  1180
2.5477747053878224  1178
2.5490032620257876  1194
2.550228353055094  1191
2.5514499979728753  1157
2.552668216112193  1183
2.5538830266438746  1182
2.5550944485783194  1188
2.5563025007672873  1172
2.5575072019056577  1194
2.558708570533166  1169
2.5599066250361124  1186
2.561101383649056  1166
2.5622928644564746  1186
2.5634810853944106  1183
2.5646660642520893  1197
2.5658478186735176  1208
2.56702636615906  1177
2.568201724066995  1170
2.569373909615046  1182
2.5705429398818973  1181
2.571708831808688  1179
2.5728716022004803  1187
2.574031267727719  1220
2.575187844927661  1165
2.576341350205793  1165
2.5774917998372255  1191
2.578639209968072  1152
2.57978359661681  1198
2.5809249756756194  1197
2.582063362911709  1179
2.583198773968623  1184
2.584331224367531  1189
2.5854607295085006  1197
2.586587304671755  1168
2.5877109650189114  1178
2.5888317255942073  1172
2.5899496013257077  1170
2.591064607026499  1176
2.5921767573958667  1178
2.593286067020457  1173
2.5943925503754266  1174
2.595496221825574  1190
2.59659709562646  1199
2.597695185925512  1175
2.598790506763115  1183
2.5998830720736876  1221
2.6009728956867484  1157
2.6020599913279625  1181
2.603144372620182  1184
2.60422605308447  1176
2.6053050461411096  1170
2.606381365110605  1195
2.6074550232146687  1190
2.6085260335771943  1169
2.60959440922522  1196
2.61066016308988  1183
2.611723308007342  1166
2.6127838567197355  1185
2.6138418218760693  1196
2.6148972160331345  1187
2.615950051656401  1178
2.617000341120899  1187
2.6180480967120925  1196
2.6190933306267428  1171
2.6201360549737576  1183
2.621176281775035  1174
2.622214022966295  1185
2.6232492903979003  1202
2.6242820958356683  1175
2.625312450961674  1186
2.6263403673750423  1226
2.6273658565927325  1190
2.6283889300503116  1176
2.629409599102719  1192
2.630427875025024  1174
2.6314437690131722  1187
2.6324572921847245  1194
2.6334684555795866  1201
2.6344772701607315  1144
2.635483746814912  1170
2.6364878963533656  1156
2.637489729512511  1163
2.6384892569546374  1158
2.639486489268586  1192
2.640481436970422  1162
2.6414741105040997  1168
2.6424645202421213  1188
2.6434526764861874  1162
2.6444385894678386  1181
2.645422269349092  1190
2.6464037262230695  1194
2.6473829701146196  1184
2.6483600109809315  1168
2.649334858712142  1198
2.6503075231319366  1170
2.651278013998144  1198
2.6522463410033232  1180
2.6532125137753435  1194
2.6541765418779604  1174
2.655138434811382  1178
2.656098202012832  1191
2.6570558528571038  1188
2.6580113966571126  1181
2.658964842664435  1202
2.6599162000698504  1189
2.660865478003869  1173
2.661812685537261  1207
2.662757831681574  1163
2.663700925389648  1158
2.6646419755561257  1176
2.6655809910179533  1186
2.6665179805548807  1160
2.667452952889954  1191
2.66838591669  1166
2.6693168805661123  1171
2.670245853074124  1157
2.6711728427150834  1171
2.6720978579357175  1164
2.673020907128896  1176
2.673941998634088  1245
2.6748611407378116  1201
2.6757783416740852  1168
2.6766936096248664  1170
2.677606952720493  1192
2.678518379040114  1137
2.6794278966121188  1152
2.680335513414563  1196
2.681241237375587  1199
2.682145076373832  1155
2.6830470382388496  1160
2.683947130751512  1168
2.6848453616444123  1191
2.6857417386022635  1162
2.6866362692622934  1169
2.6875289612146345  1186
2.6884198220027105  1183
2.6893088591236203  1203
2.690196080028514  1218
2.6910814921229687  1184
2.69196510276736  1163
2.69284691927723  1177
2.693726948923647  1210
2.694605198933569  1173
2.6954816764901977  1163
2.696356388733332  1176
2.6972293427597176  1190
2.6981005456233897  1164
2.6989700043360187  1167
2.699837725867246  1171
2.7007037171450192  1167
2.7015679850559273  1185
2.7024305364455254  1189
2.7032913781186614  1164
2.7041505168397992  1201
2.705007959333336  1178
2.7058637122839193  1163
2.7067177823367587  1183
2.7075701760979363  1188
2.708420900134713  1163
2.709269960975831  1196
2.7101173651118162  1185
2.710963118995276  1178
2.711807229041191  1192
2.7126497016272113  1186
2.7134905430939424  1186
2.714329759745233  1162
2.7151673578484576  1177
2.716003343634799  1185
2.7168377232995247  1183
2.717670503002262  1186
2.718501688867274  1174
2.7193312869837265  1168
2.720159303405957  1176
2.7209857441537393  1163
2.7218106152125467  1198
2.722633922533812  1144
2.7234556720351857  1175
2.724275869600789  1178
2.725094521081469  1190
2.7259116322950483  1190
2.7267272090265724  1176
2.727541257028556  1192
2.7283537820212285  1164
2.72916478969277  1167
2.7299742856995555  1192
2.7307822756663893  1212
2.7315887651867388  1164
2.7323937598229686  1191
2.7331972651065692  1185
2.733999286538387  1195
2.734799829588847  1179
2.73559889969818  1198
2.7363965022766426  1172
2.7371926427047373  1185
2.737987326333431  1176
2.738780558484369  1148
2.739572344450092  1158
2.7403626894942437  1195
2.741151598851785  1182
2.741939077729199  1168
2.7427251313046983  1189
2.74350976472843  1181
2.7442929831226763  1186
2.7450747915820575  1187
2.745855195173729  1218
2.7466341989375787  1167
2.747411807886423  1163
2.7481880270062002  1176
2.7489628612561616  1193
2.749736315569061  1153
2.7505083948513462  1173
2.751279103983342  1140
2.7520484478194387  1196
2.7528164311882715  1166
2.7535830588929064  1172
2.754348335711019  1193
2.7551122663950713  1149
2.7558748556724915  1176
2.756636108245848  1165
2.7573960287930244  1184
2.75815462196739  1208
2.7589118923979736  1201
2.7596678446896306  1180
2.760422483423212  1150
2.7611758131557314  1197
2.761927838420529  1172
2.762678563727436  1169
2.7634279935629373  1178
2.7641761323903307  1188
2.7649229846498886  1176
2.765668554759014  1206
2.7664128471123997  1169
2.7671558660821804  1169
2.767897616018091  1181
2.7686381012476144  1185
2.7693773260761385  1186
2.7701152947871015  1163
2.7708520116421442  1171
2.7715874808812555  1165
2.77232170672292  1184
2.7730546933642626  1214
2.7737864449811935  1179
2.7745169657285498  1200
2.7752462597402365  1145
2.775974331129369  1186
2.776701183988411  1183
2.7774268223893115  1200
2.7781512503836434  1195
2.7788744720027396  1180
2.7795964912578244  1158
2.780317312140151  1193
2.7810369386211318  1189
2.781755374652469  1217
2.782472624166286  1182
2.7831886910752575  1162
2.783903579272735  1199
2.784617292632875  1189
2.785329835010767  1172
2.786041210242554  1176
2.7867514221455614  1192
2.787460474518415  1202
2.788168371141168  1180
2.788875115775417  1186
2.7895807121644256  1192
2.7902851640332416  1196
2.790988475088816  1172
2.791690649020118  1175
2.792391689498254  1171
2.79309160017658  1190
2.7937903846908188  1208
2.7944880466591697  1200
2.795184589682424  1182
2.7958800173440754  1195
2.7965743332104296  1156
2.7972675408307164  1173
2.797959643737196  1176
2.798650645445269  1140
2.7993405494535817  1158
2.8000293592441343  1156
2.800717078282385  1159
2.801403710017355  1168
2.802089257881733  1149
2.8027737252919755  1162
2.803457115648414  1145
2.8041394323353503  1142
2.8048206787211623  1133
2.8055008581584002  1129
2.806179973983887  1145
2.8068580295188172  1103
2.807535028068853  1122
2.808210972924222  1094
2.808885867359812  1113
2.8095597146352675  1064
2.8102325179950842  1101
2.8109042806687006  1099
2.8115750058705933  1063
2.812244696800369  1095
2.8129133566428557  1025
2.813580988568192  1050
2.81424759573192  1036
2.814913181275074  1036
2.815577748324267  1027
2.816241299991783  1003
2.8169038393756605  993
2.8175653695597807  1005
2.8182258936139557  997
2.8188854145940097  944
2.8195439355418688  944
2.82020145948564  905
2.8208579894397  896
2.821513528404773  877
2.8221680793680175  879
2.8228216453031045  859
2.823474229170301  845
2.824125833916549  792
2.824776462475546  790
2.8254261177678233  776
2.8260748027008264  757
2.826722520168992  723
2.8273692730538253  727
2.828015064223977  674
2.82865989653532  671
2.829303772831025  655
2.829946695941636  609
2.8305886686851442  598
2.8312296938670634  561
2.8318697742805017  548
2.832508912706236  540
2.833147111912785  518
2.833784374656479  505
2.8344207036815328  461
2.835056101720116  440
2.8356905714924254  401
2.8363241157067516  369
2.8369567370595505  361
2.837588438235511  348
2.8382192219076257  321
2.838849090737255  325
2.8394780473741985  285
2.840106094456758  279
2.8407332346118066  257
2.841359470454855  228
2.8419848045901137  223
2.842609239610562  211
2.8432327780980096  207
2.843855422623161  187
2.8444771757456815  162
2.845098040014257  156
2.8457180179666586  144
2.846337112129805  140
2.846955325019824  134
2.847572659142112  120
2.848189116991399  118
2.8488047010518036  105
2.8494194137968996  99
2.850033257689769  92
2.8506462351830666  87
2.8512583487190755  84
2.851869600729766  82
2.8524799936368566  72
2.8530895298518657  58
2.8536982117761744  54
2.8543060418010806  41
2.8549130223078554  39
2.8555191556678  43
2.8561244442423  37
2.8567288903828825  28
2.8573324964312685  30
2.857935264719429  23
2.858537197569639  21
2.859138297294531  20
2.859738566197147  15
2.8603380065709936  15
2.8609366207000937  12
2.8615344108590377  12
2.862131379313037  10
2.8627275283179747  9
2.863322860120456  6
2.8639173769578603  6
2.864511081058392  7
2.8651039746411278  5
2.8656960599160706  5
2.8662873390841948  5
2.866877814337499  5
2.8674674878590514  3
2.8680563618230415  2
2.8686444383948255  2
2.8692317197309762  2
2.869818207979328  1
2.870403905279027  1
2.8709888137605755  1
2.8715729355458786  1
2.8721562727482928  1
2.8727388274726686  1
2.873320601815399  1
2.8739015978644615  1
