0.3010299956639812  8328
0.47712125471966244  8408
0.6020599913279624  8593
0.6989700043360189  8922
0.7781512503836436  8907
0.8450980400142568  8553
0.9030899869919435  8878
0.9542425094393249  8853
1.0  8087
1.0413926851582251  8537
1.0791812460476249  8694
1.1139433523068367  8348
1.146128035678238  8883
1.1760912590556813  8503
1.2041199826559248  8745
1.2304489213782739  8734
1.255272505103306  8771
1.2787536009528289  8562
1.3010299956639813  9166
1.3222192947339193  8571
1.3424226808222062  8905
1.3617278360175928  8630
1.380211241711606  8651
1.3979400086720377  8738
1.414973347970818  9160
1.4313637641589874  8004
1.4471580313422192  8822
1.462397997898956  8601
1.4771212547196624  8112
1.4913616938342726  8949
1.505149978319906  8347
1.5185139398778875  8242
1.5314789170422551  7683
1.5440680443502757  7579
1.5563025007672873  6957
1.568201724066995  6665
1.5797835966168101  6351
1.591064607026499  6263
1.6020599913279623  6064
1.6127838567197355  5624
1.6232492903979006  5802
1.6334684555795864  5849
1.6434526764861874  5464
1.6532125137753437  5658
1.662757831681574  5584
1.6720978579357175  5670
1.6812412373755872  5264
1.6901960800285136  5513
1.6989700043360187  5646
1.7075701760979363  5468
1.7160033436347992  5506
1.724275869600789  5666
1.7323937598229686  5560
1.7403626894942439  5464
1.7481880270062005  5566
1.7558748556724915  5367
1.7634279935629373  5461
1.7708520116421442  5505
1.7781512503836436  5870
1.7853298350107671  5643
1.792391689498254  5235
1.7993405494535817  5442
1.806179973983887  5612
1.8129133566428555  5700
1.8195439355418688  5256
1.8260748027008264  5194
1.8325089127062364  5539
1.8388490907372552  5305
1.845098040014257  5388
1.8512583487190752  5428
1.8573324964312685  5519
1.863322860120456  5517
1.8692317197309762  5352
1.8750612633917  5957
1.8808135922807914  5412
1.8864907251724818  5678
1.8920946026904804  5296
1.8976270912904414  5605
1.9030899869919435  5333
1.9084850188786497  5409
1.9138138523837167  5316
1.919078092376074  5326
1.9242792860618816  5813
1.9294189257142926  5309
1.9344984512435677  5930
1.9395192526186185  5350
1.9444826721501687  5456
1.9493900066449128  5454
1.954242509439325  5922
1.9590413923210936  5657
1.9637878273455553  5504
1.968482948553935  5337
1.9731278535996986  5940
1.9777236052888478  5514
1.9822712330395684  5469
1.9867717342662448  5625
1.9912260756924949  5294
1.99563519459755  5433
2.0  5558
2.0043213737826426  5581
2.0086001717619175  5353
2.012837224705172  5872
2.0170333392987803  5545
2.0211892990699383  5307
2.0253058652647704  5921
2.0293837776852097  5301
2.03342375548695  5494
2.037426497940624  5758
2.041392685158225  5363
2.0453229787866576  5910
2.0492180226701815  5424
2.0530784434834195  5381
2.0569048513364727  5577
2.060697840353612  5242
2.0644579892269186  5881
2.0681858617461617  5602
2.0718820073061255  5685
2.0755469613925306  5504
2.0791812460476247  5785
2.0827853703164503  5453
2.0863598306747484  5407
2.089905111439398  5602
2.093421685162235  5539
2.0969100130080562  5203
2.100370545117563  5927
2.103803720955957  5534
2.1072099696478683  5506
2.110589710299249  5633
2.113943352306837  5328
2.1172712956557644  5877
2.12057393120585  5881
2.123851640967086  5293
2.1271047983648077  5822
2.130333768495006  5477
2.1335389083702174  5728
2.1367205671564067  5103
2.1398790864012365  5530
2.143014800254095  5783
2.146128035678238  5396
2.1492191126553797  5576
2.1522883443830563  5608
2.155336037465062  5583
2.1583624920952498  5431
2.161368002234975  5659
2.164352855784437  5416
2.167317334748176  5578
2.1702617153949575  5847
2.173186268412274  5350
2.1760912590556813  5601
2.1789769472931693  5403
2.1818435879447726  5590
2.184691430817599  5632
2.187520720836463  5365
2.1903316981702914  5366
2.1931245983544616  5639
2.1958996524092336  5390
2.1986570869544226  5246
2.2013971243204513  5531
2.2041199826559246  5612
2.2068258760318495  5441
2.2095150145426308  5925
2.2121876044039577  5461
2.214843848047698  5555
2.2174839442139063  5551
2.220108088040055  5549
2.2227164711475833  5384
2.225309281725863  5568
2.2278867046136734  5583
2.230448921378274  5568
2.2329961103921536  5550
2.2355284469075487  5683
2.2380461031287955  5431
2.2405492482826  5545
2.2430380486862944  5491
2.24551266781415  5367
2.247973266361807  5486
2.250420002308894  5738
2.2528530309798933  5296
2.255272505103306  6089
2.2576785748691846  5463
2.2600713879850747  5323
2.2624510897304293  5701
2.2648178230095364  5789
2.2671717284030137  5722
2.2695129442179165  5347
2.271841606536499  5442
2.27415784926368  5690
2.2764618041732443  5527
2.278753600952829  5301
2.2810333672477277  5410
2.2833012287035497  5587
2.285557309007774  5667
2.287801729930226  5598
2.290034611362518  5623
2.292256071356476  5630
2.294466226161593  5566
2.296665190261531  5698
2.298853076409707  5597
2.3010299956639813  5483
2.303196057420489  5576
2.305351369446624  5696
2.307496037913213  5330
2.3096301674258988  5580
2.311753861055754  5610
2.3138672203691533  5189
2.315970345456918  5327
2.3180633349627615  5184
2.3201462861110542  5104
2.322219294733919  5686
2.3242824552976926  5477
2.326335860928751  5525
2.3283796034387376  5312
2.330413773349191  5917
2.3324384599156054  5568
2.3344537511509307  5166
2.3364597338485296  5217
2.3384564936046046  5235
2.3404441148401185  5705
2.342422680822206  5761
2.3443922736851106  5317
2.346352974450639  5612
2.3483048630481607  5426
2.3502480183341627  5375
2.3521825181113627  5820
2.3541084391474008  5547
2.3560258571931225  5668
2.357934847000454  5324
2.359835482339888  5413
2.361727836017593  5363
2.3636119798921444  5170
2.3654879848909  5325
2.367355921026019  5427
2.369215857410143  5524
2.3710678622717363  5750
2.3729120029701067  5613
2.374748346010104  5871
2.376576957056512  5370
2.3783979009481375  5417
2.380211241711606  5537
2.3820170425748683  5361
2.383815365980431  5752
2.385606273598312  5414
2.387389826338729  5566
2.3891660843645326  5773
2.3909351071033793  5692
2.392696953259666  5404
2.3944516808262164  5598
2.3961993470957363  5561
2.3979400086720375  5503
2.399673721481038  5705
2.401400540781544  5486
2.403120521175818  5914
2.404833716619938  5407
2.406540180433955  5494
2.4082399653118496  5132
2.4099331233312946  5214
2.41161970596323  5782
2.413299764081252  5105
2.4149733479708178  5159
2.416640507338281  5685
2.4183012913197452  5322
2.419955748489758  5329
2.4216039268698313  5487
2.423245873936808  5382
2.424881636631067  5786
2.4265112613645754  5385
2.428134794028789  5777
2.429752280002408  5383
2.4313637641589874  5794
2.432969290874406  5355
2.4345689040341987  5335
2.436162647040756  5529
2.437750562820388  5571
2.439332693830263  5614
2.4409090820652177  5467
2.4424797690644486  5521
2.444044795918076  5496
2.4456042032735974  5558
2.4471580313422194  5764
2.44870631990508  5760
2.450249108319361  5626
2.45178643552429  5729
2.4533183400470375  5609
2.45484486000851  5538
2.456366033129043  5850
2.4578818967339924  5549
2.459392487759231  5720
2.4608978427565478  5640
2.462397997898956  5649
2.4638929889859074  5806
2.4653828514484184  5619
2.4668676203541096  5602
2.4683473304121573  5493
2.469822015978163  5431
2.4712917110589387  5382
2.4727564493172123  5510
2.4742162640762553  5288
2.4756711883244296  5556
2.4771212547196626  5580
2.4785664955938436  5329
2.4800069429571505  5524
2.481442628502305  5551
2.482873583608754  5788
2.484299839346786  5459
2.48572142648158  5507
2.4871383754771865  5840
2.4885507165004443  5403
2.4899584794248346  5799
2.4913616938342726  5575
2.4927603890268375  5326
2.494154594018443  5700
2.4955443375464483  5284
2.496929648073215  5706
2.4983105537896004  5736
2.499687082618404  5632
2.5010592622177517  5267
2.5024271199844326  5558
2.503790683057181  5486
2.505149978319906  5423
2.506505032404872  5418
2.507855871695831  5717
2.509202522331103  5741
2.510545010206612  5597
2.5118833609788744  5466
2.513217600067939  5271
2.514547752660286  5602
2.515873843711679  5343
2.5171958979499744  5342
2.5185139398778875  5778
2.519827993775719  5569
2.5211380837040362  5306
2.5224442335063197  5389
2.5237464668115646  5646
2.525044807036845  5440
2.526339277389844  5737
2.5276299008713385  5687
2.5289167002776547  5345
2.530199698203082  5604
2.531478917042255  5288
2.5327543789924976  5489
2.534026106056135  5769
2.5352941200427703  5487
2.53655844257153  5886
2.537819095073274  5474
2.5390760987927767  5458
2.5403294747908736  5659
2.5415792439465807  5519
2.5428254269591797  5637
2.5440680443502757  5498
2.545307116465824  5171
2.546542663478131  5611
2.5477747053878224  5480
2.5490032620257876  5568
2.550228353055094  5479
2.5514499979728753  5516
2.552668216112193  5411
2.5538830266438746  5446
2.5550944485783194  5471
2.5563025007672873  5466
2.5575072019056577  5521
2.558708570533166  5420
2.5599066250361124  5605
2.561101383649056  5841
2.5622928644564746  5388
2.5634810853944106  5678
2.5646660642520893  5278
2.5658478186735176  5340
2.56702636615906  5360
2.568201724066995  5732
2.569373909615046  5393
2.5705429398818973  5535
2.571708831808688  5372
2.5728716022004803  5523
2.574031267727719  5624
2.575187844927661  5602
2.576341350205793  5363
2.5774917998372255  5938
2.578639209968072  5646
2.57978359661681  5942
2.5809249756756194  5348
2.582063362911709  5670
2.583198773968623  5507
2.584331224367531  5537
2.5854607295085006  5169
2.586587304671755  5539
2.5877109650189114  5224
2.5888317255942073  5590
2.5899496013257077  5619
2.591064607026499  5502
2.5921767573958667  5122
2.593286067020457  5611
2.5943925503754266  5444
2.595496221825574  5615
2.59659709562646  5786
2.597695185925512  5526
2.598790506763115  5439
2.5998830720736876  5441
2.6009728956867484  5653
2.6020599913279625  5536
2.603144372620182  5456
2.60422605308447  5625
2.6053050461411096  5562
2.606381365110605  5579
2.6074550232146687  5176
2.6085260335771943  5649
2.60959440922522  5746
2.61066016308988  5499
2.611723308007342  5587
2.6127838567197355  5713
2.6138418218760693  5277
2.6148972160331345  5538
2.615950051656401  5653
2.617000341120899  5650
2.6180480967120925  5551
2.6190933306267428  5341
2.6201360549737576  5600
2.621176281775035  5566
2.622214022966295  5714
2.6232492903979003  5385
2.6242820958356683  5464
2.625312450961674  5498
2.6263403673750423  5541
2.6273658565927325  5495
2.6283889300503116  5827
2.629409599102719  5435
2.630427875025024  5526
2.6314437690131722  5811
2.6324572921847245  5450
2.6334684555795866  5399
2.6344772701607315  5543
2.635483746814912  5405
2.6364878963533656  5442
2.637489729512511  5595
2.6384892569546374  5633
2.639486489268586  6057
2.640481436970422  5594
2.6414741105040997  5903
2.6424645202421213  5645
2.6434526764861874  5537
2.6444385894678386  5457
2.645422269349092  5290
2.6464037262230695  5316
2.6473829701146196  5464
2.6483600109809315  5650
2.649334858712142  5165
2.6503075231319366  5581
2.651278013998144  5481
2.6522463410033232  5633
2.6532125137753435  5546
2.6541765418779604  5850
2.655138434811382  5845
2.656098202012832  5538
2.6570558528571038  5358
2.6580113966571126  5511
2.658964842664435  5494
2.6599162000698504  5513
2.660865478003869  5643
2.661812685537261  5684
2.662757831681574  5483
2.663700925389648  5603
2.6646419755561257  5619
2.6655809910179533  5420
2.6665179805548807  5557
2.667452952889954  5217
2.66838591669  5422
2.6693168805661123  5344
2.670245853074124  5773
2.6711728427150834  5555
2.6720978579357175  5482
2.673020907128896  5422
2.673941998634088  5108
2.6748611407378116  5364
2.6757783416740852  5371
2.6766936096248664  5847
2.677606952720493  5545
2.678518379040114  5390
2.6794278966121188  5568
2.680335513414563  5379
2.681241237375587  5903
2.682145076373832  5358
2.6830470382388496  5635
2.683947130751512  5519
2.6848453616444123  5666
2.6857417386022635  5909
2.6866362692622934  5787
2.6875289612146345  5243
2.6884198220027105  5629
2.6893088591236203  5644
2.690196080028514  5215
2.6910814921229687  5391
2.69196510276736  5342
2.69284691927723  5832
2.693726948923647  5494
2.694605198933569  5800
2.6954816764901977  5394
2.696356388733332  5474
2.6972293427597176  6086
2.6981005456233897  5492
2.6989700043360187  5447
2.699837725867246  5692
2.7007037171450192  5733
2.7015679850559273  5114
2.7024305364455254  5638
2.7032913781186614  5431
2.7041505168397992  5539
2.705007959333336  5534
2.7058637122839193  5665
2.7067177823367587  5487
2.7075701760979363  5799
2.708420900134713  5812
2.709269960975831  5374
2.7101173651118162  5443
2.710963118995276  5705
2.711807229041191  5879
2.7126497016272113  5525
2.7134905430939424  5750
2.714329759745233  5425
2.7151673578484576  5464
2.716003343634799  5823
2.7168377232995247  5577
2.717670503002262  5489
2.718501688867274  5498
2.7193312869837265  5470
2.720159303405957  5640
2.7209857441537393  5436
2.7218106152125467  5710
2.722633922533812  5676
2.7234556720351857  5571
2.724275869600789  5504
2.725094521081469  5341
2.7259116322950483  5344
2.7267272090265724  5764
2.727541257028556  5970
2.7283537820212285  5290
2.72916478969277  5173
2.7299742856995555  5268
2.7307822756663893  5422
2.7315887651867388  5295
2.7323937598229686  5692
2.7331972651065692  5569
2.733999286538387  5422
2.734799829588847  5611
2.73559889969818  5190
2.7363965022766426  5461
2.7371926427047373  5787
2.737987326333431  5337
2.738780558484369  5451
2.739572344450092  5522
2.7403626894942437  5674
2.741151598851785  5562
2.741939077729199  5530
2.7427251313046983  5401
2.74350976472843  5498
2.7442929831226763  5332
2.7450747915820575  5398
2.745855195173729  5728
2.7466341989375787  5310
2.747411807886423  5577
2.7481880270062002  5335
2.7489628612561616  5380
2.749736315569061  5633
2.7505083948513462  5529
2.751279103983342  5454
2.7520484478194387  5773
2.7528164311882715  5616
2.7535830588929064  5533
2.754348335711019  5419
2.7551122663950713  5424
2.7558748556724915  5478
2.756636108245848  5790
2.7573960287930244  5511
2.75815462196739  5287
2.7589118923979736  5984
2.7596678446896306  5490
2.760422483423212  5619
2.7611758131557314  5666
2.761927838420529  5442
2.762678563727436  5726
2.7634279935629373  5462
2.7641761323903307  5908
2.7649229846498886  5459
2.765668554759014  5790
2.7664128471123997  5368
2.7671558660821804  5666
2.767897616018091  5509
2.7686381012476144  5376
2.7693773260761385  5865
2.7701152947871015  5557
2.7708520116421442  5404
2.7715874808812555  5468
2.77232170672292  5284
2.7730546933642626  5231
2.7737864449811935  5816
2.7745169657285498  5607
2.7752462597402365  5672
2.775974331129369  5461
2.776701183988411  5599
2.7774268223893115  5934
2.7781512503836434  5396
2.7788744720027396  5575
2.7795964912578244  5411
2.780317312140151  5561
2.7810369386211318  5438
2.781755374652469  5626
2.782472624166286  5449
2.7831886910752575  5607
2.783903579272735  5536
2.784617292632875  5311
2.785329835010767  5630
2.786041210242554  5431
2.7867514221455614  5731
2.787460474518415  5425
2.788168371141168  5327
2.788875115775417  5381
2.7895807121644256  5423
2.7902851640332416  6053
2.790988475088816  5688
2.791690649020118  5265
2.792391689498254  5747
2.79309160017658  5436
2.7937903846908188  5352
2.7944880466591697  5382
2.795184589682424  5365
2.7958800173440754  5603
2.7965743332104296  5636
2.7972675408307164  5262
2.797959643737196  5604
2.798650645445269  5106
2.7993405494535817  5341
2.8000293592441343  5593
2.800717078282385  6004
2.801403710017355  5516
2.802089257881733  5490
2.8027737252919755  5383
2.803457115648414  5655
2.8041394323353503  5548
2.8048206787211623  5190
2.8055008581584002  5567
2.806179973983887  5643
2.8068580295188172  5254
2.807535028068853  5644
2.808210972924222  5641
2.808885867359812  5686
2.8095597146352675  5465
2.8102325179950842  5657
2.8109042806687006  5440
2.8115750058705933  5436
2.812244696800369  5816
2.8129133566428557  5422
2.813580988568192  5742
2.81424759573192  5391
2.814913181275074  5358
2.815577748324267  5307
2.816241299991783  5552
2.8169038393756605  5731
2.8175653695597807  5772
2.8182258936139557  5655
2.8188854145940097  5547
2.8195439355418688  5399
2.82020145948564  5587
2.8208579894397  5445
2.821513528404773  6173
2.8221680793680175  5220
2.8228216453031045  5634
2.823474229170301  5291
2.824125833916549  5623
2.824776462475546  5618
2.8254261177678233  5472
2.8260748027008264  5693
2.826722520168992  5473
2.8273692730538253  5408
2.828015064223977  5690
2.82865989653532  5679
2.829303772831025  5292
2.829946695941636  5601
2.8305886686851442  5634
2.8312296938670634  5537
2.8318697742805017  5794
2.832508912706236  5752
2.833147111912785  5432
2.833784374656479  5390
2.8344207036815328  5865
2.835056101720116  5383
2.8356905714924254  5492
2.8363241157067516  5037
2.8369567370595505  5838
2.837588438235511  5269
2.8382192219076257  5452
2.838849090737255  5509
2.8394780473741985  5386
2.840106094456758  5278
2.8407332346118066  5073
2.841359470454855  5302
2.8419848045901137  5706
2.842609239610562  5301
2.8432327780980096  5446
2.843855422623161  5389
2.8444771757456815  5410
2.845098040014257  5478
2.8457180179666586  5711
2.846337112129805  5546
2.846955325019824  5328
2.847572659142112  5652
2.848189116991399  5420
2.8488047010518036  5726
2.8494194137968996  5689
2.850033257689769  5580
2.8506462351830666  5450
2.8512583487190755  5277
2.851869600729766  5583
2.8524799936368566  5422
2.8530895298518657  5633
2.8536982117761744  5651
2.8543060418010806  5456
2.8549130223078554  5430
2.8555191556678  5722
2.8561244442423  5434
2.8567288903828825  5224
2.8573324964312685  5748
2.857935264719429  5486
2.858537197569639  5958
2.859138297294531  5826
2.859738566197147  5444
2.8603380065709936  5391
2.8609366207000937  5416
2.8615344108590377  5605
2.862131379313037  5753
2.8627275283179747  5355
2.863322860120456  5715
2.8639173769578603  5336
2.864511081058392  5601
2.8651039746411278  5572
2.8656960599160706  5358
2.8662873390841948  5262
2.866877814337499  5730
2.8674674878590514  5450
2.8680563618230415  5550
2.8686444383948255  5522
2.8692317197309762  5446
2.869818207979328  5945
2.870403905279027  5768
2.8709888137605755  5334
2.8715729355458786  5815
2.8721562727482928  5435
2.8727388274726686  5597
2.873320601815399  5322
2.8739015978644615  5467
2.8744818176994666  5621
2.8750612633917  5140
2.8756399370041685  5649
2.876217840591642  5219
2.8767949762007006  5711
2.877371345869774  5433
2.8779469516291885  5742
2.8785217955012063  5702
2.8790958795000727  5530
2.8796692056320534  5654
2.88024177589548  5578
2.8808135922807914  5410
2.8813846567705728  4983
2.8819549713396007  5998
2.8825245379548803  5262
2.8830933585756897  5776
2.8836614351536176  5521
2.884228769632604  5712
2.884795363948981  5530
2.885361220031512  5589
2.885926339801431  5665
2.886490725172482  5554
2.8870543780509568  5614
2.887617300335736  5277
2.888179493918325  5392
2.8887409606828927  5326
2.88930170250631  5386
2.8898617212581885  5688
2.890421018800914  5595
2.890979596989689  5600
2.8915374576725643  5147
2.8920946026904804  5279
2.8926510338773004  5449
2.893206753059848  5754
2.8937617620579434  5505
2.8943160626844384  5350
2.8948696567452528  5205
2.895422546039408  5407
2.8959747323590648  5669
2.8965262174895554  5382
2.89707700320942  5640
2.8976270912904414  5488
2.8981764834976764  5310
2.8987251815894934  5616
2.8992731873176036  5575
2.8998205024270964  5182
2.9003671286564705  5674
2.900913067737669  5905
2.9014583213961123  5449
2.9020028913507296  5457
2.902546779313991  5699
2.9030899869919438  5436
2.9036325160842376  5364
2.9041743682841634  5464
2.904715545278681  5533
2.905256048748451  5822
2.9057958803678687  5761
2.906335041805091  5539
2.90687353472207  5616
2.907411360774586  5686
2.9079485216122722  5368
2.90848501887865  5407
2.909020854211156  5917
2.9095560292411755  5390
2.910090545594068  5517
2.910624404889201  5671
2.9111576087399764  5625
2.9116901587538613  5691
2.9122220565324155  5347
2.912753303671323  5545
2.9132839017604186  5495
2.9138138523837167  5726
2.9143431571194407  5537
2.9148718175400505  5701
2.91539983521227  5377
2.9159272116971158  4940
2.916453948549925  5462
2.9169800473203824  5461
2.9175055095525466  5477
2.9180303367848803  5368
2.9185545305502734  5576
2.9190780923760737  5488
2.919601023784111  5897
2.920123326290724  5540
2.9206450014067875  5657
2.921166050637739  5482
2.921686475483602  5705
2.9222062774390163  5438
2.92272545799326  5206
2.9232440186302764  5764
2.9237619608287004  5747
2.9242792860618816  5767
2.924795995797912  5498
2.9253120914996495  5638
2.9258275746247424  5750
2.926342446625655  5292
2.926856708949692  5490
2.9273703630390235  5495
2.9278834103307068  5527
2.9283958522567137  5409
2.928907690243953  6171
2.929418925714293  5393
2.929929560084588  5674
2.9304395947667  5532
2.930949031167523  5599
2.931457870689005  5429
2.931966114728173  5965
2.932473764677153  5395
2.932980821923198  5456
2.9334872878487053  5456
2.9339931638312424  5575
2.934498451243568  5582
2.935003151453655  5868
2.9355072658247128  5615
2.9360107957152097  5645
2.936513742478893  5327
2.9370161074648142  5664
2.937517892017347  5760
2.9380190974762104  5554
2.938519725176492  5285
2.9390197764486663  5568
2.9395192526186187  5438
2.9400181550076634  5259
2.940516484932567  5566
2.9410142437055695  5153
2.941511432634403  5270
2.942008053022313  5580
2.9425041061680806  5273
2.9429995933660407  5498
2.9434945159061026  5392
2.9439888750737717  5495
2.9444826721501687  5397
2.9449759084120477  5746
2.94546858513182  5525
2.9459607035775686  5584
2.946452265013073  5588
2.9469432706978256  5571
2.9474337218870508  5569
2.9479236198317262  5646
2.948412965778601  5746
2.9489017609702137  5579
2.949390006644913  5499
2.949877704036875  5639
2.950364854376123  5633
2.9508514588885464  5348
2.951337518795918  5346
2.951823035315912  5648
2.9523080096621253  5757
2.952792443044092  5609
2.9532763366673045  5970
2.9537596917332287  5617
2.9542425094393248  5733
2.954724790979063  5677
2.9552065375419416  5430
2.9556877503135057  5541
2.9561684304753633  5385
2.9566485792052033  5497
2.957128197676813  5274
2.957607287060095  5378
2.958085848521085  5321
2.9585638832219674  5113
2.9590413923210934  5354
2.9595183769729982  5623
2.959994838328416  6030
2.960470777534299  5227
2.960946195733831  5815
2.9614210940664485  5666
2.9618954736678504  5668
2.962369335670021  5559
2.9628426812012423  5645
2.9633155113861114  5668
2.963787827345555  5623
2.964259630196849  5217
2.9647309210536292  5476
2.965201701025912  5463
2.9656719712201065  5411
2.9661417327390325  5463
2.966610986681934  5497
2.967079734144497  5530
2.967547976218862  5490
2.968015713993642  5783
2.9684829485539352  5440
2.9689496809813427  5127
2.9694159123539814  5868
2.9698816437465  5571
2.9703468762300935  5628
2.9708116108725178  5674
2.971275848738105  5585
2.971739590887778  5288
2.9722028383790646  5683
2.972665592266111  5516
2.9731278535996988  5461
2.973589623427257  5265
2.9740509027928774  5663
2.9745116927373285  5371
2.974971994298069  5153
2.975431808509263  6040
2.975891136401793  5246
2.9763499790032735  5380
2.976808337338066  5451
2.977266212427293  5376
2.9777236052888476  5219
2.978180516937414  5525
2.9786369483844743  5179
2.979092900638326  5525
2.979548374704095  5489
2.9800033715837464  5847
2.9804578922761  5797
2.9809119377768436  5654
2.9813655090785445  5300
2.9818186071706636  5400
2.9822712330395684  5319
2.9827233876685453  5350
2.983175072037813  5352
2.9836262871245345  5244
2.984077033902831  5297
2.9845273133437926  5380
2.9849771264154934  5637
2.9854264740830017  5647
2.9858753573083936  5302
2.986323777050765  5537
2.9867717342662448  5689
2.9872192299080047  5611
2.9876662649262746  5270
2.988112840268352  5722
2.9885589568786157  5808
2.989004615698537  5569
2.9894498176666917  5249
2.989894563718773  5332
2.9903388547876015  5718
2.9907826918031377  5273
2.9912260756924947  5418
2.9916690073799486  5763
2.9921114877869495  5396
2.9925535178321354  5748
2.9929950984313414  5687
2.9934362304976116  5346
2.993876914941211  5410
2.9943171526696366  5536
2.9947569445876283  5620
2.9951962915971793  5515
2.99563519459755  5283
2.9960736544852753  5136
2.9965116721541785  5744
2.996949248495381  5566
2.997386384397313  5617
2.9978230807457256  5547
2.998259338423699  5428
2.998695158311656  5353
2.999130541287371  5531
2.9995654882259823  5671
3.0  5671
3.000434077479319  5409
3.0008677215312267  5604
3.0013009330204183  5270
3.0017337128090005  5571
3.002166061756508  5543
3.0025979807199086  5715
3.003029470553618  5946
3.0034605321095067  5681
3.0038911662369103  5480
3.0043213737826426  5863
3.004751155591001  5189
3.0051805125037805  5720
3.0056094453602804  5634
3.0060379549973173  5829
3.0064660422492318  5706
3.0068937079479006  5557
3.0073209529227447  5542
3.00774777800074  5550
3.0081741840064264  5501
3.0086001717619175  5518
3.0090257420869104  5741
3.009450895798694  5685
3.00987563371216  5487
3.010299956639812  5806
3.010723865391773  5215
3.0111473607757975  5580
3.0115704435972783  5361
3.011993114659257  5378
3.012415374762433  5475
3.012837224705172  5220
3.0132586652835167  5495
3.0136796972911926  5508
3.0141003215196207  5614
3.0145205387579237  5971
3.0149403497929366  5664
3.0153597554092144  5638
3.015778756389041  5411
3.016197353512439  5437
3.016615547557177  6015
3.0170333392987803  5586
3.017450729510536  5605
3.0178677189635055  5550
3.018284308426531  5867
3.0187004986662433  5910
3.019116290447073  5540
3.0195316845312554  5475
3.0199466816788423  5433
3.0203612826477078  5357
3.020775488193558  5904
3.0211892990699383  5409
3.021602716028242  5673
3.02201573981772  5478
3.0224283711854865  5275
3.022840610876528  5658
3.0232524596337114  5712
3.0236639181977933  5679
3.024074987307426  5295
3.024485667699167  5451
3.024895960107485  5679
3.0253058652647704  5528
3.025715383901341  5166
3.0261245167454502  5424
3.0265332645232967  5659
3.0269416279590295  5561
3.0273496077747564  5783
3.0277572046905536  5722
3.0281644194244697  5686
3.0285712526925375  5157
3.028977705208778  5596
3.0293837776852097  5546
3.029789470831856  5770
3.030194785356751  5363
3.030599721965951  5135
3.0310042813635367  5376
3.031408464251624  5695
3.0318122713303706  5385
3.0322157032979815  5488
3.03261876085072  5634
3.0330214446829107  5190
3.03342375548695  5780
3.03382569395331  5760
3.0342272607705505  5635
3.0346284566253203  5338
3.0350292822023683  5297
3.0354297381845483  5597
3.035829825252828  5416
3.0362295440862948  5680
3.036628895362161  5585
3.037027879755775  5584
3.037426497940624  5465
3.037824750588342  5387
3.0382226383687185  5162
3.038620161949703  5975
3.039017321997412  5419
3.0394141191761372  5772
3.0398105541483504  6040
3.0402066275747113  5373
3.040602340114073  5507
3.0409976924234905  5848
3.041392685158225  5612
3.041787318971752  5447
3.042181594515766  5339
3.0425755124401905  5675
3.0429690733931802  5782
3.0433622780211294  5828
3.0437551269686796  5697
3.044147620878723  5729
3.044539760392411  5455
3.04493154614916  5549
3.0453229787866576  5934
3.0457140589408676  5427
3.0461047872460387  5285
3.0464951643347082  5751
3.04688519083771  5815
3.0472748673841794  5463
3.04766419460156  5457
3.048053173115609  5644
3.0484418035504044  5761
3.04883008652835  5463
3.0492180226701815  5353
3.049605612594973  5680
3.0499928569201424  5320
3.050379756261458  5771
3.0507663112330423  5857
3.0511525224473814  5561
3.0515383905153275  5408
3.0519239160461065  6088
3.0523090996473234  5168
3.052693941924968  5289
3.0530784434834195  5703
3.053462604925455  5244
3.0538464268522527  5720
3.0542299098633974  5427
3.0546130545568877  5486
3.0549958615291417  5256
3.055378331375  5472
3.0557604646877348  5443
3.056142262059052  5846
3.0565237240791006  5569
3.0569048513364727  5491
3.0572856444182146  5642
3.0576661039098294  5502
3.0580462303952816  5569
3.058426024457005  5480
3.0588054866759067  5324
3.059184617631371  5610
3.0595634179012676  5221
3.059941888061955  5577
3.060320028688285  5286
3.060697840353612  5561
3.0610753236297916  5510
3.061452479087193  5282
3.061829307294699  5568
3.0622058088197126  5628
3.062581984228163  5789
3.0629578340845103  5867
3.0633333589517497  5433
3.0637085593914173  5237
3.064083435963596  5829
3.0644579892269186  5538
3.064832219738574  5334
3.065206128054312  5536
3.0655797147284485  5455
3.06595298031387  5851
3.0663259253620376  5565
3.0666985504229953  5327
3.0670708560453703  5752
3.0674428427763805  5590
3.0678145111618402  5415
3.0681858617461617  5731
3.068556895072363  5454
3.068927611682072  5681
3.0692980121155293  5637
3.0696680969115957  5699
3.070037866607755  5201
3.0704073217401198  5590
3.0707764628434346  5378
3.0711452904510828  5763
3.071513805095089  5421
3.0718820073061255  5611
3.072249897613515  5405
3.0726174765452368  5545
3.0729847446279304  5658
3.073351702386901  5250
3.0737183503461227  5349
3.074084689028244  5466
3.074450718954591  5463
3.074816440645175  5921
3.0751818546186915  5339
3.0755469613925306  5777
3.0759117614827773  5517
3.076276255404218  5605
3.076640443670342  5680
3.0770043267933502  5438
3.0773679052841563  5569
3.077731179652392  5660
3.0780941504064105  5553
3.0784568180532927  5593
3.0788191830988487  5527
3.0791812460476247  5856
3.079543007402906  5676
3.079904467666721  5428
3.0802656273398448  5327
3.0806264869218056  5691
3.080987046910887  5487
3.0813473078041325  5498
3.081707270097349  5545
3.082066934285113  5723
3.0824263008607717  5503
3.0827853703164503  5362
3.0831441431430524  5630
3.0835026198302673  5375
3.083860800866573  5364
3.0842186867392387  5376
3.084576277934331  5313
3.084933574936716  5463
3.085290578230065  5689
3.0856472882968564  5545
3.0860037056183818  5271
3.0863598306747484  5685
3.0867156639448825  5550
3.0870712059065353  5672
3.0874264570362855  5378
3.087781417809542  5685
3.0881360887005513  5306
3.0884904701823963  5587
3.088844562727004  5447
3.089198366805149  5287
3.089551882886454  5549
3.089905111439398  5511
3.090258052931316  5579
3.090610707828407  5703
3.0909630765957314  5446
3.091315159697223  5863
3.0916669575956846  5478
3.092018470752797  5475
3.0923696996291206  5683
3.0927206446840994  5558
3.0930713063760633  5553
3.093421685162235  5496
3.09377178149873  5805
3.0941215958405612  5752
3.094471128641645  5131
3.0948203803548  5444
3.095169351431755  5661
3.095518042323151  5790
3.0958664534785427  5461
3.0962145853464054  5970
3.0965624383741357  5554
3.0969100130080562  5532
3.09725730969342  5538
3.097604328874411  5698
3.09795107099415  5344
3.0982975364946976  5130
3.098643725817057  5492
3.0989896394011773  5389
3.0993352776859577  5554
3.09968064110925  5736
3.1000257301078626  5495
3.100370545117563  5497
3.1007150865730817  5768
3.1010593549081156  5754
3.101403350555331  5745
3.1017470739463664  5442
3.1020905255118367  5488
3.1024337056813365  5570
3.1027766148834415  5457
3.1031192535457137  5457
3.103461622094705  5376
3.103803720955957  5262
3.104145550554008  5663
3.104487111312395  5474
3.1048284036536553  5453
3.1051694279993316  5627
3.1055101847699738  5203
3.1058506743851435  5398
3.1061908972634154  5649
3.1065308538223815  5953
3.106870544478654  5646
3.1072099696478683  5417
3.1075491297446862  5468
3.1078880251827985  5376
3.1082266563749283  4957
3.1085650237328344  5782
3.1089031276673134  5824
3.109240968588203  5432
3.1095785469043866  5532
3.1099158630237933  5413
3.110252917353403  5822
3.110589710299249  5662
3.1109262422664203  5476
3.1112625136590655  5810
3.111598524880394  5371
3.1119342763326814  5551
3.1122697684172707  5398
3.1126050015345745  5614
3.11293997608408  5312
3.1132746924643504  5630
3.1136091510730277  5349
3.113943352306837  5404
3.1142772965615864  5875
3.114610984232173  5246
3.1149444157125847  5546
3.1152775913959014  5568
3.1156105116742996  5383
3.115943176939055  5652
3.116275587580544  5729
3.1166077439882485  5260
3.116939646550756  5723
3.1172712956557644  5308
3.117602691690084  5561
3.1179338350396413  5916
3.118264726089479  5427
3.118595365223762  5881
3.1189257528257768  5737
3.1192558892779365  5279
3.119585774961784  5802
3.119915410257991  5729
3.1202447955463652  5586
3.12057393120585  5670
3.1209028176145273  5681
3.1212314551496214  5746
3.1215598441875008  5512
3.121887985103681  5690
3.1222158782728267  5681
3.1225435240687545  5566
3.1228709228644354  5545
3.1231980750319988  5549
3.123524980942732  5155
3.123851640967086  5560
3.124178055474675  5406
3.1245042248342823  5168
3.1248301494138593  5308
3.12515582958053  5588
3.125481265700594  5376
3.125806458139527  5451
3.1261314072619846  5661
3.1264561134318045  5399
3.126780577012009  5417
3.1271047983648077  5796
3.127428777851599  5447
3.1277525158329733  5794
3.1280760126687155  5329
3.1283992687178066  5383
3.128722284338427  5449
3.1290450598879582  5441
3.1293675957229854  5232
3.129689892199301  5423
3.1300119496719043  5523
3.130333768495006  5469
3.130655349022031  5623
3.130976691605617  5584
3.131297796597623  5190
3.1316186643491255  5919
3.1319392952104246  5563
3.1322596895310446  5723
3.132579847659737  5380
3.132899769944483  5685
3.1332194567324945  5614
3.1335389083702174  5432
3.133858125203335  5780
3.1341771075767664  5625
3.1344958558346736  5601
3.13481437032046  5636
3.1351326513767748  5485
3.1354506993455136  5597
3.1357685145678222  5335
3.1360860973840974  5488
3.13640344813399  5405
3.1367205671564067  5749
3.1370374547895126  5590
3.137354111370733  5638
3.137670537236755  5631
3.137986732723532  5561
3.1383026981662816  5431
3.1386184338994925  5476
3.1389339402569236  5595
3.139249217571607  5773
3.13956426617585  5324
3.1398790864012365  5551
3.140193678578631  5623
3.1405080430381798  5559
3.1408221801093106  5451
3.141136090120739  5838
3.1414497734004674  5496
3.141763230275788  5561
3.1420764610732848  5362
3.142389466118836  5403
3.1427022457376155  5606
3.143014800254095  5350
3.143327129992046  5327
3.1436392352745433  5527
3.1439511164239633  5334
3.144262773761991  5505
3.144574207609616  5479
3.144885418287142  5451
3.1451964061141817  5452
3.1455071714096627  5157
3.1458177144918276  5543
3.146128035678238  5496
3.1464381352857744  5584
3.14674801363064  5732
3.1470576710283598  5112
3.1473671077937864  5484
3.1476763242410986  5424
3.147985320683805  5685
3.1482940974347455  5318
3.1486026548060932  5474
3.1489109931093564  5693
3.1492191126553797  5531
3.149527013754348  5310
3.149834696715785  5505
3.1501421618485588  5607
3.150449409460881  5702
3.150756439860309  5576
3.15106325335375  5566
3.1513698502474603  5248
3.151676230847048  5766
3.151982395457474  5456
3.1522883443830563  5526
3.15259407792747  5566
3.1528995963937474  5510
3.153204900084284  5777
3.1535099893008374  5460
3.153814864344529  5937
3.154119525515847  5553
3.154423973114647  5524
3.1547282074401557  5602
3.1550322287909704  5267
3.155336037465062  5430
3.1556396337597765  5546
3.1559430179718366  5418
3.1562461903973444  6007
3.1565491513317814  5422
3.156851901070011  5795
3.1571544399062814  5423
3.157456768134226  5483
3.1577588860468637  5614
3.158060793936605  5655
3.1583624920952498  5343
3.1586639808139894  5396
3.15896526038341  5552
3.159266331093494  5660
3.1595671932336202  5425
3.1598678470925665  5440
3.160168292958512  5835
3.1604685311190375  5923
3.1607685618611283  5287
3.1610683854711747  5524
3.161368002234975  5686
3.161667412437736  5749
3.161966616364075  5335
3.1622656142980214  5854
3.162564406523019  5456
3.162862993321926  5549
3.1631613749770184  5823
3.16345955176999  5776
3.163757523981956  5430
3.1640552918934515  5277
3.164352855784437  5572
3.1646502159342966  5557
3.1649473726218416  5496
3.1652443261253107  5683
3.165541076722373  5715
3.1658376246901283  5540
3.166133970305109  5403
3.166430113843283  5528
3.166726055580052  5496
3.1670217957902564  5610
3.167317334748176  5338
3.16761267272753  5543
3.16790781000148  5375
3.168202746842631  5780
3.1684974835230326  5336
3.1687920203141817  5513
3.1690863574870227  5492
3.1693804953119495  5739
3.1696744340588068  5319
3.1699681739968923  5591
3.1702617153949575  5246
3.1705550585212086  5734
3.170848203643309  5555
3.1711411510283822  5597
3.171433900943008  5385
3.171726453653231  5713
3.1720188094245563  5631
3.172310968521954  5418
3.17260293120986  5270
3.1728946977521764  5649
3.173186268412274  5418
3.1734776434529945  5439
3.17376882313665  6153
3.1740598077250253  5466
3.1743505974793798  5585
3.1746411926604483  5600
3.1749315935284423  5468
3.1752218003430523  6146
3.1755118133634475  5543
3.1758016328482794  5811
3.1760912590556813  5632
3.1763806922432702  5608
3.17666993266815  5428
3.176958980586908  5757
3.1772478362556233  5533
3.1775364999298623  5753
3.177824971864682  5634
3.1781132523146316  5285
3.178401341533755  5622
3.17868923977559  5454
3.1789769472931693  5602
3.1792644643390253  5611
3.1795517911651876  5701
3.179838928023187  5601
3.180125875164054  5481
3.180412632838324  5454
3.1806992012960347  5284
3.1809855807867304  5479
3.1812717715594614  5737
3.1815577738627865  5502
3.1818435879447726  5644
3.182129214052998  5836
3.182414652434554  5525
3.1826999033360424  5819
3.182984967003582  5594
3.1832698436828046  5723
3.1835545336188615  5278
3.1838390370564214  5533
3.184123354239671  5527
3.1844074854123203  5487
3.184691430817599  5504
3.184975190698261  5442
3.185258765296585  5771
3.185542154854375  5628
3.185825359612962  5616
3.1861083798132053  5676
3.186391215695493  5593
3.1866738674997452  5581
3.1869563354654122  5502
3.187238619831479  5685
3.187520720836463  5575
3.1878026387184195  5401
3.188084373714938  5182
3.188365926063148  5429
3.188647295999717  5462
3.1889284837608534  5631
3.189209489582306  5692
3.1894903136993675  5554
3.189770956346874  5490
3.190051417759206  5464
3.1903316981702914  5745
3.190611797813605  5387
3.1908917169221698  5730
3.1911714557285586  5789
3.1914510144648953  5420
3.1917303933628562  5525
3.1920095926536702  5551
3.1922886125681202  5436
3.1925674533365456  5484
3.192846115188842  5184
3.1931245983544616  5513
3.1934029030624176  5740
3.1936810295412816  5555
3.193958978019187  5505
3.1942367487238292  5454
3.194514341882467  5334
3.1947917577219247  5544
3.1950689964685903  5180
3.1953460583484197  5382
3.1956229435869368  5871
3.1958996524092336  5357
3.1961761850399735  5453
3.196452541703389  5768
3.196728722623287  5613
3.1970047280230456  5461
3.197280558125619  5914
3.1975562131535367  5483
3.197831693328903  5683
3.1981069988734014  5449
3.1983821300082944  5367
3.1986570869544226  5467
3.198931869932209  5714
3.1992064791616577  5503
3.199480914862356  5645
3.1997551772534747  5517
3.2000292665537704  5285
3.200303182981585  5569
3.2005769267548483  5601
3.2008504980910772  5206
3.2011238972073794  5170
3.2013971243204513  5323
3.2016701796465816  5315
3.20194306340165  5448
3.2022157758011316  5489
3.2024883170600935  5687
3.2027606873931997  5311
3.2030328870147105  5403
3.203304916138483  5411
3.2035767749779724  5210
3.2038484637462346  5267
3.2041199826559246  5152
3.2043913319193  5469
3.204662511748219  5564
3.204933522354145  5125
3.2052043639481447  5570
3.205475036740891  5549
3.205745540942662  5373
3.2060158767633444  5198
3.2062860444124324  5431
3.2065560440990297  5430
3.2068258760318495  5512
3.207095540419218  5694
3.2073650374690716  5562
3.2076343673889616  5469
3.2079035303860515  5448
3.2081725266671217  5686
3.208441356438567  5510
3.208710019906401  5395
3.2089785172762535  5700
3.2092468487533736  5576
3.2095150145426308  5558
3.209783014848515  5706
3.2100508498751372  5854
3.210318519826232  5726
3.2105860249051563  5513
3.210853365314893  5447
3.2111205412580492  5418
3.2113875529368587  5533
3.2116544005531824  5258
3.2119210843085093  5496
3.2121876044039577  5380
3.212453961040276  5693
3.2127201544178425  5639
3.212986184736668  5504
3.2132520521963968  5602
3.2135177569963047  5955
3.2137832993353044  5681
3.2140486794119414  5599
3.2143138974244  5592
3.214578953570499  5081
3.214843848047698  5442
3.215108581053093  5146
3.215373152783422  5689
3.215637563435062  5399
3.215901813204032  5600
3.216165902285993  5340
3.216429830876251  5692
3.2166935991697545  5660
3.216957207361097  5324
3.217220655644519  5401
3.2174839442139063  5484
3.2177470732627937  5505
3.218010042984363  5701
3.2182728535714475  5560
3.218535505216528  5776
3.2187979981117376  5481
3.219060332448861  5331
3.219322508419337  5393
3.2195845262142546  5620
3.219846386024361  5183
3.220108088040055  5581
3.2203696324513946  5501
3.220631019448092  5730
3.2208922492195193  5473
3.2211533219547053  5910
3.2214142378423385  5577
3.2216749970707688  4943
3.2219355998280053  5614
3.22219604630172  5645
3.222456336679247  5514
3.2227164711475833  5789
3.2229764498933915  5629
3.2232362731029975  5554
3.2234959409623944  5876
3.2237554536572413  5442
3.224014811372864  5655
3.2242740142942576  5719
3.2245330626060857  5475
3.2247919564926817  5852
3.225050696138049  5362
3.225309281725863  5206
3.225567713439471  5340
3.2258259914618934  5580
3.226084115975824  5362
3.226342087163631  5552
3.2265999052073573  5784
3.2268575702887237  5418
3.2271150825891253  5676
3.2273724422896364  6222
3.227629649571009  5434
3.2278867046136734  5469
3.2281436075977417  5277
3.228400358703005  5404
3.2286569581089353  5427
3.228913405994688  5630
3.229169702539101  5896
3.229425847920695  5415
3.229681842317676  5626
3.229937685907934  5526
3.230193378869046  5543
3.230448921378274  5506
3.230704313612569  5171
3.230959555748569  5778
3.231214647962601  5295
3.2314695904306814  5292
3.2317243833285163  5358
3.231979026831504  5563
3.2322335211147335  5398
3.232487866352986  5785
3.232742062720737  5201
3.2329961103921536  5595
3.2332500095411003  5849
3.2335037603411343  5713
3.2337573629655103  5779
3.2340108175871793  5545
3.2342641243787895  5750
3.2345172835126865  5601
3.2347702951609163  5404
3.2350231594952237  5573
3.2352758766870524  5682
3.2355284469075487  5813
3.2357808703275603  5473
3.236033147117636  5455
3.2362852774480286  5495
3.236537261488694  5114
3.2367890994092927  5415
3.237040791379191  5761
3.237292337567459  5686
3.2375437381428744  5689
3.2377949932739227  5380
3.2380461031287955  5620
3.238297067875394  5360
3.2385478876813276  5801
3.238798562713917  5487
3.2390490931401916  5617
3.2392994791268923  5592
3.239549720840473  5367
3.2397998184470986  5527
3.2400497721126476  5433
3.2402995820027125  5681
3.2405492482826  5267
3.240798771117331  5400
3.241048150671644  5268
3.2412973871099933  5513
3.2415464805965484  5390
3.241795431295199  5613
3.2420442393695508  5423
3.2422929049829308  5611
3.2425414282983844  5594
3.2427898094786767  5305
3.2430380486862944  5563
3.243286146083446  5760
3.243534101832062  5461
3.243781916093795  5552
3.244029589030022  5839
3.244277120801843  5861
3.244524511570084  5354
3.244771761495295  5504
3.245018870737753  5477
3.245265839457461  5433
3.24551266781415  5401
3.245759355967277  5619
3.246005904076029  5606
3.246252312299322  5404
3.246498580795801  5492
3.2467447097238415  5409
3.24699069924155  5293
3.247236549506764  5761
3.2474822606770544  5484
3.2477278329097232  5608
3.247973266361807  5343
3.248218561190075  5485
3.248463717551032  5393
3.2487087356009177  5642
3.2489536154957075  5603
3.249198357391113  5600
3.249442961442582  5582
3.2496874278053016  5625
3.249931756634195  5384
3.250175948083925  5239
3.250420002308894  5381
3.2506639194632436  5560
3.250907699700856  5601
3.2511513431753545  5687
3.2513948500401044  5339
3.251638220448212  5488
3.2518814545525276  5598
3.252124552505644  5442
3.2523675144598987  5428
3.252610340567373  5713
3.2528530309798933  5829
3.2530955858490316  5373
3.2533380053261065  5506
3.253580289562183  5823
3.2538224387080734  5379
3.254064452914338  5730
3.2543063323312857  5238
3.2545480771089736  5418
3.25478968739721  5544
3.2550311633455515  5782
3.255272505103306  5246
3.2555137128195333  5548
3.255754786643044  5318
3.255995726722402  5967
3.256236533205923  5369
3.256477206241677  5726
3.256717745977487  5495
3.256958152560932  5874
3.2571984261393445  5549
3.257438566859814  5691
3.2576785748691846  5334
3.2579184503140586  5712
3.2581581933407944  5424
3.258397804095509  5709
3.2586372827240764  5422
3.258876629372131  5781
3.2591158441850663  5687
3.2593549273080344  5550
3.2595938788859486  5409
3.2598326990634834  5771
3.2600713879850747  5570
3.26030994579492  5418
3.2605483726369795  5677
3.2607866686549762  5443
3.2610248339923973  5750
3.2612628687924934  5376
3.2615007731982804  5628
3.2617385473525378  5175
3.2619761913978125  5505
3.262213705476417  5682
3.2624510897304293  5392
3.2626883443016963  5610
3.2629254693318317  5506
3.2631624649622166  5333
3.263399331334002  5620
3.263636068588108  5860
3.2638726768652235  5896
3.2641091563058082  5709
3.2643455070500926  5412
3.2645817292380777  5620
3.2648178230095364  5523
3.2650537885040145  5675
3.26528962586083  5781
3.2655253352190736  5474
3.2657609167176105  5730
3.265996370495079  5749
3.266231696689893  5442
3.2664668954402414  5311
3.2667019668840878  5385
3.266936911159173  5512
3.2671717284030137  5160
3.267406418752904  5409
3.2676409823459154  5809
3.2678754193188975  5629
3.2681097298084785  5354
3.268343913951065  5719
3.268577971882843  5408
3.2688119037397803  5206
3.269045709657623  5463
3.2692793897718984  5678
3.2695129442179165  5641
3.269746373130767  5624
3.269979676645324  5743
3.2702128548962426  5600
3.2704459080179626  5307
3.2706788361447066  5621
3.2709116394104814  5717
3.2711443179490782  5516
3.2713768718940743  5627
3.271609301378832  5278
3.271841606536499  5876
3.27207378750001  5686
3.2723058444020863  5129
3.2725377773752373  5414
3.2727695865517594  5723
3.2730012720637376  5685
3.2732328340430454  5445
3.273464272621346  5322
3.273695587930092  5362
3.2739267801005254  5330
3.27415784926368  5622
3.274388795550379  5653
3.274619619091238  5382
3.274850320016665  5884
3.2750808984568587  5514
3.2753113545418118  5715
3.2755416884013098  5692
3.2757719001649312  5424
3.27600198996205  5567
3.2762319579218335  5543
3.2764618041732443  5541
3.27669152884504  5550
3.276921132065774  5287
3.277150613963797  5608
3.2773799746672547  5333
3.2776092143040914  5778
3.2778383330020473  5355
3.2780673308886628  5567
3.2782962080912736  5670
3.2785249647370174  5622
3.278753600952829  5487
3.278982116865443  5551
3.279210512601395  5667
3.2794387882870204  5888
3.2796669440484556  5388
3.279894980011638  5800
3.2801228963023075  5470
3.280350693046006  5645
3.2805783703680764  5080
3.280805928393667  5702
3.2810333672477277  5512
3.281260687055013  5874
3.2814878879400813  5607
3.281714970027296  5510
3.281941933440825  5606
3.2821687783046416  5365
3.2823955047425257  5708
3.2826221128780624  5665
3.282848602834645  5566
3.2830749747354715  5462
3.2833012287035497  5341
3.2835273648616936  5640
3.2837533833325265  5515
3.28397928423848  5421
3.284205067701794  5344
3.2844307338445193  5424
3.2846562827885157  5432
3.284881714655453  5595
3.285107029566812  5398
3.2853322276438846  5572
3.285557309007774  5597
3.285782273779395  5494
3.2860071220794747  5613
3.286231854028553  5385
3.286456469746983  5555
3.28668096935493  5682
3.286905352972375  5544
3.287129620719111  5708
3.2873537727147464  5768
3.2875778090787056  5576
3.287801729930226  5453
3.2880255353883627  5701
3.288249225571986  5783
3.2884728005997825  5512
3.288696260590256  5566
3.2889196056617265  5538
3.289142835932333  5328
3.2893659515200318  5527
3.2895889525425965  5737
3.2898118391176214  5727
3.290034611362518  5200
3.2902572693945182  5575
3.290479813330673  5734
3.2907022432878543  5595
3.2909245593827543  5672
3.2911467617318855  5498
3.291368850451583  5191
3.2915908256580013  5666
3.291812687467119  5506
3.2920344359947364  5541
3.292256071356476  5281
3.292477593667784  5504
3.29269900304393  5512
3.292920299600006  5584
3.2931414834509307  5694
3.2933625547114453  5466
3.2935835134961167  5287
3.2938043599193367  5466
3.2940250940953226  5613
3.2942457161381182  5277
3.294466226161593  5785
3.2946866242794433  5590
3.2949069106051923  5256
3.295127085252191  5526
3.295347148333618  5411
3.295567099962479  5266
3.295786940251609  5610
3.2960066693136723  5619
3.2962262872611605  5662
3.296445794206396  5595
3.296665190261531  5508
3.296884475538547  5460
3.2971036501492565  5496
3.2973227142053028  5690
3.2975416678181597  5189
3.297760511099134  5764
3.2979792441593623  5653
3.298197867109815  6022
3.2984163800612945  5602
3.2986347831244354  5650
3.298853076409707  5507
3.2990712600274095  5467
3.29928933408768  5335
3.2995072987004876  5667
3.2997251539756367  5583
3.299942900022767  5411
3.3001605369513523  5841
3.3003780648707024  5478
3.3005954838899636  5748
3.300812794118117  5681
3.3010299956639813  5708
3.3012470886362113  5453
3.3014640731433  5279
3.3016809492935764  5716
3.301897717195208  5354
3.302114376956201  5522
3.302330928684399  5596
3.3025473724874854  5251
3.3027637084729817  5677
3.3029799367482493  5788
3.303196057420489  5433
3.303412070596742  5262
3.30362797638389  5580
3.3038437748886547  5410
3.3040594662175993  5467
3.3042750504771283  5554
3.3044905277734875  5604
3.3047058982127653  5797
3.3049211619008916  5802
3.305136318943639  5653
3.305351369446624  5791
3.305566313515304  5645
3.3057811512549824  5592
3.3059958827708047  5119
3.3062105081677613  5507
3.3064250275506875  5676
3.3066394410242617  5542
3.3068537486930087  5719
3.3070679506612985  5614
3.307282047033346  5713
3.307496037913213  5574
3.307709923404807  5370
3.307923703611882  5706
3.3081373786380386  5529
3.308350948586726  5380
3.3085644135612386  5890
3.3087777736647213  5552
3.3089910290001643  5439
3.3092041796704077  5506
3.30941722577814  5788
3.3096301674258988  5275
3.3098430047160705  5530
3.3100557377508912  5621
3.3102683666324477  5640
3.3104808914626753  5461
3.3106933123433606  5341
3.3109056293761414  5411
3.311117842662506  5867
3.3113299523037933  5384
3.311541958401195  5734
3.311753861055754  5470
3.3119656603683665  5690
3.3121773564397787  5783
3.312388949370592  5555
3.3126004392612596  5248
3.312811826212088  5786
3.313023110323238  5493
3.313234291694724  5744
3.313445370426414  5503
3.3136563466180315  5409
3.3138672203691533  5361
3.3140779917792127  5585
3.3142886609474975  5292
3.3144992279731516  5675
3.314709692955174  5718
3.31492005599242  5412
3.315130317183602  5542
3.3153404766272883  5616
3.315550534421905  5645
3.3157604906657347  5791
3.315970345456918  5562
3.3161800988934527  5478
3.3163897510731952  5385
3.3165993020938607  5808
3.316808752053022  5332
3.3170181010481117  5813
3.31722734917642  5629
3.317436496535099  5495
3.3176455432211585  5534
3.317854489331469  5375
3.3180633349627615  5596
3.318272080211627  5644
3.3184807251745174  5339
3.318689269947746  5569
3.3188977146274867  5635
3.3191060593097763  5430
3.319314304090512  5523
3.3195224490654542  5507
3.3197304943302246  5433
3.3199384399803087  5437
3.3201462861110542  5336
3.3203540328176717  5534
3.3205616801952367  5441
3.3207692283386865  5567
3.3209766773428235  5734
3.3211840273023143  5299
3.321391278311689  5350
3.3215984304653436  5310
3.3218054838575393  6027
3.3220124385824006  5338
3.322219294733919  5770
3.3224260524059526  5077
3.3226327116922234  5551
3.322839272686321  5362
3.3230457354817013  5676
3.323252100171687  5822
3.3234583668494677  5813
3.3236645356081  5455
3.323870606540509  5620
3.3240765797394864  5681
3.3242824552976926  5614
3.3244882333076564  5445
3.3246939138617746  5716
3.3248994970523134  5363
3.3251049829714074  5426
3.325310371711061  5652
3.325515663363148  5496
3.325720858019412  5696
3.325925955771466  5487
3.3261309567107946  5350
3.326335860928751  5491
3.3265406685165617  5324
3.3267453795653217  5533
3.326949994165999  5607
3.3271545124094315  5541
3.3273589343863303  5332
3.327563260187278  5548
3.327767489902729  4995
3.3279716236230104  5612
3.3281756614383227  5532
3.3283796034387376  5740
3.328583449714202  5407
3.3287872003545345  5572
3.3289908554494287  5387
3.329194415088451  5282
3.329397879361043  6045
3.3296012483565187  5444
3.3298045221640695  5696
3.330007700872759  5711
3.330210784571528  5275
3.330413773349191  5262
3.3306166672944384  5392
3.330819466495837  5481
3.3310221710418286  5408
3.3312247810207323  5761
3.331427296520743  5851
3.3316297176299323  5381
3.331832044436249  5765
3.332034277027518  5134
3.3322364154914434  5368
3.3324384599156054  5565
3.3326404103874627  6049
3.3328422669943514  5761
3.3330440298234874  5206
3.3332456989619628  5277
3.3334472744967503  5827
3.3336487565147013  5820
3.333850145102545  5330
3.334051440346892  5562
3.334252642334231  5603
3.3344537511509307  5456
3.3346547668832414  5315
3.3348556896172914  5452
3.3350565194390915  5636
3.3352572564345317  5359
3.3354579006893843  5780
3.3356584522893016  5942
3.335858911319818  5179
3.336059277866349  5455
3.336259552014193  5596
3.3364597338485296  5335
3.3366598234544202  5514
3.336859820916809  5377
3.3370597263205246  5835
3.3372595397502756  5499
3.337459261290656  5567
3.3376588910261424  5599
3.3378584290410944  5762
3.3380578754197563  5556
3.3382572302462554  5585
3.3384564936046046  5694
3.3386556655787003  5400
3.338854746252323  5447
3.339053735709139  6000
3.3392526340327  5309
3.3394514413064407  5631
3.339650157613684  5515
3.339848783037637  5105
3.340047317661393  5458
3.3402457615679317  5730
3.3404441148401185  5766
3.3406423775607053  5159
3.3408405498123317  5747
3.341038631677523  5381
3.3412366232386925  5603
3.34143452457814  5553
3.3416323357780544  5555
3.3418300569205104  5614
3.3420276880874717  5387
3.3422252293607904  5578
3.342422680822206  5596
3.342620042553348  5435
3.342817314635733  5589
3.343014497150768  5309
3.3432115901797474  5588
3.3434085938038574  5582
3.343605508104172  5934
3.343802333161655  5283
3.3439990690571615  5286
3.344195715871435  5175
3.3443922736851106  5487
3.344588742578714  5376
3.344785122632661  5379
3.344981413927258  5341
3.345177616542704  5700
3.3453737305590883  5844
3.345569756056392  5359
3.345765693114488  5619
3.3459615418131414  5615
3.346157302232008  5850
3.346352974450639  5808
3.346548558548474  5549
3.346744054604849  5679
3.3469394626989906  5836
3.34713478291002  5789
3.3473300153169503  5685
3.3475251599986895  5400
3.347720217034038  5381
3.3479151865016914  5410
3.3481100684802376  5478
3.3483048630481607  5816
3.348499570283838  5633
3.348694190265541  5097
3.348888723071438  5441
3.34908316877959  5490
3.3492775274679554  5244
3.3494717992143856  5236
3.34966598409663  5726
3.3498600821923312  5278
3.3500540935790304  5608
3.3502480183341627  5516
3.350441856535061  5462
3.3506356082589543  5487
3.350829273582968  5415
3.3510228525841237  5908
3.351216345339342  5708
3.351409751925439  5550
3.351603072419129  5640
3.3517963068970236  5122
3.351989455435632  5546
3.3521825181113627  5803
3.35237549500052  5690
3.3525683861793087  5471
3.3527611917238307  5303
3.3529539117100877  5345
3.3531465462139796  5618
3.3533390953113047  5148
3.353531559077762  5408
3.353723937588949  5367
3.353916230920363  5498
3.3541084391474008  5398
3.35430056234536  5669
3.3544926005894364  5883
3.3546845539547285  5294
3.354876422516234  5490
3.3550682063488506  5460
3.3552599055273786  5198
3.3554515201265174  5868
3.355643050220869  5433
3.355834495884936  5869
3.3560258571931225  5239
3.3562171342197353  5589
3.3564083270389813  5369
3.356599435724971  5763
3.356790460351716  5617
3.3569814009931314  5479
3.3571722577230334  5281
3.3573630306151427  5059
3.3575537197430814  5756
3.3577443251803754  5393
3.357934847000454  5546
3.3581252852766488  5380
3.358315640082196  5771
3.3585059114902354  5874
3.3586960995738107  5488
3.358886204405869  5670
3.359076226059263  5801
3.3592661646067485  5559
3.3594560201209864  5402
3.359645792674543  5564
3.359835482339888  5766
3.3600250891893975  5352
3.3602146132953523  5962
3.3604040547299387  5819
3.360593413565249  5558
3.36078268987328  5445
3.3609718837259357  5513
3.361160995195026  5517
3.3613500243522663  5743
3.361538971269279  5600
3.361727836017593  5583
3.3619166186686433  5280
3.362105319293773  5756
3.362293937964231  5305
3.3624824747511743  5797
3.362670929725667  5768
3.36285930295868  5883
3.3630475945210936  5769
3.363235804483694  5555
3.3634239329171765  5642
3.3636119798921444  5605
3.3637999454791094  5683
3.3639878297484915  5234
3.3641756327706194  5528
3.3643633546157306  5536
3.364550995353972  5494
3.3647385550553985  5561
3.364926033789976  5416
3.3651134316275773  5275
3.3653007486379876  5828
3.3654879848909  5447
3.3656751404559175  5751
3.365862215402555  5418
3.3660492098002353  5480
3.366236123718293  5579
3.3664229572259727  5633
3.3666097103924297  4930
3.36679638328673  5863
3.3669829759778507  5349
3.367169488534681  5755
3.367355921026019  5419
3.3675422735205767  5622
3.3677285460869766  5508
3.3679147387937527  5704
3.3681008517093516  5730
3.368286884902131  5688
3.3684728384403617  5332
3.368658712392227  5808
3.3688445068258215  5500
3.3690302218091532  5754
3.369215857410143  5232
3.3694014136966244  5637
3.369586890736344  5471
3.369772288596963  5227
3.369957607346053  5526
3.370142847051102  5540
3.3703280077795106  5674
3.3705130895985924  5674
3.370698092575577  5546
3.370883016777606  5572
3.3710678622717363  5499
3.3712526291249394  6125
3.371437317404101  5053
3.3716219271760215  5050
3.371806458507416  5601
3.371990911464915  5855
3.372175286115064  5455
3.3723595825243238  5779
3.3725438007590705  5819
3.3727279408855955  5528
3.3729120029701067  5257
3.373095987078727  5646
3.373279893277496  5628
3.373463721632369  5704
3.3736474722092176  5445
3.3738311450738303  5449
3.3740147402919116  5559
3.374198257929083  5442
3.374381698050882  5429
3.374565060722765  5410
3.374748346010104  5336
3.3749315539781883  5747
3.375114684692225  5452
3.375297738217339  5371
3.3754807146185724  5446
3.3756636139608855  5619
3.375846436309156  5412
3.3760291817281805  5547
3.376211850282673  5126
3.3763944420372662  5640
3.376576957056512  5701
3.37675939540488  5776
3.3769417571467586  5066
3.377124042346456  5306
3.377306251068199  5286
3.3774883833761327  5776
3.377670439334323  5376
3.3778524190067545  5544
3.3780343224573315  5099
3.378216149749878  6031
3.3783979009481375  5285
3.378579576115775  5330
3.3787611753163733  5688
3.378942698613437  5466
3.379124146070392  5509
3.379305517750582  5508
3.3794868137172736  5854
3.379668034033654  5264
3.37984917876283  5489
3.380030247967831  5670
3.380211241711606  5696
3.3803921600570273  5649
3.3805730030668872  5420
3.3807537708039  5498
3.380934463330702  5365
3.3811150807098507  5502
3.381295623003826  5526
3.38147609027503  5547
3.381656482585787  5411
3.3818367999983434  5406
3.3820170425748683  5833
3.382197210377454  5687
3.3823773034681137  5651
3.3825573219087857  5617
3.3827372657613304  5657
3.382917135087531  5524
3.3830969299490943  5528
3.3832766504076504  5255
3.383456296524753  5831
3.3836358683618797  5591
3.383815365980431  5316
3.383994789441733  5750
3.3841741388070337  5489
3.384353414137506  5981
3.3845326154942486  5469
3.3847117429382823  5246
3.3848907965305544  5601
3.385069776331935  5425
3.38524868240322  5915
3.3854275148051305  5535
3.385606273598312  5394
3.3857849588433355  5610
3.385963570600697  5738
3.3861421089308186  5794
3.386320573894046  5360
3.386498965550653  5416
3.3866772839608377  5524
3.386855529184724  5428
3.387033701282363  5748
3.3872118003137306  5414
3.387389826338729  5778
3.387567779417189  5710
3.3877456596088638  5406
3.3879234669734366  5149
3.3881012015705165  5342
3.388278863459639  5380
3.3884564527002667  5292
3.388633969351789  5556
3.3888114134735234  5832
3.388988785124714  5732
3.3891660843645326  5298
3.389343311252078  5431
3.3895204658463776  5224
3.3896975482063856  5614
3.3898745583909853  5343
3.3900514964589874  5464
3.3902283624691303  5662
3.390405156480081  5610
3.390581878550435  5520
3.390758528738717  5356
3.3909351071033793  5518
3.3911116137028023  5639
3.3912880485952974  5379
3.3914644118391033  5759
3.3916407034923877  5116
3.391816923613249  5739
3.3919930722597127  5448
3.392169149489736  5338
3.392345155361204  5413
3.3925210899319325  5304
3.392696953259666  5533
3.3928727454020793  5450
3.3930484664167784  5996
3.3932241163612975  5291
3.393399695293102  5390
3.3935752032695876  5784
3.39375064034808  5591
3.3939260065858368  5444
3.3941013020400446  5812
3.3942765267678214  5535
3.3944516808262164  5538
3.394626764272209  5394
3.394801777162711  5729
3.394976719554564  5625
3.3951515915045425  5423
3.395326393069351  5369
3.395501124305626  5942
3.395675785269936  5839
3.3958503760187813  5590
3.3960248966085933  5786
3.3961993470957363  5798
3.3963737275365067  5633
3.396548037987132  5439
3.3967222785037734  5546
3.396896449142524  5513
3.397070549959409  5730
3.397244581010386  5544
3.397418542351348  5532
3.3975924340381165  5619
3.39776625612645  5591
3.3979400086720375  5408
3.3981136917305026  5376
3.398287305357401  5550
3.3984608496082234  5481
3.398634324538392  5506
3.3988077302032647  5228
3.398981066658131  5422
3.3991543339582164  5648
3.399327532158679  5073
3.3995006613146104  5705
3.399673721481038  5454
3.3998467127129226  5790
3.4000196350651586  5245
3.400192488592576  5583
3.400365273349939  5327
3.400537989391946  5756
3.400710636773231  5696
3.4008832155483626  5398
3.401055725771844  5514
3.401228167498113  5658
3.401400540781544  5446
3.401572845676446  5464
3.401745082237063  5438
3.4019172505175748  5213
3.402089350572097  5712
3.40226138245468  5565
3.402433346219312  5780
3.4026052419199146  5691
3.402777069610347  5937
3.4029488293444046  5723
3.403120521175818  5385
3.4032921451582543  5644
3.4034637013453173  5500
3.403635189790548  5649
3.4038066105474227  5356
3.403977963669355  5602
3.404149249209695  5657
3.404320467221731  5407
3.404491617758686  5762
3.4046627008737222  5769
3.404833716619938  5586
3.4050046650503694  5747
3.4051755462179893  5355
3.405346360175709  5835
3.4055171069763763  5769
3.4056877866727775  5259
3.4058583993176366  5838
3.406028944963615  5541
3.406199423663313  5136
3.4063698354692673  5502
3.406540180433955  5442
3.40671045860979  5440
3.4068806700491248  5432
3.40705081480425  5341
3.4072208929273966  5438
3.4073909044707316  5889
3.4075608494863627  5351
3.4077307280263356  5813
3.407900540142635  5323
3.4080702858871854  5685
3.4082399653118496  5673
3.40840957846843  5467
3.4085791254086675  5404
3.408748606184244  5885
3.4089180208467798  5579
3.409087369447835  5556
3.4092566520389096  5764
3.4094258686714434  5822
3.4095950193968156  5484
3.4097641042663462  5628
3.4099331233312946  5245
3.4101020766428607  5384
3.4102709642521845  5495
3.4104397862103464  5442
3.410608542568368  5331
3.41077723337721  5621
3.4109458586877746  5543
3.4111144185509046  5543
3.4112829130173843  5388
3.4114513421379375  5109
3.41161970596323  5603
3.411788004543869  5582
3.4119562379304016  5795
3.412124406173317  5615
3.4122925093230463  5376
3.412460547429961  5522
3.4126285205443754  5623
3.4127964287165433  5537
3.4129642719966626  5591
3.413132050434872  5769
3.413299764081252  5233
3.413467412985825  5545
3.413634997198556  5482
3.4138025167693513  5526
3.4139699717480614  5405
3.414137362184477  5232
3.4143046881283317  5648
3.4144719496293026  5291
3.414639146737009  5341
3.4148062795010126  5506
3.4149733479708178  5168
3.4151403521958725  5402
3.4153072922255676  5276
3.4154741681092355  5358
3.4156409798961542  5499
3.4158077276355434  5504
3.415974411376566  5554
3.416141031168329  5587
3.4163075870598827  5490
3.4164740791002206  5354
3.416640507338281  5937
3.4168068718229443  5592
3.4169731726030363  5587
3.4171394097273255  5291
3.4173055832445254  5383
3.417471693203293  5977
3.4176377396522297  5279
3.417803722639881  5611
3.417969642214737  5668
3.418135498425232  4993
3.4183012913197452  5971
3.4184670209466006  5359
3.4186326873540653  5794
3.4187982905903533  5441
3.4189638307036225  5573
3.4191293077419758  5522
3.4192947217534604  5370
3.4194600727860704  5689
3.419625360887743  5711
3.419790586106363  5471
3.419955748489758  5756
3.420120848085703  5495
3.4202858849419178  5657
3.4204508591060683  5631
3.420615770625765  5903
3.4207806195485655  5362
3.420945405921972  5643
3.4211101297934343  5543
3.4212747912103465  5535
3.4214393902200495  5538
3.4216039268698313  5650
3.421768401206924  5534
3.4219328132785085  5316
3.4220971631317103  5245
3.4222614508136027  5862
3.4224256763712044  5518
3.422589839851482  5194
3.422753941301348  5604
3.422917980767662  5885
3.423081958297231  5504
3.423245873936808  5271
3.4234097277330933  5430
3.4235735197327357  5458
3.423737249982329  5728
3.4239009185284166  5798
3.4240645254174877  5428
3.42422807069598  5811
3.4243915544102776  5896
3.4245549766067134  5598
3.424718337331567  5433
3.424881636631067  5842
3.425044874551389  5418
3.4252080511386565  5138
3.425371166438941  5676
3.4255342204982635  5628
3.425697213362591  5376
3.4258601450778405  5270
3.4260230156898763  5805
3.426185825244511  5640
3.4263485737875077  5435
3.4265112613645754  5168
3.426673888021373  5177
3.426836453803508  5554
3.426998958756537  5663
3.4271614029259654  5493
3.427323786357247  5478
3.4274861090957853  5954
3.4276483711869328  5410
3.42781057267599  5578
3.427972713608209  5344
3.428134794028789  5657
3.4282968139828798  5653
3.42845877351558  5647
3.428620672671939  5238
3.4287825114969546  5513
3.428944290035574  5425
3.4291060083326967  5620
3.4292676664331685  5363
3.429429264381788  5631
3.4295908022233017  5288
3.429752280002408  5224
3.4299136977637543  5335
3.430075055551939  5671
3.4302363534115106  5320
3.4303975913869666  5526
3.4305587695227575  5759
3.4307198878632823  5501
3.4308809464528913  5543
3.4310419453358856  5066
3.431202884556517  5469
3.4313637641589874  5497
3.431524584187451  5785
3.4316853446860116  5481
3.4318460456987254  6086
3.4320066872695985  5711
3.4321672694425884  5300
3.4323277922616042  5601
3.4324882557705063  5486
3.4326486600131068  5628
3.4328090050331683  5261
3.432969290874406  5729
3.4331295175804857  5865
3.433289685195026  5468
3.433449793761596  5731
3.433609843323718  5452
3.433769833924866  5795
3.433929765608464  5444
3.4340896384178907  5733
3.4342494523964757  5736
3.4344092075875  5323
3.4345689040341987  5515
3.4347285417797577  5444
3.434888120867316  5314
3.4350476413399647  5602
3.4352071032407476  5568
3.4353665066126613  5790
3.435525851498655  5320
3.43568513794163  5691
3.4358443659844413  5487
3.4360035356698964  5266
3.436162647040756  5674
3.4363217001397333  5748
3.436480695009495  5581
3.436639631692661  5274
3.4367985102318035  5382
3.4369573306694496  5630
3.4371160930480786  5524
3.4372747974101237  5445
3.437433443797971  5800
3.4375920322539613  5490
3.437750562820388  5481
3.4379090355394983  5377
3.438067450453494  5623
3.4382258076045296  5668
3.438384107034714  5640
3.4385423487861106  5551
3.4387005329007363  5481
3.438858659420562  5606
3.4390167283875126  5722
3.4391747398434687  5447
3.439332693830263  5687
3.4394905903896835  5617
3.4396484295634737  5484
3.4398062113933303  5691
3.439963935920905  5249
3.4401216031878037  5449
3.440279213235588  5647
3.4404367661057735  5062
3.440594261839831  5753
3.4407517004791854  5512
3.4409090820652177  5537
3.4410664066392633  5525
3.4412236742426123  5570
3.4413808849165113  5507
3.441538038702161  5466
3.441695135640717  5521
3.441852175773292  5562
3.442009159140952  5305
3.44216608578472  5611
3.4423229557455746  5587
3.4424797690644486  5387
3.442636525782232  5363
3.442793225939769  5356
3.4429498695778618  5323
3.443106456737266  5741
3.443262987458695  5332
3.4434194617828173  5388
3.4435758797502576  5699
3.4437322414015967  5691
3.443888546777372  5589
3.444044795918076  5523
3.4442009888641594  5413
3.4443571256560275  5402
3.444513206334043  5671
3.4446692309385245  5665
3.4448251995097476  5708
3.4449811120879446  5498
3.445136968713304  5271
3.4452927694259716  5490
3.44544851426605  5471
3.4456042032735974  5359
3.445759836488631  5375
3.4459154139511234  5141
3.446070935701005  5347
3.446226401778163  5644
3.446381812222442  5703
3.446537167073644  5289
3.4466924663715273  5612
3.446847710155809  5263
3.4470028984661623  5699
3.4471580313422194  5503
3.4473131088235682  5680
3.4474681309497557  5545
3.447623097760286  5637
3.447778009294621  5550
3.4479328655921804  5688
3.448087666692341  5621
3.448242412634439  5297
3.4483971034577676  5923
3.448551739201578  5459
3.44870631990508  5432
3.4488608456074408  5610
3.4490153163477864  5391
3.449169732165201  5359
3.449324093098727  5759
3.449478399187365  5396
3.4496326504700745  5992
3.4497868469857735  5528
3.4499409887733377  5734
3.4500950758716025  5434
3.450249108319361  5195
3.450403086155366  5769
3.450557009418329  5564
3.450710878146919  5542
3.450864692379766  5513
3.4510184521554574  5481
3.45117215751254  5722
3.4513258084895195  5489
3.4514794051248616  5669
3.4516329474569907  5385
3.45178643552429  5696
3.451939869365103  5771
3.4520932490177314  5928
3.452246574520437  5247
3.4523998459114416  5396
3.452553063228925  5674
3.452706226511029  5655
3.452859335795852  5372
3.4530123911214554  5656
3.4531653925258574  5454
3.4533183400470375  5644
3.453471233722936  5406
3.4536240735914507  5537
3.4537768596904423  5385
3.4539295920577286  5769
3.45408227073109  5510
3.4542348957482654  5571
3.454387467146955  5505
3.4545399849648186  5574
3.454692449239477  5518
3.45484486000851  5690
3.45499721730946  5300
3.4551495211798278  5660
3.4553017716570764  5163
3.4554539687786283  5652
3.455606112581867  5917
3.455758203104137  5560
3.455910240382743  5685
3.4560622244549513  5330
3.456214155357989  5808
3.456366033129043  5275
3.4565178578052627  5362
3.4566696294237578  5372
3.456821348021599  5315
3.456973013635818  5515
3.457124626303409  5475
3.4572761860613257  5676
3.4574276929464847  5477
3.4575791469957626  5538
3.4577305482459986  5722
3.4578818967339924  5763
3.458033192496506  5715
3.4581844355702627  5715
3.4583356259919475  5276
3.4584867637982066  5704
3.4586378490256493  5325
3.458788881710845  5241
3.458939861890326  5785
3.4590907896005865  5821
3.459241664878082  5277
3.459392487759231  5506
3.459543258280413  5555
3.4596939764779706  5690
3.459844642388208  5467
3.4599952560473914  5612
3.46014581749175  5461
3.4602963267574753  5569
3.4604467838807205  5447
3.4605971888976015  5428
3.460747541844197  5463
3.4608978427565478  5166
3.4610480916706576  5413
3.461198288622493  5273
3.461348433647983  5264
3.4614985267830187  5313
3.4616485680634552  5514
3.461798557525109  5694
3.461948495203762  5404
3.462098381135156  5299
3.4622482153549976  5513
3.462397997898956  5734
3.4625477288026643  5317
3.4626974081017172  5562
3.4628470358316736  5732
3.462996612028056  5648
3.4631461367263494  5478
3.4632956099620027  5445
3.4634450317704277  5713
3.463594402187  5459
3.463743721247059  5199
3.4638929889859074  5920
3.464042205438811  5546
3.4641913706409997  5494
3.4643404846276673  5597
3.4644895474339714  5608
3.464638559095033  5594
3.4647875196459372  5540
3.4649364291217326  5360
3.4650852875574327  5548
3.4652340949880145  5625
3.4653828514484184  5397
3.46553155697355  5455
3.465680211598278  5960
3.4658288153574364  5530
3.465977368285823  5227
3.466125870418199  5581
3.466274321789292  5592
3.466422722433792  5460
3.4665710723863543  5375
3.4667193716815987  5617
3.4668676203541096  5364
3.4670158184384356  5258
3.4671639659690903  5789
3.467312062980552  5414
3.4674601095072637  5372
3.467608105583633  5493
3.467756051244033  5489
3.4679039465228003  5753
3.4680517914542377  5879
3.4681995860726125  5328
3.4683473304121573  5437
3.468495024507069  5691
3.4686426683915115  5605
3.468790262099611  5412
3.4689378056654614  5735
3.4690852991231202  5240
3.469232742506612  5415
3.469380135849925  5670
3.469527479187014  5812
3.469674772551798  5343
3.469822015978163  5654
3.4699692094999595  5381
3.470116353151004  5627
3.4702634469650784  5513
3.470410490975931  5612
3.4705574852172743  5652
3.470704429722788  5909
3.4708513245261177  5369
3.4709981696608736  5864
3.471144965160633  5537
3.4712917110589387  5377
3.471438407389299  5436
3.47158505418519  5372
3.471731651480051  5533
3.4718781993072905  5366
3.4720246977002813  5545
3.472171146692363  5868
3.472317546316842  5646
3.4724638966069894  5448
3.472610197596045  5381
3.4727564493172123  5746
3.472902651803664  6097
3.4730488050885375  5788
3.473194909204938  5706
3.4733409641859354  5679
3.4734869700645685  5592
3.473632926873841  5587
3.473778834646725  5437
3.473924693416157  5226
3.4740705032150436  5295
3.4742162640762553  5381
3.4743619760326307  5420
3.474507639116976  5495
3.474653253362063  5775
3.474798818800631  5463
3.4749443354653877  5561
3.4750898033890065  5300
3.475235222604128  5578
3.475380593143361  5656
3.4755259150392805  5306
3.4756711883244296  5457
3.475816413031318  5603
3.4759615891924236  5825
3.4761067168401913  5568
3.4762517960070336  5368
3.4763968267253302  5527
3.4765418090274287  5684
3.476686742945645  5247
3.4768316285122607  5263
3.476976465759527  5502
3.4771212547196626  5514
3.477265995424853  5549
3.4774106879072515  5224
3.477555332198981  5358
3.4776999283321306  5900
3.4778444763387584  5421
3.4779889762508893  5332
3.4781334281005174  5744
3.4782778319196046  5330
3.4784221877400805  5297
3.4785664955938436  5380
3.4787107555127594  5582
3.478854967528663  5365
3.478999131673357  5484
3.479143247978613  5320
3.47928731647617  5746
3.4794313371977363  5288
3.4795753101749884  5366
3.479719235439571  5283
3.479863113023098  5790
3.4800069429571505  5441
3.4801507252732806  5518
3.4802944600030066  5341
3.480438147177817  5562
3.480581786829169  5234
3.4807253789884878  5550
3.4808689236871677  5330
3.481012420956573  5583
3.4811558708280352  5668
3.481299273332856  5449
3.481442628502305  5323
3.4815859363676225  5517
3.481729196960016  5392
3.4818724103106633  5791
3.4820155764507117  5796
3.482158695411276  5389
3.4823017672234426  5643
3.4824447919182653  6002
3.4825877695267677  5394
3.482730700079943  5408
3.482873583608754  5595
3.483016420144132  5382
3.4831592097169795  5650
3.483301952358167  5632
3.4834446480985353  5282
3.4835872969688944  5319
3.4837298990000236  5406
3.4838724542226736  5616
3.4840149626675627  5848
3.484157424365381  5536
3.484299839346786  5200
3.484442207642407  5408
3.484584529282843  5302
3.4847268042986617  5544
3.484869032720402  6024
3.485011214578573  5461
3.485153349903652  5138
3.485295438726089  5476
3.485437481076301  5802
3.485579476984679  5324
3.48572142648158  5218
3.4858633295973345  5178
3.486005186362242  6001
3.4861469968065726  5692
3.486288760960566  5170
3.486430478854434  5226
3.4865721505183562  5835
3.4867137759824853  5058
3.4868553552769432  5529
3.4869968884318228  5470
3.4871383754771865  5541
3.4872798164430687  5498
3.4874212113594742  5531
3.4875625602563782  5273
3.4877038631637265  5421
3.4878451201114355  5417
3.4879863311293935  5575
3.4881274962474587  5469
3.48826861549546  5363
3.488409688903198  5392
3.4885507165004443  5380
3.4886916983169405  5431
3.4888326343824003  5623
3.488973524726508  5495
3.4891143693789193  5702
3.4892551683692603  5712
3.4893959217271293  5412
3.4895366294820955  5369
3.4896772916636984  5385
3.4898179083014504  5455
3.4899584794248346  5415
3.4900990050633047  5560
3.4902394852462875  5635
3.490379920003179  5355
3.490520309363349  5664
3.490660653356137  5677
3.490800952010855  5346
3.490941205356787  5620
3.491081413423187  5314
3.491221576239283  4920
3.4913616938342726  5357
3.4915017662373264  5470
3.4916417934775863  5148
3.491781775584166  5514
3.491921712586151  4926
3.492061604512599  5543
3.49220145139254  5334
3.4923412532549745  5206
3.4924810101288766  5592
3.492620722043192  5072
3.4927603890268375  5430
3.4929000111087034  5389
3.4930395883176515  5554
3.493179120682515  5178
3.4933186082321015  5188
3.4934580509951885  5329
3.493597449000527  5127
3.49373680227684  5602
3.4938761108528227  5721
3.4940153747571436  5170
3.494154594018443  5356
3.4942937686653326  5208
3.494432898726399  5616
3.4945719842301988  5218
3.494711025205263  5413
3.494850021680094  5179
3.494988973683168  5421
3.4951278812429334  5428
3.4952667443878105  5444
3.495405563146193  5341
3.4955443375464483  5294
3.4956830676169153  5034
3.495821753385906  4895
3.4959603948817053  5204
3.496098992132571  5125
3.496237545166735  4954
3.496376054012401  5116
3.496514518697745  5202
3.496652939250918  5049
3.4967913157000425  5158
3.496929648073215  5312
3.497067936398505  5097
3.4972061807039547  5156
3.49734438101758  5048
3.4974825373673704  5139
3.497620649781288  5240
3.497758718287268  4967
3.49789674291322  5254
3.498034723687027  5093
3.498172660636544  5372
3.4983105537896004  5284
3.4984484031739997  5010
3.498586208817518  5014
3.4987239707479048  4981
3.498861688992884  5139
3.498999363580153  4907
3.4991369945373827  4799
3.4992745818922173  4956
3.499412125672275  5119
3.499549625905149  4856
3.499687082618404  4986
3.49982449583958  4739
3.49996186559619  4729
3.500099191915723  4785
3.500236474825639  4822
3.500373714353374  4996
3.5005109105263372  4706
3.500648063371912  4571
3.500785172917456  4943
3.5009222391903005  4935
3.5010592622177517  4785
3.501196242027089  4751
3.501333178645566  4850
3.501470072100412  4772
3.5016069224188295  4494
3.5017437296279943  4876
3.5018804937550585  4439
3.5020172148271476  4638
3.5021538928713607  4643
3.5022905279147727  4798
3.5024271199844326  5226
3.502563669107363  4681
3.502700175310563  4439
3.502836638621003  4627
3.5029730590656314  4448
3.503109436671369  4866
3.503245771465113  4451
3.5033820634737327  4733
3.5035183127240748  4553
3.5036545192429593  4540
3.503790683057181  4400
3.5039268041935103  4338
3.5040628826786917  4427
3.504198918539445  4382
3.5043349118024643  4574
3.504470862494419  4449
3.5046067706419537  4333
3.504742636271688  4319
3.504878459410216  4294
3.505014240084107  3880
3.505149978319906  3989
3.5052856741441323  4292
3.505421327583281  4028
3.5055569386638217  4250
3.5056925074122  4268
3.5058280338548364  4112
3.505963518018126  4251
3.5060989599284405  4111
3.506234359612126  3961
3.506369717095504  3553
3.506505032404872  3902
3.5066403055665023  3721
3.5067755366066433  3867
3.506910725551518  3735
3.5070458724273257  3691
3.5071809772602407  3607
3.5073160400764136  3388
3.50745106090197  3768
3.5075860397630105  3613
3.5077209766856137  3507
3.507855871695831  3496
3.5079907248196913  3399
3.5081255360831993  3626
3.5082603055123345  3572
3.508395033133053  3317
3.5085297189712867  3305
3.508664363052943  3122
3.508798965403905  3275
3.5089335260500327  3192
3.5090680450171616  3090
3.509202522331103  3186
3.509336958017644  3080
3.5094713521025485  3098
3.5096057046115563  3096
3.509740015570382  2860
3.5098742850047193  2874
3.5100085129402347  3075
3.5101426994025733  2913
3.510276844417355  2807
3.510410948010177  2627
3.510545010206612  2696
3.51067903103221  2724
3.510813010512496  2611
3.5109469486729727  2767
3.5110808455391185  2561
3.511214701136388  2586
3.511348515490213  2372
3.5114822886260013  2586
3.5116160205691376  2521
3.511749711344983  2217
3.5118833609788744  2395
3.5120169694961265  2166
3.5121505369220305  2402
3.5122840632818537  2117
3.51241754860084  2101
3.512550992904211  1985
3.5126843962171637  2139
3.512817758564873  2072
3.5129510799724906  1904
3.513084360465144  1982
3.513217600067939  1912
3.513350798805957  1914
3.513483956704257  1845
3.513617073787875  1820
3.5137501500818233  1664
3.5138831856110926  1654
3.5140161804006493  1805
3.514149134475437  1586
3.514282047860378  1608
3.514414920580369  1647
3.514547752660286  1523
3.5146805441249818  1496
3.514813294999285  1472
3.5149460053080044  1404
3.5150786750759226  1334
3.515211304327802  1379
3.5153438930883807  1280
3.515476441382376  1329
3.51560894923448  1259
3.515741416669365  1250
3.515873843711679  1223
3.5160062303860475  1148
3.5161385767170743  1101
3.5162708827293403  1136
3.516403148447403  1010
3.5165353738957994  1001
3.516667559099043  971
3.5167997040816243  1008
3.5169318088680126  878
3.5170638734826545  874
3.5171958979499744  826
3.5173278822943734  851
3.5174598265402324  816
3.517591730711908  867
3.5177235948337358  695
3.517855418930029  710
3.5179872030250783  696
3.518118947143153  667
3.5182506513085  629
3.518382315545344  637
3.5185139398778875  599
3.5186455243303114  596
3.518777068926775  555
3.518908573691414  557
3.5190400386483445  540
3.519171463821659  476
3.519302849235429  521
3.519434194913703  456
3.519565500880509  437
3.519696767159853  410
3.519827993775719  410
3.5199591807520685  418
3.5200903281128424  360
3.52022143588196  370
3.520352504083318  340
3.520483532740792  315
3.520614521878236  308
3.5207454715194824  312
3.5208763816883417  315
3.521007252408604  256
3.5211380837040362  263
3.5212688755983854  237
3.521399628115376  233
3.521530341278711  230
3.5216610151120733  176
3.5217916496391233  168
3.5219222448835006  190
3.5220528008688223  160
3.5221833176186865  149
3.522313795156667  143
3.5224442335063197  137
3.522574632691177  151
3.52270499273475  135
3.52283531366053  137
3.5229655954919865  122
3.523095838252568  119
3.523226041965701  121
3.5233562066547925  99
3.5234863323432277  90
3.523616419054371  98
3.5237464668115646  77
3.523876475638131  81
3.5240064455573727  70
3.5241363765925686  58
3.524266268766979  50
3.524396122103842  68
3.5245259366263757  53
3.5246557123577773  49
3.5247854493212225  43
3.524915147539867  40
3.525044807036845  47
3.5251744278352715  35
3.525304009958239  38
3.52543355342882  42
3.525563058270067  34
3.525692524505011  36
3.5258219521566625  37
3.5259513412480126  24
3.5260806918020298  20
3.526210003841664  26
3.526339277389844  21
3.5264685124694775  21
3.526597709103452  19
3.5267268673146357  10
3.5268559871258747  14
3.5269850685599957  18
3.527114111639805  13
3.5272431163880884  14
3.527372082827612  12
3.52750101098112  14
3.5276299008713385  9
3.5277587525209717  8
3.527887565952705  10
3.5280163411892014  5
3.5281450782531065  8
3.5282737771670436  3
3.5284024379536176  6
3.5285310606354114  3
3.5286596452349897  5
3.5287881917748964  3
3.5289167002776547  5
3.529045170765769  3
3.529173603261723  5
3.529430354366986  3
3.529558673021163  2
3.5296869537729165  3
3.5298151966446305  1
3.5299434016586693  1
3.530199698203082  1
3.5303277897780863  1
3.5304558435846762  1
3.530583859645118  2
3.530711837981657  1
3.5308397786165204  1
3.530967681571915  1
3.531095546870028  2
3.5312233745330266  1
3.5313511645830595  1
3.531606631932722  1
3.5317343092765503  2
3.531861949095809  1
3.53198955141255  1
3.532117116248804  1
3.532244643626582  1
3.5323721335678773  3
3.5324995860946626  1
