0.3010299956639812  16561
0.47712125471966244  17021
0.6020599913279624  16896
0.6989700043360189  16505
0.7781512503836436  17286
0.8450980400142568  15881
0.9030899869919435  16601
0.9542425094393249  17209
1.0  16212
1.0413926851582251  17059
1.0791812460476249  15926
1.1139433523068367  16691
1.146128035678238  16807
1.1760912590556813  15852
1.2041199826559248  17402
1.2304489213782739  17611
1.255272505103306  16405
1.2787536009528289  16614
1.3010299956639813  16370
1.3222192947339193  16427
1.3424226808222062  16518
1.3617278360175928  16619
1.380211241711606  17165
1.3979400086720377  16462
1.414973347970818  15435
1.4313637641589874  16925
1.4471580313422192  16498
1.462397997898956  16285
1.4771212547196624  17135
1.4913616938342726  16178
1.505149978319906  15454
1.5185139398778875  16723
1.5314789170422551  15426
1.5440680443502757  15138
1.5563025007672873  12499
1.568201724066995  12072
1.5797835966168101  10274
1.591064607026499  10352
1.6020599913279623  9716
1.6127838567197355  8501
1.6232492903979006  8091
1.6334684555795864  7267
1.6434526764861874  8009
1.6532125137753437  7082
1.662757831681574  7870
1.6720978579357175  8350
1.6812412373755872  7165
1.6901960800285136  7999
1.6989700043360187  8108
1.7075701760979363  7273
1.7160033436347992  7984
1.724275869600789  8015
1.7323937598229686  7151
1.7403626894942439  7413
1.7481880270062005  8155
1.7558748556724915  7205
1.7634279935629373  7825
1.7708520116421442  8028
1.7781512503836436  6739
1.7853298350107671  7465
1.792391689498254  7850
1.7993405494535817  7657
1.806179973983887  7810
1.8129133566428555  7254
1.8195439355418688  7000
1.8260748027008264  7477
1.8325089127062364  7640
1.8388490907372552  8239
1.845098040014257  7979
1.8512583487190752  7416
1.8573324964312685  7623
1.863322860120456  7879
1.8692317197309762  7447
1.8750612633917  7534
1.8808135922807914  7429
1.8864907251724818  7784
1.8920946026904804  7420
1.8976270912904414  7898
1.9030899869919435  8181
1.9084850188786497  7798
1.9138138523837167  7555
1.919078092376074  7603
1.9242792860618816  7633
1.9294189257142926  8447
1.9344984512435677  8239
1.9395192526186185  7629
1.9444826721501687  7730
1.9493900066449128  7819
1.954242509439325  7898
1.9590413923210936  7596
1.9637878273455553  7006
1.968482948553935  8319
1.9731278535996986  7133
1.9777236052888478  7467
1.9822712330395684  8027
1.9867717342662448  7138
1.9912260756924949  8278
1.99563519459755  7323
2.0  7864
2.0043213737826426  7373
2.0086001717619175  7464
2.012837224705172  7734
2.0170333392987803  7900
2.0211892990699383  8103
2.0253058652647704  7086
2.0293837776852097  8165
2.03342375548695  7384
2.037426497940624  6943
2.041392685158225  7607
2.0453229787866576  7629
2.0492180226701815  7536
2.0530784434834195  7823
2.0569048513364727  8044
2.060697840353612  8050
2.0644579892269186  6917
2.0681858617461617  7015
2.0718820073061255  8087
2.0755469613925306  7620
2.0791812460476247  7522
2.0827853703164503  7610
2.0863598306747484  7395
2.089905111439398  7368
2.093421685162235  7204
2.0969100130080562  7626
2.100370545117563  7804
2.103803720955957  7338
2.1072099696478683  7195
2.110589710299249  7107
2.113943352306837  7635
2.1172712956557644  7837
2.12057393120585  7598
2.123851640967086  8318
2.1271047983648077  7589
2.130333768495006  7679
2.1335389083702174  7703
2.1367205671564067  7693
2.1398790864012365  7417
2.143014800254095  8327
2.146128035678238  7823
2.1492191126553797  7591
2.1522883443830563  7520
2.155336037465062  8125
2.1583624920952498  7467
2.161368002234975  7540
2.164352855784437  7290
2.167317334748176  6984
2.1702617153949575  7284
2.173186268412274  7965
2.1760912590556813  7815
2.1789769472931693  7699
2.1818435879447726  7445
2.184691430817599  8634
2.187520720836463  7485
2.1903316981702914  7844
2.1931245983544616  8038
2.1958996524092336  7442
2.1986570869544226  8066
2.2013971243204513  8370
2.2041199826559246  7968
2.2068258760318495  7660
2.2095150145426308  8121
2.2121876044039577  7852
2.214843848047698  7800
2.2174839442139063  7642
2.220108088040055  7454
2.2227164711475833  7237
2.225309281725863  8103
2.2278867046136734  6654
2.230448921378274  7510
2.2329961103921536  7388
2.2355284469075487  7462
2.2380461031287955  7315
2.2405492482826  8602
2.2430380486862944  7906
2.24551266781415  6961
2.247973266361807  8576
2.250420002308894  7739
2.2528530309798933  7066
2.255272505103306  7807
2.2576785748691846  8000
2.2600713879850747  7988
2.2624510897304293  7968
2.2648178230095364  8002
2.2671717284030137  7930
2.2695129442179165  7933
2.271841606536499  7341
2.27415784926368  7779
2.2764618041732443  7671
2.278753600952829  7429
2.2810333672477277  6994
2.2833012287035497  7680
2.285557309007774  7613
2.287801729930226  7866
2.290034611362518  7202
2.292256071356476  7465
2.294466226161593  7935
2.296665190261531  8179
2.298853076409707  7450
2.3010299956639813  7135
2.303196057420489  7062
2.305351369446624  7832
2.307496037913213  6877
2.3096301674258988  7127
2.311753861055754  7334
2.3138672203691533  7979
2.315970345456918  7458
2.3180633349627615  7477
2.3201462861110542  7908
2.322219294733919  7732
2.3242824552976926  7974
2.326335860928751  7244
2.3283796034387376  8419
2.330413773349191  7329
2.3324384599156054  8363
2.3344537511509307  7658
2.3364597338485296  8177
2.3384564936046046  7384
2.3404441148401185  7680
2.342422680822206  7133
2.3443922736851106  7910
2.346352974450639  8178
2.3483048630481607  8060
2.3502480183341627  7442
2.3521825181113627  7698
2.3541084391474008  7902
2.3560258571931225  7576
2.357934847000454  6977
2.359835482339888  8295
2.361727836017593  7430
2.3636119798921444  7331
2.3654879848909  8434
2.367355921026019  7499
2.369215857410143  8291
2.3710678622717363  7244
2.3729120029701067  7281
2.374748346010104  7545
2.376576957056512  7214
2.3783979009481375  7459
2.380211241711606  7454
2.3820170425748683  8245
2.383815365980431  7558
2.385606273598312  8236
2.387389826338729  7467
2.3891660843645326  7691
2.3909351071033793  7932
2.392696953259666  7526
2.3944516808262164  8115
2.3961993470957363  7596
2.3979400086720375  7469
2.399673721481038  7155
2.401400540781544  7975
2.403120521175818  7331
2.404833716619938  8072
2.406540180433955  7557
2.4082399653118496  7592
2.4099331233312946  7745
2.41161970596323  7058
2.413299764081252  7485
2.4149733479708178  7088
2.416640507338281  6969
2.4183012913197452  7023
2.419955748489758  7626
2.4216039268698313  7255
2.423245873936808  7349
2.424881636631067  7442
2.4265112613645754  7884
2.428134794028789  7748
2.429752280002408  7269
2.4313637641589874  7952
2.432969290874406  7067
2.4345689040341987  7445
2.436162647040756  7582
2.437750562820388  7711
2.439332693830263  7513
2.4409090820652177  7484
2.4424797690644486  7387
2.444044795918076  7949
2.4456042032735974  7419
2.4471580313422194  7607
2.44870631990508  7610
2.450249108319361  7102
2.45178643552429  8042
2.4533183400470375  7811
2.45484486000851  7850
2.456366033129043  8227
2.4578818967339924  7434
2.459392487759231  7416
2.4608978427565478  7585
2.462397997898956  7523
2.4638929889859074  7438
2.4653828514484184  7850
2.4668676203541096  7419
2.4683473304121573  7626
2.469822015978163  7805
2.4712917110589387  7683
2.4727564493172123  7630
2.4742162640762553  7780
2.4756711883244296  7280
2.4771212547196626  7458
2.4785664955938436  7244
2.4800069429571505  7911
2.481442628502305  7510
2.482873583608754  7899
2.484299839346786  7926
2.48572142648158  7855
2.4871383754771865  7441
2.4885507165004443  7416
2.4899584794248346  7387
2.4913616938342726  7104
2.4927603890268375  7783
2.494154594018443  7956
2.4955443375464483  7107
2.496929648073215  7558
2.4983105537896004  8066
2.499687082618404  7668
2.5010592622177517  7253
2.5024271199844326  7066
2.503790683057181  7615
2.505149978319906  7725
2.506505032404872  7411
2.507855871695831  7320
2.509202522331103  8052
2.510545010206612  7978
2.5118833609788744  7910
2.513217600067939  7320
2.514547752660286  8005
2.515873843711679  7333
2.5171958979499744  7614
2.5185139398778875  7554
2.519827993775719  7936
2.5211380837040362  7191
2.5224442335063197  7097
2.5237464668115646  7531
2.525044807036845  8157
2.526339277389844  8084
2.5276299008713385  6889
2.5289167002776547  7853
2.530199698203082  7324
2.531478917042255  8136
2.5327543789924976  7496
2.534026106056135  7967
2.5352941200427703  6976
2.53655844257153  7333
2.537819095073274  7613
2.5390760987927767  7564
2.5403294747908736  7593
2.5415792439465807  7625
2.5428254269591797  7932
2.5440680443502757  7662
2.545307116465824  7675
2.546542663478131  7887
2.5477747053878224  8072
2.5490032620257876  7574
2.550228353055094  8223
2.5514499979728753  7604
2.552668216112193  7680
2.5538830266438746  7253
2.5550944485783194  7211
2.5563025007672873  7224
2.5575072019056577  7563
2.558708570533166  8512
2.5599066250361124  7820
2.561101383649056  6874
2.5622928644564746  8441
2.5634810853944106  7743
2.5646660642520893  7576
2.5658478186735176  7057
2.56702636615906  7514
2.568201724066995  7658
2.569373909615046  7813
2.5705429398818973  7826
2.571708831808688  6828
2.5728716022004803  7272
2.574031267727719  7994
2.575187844927661  8317
2.576341350205793  7907
2.5774917998372255  8052
2.578639209968072  8425
2.57978359661681  7962
2.5809249756756194  7622
2.582063362911709  8009
2.583198773968623  7069
2.584331224367531  7230
2.5854607295085006  7603
2.586587304671755  7859
2.5877109650189114  7632
2.5888317255942073  7060
2.5899496013257077  7326
2.591064607026499  7759
2.5921767573958667  7768
2.593286067020457  7784
2.5943925503754266  7867
2.595496221825574  7522
2.59659709562646  7874
2.597695185925512  7792
2.598790506763115  8335
2.5998830720736876  7607
2.6009728956867484  8044
2.6020599913279625  7443
2.603144372620182  8202
2.60422605308447  8205
2.6053050461411096  7216
2.606381365110605  7544
2.6074550232146687  7791
2.6085260335771943  8251
2.60959440922522  7444
2.61066016308988  7248
2.611723308007342  7543
2.6127838567197355  8353
2.6138418218760693  7127
2.6148972160331345  8242
2.615950051656401  7684
2.617000341120899  7724
2.6180480967120925  7615
2.6190933306267428  7836
2.6201360549737576  7634
2.621176281775035  7674
2.622214022966295  8214
2.6232492903979003  7853
2.6242820958356683  7520
2.625312450961674  7931
2.6263403673750423  7178
2.6273658565927325  8086
2.6283889300503116  7261
2.629409599102719  7377
2.630427875025024  7625
2.6314437690131722  7682
2.6324572921847245  8049
2.6334684555795866  7956
2.6344772701607315  7841
2.635483746814912  7473
2.6364878963533656  7558
2.637489729512511  8436
2.6384892569546374  7439
2.639486489268586  8201
2.640481436970422  7457
2.6414741105040997  7131
2.6424645202421213  7480
2.6434526764861874  7783
2.6444385894678386  7613
2.645422269349092  7793
2.6464037262230695  6965
2.6473829701146196  7347
2.6483600109809315  7405
2.649334858712142  8218
2.6503075231319366  7978
2.651278013998144  7361
2.6522463410033232  8305
2.6532125137753435  7348
2.6541765418779604  7738
2.655138434811382  7702
2.656098202012832  7610
2.6570558528571038  7251
2.6580113966571126  7134
2.658964842664435  7335
2.6599162000698504  7710
2.660865478003869  7313
2.661812685537261  8149
2.662757831681574  7699
2.663700925389648  7555
2.6646419755561257  8105
2.6655809910179533  7974
2.6665179805548807  7863
2.667452952889954  7201
2.66838591669  7501
2.6693168805661123  7547
2.670245853074124  7590
2.6711728427150834  7168
2.6720978579357175  7480
2.673020907128896  7601
2.673941998634088  7878
2.6748611407378116  7832
2.6757783416740852  7501
2.6766936096248664  7496
2.677606952720493  7435
2.678518379040114  8063
2.6794278966121188  7776
2.680335513414563  7531
2.681241237375587  7607
2.682145076373832  8076
2.6830470382388496  7245
2.683947130751512  7886
2.6848453616444123  7635
2.6857417386022635  7354
2.6866362692622934  7757
2.6875289612146345  7797
2.6884198220027105  8119
2.6893088591236203  7756
2.690196080028514  8010
2.6910814921229687  7794
2.69196510276736  7603
2.69284691927723  7459
2.693726948923647  7225
2.694605198933569  7651
2.6954816764901977  7314
2.696356388733332  7473
2.6972293427597176  7960
2.6981005456233897  7683
2.6989700043360187  7698
2.699837725867246  7075
2.7007037171450192  7801
2.7015679850559273  7307
2.7024305364455254  7822
2.7032913781186614  7677
2.7041505168397992  7627
2.705007959333336  7118
2.7058637122839193  7702
2.7067177823367587  7559
2.7075701760979363  7276
2.708420900134713  6929
2.709269960975831  8149
2.7101173651118162  8015
2.710963118995276  8118
2.711807229041191  7331
2.7126497016272113  7579
2.7134905430939424  6986
2.714329759745233  7630
2.7151673578484576  7556
2.716003343634799  7956
2.7168377232995247  8274
2.717670503002262  8541
2.718501688867274  8867
2.7193312869837265  7543
2.720159303405957  8287
2.7209857441537393  7942
2.7218106152125467  7102
2.722633922533812  7799
2.7234556720351857  8177
2.724275869600789  7525
2.725094521081469  7398
2.7259116322950483  7883
2.7267272090265724  7636
2.727541257028556  7622
2.7283537820212285  7765
2.72916478969277  8221
2.7299742856995555  7446
2.7307822756663893  7582
2.7315887651867388  7715
2.7323937598229686  8058
2.7331972651065692  8116
2.733999286538387  7662
2.734799829588847  7210
2.73559889969818  7397
2.7363965022766426  7323
2.7371926427047373  6841
2.737987326333431  7569
2.738780558484369  7927
2.739572344450092  7003
2.7403626894942437  8138
2.741151598851785  7721
2.741939077729199  7628
2.7427251313046983  6819
2.74350976472843  7748
2.7442929831226763  7729
2.7450747915820575  8355
2.745855195173729  7272
2.7466341989375787  8094
2.747411807886423  7634
2.7481880270062002  8214
2.7489628612561616  7453
2.749736315569061  8190
2.7505083948513462  8020
2.751279103983342  6970
2.7520484478194387  7611
2.7528164311882715  7481
2.7535830588929064  8304
2.754348335711019  7386
2.7551122663950713  7452
2.7558748556724915  7601
2.756636108245848  7394
2.7573960287930244  8398
2.75815462196739  8082
2.7589118923979736  7318
2.7596678446896306  7950
2.760422483423212  7767
2.7611758131557314  7725
2.761927838420529  7000
2.762678563727436  7624
2.7634279935629373  7512
2.7641761323903307  7559
2.7649229846498886  7718
2.765668554759014  7359
2.7664128471123997  7629
2.7671558660821804  7122
2.767897616018091  8493
2.7686381012476144  7302
2.7693773260761385  7823
2.7701152947871015  7739
2.7708520116421442  8214
2.7715874808812555  8165
2.77232170672292  8136
2.7730546933642626  7722
2.7737864449811935  7482
2.7745169657285498  7477
2.7752462597402365  7126
2.775974331129369  7217
2.776701183988411  7656
2.7774268223893115  7546
2.7781512503836434  8085
2.7788744720027396  6709
2.7795964912578244  7352
2.780317312140151  6845
2.7810369386211318  7473
2.781755374652469  8010
2.782472624166286  7760
2.7831886910752575  7574
2.783903579272735  7234
2.784617292632875  7673
2.785329835010767  7320
2.786041210242554  7775
2.7867514221455614  7803
2.787460474518415  7945
2.788168371141168  7632
2.788875115775417  7385
2.7895807121644256  8182
2.7902851640332416  8181
2.790988475088816  7894
2.791690649020118  8139
2.792391689498254  7472
2.79309160017658  7992
2.7937903846908188  8199
2.7944880466591697  7538
2.795184589682424  7750
2.7958800173440754  7737
2.7965743332104296  7790
2.7972675408307164  7817
2.797959643737196  7692
2.798650645445269  7508
2.7993405494535817  8300
2.8000293592441343  6839
2.800717078282385  8110
2.801403710017355  7082
2.802089257881733  7244
2.8027737252919755  7750
2.803457115648414  7401
2.8041394323353503  7980
2.8048206787211623  7222
2.8055008581584002  6851
2.806179973983887  7851
2.8068580295188172  7433
2.807535028068853  7879
2.808210972924222  6975
2.808885867359812  7894
2.8095597146352675  7369
2.8102325179950842  7380
2.8109042806687006  7098
2.8115750058705933  7301
2.812244696800369  8132
2.8129133566428557  7388
2.813580988568192  7907
2.81424759573192  7925
2.814913181275074  7626
2.815577748324267  6589
2.816241299991783  7413
2.8169038393756605  8046
2.8175653695597807  7728
2.8182258936139557  7318
2.8188854145940097  7250
2.8195439355418688  7264
2.82020145948564  7406
2.8208579894397  7808
2.821513528404773  7723
2.8221680793680175  8290
2.8228216453031045  7600
2.823474229170301  7773
2.824125833916549  7839
2.824776462475546  7086
2.8254261177678233  7520
2.8260748027008264  7411
2.826722520168992  7225
2.8273692730538253  7161
2.828015064223977  7966
2.82865989653532  7998
2.829303772831025  7674
2.829946695941636  7953
2.8305886686851442  7815
2.8312296938670634  7196
2.8318697742805017  6810
2.832508912706236  7925
2.833147111912785  7059
2.833784374656479  7414
2.8344207036815328  7923
2.835056101720116  7711
2.8356905714924254  7962
2.8363241157067516  8207
2.8369567370595505  7181
2.837588438235511  7240
2.8382192219076257  6905
2.838849090737255  8569
2.8394780473741985  7949
2.840106094456758  7711
2.8407332346118066  8581
2.841359470454855  8208
2.8419848045901137  7617
2.842609239610562  7792
2.8432327780980096  7969
2.843855422623161  7075
2.8444771757456815  8106
2.845098040014257  7812
2.8457180179666586  7681
2.846337112129805  8059
2.846955325019824  7225
2.847572659142112  7986
2.848189116991399  7653
2.8488047010518036  7989
2.8494194137968996  8019
2.850033257689769  7384
2.8506462351830666  8252
2.8512583487190755  8158
2.851869600729766  7120
2.8524799936368566  7712
2.8530895298518657  7844
2.8536982117761744  7914
2.8543060418010806  7605
2.8549130223078554  7237
2.8555191556678  8176
2.8561244442423  7664
2.8567288903828825  7071
2.8573324964312685  7550
2.857935264719429  7461
2.858537197569639  7770
2.859138297294531  7734
2.859738566197147  8162
2.8603380065709936  7379
2.8609366207000937  7607
2.8615344108590377  7981
2.862131379313037  8193
2.8627275283179747  7481
2.863322860120456  7555
2.8639173769578603  8043
2.864511081058392  7473
2.8651039746411278  7804
2.8656960599160706  7089
2.8662873390841948  7414
2.866877814337499  7743
2.8674674878590514  7571
2.8680563618230415  8780
2.8686444383948255  7883
2.8692317197309762  7716
2.869818207979328  7534
2.870403905279027  8144
2.8709888137605755  7731
2.8715729355458786  8217
2.8721562727482928  6868
2.8727388274726686  7341
2.873320601815399  7438
2.8739015978644615  7936
2.8744818176994666  7338
2.8750612633917  7275
2.8756399370041685  7590
2.876217840591642  6946
2.8767949762007006  7787
2.877371345869774  7797
2.8779469516291885  7454
2.8785217955012063  7822
2.8790958795000727  7785
2.8796692056320534  7568
2.88024177589548  7427
2.8808135922807914  7275
2.8813846567705728  7921
2.8819549713396007  7369
2.8825245379548803  7526
2.8830933585756897  7592
2.8836614351536176  7787
2.884228769632604  7289
2.884795363948981  7429
2.885361220031512  7535
2.885926339801431  7858
2.886490725172482  7198
2.8870543780509568  7222
2.887617300335736  8122
2.888179493918325  7114
2.8887409606828927  7196
2.88930170250631  7322
2.8898617212581885  7551
2.890421018800914  7885
2.890979596989689  8618
2.8915374576725643  7873
2.8920946026904804  7226
2.8926510338773004  8024
2.893206753059848  8503
2.8937617620579434  8188
2.8943160626844384  7547
2.8948696567452528  6959
2.895422546039408  8582
2.8959747323590648  7850
2.8965262174895554  7856
2.89707700320942  6735
2.8976270912904414  8086
2.8981764834976764  6759
2.8987251815894934  7808
2.8992731873176036  7244
2.8998205024270964  7264
2.9003671286564705  7189
2.900913067737669  7455
2.9014583213961123  7262
2.9020028913507296  7270
2.902546779313991  8451
2.9030899869919438  7074
2.9036325160842376  8259
2.9041743682841634  8126
2.904715545278681  7597
2.905256048748451  7940
2.9057958803678687  7750
2.906335041805091  7361
2.90687353472207  7911
2.907411360774586  7621
2.9079485216122722  7129
2.90848501887865  7452
2.909020854211156  7681
2.9095560292411755  6650
2.910090545594068  7259
2.910624404889201  8554
2.9111576087399764  7878
2.9116901587538613  8602
2.9122220565324155  7351
2.912753303671323  7544
2.9132839017604186  8411
2.9138138523837167  7035
2.9143431571194407  7605
2.9148718175400505  6778
2.91539983521227  7698
2.9159272116971158  7908
2.916453948549925  7815
2.9169800473203824  7848
2.9175055095525466  7331
2.9180303367848803  8127
2.9185545305502734  7554
2.9190780923760737  7823
2.919601023784111  7361
2.920123326290724  8433
2.9206450014067875  7472
2.921166050637739  7576
2.921686475483602  7807
2.9222062774390163  7498
2.92272545799326  7354
2.9232440186302764  7521
2.9237619608287004  8045
2.9242792860618816  7800
2.924795995797912  7779
2.9253120914996495  8036
2.9258275746247424  7743
2.926342446625655  7245
2.926856708949692  7764
2.9273703630390235  7083
2.9278834103307068  7809
2.9283958522567137  7881
2.928907690243953  7707
2.929418925714293  7834
2.929929560084588  7475
2.9304395947667  7590
2.930949031167523  8142
2.931457870689005  7641
2.931966114728173  7769
2.932473764677153  7646
2.932980821923198  7821
2.9334872878487053  7052
2.9339931638312424  7940
2.934498451243568  7531
2.935003151453655  8031
2.9355072658247128  7498
2.9360107957152097  7976
2.936513742478893  8379
2.9370161074648142  7636
2.937517892017347  7983
2.9380190974762104  7628
2.938519725176492  7324
2.9390197764486663  7401
2.9395192526186187  7188
2.9400181550076634  7822
2.940516484932567  7759
2.9410142437055695  7770
2.941511432634403  7839
2.942008053022313  7703
2.9425041061680806  6936
2.9429995933660407  7869
2.9434945159061026  7423
2.9439888750737717  7454
2.9444826721501687  7184
2.9449759084120477  7845
2.94546858513182  8011
2.9459607035775686  7268
2.946452265013073  8166
2.9469432706978256  7550
2.9474337218870508  7069
2.9479236198317262  7477
2.948412965778601  7609
2.9489017609702137  7037
2.949390006644913  7690
2.949877704036875  7546
2.950364854376123  8324
2.9508514588885464  7573
2.951337518795918  7856
2.951823035315912  7257
2.9523080096621253  7664
2.952792443044092  7900
2.9532763366673045  7875
2.9537596917332287  7286
2.9542425094393248  8263
2.954724790979063  7560
2.9552065375419416  7781
2.9556877503135057  7328
2.9561684304753633  8298
2.9566485792052033  7903
2.957128197676813  7478
2.957607287060095  7327
2.958085848521085  7944
2.9585638832219674  7522
2.9590413923210934  7529
2.9595183769729982  7092
2.959994838328416  7564
2.960470777534299  8116
2.960946195733831  7790
2.9614210940664485  7527
2.9618954736678504  7726
2.962369335670021  7163
2.9628426812012423  8315
2.9633155113861114  8198
2.963787827345555  7287
2.964259630196849  7797
2.9647309210536292  7571
2.965201701025912  7866
2.9656719712201065  7458
2.9661417327390325  7179
2.966610986681934  8284
2.967079734144497  7719
2.967547976218862  7513
2.968015713993642  7460
2.9684829485539352  7557
2.9689496809813427  7678
2.9694159123539814  8342
2.9698816437465  7893
2.9703468762300935  7143
2.9708116108725178  7845
2.971275848738105  7622
2.971739590887778  7887
2.9722028383790646  7507
2.972665592266111  7493
2.9731278535996988  7725
2.973589623427257  8344
2.9740509027928774  6879
2.9745116927373285  8228
2.974971994298069  7353
2.975431808509263  8470
2.975891136401793  7996
2.9763499790032735  7971
2.976808337338066  7273
2.977266212427293  7143
2.9777236052888476  7531
2.978180516937414  7842
2.9786369483844743  7538
2.979092900638326  8089
2.979548374704095  7845
2.9800033715837464  8201
2.9804578922761  7172
2.9809119377768436  8227
2.9813655090785445  7119
2.9818186071706636  7472
2.9822712330395684  7598
2.9827233876685453  7086
2.983175072037813  7531
2.9836262871245345  7711
2.984077033902831  7111
2.9845273133437926  8159
2.9849771264154934  7537
2.9854264740830017  7672
2.9858753573083936  7726
2.986323777050765  7792
2.9867717342662448  7816
2.9872192299080047  8097
2.9876662649262746  7744
2.988112840268352  7352
2.9885589568786157  8401
2.989004615698537  7689
2.9894498176666917  7919
2.989894563718773  7348
2.9903388547876015  7007
2.9907826918031377  7452
2.9912260756924947  8083
2.9916690073799486  7780
2.9921114877869495  7700
2.9925535178321354  7791
2.9929950984313414  7614
2.9934362304976116  7554
2.993876914941211  6864
2.9943171526696366  7612
2.9947569445876283  8758
2.9951962915971793  7098
2.99563519459755  7156
2.9960736544852753  8768
2.9965116721541785  7541
2.996949248495381  7067
2.997386384397313  7698
2.9978230807457256  7879
2.998259338423699  7802
2.998695158311656  8117
2.999130541287371  7069
2.9995654882259823  6978
3.0  7459
3.000434077479319  7696
3.0008677215312267  7920
3.0013009330204183  8198
3.0017337128090005  7848
3.002166061756508  7507
3.0025979807199086  7370
3.003029470553618  7630
3.0034605321095067  7756
3.0038911662369103  7734
3.0043213737826426  6822
3.004751155591001  7518
3.0051805125037805  7622
3.0056094453602804  7038
3.0060379549973173  7892
3.0064660422492318  7985
3.0068937079479006  7348
3.0073209529227447  7165
3.00774777800074  7645
3.0081741840064264  7486
3.0086001717619175  7445
3.0090257420869104  7877
3.009450895798694  7822
3.00987563371216  7233
3.010299956639812  8324
3.010723865391773  7405
3.0111473607757975  7202
3.0115704435972783  7341
3.011993114659257  7356
3.012415374762433  7590
3.012837224705172  7569
3.0132586652835167  7443
3.0136796972911926  7981
3.0141003215196207  8372
3.0145205387579237  8283
3.0149403497929366  8511
3.0153597554092144  8234
3.015778756389041  8024
3.016197353512439  8345
3.016615547557177  7681
3.0170333392987803  8046
3.017450729510536  7947
3.0178677189635055  7808
3.018284308426531  7243
3.0187004986662433  7754
3.019116290447073  7510
3.0195316845312554  7557
3.0199466816788423  7465
3.0203612826477078  7116
3.020775488193558  7723
3.0211892990699383  7233
3.021602716028242  7907
3.02201573981772  7157
3.0224283711854865  8097
3.022840610876528  7320
3.0232524596337114  8009
3.0236639181977933  7872
3.024074987307426  7041
3.024485667699167  7774
3.024895960107485  8181
3.0253058652647704  7929
3.025715383901341  7534
3.0261245167454502  7225
3.0265332645232967  6927
3.0269416279590295  7914
3.0273496077747564  7450
3.0277572046905536  7549
3.0281644194244697  7434
3.0285712526925375  7702
3.028977705208778  8016
3.0293837776852097  7727
3.029789470831856  7518
3.030194785356751  7576
3.030599721965951  7592
3.0310042813635367  7282
3.031408464251624  7272
3.0318122713303706  7266
3.0322157032979815  7671
3.03261876085072  7791
3.0330214446829107  8029
3.03342375548695  7949
3.03382569395331  7364
3.0342272607705505  7390
3.0346284566253203  8286
3.0350292822023683  7552
3.0354297381845483  7634
3.035829825252828  7234
3.0362295440862948  7280
3.036628895362161  7778
3.037027879755775  7951
3.037426497940624  7701
3.037824750588342  7491
3.0382226383687185  7554
3.038620161949703  7237
3.039017321997412  7658
3.0394141191761372  7426
3.0398105541483504  7489
3.0402066275747113  7908
3.040602340114073  7437
3.0409976924234905  8371
3.041392685158225  7398
3.041787318971752  7734
3.042181594515766  7875
3.0425755124401905  7681
3.0429690733931802  8154
3.0433622780211294  7381
3.0437551269686796  7897
3.044147620878723  7884
3.044539760392411  7582
3.04493154614916  7570
3.0453229787866576  7697
3.0457140589408676  6773
3.0461047872460387  6787
3.0464951643347082  7447
3.04688519083771  7919
3.0472748673841794  8277
3.04766419460156  7282
3.048053173115609  7576
3.0484418035504044  7345
3.04883008652835  7589
3.0492180226701815  7628
3.049605612594973  7496
3.0499928569201424  7577
3.050379756261458  7492
3.0507663112330423  7304
3.0511525224473814  6927
3.0515383905153275  8151
3.0519239160461065  8015
3.0523090996473234  7786
3.052693941924968  8117
3.0530784434834195  8313
3.053462604925455  7838
3.0538464268522527  7014
3.0542299098633974  7805
3.0546130545568877  7560
3.0549958615291417  7514
3.055378331375  7239
3.0557604646877348  7512
3.056142262059052  8043
3.0565237240791006  7244
3.0569048513364727  7701
3.0572856444182146  7208
3.0576661039098294  7718
3.0580462303952816  7347
3.058426024457005  7649
3.0588054866759067  7536
3.059184617631371  7218
3.0595634179012676  7858
3.059941888061955  7618
3.060320028688285  8100
3.060697840353612  7839
3.0610753236297916  7893
3.061452479087193  6934
3.061829307294699  7554
3.0622058088197126  7716
3.062581984228163  7394
3.0629578340845103  8264
3.0633333589517497  7581
3.0637085593914173  7615
3.064083435963596  7929
3.0644579892269186  8290
3.064832219738574  7013
3.065206128054312  8064
3.0655797147284485  7935
3.06595298031387  7308
3.0663259253620376  7641
3.0666985504229953  7627
3.0670708560453703  7596
3.0674428427763805  6626
3.0678145111618402  7008
3.0681858617461617  7933
3.068556895072363  7271
3.068927611682072  7824
3.0692980121155293  8151
3.0696680969115957  7545
3.070037866607755  7486
3.0704073217401198  8017
3.0707764628434346  7809
3.0711452904510828  8021
3.071513805095089  7576
3.0718820073061255  8374
3.072249897613515  8186
3.0726174765452368  7567
3.0729847446279304  7853
3.073351702386901  7631
3.0737183503461227  7771
3.074084689028244  6940
3.074450718954591  7707
3.074816440645175  7684
3.0751818546186915  7422
3.0755469613925306  7918
3.0759117614827773  7814
3.076276255404218  7607
3.076640443670342  8032
3.0770043267933502  7787
3.0773679052841563  7992
3.077731179652392  7341
3.0780941504064105  7680
3.0784568180532927  7104
3.0788191830988487  7202
3.0791812460476247  7607
3.079543007402906  7255
3.079904467666721  8208
3.0802656273398448  7605
3.0806264869218056  7343
3.080987046910887  8186
3.0813473078041325  7176
3.081707270097349  7693
3.082066934285113  7123
3.0824263008607717  8045
3.0827853703164503  8107
3.0831441431430524  7680
3.0835026198302673  7025
3.083860800866573  7965
3.0842186867392387  7665
3.084576277934331  8122
3.084933574936716  7004
3.085290578230065  7207
3.0856472882968564  7586
3.0860037056183818  7284
3.0863598306747484  7970
3.0867156639448825  7177
3.0870712059065353  7746
3.0874264570362855  7358
3.087781417809542  7283
3.0881360887005513  7961
3.0884904701823963  7652
3.088844562727004  7668
3.089198366805149  7293
3.089551882886454  7719
3.089905111439398  7934
3.090258052931316  8182
3.090610707828407  7204
3.0909630765957314  7849
3.091315159697223  7711
3.0916669575956846  6892
3.092018470752797  7590
3.0923696996291206  7722
3.0927206446840994  7583
3.0930713063760633  7575
3.093421685162235  7341
3.09377178149873  7819
3.0941215958405612  7498
3.094471128641645  8343
3.0948203803548  7548
3.095169351431755  7310
3.095518042323151  7105
3.0958664534785427  7304
3.0962145853464054  7522
3.0965624383741357  7704
3.0969100130080562  8064
3.09725730969342  7618
3.097604328874411  7887
3.09795107099415  7702
3.0982975364946976  7272
3.098643725817057  8118
3.0989896394011773  7955
3.0993352776859577  7141
3.09968064110925  7899
3.1000257301078626  7669
3.100370545117563  7023
3.1007150865730817  7500
3.1010593549081156  8522
3.101403350555331  8264
3.1017470739463664  7380
3.1020905255118367  7000
3.1024337056813365  8034
3.1027766148834415  7372
3.1031192535457137  7163
3.103461622094705  7226
3.103803720955957  7561
3.104145550554008  7611
3.104487111312395  7714
3.1048284036536553  7974
3.1051694279993316  7714
3.1055101847699738  7325
3.1058506743851435  7641
3.1061908972634154  8319
3.1065308538223815  7104
3.106870544478654  7678
3.1072099696478683  7178
3.1075491297446862  8040
3.1078880251827985  8118
3.1082266563749283  7092
3.1085650237328344  7855
3.1089031276673134  7623
3.109240968588203  7616
3.1095785469043866  7284
3.1099158630237933  7298
3.110252917353403  7199
3.110589710299249  7315
3.1109262422664203  7548
3.1112625136590655  7182
3.111598524880394  7391
3.1119342763326814  7553
3.1122697684172707  8154
3.1126050015345745  7143
3.11293997608408  7006
3.1132746924643504  7442
3.1136091510730277  6794
3.113943352306837  7652
3.1142772965615864  8688
3.114610984232173  6681
3.1149444157125847  7571
3.1152775913959014  7241
3.1156105116742996  7909
3.115943176939055  7429
3.116275587580544  7233
3.1166077439882485  7878
3.116939646550756  6458
3.1172712956557644  8037
3.117602691690084  7354
3.1179338350396413  8020
3.118264726089479  8131
3.118595365223762  8108
3.1189257528257768  7834
3.1192558892779365  7903
3.119585774961784  7471
3.119915410257991  7887
3.1202447955463652  8366
3.12057393120585  7754
3.1209028176145273  8087
3.1212314551496214  7742
3.1215598441875008  7780
3.121887985103681  7493
3.1222158782728267  7749
3.1225435240687545  7816
3.1228709228644354  7536
3.1231980750319988  7759
3.123524980942732  7435
3.123851640967086  7935
3.124178055474675  7056
3.1245042248342823  7137
3.1248301494138593  8127
3.12515582958053  7307
3.125481265700594  7531
3.125806458139527  7708
3.1261314072619846  7897
3.1264561134318045  7219
3.126780577012009  7292
3.1271047983648077  7747
3.127428777851599  7270
3.1277525158329733  7633
3.1280760126687155  8681
3.1283992687178066  8266
3.128722284338427  7666
3.1290450598879582  8017
3.1293675957229854  7956
3.129689892199301  8089
3.1300119496719043  7911
3.130333768495006  7867
3.130655349022031  7301
3.130976691605617  7611
3.131297796597623  7946
3.1316186643491255  7833
3.1319392952104246  7349
3.1322596895310446  7183
3.132579847659737  7828
3.132899769944483  7408
3.1332194567324945  7537
3.1335389083702174  8222
3.133858125203335  7878
3.1341771075767664  7035
3.1344958558346736  7135
3.13481437032046  7561
3.1351326513767748  8217
3.1354506993455136  7303
3.1357685145678222  7753
3.1360860973840974  8007
3.13640344813399  7997
3.1367205671564067  7576
3.1370374547895126  7185
3.137354111370733  7672
3.137670537236755  7444
3.137986732723532  7389
3.1383026981662816  7621
3.1386184338994925  7067
3.1389339402569236  7559
3.139249217571607  7635
3.13956426617585  8082
3.1398790864012365  7522
3.140193678578631  7722
3.1405080430381798  7616
3.1408221801093106  7542
3.141136090120739  7579
3.1414497734004674  7378
3.141763230275788  7463
3.1420764610732848  7846
3.142389466118836  7700
3.1427022457376155  7588
3.143014800254095  7637
3.143327129992046  7489
3.1436392352745433  7760
3.1439511164239633  7517
3.144262773761991  7944
3.144574207609616  8436
3.144885418287142  7286
3.1451964061141817  8122
3.1455071714096627  7216
3.1458177144918276  7300
3.146128035678238  7551
3.1464381352857744  7234
3.14674801363064  7830
3.1470576710283598  7948
3.1473671077937864  7400
3.1476763242410986  7800
3.147985320683805  7471
3.1482940974347455  7078
3.1486026548060932  7667
3.1489109931093564  7884
3.1492191126553797  7657
3.149527013754348  7018
3.149834696715785  7631
3.1501421618485588  8311
3.150449409460881  8551
3.150756439860309  7810
3.15106325335375  7672
3.1513698502474603  6827
3.151676230847048  8040
3.151982395457474  7129
3.1522883443830563  7681
3.15259407792747  6412
3.1528995963937474  7930
3.153204900084284  7385
3.1535099893008374  7894
3.153814864344529  7734
3.154119525515847  7436
3.154423973114647  7627
3.1547282074401557  7663
3.1550322287909704  6917
3.155336037465062  7866
3.1556396337597765  7846
3.1559430179718366  7656
3.1562461903973444  8129
3.1565491513317814  7834
3.156851901070011  7490
3.1571544399062814  7441
3.157456768134226  8191
3.1577588860468637  7456
3.158060793936605  8278
3.1583624920952498  8079
3.1586639808139894  7556
3.15896526038341  7274
3.159266331093494  7467
3.1595671932336202  7650
3.1598678470925665  7237
3.160168292958512  7915
3.1604685311190375  8275
3.1607685618611283  8422
3.1610683854711747  7716
3.161368002234975  6946
3.161667412437736  7307
3.161966616364075  7050
3.1622656142980214  7559
3.162564406523019  7373
3.162862993321926  6758
3.1631613749770184  7713
3.16345955176999  8072
3.163757523981956  7493
3.1640552918934515  7801
3.164352855784437  7774
3.1646502159342966  8193
3.1649473726218416  7735
3.1652443261253107  7972
3.165541076722373  6999
3.1658376246901283  7486
3.166133970305109  7444
3.166430113843283  7622
3.166726055580052  8182
3.1670217957902564  7559
3.167317334748176  7519
3.16761267272753  8215
3.16790781000148  6952
3.168202746842631  7030
3.1684974835230326  8102
3.1687920203141817  7087
3.1690863574870227  7477
3.1693804953119495  7634
3.1696744340588068  7061
3.1699681739968923  7293
3.1702617153949575  7569
3.1705550585212086  7583
3.170848203643309  7292
3.1711411510283822  7443
3.171433900943008  6927
3.171726453653231  8253
3.1720188094245563  7287
3.172310968521954  7485
3.17260293120986  7234
3.1728946977521764  7884
3.173186268412274  7159
3.1734776434529945  8051
3.17376882313665  7552
3.1740598077250253  8176
3.1743505974793798  7758
3.1746411926604483  7477
3.1749315935284423  7684
3.1752218003430523  8499
3.1755118133634475  7466
3.1758016328482794  7266
3.1760912590556813  6910
3.1763806922432702  8116
3.17666993266815  7864
3.176958980586908  7935
3.1772478362556233  7827
3.1775364999298623  8238
3.177824971864682  7554
3.1781132523146316  7877
3.178401341533755  7507
3.17868923977559  7797
3.1789769472931693  7648
3.1792644643390253  7524
3.1795517911651876  7571
3.179838928023187  7455
3.180125875164054  7365
3.180412632838324  7732
3.1806992012960347  7059
3.1809855807867304  7747
3.1812717715594614  7477
3.1815577738627865  7171
3.1818435879447726  7655
3.182129214052998  7315
3.182414652434554  8381
3.1826999033360424  7712
3.182984967003582  6986
3.1832698436828046  8044
3.1835545336188615  8065
3.1838390370564214  8262
3.184123354239671  8121
3.1844074854123203  7833
3.184691430817599  7483
3.184975190698261  7998
3.185258765296585  7751
3.185542154854375  7369
3.185825359612962  8060
3.1861083798132053  7845
3.186391215695493  8053
3.1866738674997452  7748
3.1869563354654122  7447
3.187238619831479  7973
3.187520720836463  6982
3.1878026387184195  8536
3.188084373714938  7598
3.188365926063148  7175
3.188647295999717  7741
3.1889284837608534  7028
3.189209489582306  7539
3.1894903136993675  7970
3.189770956346874  7659
3.190051417759206  7084
3.1903316981702914  7808
3.190611797813605  6745
3.1908917169221698  7803
3.1911714557285586  7662
3.1914510144648953  7900
3.1917303933628562  7786
3.1920095926536702  7654
3.1922886125681202  8071
3.1925674533365456  7748
3.192846115188842  7630
3.1931245983544616  8077
3.1934029030624176  8192
3.1936810295412816  7552
3.193958978019187  7438
3.1942367487238292  7384
3.194514341882467  8498
3.1947917577219247  7420
3.1950689964685903  7761
3.1953460583484197  7764
3.1956229435869368  8632
3.1958996524092336  7747
3.1961761850399735  7849
3.196452541703389  7921
3.196728722623287  8153
3.1970047280230456  7686
3.197280558125619  7253
3.1975562131535367  7712
3.197831693328903  7660
3.1981069988734014  7356
3.1983821300082944  8058
3.1986570869544226  7465
3.198931869932209  7144
3.1992064791616577  7653
3.199480914862356  7792
3.1997551772534747  7752
3.2000292665537704  8332
3.200303182981585  7521
3.2005769267548483  7394
3.2008504980910772  7427
3.2011238972073794  7401
3.2013971243204513  7815
3.2016701796465816  7523
3.20194306340165  7772
3.2022157758011316  8146
3.2024883170600935  7026
3.2027606873931997  6951
3.2030328870147105  7958
3.203304916138483  7431
3.2035767749779724  7484
3.2038484637462346  7747
3.2041199826559246  7385
3.2043913319193  7909
3.204662511748219  7353
3.204933522354145  8074
3.2052043639481447  7644
3.205475036740891  7225
3.205745540942662  7837
3.2060158767633444  7413
3.2062860444124324  7212
3.2065560440990297  7911
3.2068258760318495  7642
3.207095540419218  8160
3.2073650374690716  7731
3.2076343673889616  7011
3.2079035303860515  7783
3.2081725266671217  7495
3.208441356438567  7115
3.208710019906401  7784
3.2089785172762535  7186
3.2092468487533736  7643
3.2095150145426308  7098
3.209783014848515  7012
3.2100508498751372  8101
3.210318519826232  7013
3.2105860249051563  7347
3.210853365314893  7591
3.2111205412580492  7631
3.2113875529368587  7731
3.2116544005531824  7306
3.2119210843085093  6955
3.2121876044039577  7576
3.212453961040276  7721
3.2127201544178425  7236
3.212986184736668  7450
3.2132520521963968  8018
3.2135177569963047  7240
3.2137832993353044  7582
3.2140486794119414  7772
3.2143138974244  7876
3.214578953570499  7785
3.214843848047698  7694
3.215108581053093  7812
3.215373152783422  7701
3.215637563435062  7782
3.215901813204032  7280
3.216165902285993  7720
3.216429830876251  7392
3.2166935991697545  7635
3.216957207361097  7392
3.217220655644519  7749
3.2174839442139063  7213
3.2177470732627937  7612
3.218010042984363  7168
3.2182728535714475  7747
3.218535505216528  8497
3.2187979981117376  7828
3.219060332448861  8430
3.219322508419337  7809
3.2195845262142546  8202
3.219846386024361  7573
3.220108088040055  8238
3.2203696324513946  7846
3.220631019448092  7699
3.2208922492195193  7662
3.2211533219547053  7640
3.2214142378423385  7501
3.2216749970707688  7677
3.2219355998280053  7569
3.22219604630172  7326
3.222456336679247  7709
3.2227164711475833  7757
3.2229764498933915  7008
3.2232362731029975  7344
3.2234959409623944  7871
3.2237554536572413  7089
3.224014811372864  7888
3.2242740142942576  7701
3.2245330626060857  7614
3.2247919564926817  7530
3.225050696138049  7687
3.225309281725863  8145
3.225567713439471  7752
3.2258259914618934  7768
3.226084115975824  7817
3.226342087163631  7882
3.2265999052073573  7300
3.2268575702887237  8040
3.2271150825891253  7661
3.2273724422896364  7353
3.227629649571009  8056
3.2278867046136734  7739
3.2281436075977417  8423
3.228400358703005  7526
3.2286569581089353  7833
3.228913405994688  8063
3.229169702539101  7695
3.229425847920695  7571
3.229681842317676  7686
3.229937685907934  7243
3.230193378869046  8177
3.230448921378274  7384
3.230704313612569  7481
3.230959555748569  7890
3.231214647962601  7575
3.2314695904306814  7975
3.2317243833285163  7675
3.231979026831504  8663
3.2322335211147335  7298
3.232487866352986  7545
3.232742062720737  7427
3.2329961103921536  8214
3.2332500095411003  7189
3.2335037603411343  8170
3.2337573629655103  7211
3.2340108175871793  7793
3.2342641243787895  7565
3.2345172835126865  8049
3.2347702951609163  7817
3.2350231594952237  7331
3.2352758766870524  7691
3.2355284469075487  7766
3.2357808703275603  7168
3.236033147117636  7032
3.2362852774480286  7988
3.236537261488694  7854
3.2367890994092927  7534
3.237040791379191  8271
3.237292337567459  8175
3.2375437381428744  7279
3.2377949932739227  7739
3.2380461031287955  7245
3.238297067875394  7290
3.2385478876813276  7806
3.238798562713917  7589
3.2390490931401916  7397
3.2392994791268923  8228
3.239549720840473  8025
3.2397998184470986  7711
3.2400497721126476  7123
3.2402995820027125  7761
3.2405492482826  7141
3.240798771117331  7339
3.241048150671644  7941
3.2412973871099933  8411
3.2415464805965484  7974
3.241795431295199  7707
3.2420442393695508  7247
3.2422929049829308  7837
3.2425414282983844  7443
3.2427898094786767  8280
3.2430380486862944  8151
3.243286146083446  7559
3.243534101832062  7163
3.243781916093795  7273
3.244029589030022  7544
3.244277120801843  7587
3.244524511570084  8034
3.244771761495295  7586
3.245018870737753  7466
3.245265839457461  7665
3.24551266781415  8047
3.245759355967277  7924
3.246005904076029  7648
3.246252312299322  6972
3.246498580795801  7290
3.2467447097238415  7656
3.24699069924155  7280
3.247236549506764  8448
3.2474822606770544  7744
3.2477278329097232  7645
3.247973266361807  7601
3.248218561190075  7346
3.248463717551032  7992
3.2487087356009177  7804
3.2489536154957075  7107
3.249198357391113  7679
3.249442961442582  7741
3.2496874278053016  7405
3.249931756634195  7712
3.250175948083925  7248
3.250420002308894  7567
3.2506639194632436  7303
3.250907699700856  7257
3.2511513431753545  8238
3.2513948500401044  7232
3.251638220448212  7939
3.2518814545525276  7615
3.252124552505644  7635
3.2523675144598987  7711
3.252610340567373  7531
3.2528530309798933  7944
3.2530955858490316  7850
3.2533380053261065  7510
3.253580289562183  7590
3.2538224387080734  7807
3.254064452914338  7532
3.2543063323312857  7551
3.2545480771089736  8199
3.25478968739721  7379
3.2550311633455515  8470
3.255272505103306  7548
3.2555137128195333  7580
3.255754786643044  7501
3.255995726722402  8410
3.256236533205923  7484
3.256477206241677  7641
3.256717745977487  7191
3.256958152560932  8066
3.2571984261393445  8080
3.257438566859814  7559
3.2576785748691846  7314
3.2579184503140586  7446
3.2581581933407944  7961
3.258397804095509  7911
3.2586372827240764  7132
3.258876629372131  8188
3.2591158441850663  7539
3.2593549273080344  8100
3.2595938788859486  7844
3.2598326990634834  7480
3.2600713879850747  8133
3.26030994579492  8123
3.2605483726369795  7423
3.2607866686549762  6981
3.2610248339923973  7944
3.2612628687924934  7139
3.2615007731982804  7303
3.2617385473525378  7774
3.2619761913978125  7599
3.262213705476417  7802
3.2624510897304293  8025
3.2626883443016963  7263
3.2629254693318317  7882
3.2631624649622166  7285
3.263399331334002  7760
3.263636068588108  7311
3.2638726768652235  7953
3.2641091563058082  7515
3.2643455070500926  8005
3.2645817292380777  7957
3.2648178230095364  8006
3.2650537885040145  8105
3.26528962586083  7843
3.2655253352190736  7603
3.2657609167176105  7947
3.265996370495079  8627
3.266231696689893  7818
3.2664668954402414  7088
3.2667019668840878  7836
3.266936911159173  8203
3.2671717284030137  7955
3.267406418752904  7290
3.2676409823459154  7479
3.2678754193188975  8069
3.2681097298084785  7329
3.268343913951065  7830
3.268577971882843  7774
3.2688119037397803  7943
3.269045709657623  7509
3.2692793897718984  7878
3.2695129442179165  7784
3.269746373130767  7869
3.269979676645324  7994
3.2702128548962426  7787
3.2704459080179626  7602
3.2706788361447066  8091
3.2709116394104814  7898
3.2711443179490782  8434
3.2713768718940743  7891
3.271609301378832  7917
3.271841606536499  7263
3.27207378750001  7637
3.2723058444020863  8109
3.2725377773752373  7192
3.2727695865517594  7691
3.2730012720637376  7695
3.2732328340430454  7627
3.273464272621346  7462
3.273695587930092  7169
3.2739267801005254  7914
3.27415784926368  7106
3.274388795550379  7718
3.274619619091238  7825
3.274850320016665  7583
3.2750808984568587  7135
3.2753113545418118  7748
3.2755416884013098  7218
3.2757719001649312  7665
3.27600198996205  7964
3.2762319579218335  7597
3.2764618041732443  7853
3.27669152884504  7528
3.276921132065774  8135
3.277150613963797  7502
3.2773799746672547  7467
3.2776092143040914  7934
3.2778383330020473  8455
3.2780673308886628  7728
3.2782962080912736  8156
3.2785249647370174  7996
3.278753600952829  7163
3.278982116865443  7605
3.279210512601395  7871
3.2794387882870204  8057
3.2796669440484556  8514
3.279894980011638  6990
3.2801228963023075  7599
3.280350693046006  7227
3.2805783703680764  7847
3.280805928393667  7479
3.2810333672477277  7704
3.281260687055013  7121
3.2814878879400813  7394
3.281714970027296  7727
3.281941933440825  7540
3.2821687783046416  7567
3.2823955047425257  7615
3.2826221128780624  7949
3.282848602834645  7641
3.2830749747354715  6870
3.2833012287035497  7665
3.2835273648616936  7579
3.2837533833325265  7382
3.28397928423848  7741
3.284205067701794  7428
3.2844307338445193  7939
3.2846562827885157  7849
3.284881714655453  7488
3.285107029566812  7507
3.2853322276438846  7575
3.285557309007774  8025
3.285782273779395  8273
3.2860071220794747  8018
3.286231854028553  7550
3.286456469746983  6813
3.28668096935493  7800
3.286905352972375  7012
3.287129620719111  6984
3.2873537727147464  7912
3.2875778090787056  7251
3.287801729930226  7356
3.2880255353883627  6916
3.288249225571986  8089
3.2884728005997825  7625
3.288696260590256  7331
3.2889196056617265  7627
3.289142835932333  7373
3.2893659515200318  7553
3.2895889525425965  7856
3.2898118391176214  7249
3.290034611362518  7448
3.2902572693945182  7114
3.290479813330673  7282
3.2907022432878543  7790
3.2909245593827543  7824
3.2911467617318855  7622
3.291368850451583  7625
3.2915908256580013  7757
3.291812687467119  7130
3.2920344359947364  8465
3.292256071356476  7137
3.292477593667784  8101
3.29269900304393  7509
3.292920299600006  7807
3.2931414834509307  7521
3.2933625547114453  7386
3.2935835134961167  8140
3.2938043599193367  7270
3.2940250940953226  7412
3.2942457161381182  8236
3.294466226161593  7690
3.2946866242794433  6729
3.2949069106051923  7483
3.295127085252191  7519
3.295347148333618  8028
3.295567099962479  7946
3.295786940251609  7564
3.2960066693136723  7187
3.2962262872611605  6997
3.296445794206396  7451
3.296665190261531  7805
3.296884475538547  7925
3.2971036501492565  7779
3.2973227142053028  7845
3.2975416678181597  8225
3.297760511099134  7346
3.2979792441593623  6689
3.298197867109815  7040
3.2984163800612945  7792
3.2986347831244354  7284
3.298853076409707  7236
3.2990712600274095  7612
3.29928933408768  7482
3.2995072987004876  7603
3.2997251539756367  7938
3.299942900022767  7327
3.3001605369513523  7113
3.3003780648707024  7591
3.3005954838899636  7441
3.300812794118117  8061
3.3010299956639813  7036
3.3012470886362113  7458
3.3014640731433  7685
3.3016809492935764  7898
3.301897717195208  7440
3.302114376956201  7120
3.302330928684399  7928
3.3025473724874854  7635
3.3027637084729817  7503
3.3029799367482493  8154
3.303196057420489  8234
3.303412070596742  7583
3.30362797638389  8458
3.3038437748886547  8082
3.3040594662175993  8160
3.3042750504771283  7726
3.3044905277734875  8417
3.3047058982127653  7574
3.3049211619008916  7039
3.305136318943639  7522
3.305351369446624  7956
3.305566313515304  6978
3.3057811512549824  7703
3.3059958827708047  8010
3.3062105081677613  7158
3.3064250275506875  8076
3.3066394410242617  7785
3.3068537486930087  7782
3.3070679506612985  8322
3.307282047033346  7591
3.307496037913213  7224
3.307709923404807  7545
3.307923703611882  7206
3.3081373786380386  7888
3.308350948586726  7241
3.3085644135612386  7704
3.3087777736647213  6927
3.3089910290001643  7492
3.3092041796704077  8019
3.30941722577814  7597
3.3096301674258988  8200
3.3098430047160705  7280
3.3100557377508912  8229
3.3102683666324477  7383
3.3104808914626753  7438
3.3106933123433606  8578
3.3109056293761414  7927
3.311117842662506  7464
3.3113299523037933  8076
3.311541958401195  7744
3.311753861055754  7353
3.3119656603683665  7549
3.3121773564397787  7481
3.312388949370592  8022
3.3126004392612596  7643
3.312811826212088  7983
3.313023110323238  7217
3.313234291694724  7333
3.313445370426414  7872
3.3136563466180315  6929
3.3138672203691533  7174
3.3140779917792127  8098
3.3142886609474975  7358
3.3144992279731516  7849
3.314709692955174  8072
3.31492005599242  7963
3.315130317183602  7165
3.3153404766272883  7355
3.315550534421905  8072
3.3157604906657347  7324
3.315970345456918  7252
3.3161800988934527  7360
3.3163897510731952  6881
3.3165993020938607  7463
3.316808752053022  7421
3.3170181010481117  7317
3.31722734917642  8018
3.317436496535099  7223
3.3176455432211585  7107
3.317854489331469  8176
3.3180633349627615  7923
3.318272080211627  7827
3.3184807251745174  7294
3.318689269947746  7608
3.3188977146274867  8037
3.3191060593097763  7465
3.319314304090512  7891
3.3195224490654542  7727
3.3197304943302246  8081
3.3199384399803087  7720
3.3201462861110542  7192
3.3203540328176717  7076
3.3205616801952367  7222
3.3207692283386865  7955
3.3209766773428235  7267
3.3211840273023143  7418
3.321391278311689  8323
3.3215984304653436  7558
3.3218054838575393  7668
3.3220124385824006  7403
3.322219294733919  7348
3.3224260524059526  7200
3.3226327116922234  7677
3.322839272686321  7717
3.3230457354817013  7967
3.323252100171687  8179
3.3234583668494677  7676
3.3236645356081  7513
3.323870606540509  7980
3.3240765797394864  6915
3.3242824552976926  7585
3.3244882333076564  8017
3.3246939138617746  7328
3.3248994970523134  7557
3.3251049829714074  7650
3.325310371711061  7427
3.325515663363148  7362
3.325720858019412  7403
3.325925955771466  8099
3.3261309567107946  7904
3.326335860928751  7236
3.3265406685165617  7662
3.3267453795653217  7352
3.326949994165999  7506
3.3271545124094315  8117
3.3273589343863303  7045
3.327563260187278  7552
3.327767489902729  8740
3.3279716236230104  8070
3.3281756614383227  7843
3.3283796034387376  8288
3.328583449714202  7990
3.3287872003545345  7702
3.3289908554494287  7798
3.329194415088451  7183
3.329397879361043  7551
3.3296012483565187  8048
3.3298045221640695  7029
3.330007700872759  7440
3.330210784571528  7948
3.330413773349191  7818
3.3306166672944384  7858
3.330819466495837  8009
3.3310221710418286  7604
3.3312247810207323  8217
3.331427296520743  7475
3.3316297176299323  8056
3.331832044436249  7027
3.332034277027518  7113
3.3322364154914434  8287
3.3324384599156054  8571
3.3326404103874627  7596
3.3328422669943514  7514
3.3330440298234874  6944
3.3332456989619628  7539
3.3334472744967503  7671
3.3336487565147013  6958
3.333850145102545  7390
3.334051440346892  7983
3.334252642334231  7433
3.3344537511509307  7377
3.3346547668832414  7625
3.3348556896172914  8262
3.3350565194390915  7538
3.3352572564345317  7574
3.3354579006893843  7102
3.3356584522893016  7765
3.335858911319818  7656
3.336059277866349  7957
3.336259552014193  7527
3.3364597338485296  7521
3.3366598234544202  7206
3.336859820916809  8060
3.3370597263205246  7579
3.3372595397502756  7425
3.337459261290656  7511
3.3376588910261424  7511
3.3378584290410944  7526
3.3380578754197563  7968
3.3382572302462554  7513
3.3384564936046046  7145
3.3386556655787003  8332
3.338854746252323  7394
3.339053735709139  7231
3.3392526340327  8037
3.3394514413064407  7017
3.339650157613684  7717
3.339848783037637  6902
3.340047317661393  7246
3.3402457615679317  7540
3.3404441148401185  7825
3.3406423775607053  7468
3.3408405498123317  7167
3.341038631677523  7617
3.3412366232386925  7634
3.34143452457814  7495
3.3416323357780544  7391
3.3418300569205104  7523
3.3420276880874717  7388
3.3422252293607904  7218
3.342422680822206  7707
3.342620042553348  7296
3.342817314635733  7321
3.343014497150768  6939
3.3432115901797474  8102
3.3434085938038574  7163
3.343605508104172  7918
3.343802333161655  7954
3.3439990690571615  7845
3.344195715871435  8075
3.3443922736851106  7443
3.344588742578714  6916
3.344785122632661  7508
3.344981413927258  7655
3.345177616542704  7781
3.3453737305590883  7626
3.345569756056392  7636
3.345765693114488  7719
3.3459615418131414  7330
3.346157302232008  8402
3.346352974450639  7741
3.346548558548474  8426
3.346744054604849  7590
3.3469394626989906  7757
3.34713478291002  7323
3.3473300153169503  7569
3.3475251599986895  7375
3.347720217034038  7930
3.3479151865016914  7634
3.3481100684802376  7218
3.3483048630481607  7631
3.348499570283838  7894
3.348694190265541  8103
3.348888723071438  8043
3.34908316877959  8200
3.3492775274679554  7142
3.3494717992143856  7882
3.34966598409663  7401
3.3498600821923312  7512
3.3500540935790304  7488
3.3502480183341627  7480
3.350441856535061  8072
3.3506356082589543  7404
3.350829273582968  7575
3.3510228525841237  7748
3.351216345339342  7539
3.351409751925439  7653
3.351603072419129  7935
3.3517963068970236  7952
3.351989455435632  7695
3.3521825181113627  6823
3.35237549500052  7906
3.3525683861793087  8614
3.3527611917238307  7242
3.3529539117100877  7257
3.3531465462139796  8182
3.3533390953113047  7146
3.353531559077762  8251
3.353723937588949  7489
3.353916230920363  7740
3.3541084391474008  7999
3.35430056234536  7291
3.3544926005894364  7708
3.3546845539547285  7497
3.354876422516234  6913
3.3550682063488506  7279
3.3552599055273786  7683
3.3554515201265174  8087
3.355643050220869  7215
3.355834495884936  7696
3.3560258571931225  7411
3.3562171342197353  7840
3.3564083270389813  7174
3.356599435724971  7819
3.356790460351716  7067
3.3569814009931314  7850
3.3571722577230334  8395
3.3573630306151427  7170
3.3575537197430814  7400
3.3577443251803754  7231
3.357934847000454  8198
3.3581252852766488  6776
3.358315640082196  7693
3.3585059114902354  7591
3.3586960995738107  8136
3.358886204405869  7590
3.359076226059263  7893
3.3592661646067485  7718
3.3594560201209864  7782
3.359645792674543  7693
3.359835482339888  7147
3.3600250891893975  7436
3.3602146132953523  7951
3.3604040547299387  8206
3.360593413565249  8143
3.36078268987328  7624
3.3609718837259357  7295
3.361160995195026  7228
3.3613500243522663  7896
3.361538971269279  8426
3.361727836017593  7613
3.3619166186686433  7565
3.362105319293773  7736
3.362293937964231  7233
3.3624824747511743  7862
3.362670929725667  7239
3.36285930295868  7530
3.3630475945210936  7897
3.363235804483694  7361
3.3634239329171765  8154
3.3636119798921444  7826
3.3637999454791094  7109
3.3639878297484915  7209
3.3641756327706194  8361
3.3643633546157306  7413
3.364550995353972  7717
3.3647385550553985  7746
3.364926033789976  7612
3.3651134316275773  8109
3.3653007486379876  7517
3.3654879848909  7375
3.3656751404559175  8040
3.365862215402555  7483
3.3660492098002353  7878
3.366236123718293  8298
3.3664229572259727  7224
3.3666097103924297  7624
3.36679638328673  7209
3.3669829759778507  8551
3.367169488534681  7683
3.367355921026019  7814
3.3675422735205767  7517
3.3677285460869766  7885
3.3679147387937527  6906
3.3681008517093516  7069
3.368286884902131  7623
3.3684728384403617  7162
3.368658712392227  7846
3.3688445068258215  6523
3.3690302218091532  7802
3.369215857410143  7739
3.3694014136966244  7564
3.369586890736344  7769
3.369772288596963  7387
3.369957607346053  7725
3.370142847051102  7299
3.3703280077795106  8396
3.3705130895985924  8072
3.370698092575577  7064
3.370883016777606  7294
3.3710678622717363  7472
3.3712526291249394  7856
3.371437317404101  7709
3.3716219271760215  7310
3.371806458507416  7779
3.371990911464915  7507
3.372175286115064  7892
3.3723595825243238  7775
3.3725438007590705  8056
3.3727279408855955  7402
3.3729120029701067  7994
3.373095987078727  8880
3.373279893277496  7731
3.373463721632369  7948
3.3736474722092176  7123
3.3738311450738303  7504
3.3740147402919116  7723
3.374198257929083  8164
3.374381698050882  7584
3.374565060722765  7666
3.374748346010104  7700
3.3749315539781883  7783
3.375114684692225  7744
3.375297738217339  7735
3.3754807146185724  7748
3.3756636139608855  7466
3.375846436309156  7512
3.3760291817281805  7653
3.376211850282673  7086
3.3763944420372662  8206
3.376576957056512  7057
3.37675939540488  7219
3.3769417571467586  7665
3.377124042346456  6859
3.377306251068199  7633
3.3774883833761327  6795
3.377670439334323  7490
3.3778524190067545  7577
3.3780343224573315  8363
3.378216149749878  7811
3.3783979009481375  7457
3.378579576115775  7767
3.3787611753163733  8052
3.378942698613437  7842
3.379124146070392  7233
3.379305517750582  7354
3.3794868137172736  7564
3.379668034033654  7639
3.37984917876283  8386
3.380030247967831  8075
3.380211241711606  7471
3.3803921600570273  7445
3.3805730030668872  7398
3.3807537708039  7395
3.380934463330702  7263
3.3811150807098507  8397
3.381295623003826  8015
3.38147609027503  7451
3.381656482585787  8033
3.3818367999983434  7897
3.3820170425748683  7590
3.382197210377454  7427
3.3823773034681137  7693
3.3825573219087857  8258
3.3827372657613304  7335
3.382917135087531  7395
3.3830969299490943  7196
3.3832766504076504  7315
3.383456296524753  7867
3.3836358683618797  7297
3.383815365980431  7546
3.383994789441733  8061
3.3841741388070337  7803
3.384353414137506  7814
3.3845326154942486  8123
3.3847117429382823  7511
3.3848907965305544  7599
3.385069776331935  7761
3.38524868240322  7551
3.3854275148051305  7468
3.385606273598312  7960
3.3857849588433355  7674
3.385963570600697  7894
3.3861421089308186  7543
3.386320573894046  7482
3.386498965550653  7817
3.3866772839608377  8087
3.386855529184724  6963
3.387033701282363  7361
3.3872118003137306  7646
3.387389826338729  6709
3.387567779417189  7706
3.3877456596088638  7762
3.3879234669734366  7251
3.3881012015705165  7579
3.388278863459639  7822
3.3884564527002667  7121
3.388633969351789  7414
3.3888114134735234  7599
3.388988785124714  8165
3.3891660843645326  7809
3.389343311252078  7602
3.3895204658463776  7653
3.3896975482063856  7789
3.3898745583909853  7496
3.3900514964589874  7737
3.3902283624691303  7335
3.390405156480081  7805
3.390581878550435  7554
3.390758528738717  8096
3.3909351071033793  7604
3.3911116137028023  7317
3.3912880485952974  7229
3.3914644118391033  7875
3.3916407034923877  7863
3.391816923613249  7667
3.3919930722597127  7087
3.392169149489736  7826
3.392345155361204  7444
3.3925210899319325  7088
3.392696953259666  7518
3.3928727454020793  7945
3.3930484664167784  7828
3.3932241163612975  7224
3.393399695293102  7656
3.3935752032695876  7505
3.39375064034808  7816
3.3939260065858368  7798
3.3941013020400446  7027
3.3942765267678214  8040
3.3944516808262164  7472
3.394626764272209  7761
3.394801777162711  7939
3.394976719554564  7327
3.3951515915045425  7846
3.395326393069351  6957
3.395501124305626  7307
3.395675785269936  6857
3.3958503760187813  7432
3.3960248966085933  7209
3.3961993470957363  7894
3.3963737275365067  7616
3.396548037987132  7641
3.3967222785037734  7849
3.396896449142524  7403
3.397070549959409  7451
3.397244581010386  8203
3.397418542351348  7517
3.3975924340381165  8176
3.39776625612645  7932
3.3979400086720375  7638
3.3981136917305026  7271
3.398287305357401  7985
3.3984608496082234  7529
3.398634324538392  7783
3.3988077302032647  7597
3.398981066658131  7893
3.3991543339582164  7979
3.399327532158679  7891
3.3995006613146104  7372
3.399673721481038  7955
3.3998467127129226  7736
3.4000196350651586  7586
3.400192488592576  6767
3.400365273349939  7696
3.400537989391946  7726
3.400710636773231  7518
3.4008832155483626  7731
3.401055725771844  7269
3.401228167498113  7386
3.401400540781544  8145
3.401572845676446  8069
3.401745082237063  7277
3.4019172505175748  8336
3.402089350572097  7437
3.40226138245468  7754
3.402433346219312  7234
3.4026052419199146  7843
3.402777069610347  7449
3.4029488293444046  7846
3.403120521175818  7430
3.4032921451582543  8228
3.4034637013453173  7168
3.403635189790548  7321
3.4038066105474227  7861
3.403977963669355  7757
3.404149249209695  6968
3.404320467221731  7979
3.404491617758686  7444
3.4046627008737222  7281
3.404833716619938  7569
3.4050046650503694  7986
3.4051755462179893  7622
3.405346360175709  7226
3.4055171069763763  7640
3.4056877866727775  7239
3.4058583993176366  7321
3.406028944963615  7976
3.406199423663313  8603
3.4063698354692673  7647
3.406540180433955  7016
3.40671045860979  7691
3.4068806700491248  7758
3.40705081480425  7957
3.4072208929273966  7365
3.4073909044707316  7663
3.4075608494863627  7586
3.4077307280263356  7247
3.407900540142635  6979
3.4080702858871854  7722
3.4082399653118496  7544
3.40840957846843  7343
3.4085791254086675  7062
3.408748606184244  7802
3.4089180208467798  7138
3.409087369447835  7623
3.4092566520389096  8150
3.4094258686714434  7486
3.4095950193968156  7605
3.4097641042663462  7503
3.4099331233312946  7663
3.4101020766428607  7491
3.4102709642521845  7755
3.4104397862103464  8213
3.410608542568368  7570
3.41077723337721  8322
3.4109458586877746  8338
3.4111144185509046  7167
3.4112829130173843  7434
3.4114513421379375  8310
3.41161970596323  7636
3.411788004543869  8367
3.4119562379304016  7493
3.412124406173317  7494
3.4122925093230463  7287
3.412460547429961  7791
3.4126285205443754  6951
3.4127964287165433  7972
3.4129642719966626  7649
3.413132050434872  7914
3.413299764081252  7357
3.413467412985825  7303
3.413634997198556  7971
3.4138025167693513  7133
3.4139699717480614  7591
3.414137362184477  7257
3.4143046881283317  7232
3.4144719496293026  7772
3.414639146737009  7537
3.4148062795010126  7619
3.4149733479708178  7453
3.4151403521958725  7500
3.4153072922255676  7320
3.4154741681092355  7399
3.4156409798961542  7459
3.4158077276355434  7584
3.415974411376566  7605
3.416141031168329  7751
3.4163075870598827  6901
3.4164740791002206  8131
3.416640507338281  7217
3.4168068718229443  7684
3.4169731726030363  7347
3.4171394097273255  7528
3.4173055832445254  6948
3.417471693203293  7832
3.4176377396522297  7873
3.417803722639881  8218
3.417969642214737  7684
3.418135498425232  7456
3.4183012913197452  7609
3.4184670209466006  7563
3.4186326873540653  7623
3.4187982905903533  7248
3.4189638307036225  7580
3.4191293077419758  7610
3.4192947217534604  7583
3.4194600727860704  7533
3.419625360887743  7355
3.419790586106363  7366
3.419955748489758  7391
3.420120848085703  7284
3.4202858849419178  7300
3.4204508591060683  7856
3.420615770625765  7404
3.4207806195485655  7374
3.420945405921972  7232
3.4211101297934343  7178
3.4212747912103465  7468
3.4214393902200495  7811
3.4216039268698313  7011
3.421768401206924  7744
3.4219328132785085  7493
3.4220971631317103  8272
3.4222614508136027  7313
3.4224256763712044  7348
3.422589839851482  8421
3.422753941301348  8014
3.422917980767662  7789
3.423081958297231  7265
3.423245873936808  7691
3.4234097277330933  7221
3.4235735197327357  7484
3.423737249982329  8274
3.4239009185284166  7644
3.4240645254174877  7756
3.42422807069598  7140
3.4243915544102776  7607
3.4245549766067134  7109
3.424718337331567  7935
3.424881636631067  7794
3.425044874551389  7351
3.4252080511386565  7530
3.425371166438941  7047
3.4255342204982635  7548
3.425697213362591  7108
3.4258601450778405  6840
3.4260230156898763  7480
3.426185825244511  7612
3.4263485737875077  7182
3.4265112613645754  7031
3.426673888021373  6866
3.426836453803508  7567
3.426998958756537  7342
3.4271614029259654  7449
3.427323786357247  7321
3.4274861090957853  7544
3.4276483711869328  7409
3.42781057267599  7430
3.427972713608209  7221
3.428134794028789  7144
3.4282968139828798  7460
3.42845877351558  7689
3.428620672671939  7364
3.4287825114969546  7458
3.428944290035574  7414
3.4291060083326967  7273
3.4292676664331685  7561
3.429429264381788  7250
3.4295908022233017  7079
3.429752280002408  6985
3.4299136977637543  7751
3.430075055551939  7264
3.4302363534115106  6972
3.4303975913869666  7251
3.4305587695227575  7276
3.4307198878632823  7198
3.4308809464528913  6506
3.4310419453358856  7594
3.431202884556517  7051
3.4313637641589874  6916
3.431524584187451  6880
3.4316853446860116  7364
3.4318460456987254  7452
3.4320066872695985  7380
3.4321672694425884  7000
3.4323277922616042  6877
3.4324882557705063  7084
3.4326486600131068  7166
3.4328090050331683  6603
3.432969290874406  6489
3.4331295175804857  7353
3.433289685195026  7026
3.433449793761596  7327
3.433609843323718  7235
3.433769833924866  6844
3.433929765608464  7361
3.4340896384178907  7202
3.4342494523964757  7347
3.4344092075875  6545
3.4345689040341987  6992
3.4347285417797577  7143
3.434888120867316  6969
3.4350476413399647  6988
3.4352071032407476  7127
3.4353665066126613  7086
3.435525851498655  6833
3.43568513794163  7579
3.4358443659844413  7101
3.4360035356698964  7046
3.436162647040756  6880
3.4363217001397333  6929
3.436480695009495  6411
3.436639631692661  6634
3.4367985102318035  6746
3.4369573306694496  6515
3.4371160930480786  7131
3.4372747974101237  6572
3.437433443797971  7169
3.4375920322539613  7201
3.437750562820388  7064
3.4379090355394983  7238
3.438067450453494  6765
3.4382258076045296  7131
3.438384107034714  6544
3.4385423487861106  6463
3.4387005329007363  6576
3.438858659420562  6693
3.4390167283875126  6630
3.4391747398434687  6696
3.439332693830263  6452
3.4394905903896835  6708
3.4396484295634737  6252
3.4398062113933303  6897
3.439963935920905  6712
3.4401216031878037  6808
3.440279213235588  6505
3.4404367661057735  6612
3.440594261839831  6460
3.4407517004791854  6321
3.4409090820652177  6828
3.4410664066392633  6461
3.4412236742426123  6305
3.4413808849165113  6275
3.441538038702161  6392
3.441695135640717  6495
3.441852175773292  6633
3.442009159140952  6341
3.44216608578472  6628
3.4423229557455746  6494
3.4424797690644486  6732
3.442636525782232  6499
3.442793225939769  5980
3.4429498695778618  6658
3.443106456737266  6348
3.443262987458695  6839
3.4434194617828173  6072
3.4435758797502576  6195
3.4437322414015967  5947
3.443888546777372  6141
3.444044795918076  6065
3.4442009888641594  6233
3.4443571256560275  6194
3.444513206334043  6447
3.4446692309385245  6154
3.4448251995097476  5927
3.4449811120879446  6085
3.445136968713304  5812
3.4452927694259716  5650
3.44544851426605  6278
3.4456042032735974  5921
3.445759836488631  5649
3.4459154139511234  6330
3.446070935701005  6422
3.446226401778163  5587
3.446381812222442  6173
3.446537167073644  5992
3.4466924663715273  5821
3.446847710155809  5909
3.4470028984661623  5955
3.4471580313422194  5673
3.4473131088235682  5948
3.4474681309497557  5935
3.447623097760286  5999
3.447778009294621  5693
3.4479328655921804  5620
3.448087666692341  5750
3.448242412634439  5554
3.4483971034577676  5546
3.448551739201578  5586
3.44870631990508  5438
3.4488608456074408  5227
3.4490153163477864  5333
3.449169732165201  5208
3.449324093098727  5493
3.449478399187365  5434
3.4496326504700745  5548
3.4497868469857735  5155
3.4499409887733377  5484
3.4500950758716025  5193
3.450249108319361  5291
3.450403086155366  5027
3.450557009418329  4890
3.450710878146919  5067
3.450864692379766  5289
3.4510184521554574  4890
3.45117215751254  5108
3.4513258084895195  5124
3.4514794051248616  4598
3.4516329474569907  4585
3.45178643552429  4628
3.451939869365103  5060
3.4520932490177314  5109
3.452246574520437  4629
3.4523998459114416  4605
3.452553063228925  4426
3.452706226511029  4825
3.452859335795852  4726
3.4530123911214554  4798
3.4531653925258574  4645
3.4533183400470375  4325
3.453471233722936  4384
3.4536240735914507  4245
3.4537768596904423  4152
3.4539295920577286  4434
3.45408227073109  4395
3.4542348957482654  3998
3.454387467146955  4147
3.4545399849648186  3828
3.454692449239477  4134
3.45484486000851  4028
3.45499721730946  4004
3.4551495211798278  3808
3.4553017716570764  3730
3.4554539687786283  3762
3.455606112581867  3815
3.455758203104137  3739
3.455910240382743  3878
3.4560622244549513  3569
3.456214155357989  3484
3.456366033129043  3632
3.4565178578052627  3598
3.4566696294237578  3382
3.456821348021599  3529
3.456973013635818  3457
3.457124626303409  3354
3.4572761860613257  3313
3.4574276929464847  3237
3.4575791469957626  3259
3.4577305482459986  3251
3.4578818967339924  3172
3.458033192496506  3020
3.4581844355702627  3195
3.4583356259919475  2905
3.4584867637982066  2671
3.4586378490256493  3029
3.458788881710845  2922
3.458939861890326  2651
3.4590907896005865  2743
3.459241664878082  2774
3.459392487759231  2665
3.459543258280413  2564
3.4596939764779706  2657
3.459844642388208  2422
3.4599952560473914  2482
3.46014581749175  2314
3.4602963267574753  2269
3.4604467838807205  2265
3.4605971888976015  2330
3.460747541844197  2058
3.4608978427565478  2057
3.4610480916706576  2273
3.461198288622493  2130
3.461348433647983  2144
3.4614985267830187  2203
3.4616485680634552  2062
3.461798557525109  1997
3.461948495203762  1816
3.462098381135156  1864
3.4622482153549976  1915
3.462397997898956  1783
3.4625477288026643  1740
3.4626974081017172  1689
3.4628470358316736  1541
3.462996612028056  1587
3.4631461367263494  1523
3.4632956099620027  1409
3.4634450317704277  1527
3.463594402187  1425
3.463743721247059  1380
3.4638929889859074  1340
3.464042205438811  1259
3.4641913706409997  1393
3.4643404846276673  1169
3.4644895474339714  1273
3.464638559095033  1134
3.4647875196459372  1201
3.4649364291217326  1121
3.4650852875574327  1134
3.4652340949880145  1061
3.4653828514484184  1074
3.46553155697355  1055
3.465680211598278  841
3.4658288153574364  871
3.465977368285823  841
3.466125870418199  927
3.466274321789292  866
3.466422722433792  856
3.4665710723863543  755
3.4667193716815987  735
3.4668676203541096  711
3.4670158184384356  670
3.4671639659690903  771
3.467312062980552  691
3.4674601095072637  581
3.467608105583633  541
3.467756051244033  536
3.4679039465228003  582
3.4680517914542377  469
3.4681995860726125  532
3.4683473304121573  542
3.468495024507069  457
3.4686426683915115  525
3.468790262099611  436
3.4689378056654614  432
3.4690852991231202  430
3.469232742506612  396
3.469380135849925  415
3.469527479187014  383
3.469674772551798  335
3.469822015978163  343
3.4699692094999595  314
3.470116353151004  304
3.4702634469650784  316
3.470410490975931  319
3.4705574852172743  288
3.470704429722788  295
3.4708513245261177  282
3.4709981696608736  222
3.471144965160633  262
3.4712917110589387  236
3.471438407389299  204
3.47158505418519  236
3.471731651480051  208
3.4718781993072905  179
3.4720246977002813  189
3.472171146692363  166
3.472317546316842  167
3.4724638966069894  152
3.472610197596045  136
3.4727564493172123  139
3.472902651803664  116
3.4730488050885375  162
3.473194909204938  125
3.4733409641859354  107
3.4734869700645685  108
3.473632926873841  109
3.473778834646725  109
3.473924693416157  119
3.4740705032150436  94
3.4742162640762553  99
3.4743619760326307  76
3.474507639116976  62
3.474653253362063  89
3.474798818800631  63
3.4749443354653877  64
3.4750898033890065  68
3.475235222604128  64
3.475380593143361  63
3.4755259150392805  58
3.4756711883244296  53
3.475816413031318  47
3.4759615891924236  49
3.4761067168401913  43
3.4762517960070336  27
3.4763968267253302  35
3.4765418090274287  33
3.476686742945645  23
3.4768316285122607  19
3.476976465759527  25
3.4771212547196626  30
3.477265995424853  29
3.4774106879072515  23
3.477555332198981  17
3.4776999283321306  25
3.4778444763387584  19
3.4779889762508893  11
3.4781334281005174  22
3.4782778319196046  16
3.4784221877400805  13
3.4785664955938436  21
3.4787107555127594  18
3.478854967528663  13
3.478999131673357  13
3.479143247978613  15
3.47928731647617  11
3.4794313371977363  14
3.4795753101749884  12
3.479719235439571  13
3.479863113023098  7
3.4800069429571505  10
3.4801507252732806  6
3.4802944600030066  9
3.480438147177817  8
3.480581786829169  5
3.4807253789884878  6
3.4808689236871677  9
3.481012420956573  8
3.4811558708280352  6
3.481299273332856  5
3.481442628502305  4
3.4815859363676225  2
3.481729196960016  5
3.4818724103106633  2
3.4820155764507117  3
3.482158695411276  2
3.4823017672234426  1
3.4824447919182653  2
3.482730700079943  2
3.482873583608754  3
3.483016420144132  1
3.4831592097169795  1
