0.3010299956639812  738340
0.47712125471966244  307222
0.6020599913279624  165816
0.6989700043360189  104552
0.7781512503836436  99206
0.8450980400142568  85741
0.9030899869919435  75398
0.9542425094393249  58865
1.0  50502
1.0413926851582251  55492
1.0791812460476249  43329
1.1139433523068367  29806
1.146128035678238  29863
1.1760912590556813  19285
1.2041199826559248  17545
1.2304489213782739  13864
1.255272505103306  12705
1.2787536009528289  9971
1.3010299956639813  7444
1.3222192947339193  6123
1.3424226808222062  6087
1.3617278360175928  6247
1.380211241711606  5490
1.3979400086720377  3431
1.414973347970818  4702
1.4313637641589874  5303
1.4471580313422192  6151
1.462397997898956  4807
1.4771212547196624  4802
1.4913616938342726  6767
1.505149978319906  3700
1.5185139398778875  6426
1.5314789170422551  4686
1.5440680443502757  5000
1.5563025007672873  2880
1.568201724066995  6679
1.5797835966168101  5114
1.591064607026499  5404
1.6020599913279623  3470
1.6127838567197355  6378
1.6232492903979006  3858
1.6334684555795864  4923
1.6434526764861874  1957
1.6532125137753437  5605
1.662757831681574  3890
1.6720978579357175  9595
1.6812412373755872  3660
1.6901960800285136  3795
1.6989700043360187  3917
1.7075701760979363  3005
1.7160033436347992  4788
1.724275869600789  3347
1.7323937598229686  9006
1.7403626894942439  6969
1.7481880270062005  8721
1.7558748556724915  5208
1.7634279935629373  4489
1.7708520116421442  6183
1.7781512503836436  5012
1.7853298350107671  6949
1.792391689498254  1132
1.7993405494535817  5884
1.806179973983887  6501
1.8129133566428555  1991
1.8195439355418688  7190
1.8260748027008264  4011
1.8325089127062364  3578
1.8388490907372552  5336
1.845098040014257  7334
1.8512583487190752  6522
1.8573324964312685  4735
1.863322860120456  3952
1.8692317197309762  6113
1.8750612633917  5118
1.8808135922807914  10239
1.8864907251724818  3944
1.8920946026904804  3413
1.8976270912904414  5520
1.9030899869919435  7032
1.9084850188786497  6141
1.9138138523837167  3727
1.919078092376074  3319
1.9242792860618816  7261
1.9294189257142926  7205
1.9344984512435677  5049
1.9395192526186185  2223
1.9444826721501687  4408
1.9493900066449128  3472
1.954242509439325  3402
1.9590413923210936  3978
1.9637878273455553  4203
1.968482948553935  3742
1.9731278535996986  3815
1.9777236052888478  4745
1.9822712330395684  4781
1.9867717342662448  3774
1.9912260756924949  4491
1.99563519459755  4247
2.0  5696
2.0043213737826426  1454
2.0086001717619175  7167
2.012837224705172  4704
2.0170333392987803  3944
2.0211892990699383  3148
2.0253058652647704  4661
2.0293837776852097  3817
2.03342375548695  3996
2.037426497940624  7312
2.041392685158225  3084
2.0453229787866576  4192
2.0492180226701815  2745
2.0530784434834195  2332
2.0569048513364727  3932
2.060697840353612  3296
2.0644579892269186  3622
2.0681858617461617  4245
2.0718820073061255  1854
2.0755469613925306  4746
2.0791812460476247  4197
2.0827853703164503  3652
2.0863598306747484  2928
2.089905111439398  2813
2.093421685162235  3877
2.0969100130080562  4264
2.100370545117563  4331
2.103803720955957  2676
2.1072099696478683  2145
2.110589710299249  4781
2.113943352306837  3335
2.1172712956557644  3703
2.12057393120585  3668
2.123851640967086  5155
2.1271047983648077  2259
2.130333768495006  2289
2.1335389083702174  3090
2.1367205671564067  3881
2.1398790864012365  3214
2.143014800254095  2061
2.146128035678238  4400
2.1492191126553797  6821
2.1522883443830563  1514
2.155336037465062  3253
2.1583624920952498  4012
2.161368002234975  4239
2.164352855784437  2943
2.167317334748176  4493
2.1702617153949575  2683
2.173186268412274  3617
2.1760912590556813  3130
2.1789769472931693  3491
2.1818435879447726  3383
2.184691430817599  6003
2.187520720836463  5603
2.1903316981702914  2048
2.1931245983544616  5467
2.1958996524092336  3545
2.1986570869544226  5708
2.2013971243204513  2660
2.2041199826559246  3076
2.2068258760318495  5066
2.2095150145426308  8065
2.2121876044039577  1347
2.214843848047698  3968
2.2174839442139063  2392
2.220108088040055  2157
2.2227164711475833  3547
2.225309281725863  2066
2.2278867046136734  3779
2.230448921378274  3678
2.2329961103921536  4226
2.2355284469075487  2171
2.2380461031287955  2086
2.2405492482826  3321
2.2430380486862944  4276
2.24551266781415  3442
2.247973266361807  5626
2.250420002308894  3739
2.2528530309798933  3435
2.255272505103306  5149
2.2576785748691846  5214
2.2600713879850747  1866
2.2624510897304293  2724
2.2648178230095364  3314
2.2671717284030137  3091
2.2695129442179165  4024
2.271841606536499  3112
2.27415784926368  4443
2.2764618041732443  3120
2.278753600952829  3159
2.2810333672477277  5392
2.2833012287035497  2750
2.285557309007774  2997
2.287801729930226  2062
2.290034611362518  2940
2.292256071356476  4059
2.294466226161593  1732
2.296665190261531  3235
2.298853076409707  3761
2.3010299956639813  3657
2.303196057420489  3607
2.305351369446624  3116
2.307496037913213  2820
2.3096301674258988  3024
2.311753861055754  4006
2.3138672203691533  3405
2.315970345456918  3166
2.3180633349627615  3311
2.3201462861110542  2388
2.322219294733919  2711
2.3242824552976926  5374
2.326335860928751  2844
2.3283796034387376  3574
2.330413773349191  3982
2.3324384599156054  1346
2.3344537511509307  4634
2.3364597338485296  1996
2.3384564936046046  5002
2.3404441148401185  3210
2.342422680822206  1650
2.3443922736851106  2736
2.346352974450639  3179
2.3483048630481607  2067
2.3502480183341627  2002
2.3521825181113627  4545
2.3541084391474008  2153
2.3560258571931225  2796
2.357934847000454  1780
2.359835482339888  1628
2.361727836017593  2752
2.3636119798921444  1151
2.3654879848909  4075
2.367355921026019  2508
2.369215857410143  2930
2.3710678622717363  3307
2.3729120029701067  4126
2.374748346010104  2077
2.376576957056512  2547
2.3783979009481375  2649
2.380211241711606  3152
2.3820170425748683  4171
2.383815365980431  3382
2.385606273598312  1509
2.387389826338729  4704
2.3891660843645326  3677
2.3909351071033793  4215
2.392696953259666  3017
2.3944516808262164  2212
2.3961993470957363  3040
2.3979400086720375  2541
2.399673721481038  2665
2.401400540781544  1800
2.403120521175818  2826
2.404833716619938  3351
2.406540180433955  2111
2.4082399653118496  3088
2.4099331233312946  4531
2.41161970596323  3447
2.413299764081252  2232
2.4149733479708178  2786
2.416640507338281  3755
2.4183012913197452  3838
2.419955748489758  2253
2.4216039268698313  2754
2.423245873936808  2759
2.424881636631067  2435
2.4265112613645754  1640
2.428134794028789  1080
2.429752280002408  2437
2.4313637641589874  2333
2.432969290874406  3141
2.4345689040341987  2944
2.436162647040756  1668
2.437750562820388  2869
2.439332693830263  3081
2.4409090820652177  2830
2.4424797690644486  4623
2.444044795918076  2689
2.4456042032735974  1848
2.4471580313422194  3360
2.44870631990508  2407
2.450249108319361  1427
2.45178643552429  2589
2.4533183400470375  3497
2.45484486000851  2623
2.456366033129043  1933
2.4578818967339924  2252
2.459392487759231  2466
2.4608978427565478  3305
2.462397997898956  2253
2.4638929889859074  2611
2.4653828514484184  4342
2.4668676203541096  1901
2.4683473304121573  2527
2.469822015978163  3600
2.4712917110589387  2054
2.4727564493172123  1719
2.4742162640762553  2130
2.4756711883244296  1975
2.4771212547196626  2523
2.4785664955938436  2241
2.4800069429571505  1482
2.481442628502305  1769
2.482873583608754  2493
2.484299839346786  1819
2.48572142648158  2407
2.4871383754771865  3375
2.4885507165004443  2039
2.4899584794248346  1292
2.4913616938342726  2051
2.4927603890268375  2108
2.494154594018443  1770
2.4955443375464483  1619
2.496929648073215  3059
2.4983105537896004  1594
2.499687082618404  3254
2.5010592622177517  1869
2.5024271199844326  2710
2.503790683057181  1782
2.505149978319906  2198
2.506505032404872  2507
2.507855871695831  2793
2.509202522331103  2440
2.510545010206612  2561
2.5118833609788744  2292
2.513217600067939  1527
2.514547752660286  1247
2.515873843711679  2120
2.5171958979499744  1158
2.5185139398778875  1552
2.519827993775719  2015
2.5211380837040362  2036
2.5224442335063197  1695
2.5237464668115646  2020
2.525044807036845  1318
2.526339277389844  1523
2.5276299008713385  1420
2.5289167002776547  1507
2.530199698203082  2160
2.531478917042255  2264
2.5327543789924976  1742
2.534026106056135  1674
2.5352941200427703  1386
2.53655844257153  1793
2.537819095073274  1699
2.5390760987927767  1625
2.5403294747908736  1595
2.5415792439465807  1292
2.5428254269591797  1094
2.5440680443502757  1500
2.545307116465824  2001
2.546542663478131  1392
2.5477747053878224  2436
2.5490032620257876  1726
2.550228353055094  1794
2.5514499979728753  1711
2.552668216112193  2133
2.5538830266438746  1707
2.5550944485783194  1866
2.5563025007672873  1500
2.5575072019056577  1487
2.558708570533166  2269
2.5599066250361124  2067
2.561101383649056  1570
2.5622928644564746  1624
2.5634810853944106  1859
2.5646660642520893  1825
2.5658478186735176  2094
2.56702636615906  1405
2.568201724066995  1776
2.569373909615046  1424
2.5705429398818973  1487
2.571708831808688  1292
2.5728716022004803  1354
2.574031267727719  1385
2.575187844927661  1994
2.576341350205793  1643
2.5774917998372255  1236
2.578639209968072  1431
2.57978359661681  1722
2.5809249756756194  1677
2.582063362911709  1544
2.583198773968623  1048
2.584331224367531  1239
2.5854607295085006  2353
2.586587304671755  1523
2.5877109650189114  1396
2.5888317255942073  1838
2.5899496013257077  1414
2.591064607026499  1500
2.5921767573958667  1088
2.593286067020457  1609
2.5943925503754266  2015
2.595496221825574  1166
2.59659709562646  1158
2.597695185925512  1627
2.598790506763115  1440
2.5998830720736876  1707
2.6009728956867484  1049
2.6020599913279625  1046
2.603144372620182  1433
2.60422605308447  1395
2.6053050461411096  1526
2.606381365110605  792
2.6074550232146687  889
2.6085260335771943  1033
2.60959440922522  1260
2.61066016308988  1124
2.611723308007342  1465
2.6127838567197355  1447
2.6138418218760693  1197
2.6148972160331345  1166
2.615950051656401  1126
2.617000341120899  1410
2.6180480967120925  1098
2.6190933306267428  1177
2.6201360549737576  1295
2.621176281775035  812
2.622214022966295  923
2.6232492903979003  1324
2.6242820958356683  1365
2.625312450961674  984
2.6263403673750423  1102
2.6273658565927325  894
2.6283889300503116  1141
2.629409599102719  1109
2.630427875025024  1065
2.6314437690131722  1392
2.6324572921847245  1048
2.6334684555795866  1094
2.6344772701607315  967
2.635483746814912  1376
2.6364878963533656  1201
2.637489729512511  1126
2.6384892569546374  1089
2.639486489268586  1142
2.640481436970422  728
2.6414741105040997  917
2.6424645202421213  904
2.6434526764861874  1122
2.6444385894678386  1147
2.645422269349092  1311
2.6464037262230695  1105
2.6473829701146196  1159
2.6483600109809315  1160
2.649334858712142  907
2.6503075231319366  1319
2.651278013998144  885
2.6522463410033232  800
2.6532125137753435  856
2.6541765418779604  1052
2.655138434811382  963
2.656098202012832  849
2.6570558528571038  976
2.6580113966571126  1255
2.658964842664435  782
2.6599162000698504  959
2.660865478003869  1064
2.661812685537261  1132
2.662757831681574  923
2.663700925389648  896
2.6646419755561257  1045
2.6655809910179533  902
2.6665179805548807  793
2.667452952889954  655
2.66838591669  676
2.6693168805661123  663
2.670245853074124  810
2.6711728427150834  871
2.6720978579357175  945
2.673020907128896  777
2.673941998634088  810
2.6748611407378116  782
2.6757783416740852  876
2.6766936096248664  988
2.677606952720493  878
2.678518379040114  838
2.6794278966121188  679
2.680335513414563  800
2.681241237375587  665
2.682145076373832  845
2.6830470382388496  881
2.683947130751512  720
2.6848453616444123  643
2.6857417386022635  664
2.6866362692622934  777
2.6875289612146345  927
2.6884198220027105  703
2.6893088591236203  605
2.690196080028514  753
2.6910814921229687  628
2.69196510276736  625
2.69284691927723  777
2.693726948923647  690
2.694605198933569  581
2.6954816764901977  588
2.696356388733332  807
2.6972293427597176  530
2.6981005456233897  746
2.6989700043360187  673
2.699837725867246  547
2.7007037171450192  635
2.7015679850559273  497
2.7024305364455254  530
2.7032913781186614  591
2.7041505168397992  511
2.705007959333336  572
2.7058637122839193  550
2.7067177823367587  529
2.7075701760979363  616
2.708420900134713  465
2.709269960975831  603
2.7101173651118162  482
2.710963118995276  424
2.711807229041191  538
2.7126497016272113  477
2.7134905430939424  406
2.714329759745233  383
2.7151673578484576  355
2.716003343634799  372
2.7168377232995247  325
2.717670503002262  387
2.718501688867274  295
2.7193312869837265  355
2.720159303405957  311
2.7209857441537393  275
2.7218106152125467  338
2.722633922533812  281
2.7234556720351857  296
2.724275869600789  366
2.725094521081469  268
2.7259116322950483  342
2.7267272090265724  260
2.727541257028556  248
2.7283537820212285  334
2.72916478969277  259
2.7299742856995555  230
2.7307822756663893  231
2.7315887651867388  245
2.7323937598229686  242
2.7331972651065692  175
2.733999286538387  209
2.734799829588847  187
2.73559889969818  199
2.7363965022766426  142
2.7371926427047373  181
2.737987326333431  150
2.738780558484369  118
2.739572344450092  127
2.7403626894942437  111
2.741151598851785  98
2.741939077729199  94
2.7427251313046983  101
2.74350976472843  97
2.7442929831226763  69
2.7450747915820575  102
2.745855195173729  89
2.7466341989375787  55
2.747411807886423  61
2.7481880270062002  39
2.7489628612561616  41
2.749736315569061  50
2.7505083948513462  61
2.751279103983342  42
2.7520484478194387  48
2.7528164311882715  37
2.7535830588929064  31
2.754348335711019  22
2.7551122663950713  18
2.7558748556724915  20
2.756636108245848  24
2.7573960287930244  26
2.75815462196739  26
2.7589118923979736  29
2.7596678446896306  14
2.760422483423212  4
2.7611758131557314  21
2.761927838420529  19
2.762678563727436  8
2.7634279935629373  17
2.7641761323903307  4
2.7649229846498886  9
2.765668554759014  5
2.7664128471123997  8
2.7671558660821804  2
2.767897616018091  1
2.7686381012476144  4
2.7693773260761385  3
2.7701152947871015  2
2.7708520116421442  1
2.7752462597402365  1
2.7774268223893115  1
2.7788744720027396  1
2.7795964912578244  2
2.780317312140151  2
2.7810369386211318  1
2.7831886910752575  1
2.785329835010767  4
2.786041210242554  1
2.7867514221455614  4
2.787460474518415  2
2.7895807121644256  1
2.7902851640332416  1
2.790988475088816  2
