0.3010299956639812  5239
0.47712125471966244  4770
0.6020599913279624  5052
0.6989700043360189  4893
0.7781512503836436  4732
0.8450980400142568  4804
0.9030899869919435  4995
0.9542425094393249  4831
1.0  4999
1.0413926851582251  5153
1.0791812460476249  4818
1.1139433523068367  4912
1.146128035678238  4988
1.1760912590556813  4679
1.2041199826559248  5033
1.2304489213782739  5116
1.255272505103306  4597
1.2787536009528289  4672
1.3010299956639813  4793
1.3222192947339193  4706
1.3424226808222062  4734
1.3617278360175928  4128
1.380211241711606  4044
1.3979400086720377  3843
1.414973347970818  3536
1.4313637641589874  3288
1.4471580313422192  3098
1.462397997898956  2847
1.4771212547196624  2959
1.4913616938342726  3028
1.505149978319906  3136
1.5185139398778875  2914
1.5314789170422551  3047
1.5440680443502757  3129
1.5563025007672873  3046
1.568201724066995  2801
1.5797835966168101  2729
1.591064607026499  2850
1.6020599913279623  2876
1.6127838567197355  2871
1.6232492903979006  2933
1.6334684555795864  3132
1.6434526764861874  3150
1.6532125137753437  2627
1.662757831681574  2885
1.6720978579357175  2897
1.6812412373755872  3207
1.6901960800285136  3077
1.6989700043360187  2863
1.7075701760979363  2634
1.7160033436347992  3031
1.724275869600789  2786
1.7323937598229686  2966
1.7403626894942439  3090
1.7481880270062005  3209
1.7558748556724915  2999
1.7634279935629373  3182
1.7708520116421442  2946
1.7781512503836436  3076
1.7853298350107671  2901
1.792391689498254  3047
1.7993405494535817  2833
1.806179973983887  2902
1.8129133566428555  2938
1.8195439355418688  2945
1.8260748027008264  3108
1.8325089127062364  2977
1.8388490907372552  2912
1.845098040014257  2932
1.8512583487190752  3142
1.8573324964312685  2929
1.863322860120456  3025
1.8692317197309762  2722
1.8750612633917  2968
1.8808135922807914  2764
1.8864907251724818  3132
1.8920946026904804  3065
1.8976270912904414  3039
1.9030899869919435  2819
1.9084850188786497  2938
1.9138138523837167  2835
1.919078092376074  2759
1.9242792860618816  2981
1.9294189257142926  3261
1.9344984512435677  2685
1.9395192526186185  3037
1.9444826721501687  2942
1.9493900066449128  2968
1.954242509439325  3153
1.9590413923210936  3041
1.9637878273455553  2987
1.968482948553935  3052
1.9731278535996986  2914
1.9777236052888478  3057
1.9822712330395684  2910
1.9867717342662448  3131
1.9912260756924949  2898
1.99563519459755  3057
2.0  2936
2.0043213737826426  2998
2.0086001717619175  3115
2.012837224705172  3043
2.0170333392987803  3047
2.0211892990699383  2995
2.0253058652647704  2868
2.0293837776852097  3284
2.03342375548695  3068
2.037426497940624  3012
2.041392685158225  3177
2.0453229787866576  2865
2.0492180226701815  2934
2.0530784434834195  2873
2.0569048513364727  3023
2.060697840353612  2956
2.0644579892269186  3042
2.0681858617461617  2951
2.0718820073061255  2969
2.0755469613925306  2848
2.0791812460476247  3124
2.0827853703164503  3085
2.0863598306747484  2861
2.089905111439398  2608
2.093421685162235  3174
2.0969100130080562  2976
2.100370545117563  3041
2.103803720955957  2957
2.1072099696478683  3050
2.110589710299249  2961
2.113943352306837  2965
2.1172712956557644  2927
2.12057393120585  2910
2.123851640967086  3125
2.1271047983648077  2834
2.130333768495006  2698
2.1335389083702174  3049
2.1367205671564067  2886
2.1398790864012365  3129
2.143014800254095  3103
2.146128035678238  3016
2.1492191126553797  2984
2.1522883443830563  2932
2.155336037465062  2893
2.1583624920952498  2922
2.161368002234975  3008
2.164352855784437  2677
2.167317334748176  2862
2.1702617153949575  3080
2.173186268412274  2960
2.1760912590556813  2798
2.1789769472931693  2872
2.1818435879447726  2902
2.184691430817599  3088
2.187520720836463  2628
2.1903316981702914  2921
2.1931245983544616  2893
2.1958996524092336  3055
2.1986570869544226  2989
2.2013971243204513  2754
2.2041199826559246  3033
2.2068258760318495  2841
2.2095150145426308  3120
2.2121876044039577  3006
2.214843848047698  3077
2.2174839442139063  2973
2.220108088040055  2850
2.2227164711475833  3062
2.225309281725863  2986
2.2278867046136734  2864
2.230448921378274  3079
2.2329961103921536  3040
2.2355284469075487  3000
2.2380461031287955  3116
2.2405492482826  2724
2.2430380486862944  3121
2.24551266781415  3019
2.247973266361807  2979
2.250420002308894  2923
2.2528530309798933  2933
2.255272505103306  2958
2.2576785748691846  2921
2.2600713879850747  2945
2.2624510897304293  3138
2.2648178230095364  2926
2.2671717284030137  3173
2.2695129442179165  3063
2.271841606536499  2905
2.27415784926368  2910
2.2764618041732443  2801
2.278753600952829  2839
2.2810333672477277  2715
2.2833012287035497  3033
2.285557309007774  2793
2.287801729930226  3010
2.290034611362518  2920
2.292256071356476  2929
2.294466226161593  2998
2.296665190261531  2920
2.298853076409707  2916
2.3010299956639813  2813
2.303196057420489  2638
2.305351369446624  3268
2.307496037913213  2948
2.3096301674258988  3339
2.311753861055754  2987
2.3138672203691533  3021
2.315970345456918  2706
2.3180633349627615  2809
2.3201462861110542  3056
2.322219294733919  2824
2.3242824552976926  3008
2.326335860928751  2807
2.3283796034387376  2895
2.330413773349191  2976
2.3324384599156054  3111
2.3344537511509307  2582
2.3364597338485296  3132
2.3384564936046046  3347
2.3404441148401185  3052
2.342422680822206  2913
2.3443922736851106  3042
2.346352974450639  3164
2.3483048630481607  2720
2.3502480183341627  2764
2.3521825181113627  3497
2.3541084391474008  3135
2.3560258571931225  2790
2.357934847000454  2722
2.359835482339888  3121
2.361727836017593  3154
2.3636119798921444  2923
2.3654879848909  2905
2.367355921026019  3041
2.369215857410143  2852
2.3710678622717363  2697
2.3729120029701067  2845
2.374748346010104  3019
2.376576957056512  3231
2.3783979009481375  2872
2.380211241711606  2871
2.3820170425748683  3025
2.383815365980431  2949
2.385606273598312  3091
2.387389826338729  2827
2.3891660843645326  2872
2.3909351071033793  2973
2.392696953259666  3058
2.3944516808262164  2887
2.3961993470957363  3138
2.3979400086720375  2956
2.399673721481038  2711
2.401400540781544  2778
2.403120521175818  3229
2.404833716619938  3205
2.406540180433955  3316
2.4082399653118496  3065
2.4099331233312946  2935
2.41161970596323  3055
2.413299764081252  3213
2.4149733479708178  2622
2.416640507338281  2651
2.4183012913197452  2904
2.419955748489758  2797
2.4216039268698313  3179
2.423245873936808  3003
2.424881636631067  3000
2.4265112613645754  2977
2.428134794028789  2904
2.429752280002408  2926
2.4313637641589874  3071
2.432969290874406  2922
2.4345689040341987  2788
2.436162647040756  2574
2.437750562820388  2873
2.439332693830263  3101
2.4409090820652177  2694
2.4424797690644486  2713
2.444044795918076  2806
2.4456042032735974  2996
2.4471580313422194  3054
2.44870631990508  3092
2.450249108319361  2862
2.45178643552429  2878
2.4533183400470375  3150
2.45484486000851  3087
2.456366033129043  3015
2.4578818967339924  2892
2.459392487759231  2842
2.4608978427565478  2785
2.462397997898956  3180
2.4638929889859074  2780
2.4653828514484184  2881
2.4668676203541096  2782
2.4683473304121573  3006
2.469822015978163  2882
2.4712917110589387  2847
2.4727564493172123  3083
2.4742162640762553  2914
2.4756711883244296  3060
2.4771212547196626  2967
2.4785664955938436  2994
2.4800069429571505  3167
2.481442628502305  3032
2.482873583608754  2897
2.484299839346786  2650
2.48572142648158  3028
2.4871383754771865  2859
2.4885507165004443  2865
2.4899584794248346  3147
2.4913616938342726  2887
2.4927603890268375  2701
2.494154594018443  2976
2.4955443375464483  2908
2.496929648073215  2994
2.4983105537896004  3029
2.499687082618404  2722
2.5010592622177517  3029
2.5024271199844326  3004
2.503790683057181  3078
2.505149978319906  2913
2.506505032404872  2732
2.507855871695831  2842
2.509202522331103  3120
2.510545010206612  2592
2.5118833609788744  2682
2.513217600067939  3071
2.514547752660286  2828
2.515873843711679  3135
2.5171958979499744  2930
2.5185139398778875  2994
2.519827993775719  3079
2.5211380837040362  2903
2.5224442335063197  2869
2.5237464668115646  2993
2.525044807036845  2837
2.526339277389844  2921
2.5276299008713385  3057
2.5289167002776547  2895
2.530199698203082  3171
2.531478917042255  2927
2.5327543789924976  2918
2.534026106056135  2777
2.5352941200427703  3081
2.53655844257153  2945
2.537819095073274  3243
2.5390760987927767  3015
2.5403294747908736  3055
2.5415792439465807  3118
2.5428254269591797  2776
2.5440680443502757  2864
2.545307116465824  2875
2.546542663478131  2923
2.5477747053878224  3052
2.5490032620257876  2927
2.550228353055094  3286
2.5514499979728753  2939
2.552668216112193  3098
2.5538830266438746  2699
2.5550944485783194  2915
2.5563025007672873  3284
2.5575072019056577  2855
2.558708570533166  2990
2.5599066250361124  2986
2.561101383649056  3199
2.5622928644564746  2907
2.5634810853944106  2723
2.5646660642520893  3043
2.5658478186735176  2863
2.56702636615906  3125
2.568201724066995  3000
2.569373909615046  2879
2.5705429398818973  2698
2.571708831808688  2888
2.5728716022004803  3114
2.574031267727719  2872
2.575187844927661  3023
2.576341350205793  2906
2.5774917998372255  2678
2.578639209968072  3040
2.57978359661681  3128
2.5809249756756194  3185
2.582063362911709  2813
2.583198773968623  3267
2.584331224367531  2828
2.5854607295085006  2817
2.586587304671755  2821
2.5877109650189114  2855
2.5888317255942073  3047
2.5899496013257077  2850
2.591064607026499  3117
2.5921767573958667  3023
2.593286067020457  2730
2.5943925503754266  2996
2.595496221825574  2984
2.59659709562646  2958
2.597695185925512  2816
2.598790506763115  2924
2.5998830720736876  3040
2.6009728956867484  2975
2.6020599913279625  2751
2.603144372620182  2929
2.60422605308447  3053
2.6053050461411096  2999
2.606381365110605  2905
2.6074550232146687  3088
2.6085260335771943  2983
2.60959440922522  3171
2.61066016308988  2958
2.611723308007342  2995
2.6127838567197355  2894
2.6138418218760693  2745
2.6148972160331345  2885
2.615950051656401  3099
2.617000341120899  3058
2.6180480967120925  3144
2.6190933306267428  3050
2.6201360549737576  3198
2.621176281775035  2877
2.622214022966295  3134
2.6232492903979003  2720
2.6242820958356683  2929
2.625312450961674  2769
2.6263403673750423  2971
2.6273658565927325  3013
2.6283889300503116  3360
2.629409599102719  2813
2.630427875025024  2937
2.6314437690131722  2950
2.6324572921847245  2578
2.6334684555795866  2742
2.6344772701607315  2936
2.635483746814912  2949
2.6364878963533656  2769
2.637489729512511  2802
2.6384892569546374  2893
2.639486489268586  3029
2.640481436970422  2991
2.6414741105040997  2769
2.6424645202421213  3000
2.6434526764861874  2835
2.6444385894678386  2939
2.645422269349092  3109
2.6464037262230695  2504
2.6473829701146196  2783
2.6483600109809315  2697
2.649334858712142  3055
2.6503075231319366  3106
2.651278013998144  3195
2.6522463410033232  2779
2.6532125137753435  3036
2.6541765418779604  2907
2.655138434811382  3052
2.656098202012832  3096
2.6570558528571038  3057
2.6580113966571126  2880
2.658964842664435  3145
2.6599162000698504  3091
2.660865478003869  3172
2.661812685537261  3057
2.662757831681574  3160
2.663700925389648  2758
2.6646419755561257  3044
2.6655809910179533  2796
2.6665179805548807  2857
2.667452952889954  3079
2.66838591669  3224
2.6693168805661123  2768
2.670245853074124  2796
2.6711728427150834  3103
2.6720978579357175  2615
2.673020907128896  3289
2.673941998634088  2909
2.6748611407378116  2881
2.6757783416740852  3142
2.6766936096248664  3203
2.677606952720493  2814
2.678518379040114  3030
2.6794278966121188  2802
2.680335513414563  2874
2.681241237375587  3139
2.682145076373832  3083
2.6830470382388496  2903
2.683947130751512  2737
2.6848453616444123  3182
2.6857417386022635  2691
2.6866362692622934  2828
2.6875289612146345  2863
2.6884198220027105  2893
2.6893088591236203  2635
2.690196080028514  2970
2.6910814921229687  2952
2.69196510276736  2815
2.69284691927723  2704
2.693726948923647  2870
2.694605198933569  3040
2.6954816764901977  2983
2.696356388733332  2593
2.6972293427597176  3224
2.6981005456233897  2701
2.6989700043360187  3090
2.699837725867246  2898
2.7007037171450192  3071
2.7015679850559273  3594
2.7024305364455254  3187
2.7032913781186614  3253
2.7041505168397992  3021
2.705007959333336  2596
2.7058637122839193  2877
2.7067177823367587  3072
2.7075701760979363  2893
2.708420900134713  2889
2.709269960975831  2935
2.7101173651118162  2791
2.710963118995276  2879
2.711807229041191  2942
2.7126497016272113  2983
2.7134905430939424  3166
2.714329759745233  3045
2.7151673578484576  3024
2.716003343634799  2798
2.7168377232995247  2992
2.717670503002262  2987
2.718501688867274  2944
2.7193312869837265  2918
2.720159303405957  3160
2.7209857441537393  2954
2.7218106152125467  2952
2.722633922533812  2812
2.7234556720351857  2968
2.724275869600789  3085
2.725094521081469  2781
2.7259116322950483  2804
2.7267272090265724  2828
2.727541257028556  3229
2.7283537820212285  3035
2.72916478969277  3060
2.7299742856995555  2884
2.7307822756663893  3015
2.7315887651867388  2919
2.7323937598229686  3001
2.7331972651065692  2838
2.733999286538387  2726
2.734799829588847  2689
2.73559889969818  2672
2.7363965022766426  3043
2.7371926427047373  2820
2.737987326333431  2735
2.738780558484369  3099
2.739572344450092  2680
2.7403626894942437  3044
2.741151598851785  2972
2.741939077729199  2783
2.7427251313046983  2975
2.74350976472843  2781
2.7442929831226763  3174
2.7450747915820575  2936
2.745855195173729  2664
2.7466341989375787  2989
2.747411807886423  2788
2.7481880270062002  2874
2.7489628612561616  2881
2.749736315569061  2786
2.7505083948513462  2968
2.751279103983342  3139
2.7520484478194387  3060
2.7528164311882715  2921
2.7535830588929064  3072
2.754348335711019  3301
2.7551122663950713  3107
2.7558748556724915  2943
2.756636108245848  3002
2.7573960287930244  2784
2.75815462196739  2997
2.7589118923979736  2750
2.7596678446896306  3241
2.760422483423212  2955
2.7611758131557314  3083
2.761927838420529  2888
2.762678563727436  2882
2.7634279935629373  2963
2.7641761323903307  2782
2.7649229846498886  3173
2.765668554759014  2800
2.7664128471123997  3083
2.7671558660821804  2837
2.767897616018091  3091
2.7686381012476144  2600
2.7693773260761385  3212
2.7701152947871015  3189
2.7708520116421442  2867
2.7715874808812555  3110
2.77232170672292  2880
2.7730546933642626  2879
2.7737864449811935  3057
2.7745169657285498  2953
2.7752462597402365  3014
2.775974331129369  2721
2.776701183988411  2932
2.7774268223893115  2938
2.7781512503836434  2833
2.7788744720027396  3013
2.7795964912578244  2833
2.780317312140151  2943
2.7810369386211318  2752
2.781755374652469  2882
2.782472624166286  2919
2.7831886910752575  3062
2.783903579272735  2759
2.784617292632875  2836
2.785329835010767  2934
2.786041210242554  2922
2.7867514221455614  3176
2.787460474518415  2977
2.788168371141168  3338
2.788875115775417  2860
2.7895807121644256  3031
2.7902851640332416  2962
2.790988475088816  2892
2.791690649020118  2742
2.792391689498254  2784
2.79309160017658  3174
2.7937903846908188  2950
2.7944880466591697  2877
2.795184589682424  2857
2.7958800173440754  2899
2.7965743332104296  3135
2.7972675408307164  2893
2.797959643737196  2750
2.798650645445269  2853
2.7993405494535817  2857
2.8000293592441343  3009
2.800717078282385  2914
2.801403710017355  3206
2.802089257881733  3007
2.8027737252919755  2765
2.803457115648414  2905
2.8041394323353503  2994
2.8048206787211623  2917
2.8055008581584002  3026
2.806179973983887  3153
2.8068580295188172  2739
2.807535028068853  2953
2.808210972924222  3239
2.808885867359812  2885
2.8095597146352675  2891
2.8102325179950842  2998
2.8109042806687006  3051
2.8115750058705933  2993
2.812244696800369  3056
2.8129133566428557  3109
2.813580988568192  3025
2.81424759573192  2890
2.814913181275074  2841
2.815577748324267  2899
2.816241299991783  2967
2.8169038393756605  2876
2.8175653695597807  2606
2.8182258936139557  3010
2.8188854145940097  2992
2.8195439355418688  3035
2.82020145948564  2963
2.8208579894397  2933
2.821513528404773  2890
2.8221680793680175  2788
2.8228216453031045  2802
2.823474229170301  3436
2.824125833916549  3183
2.824776462475546  2856
2.8254261177678233  2936
2.8260748027008264  2871
2.826722520168992  2983
2.8273692730538253  2734
2.828015064223977  2864
2.82865989653532  2821
2.829303772831025  3070
2.829946695941636  2871
2.8305886686851442  3041
2.8312296938670634  2781
2.8318697742805017  3060
2.832508912706236  2969
2.833147111912785  2705
2.833784374656479  2761
2.8344207036815328  2765
2.835056101720116  2936
2.8356905714924254  2771
2.8363241157067516  2828
2.8369567370595505  2964
2.837588438235511  3263
2.8382192219076257  3007
2.838849090737255  3315
2.8394780473741985  2888
2.840106094456758  2818
2.8407332346118066  2941
2.841359470454855  3131
2.8419848045901137  2906
2.842609239610562  2968
2.8432327780980096  2820
2.843855422623161  2833
2.8444771757456815  2748
2.845098040014257  2972
2.8457180179666586  2908
2.846337112129805  2807
2.846955325019824  3086
2.847572659142112  2784
2.848189116991399  2844
2.8488047010518036  2842
2.8494194137968996  2993
2.850033257689769  3007
2.8506462351830666  2986
2.8512583487190755  2857
2.851869600729766  3071
2.8524799936368566  2925
2.8530895298518657  3004
2.8536982117761744  2983
2.8543060418010806  2835
2.8549130223078554  3079
2.8555191556678  2952
2.8561244442423  2915
2.8567288903828825  2912
2.8573324964312685  3249
2.857935264719429  2687
2.858537197569639  2825
2.859138297294531  3091
2.859738566197147  2959
2.8603380065709936  3150
2.8609366207000937  2749
2.8615344108590377  3224
2.862131379313037  2852
2.8627275283179747  3075
2.863322860120456  2880
2.8639173769578603  2854
2.864511081058392  2992
2.8651039746411278  2769
2.8656960599160706  3218
2.8662873390841948  2728
2.866877814337499  2894
2.8674674878590514  3020
2.8680563618230415  2810
2.8686444383948255  2792
2.8692317197309762  3039
2.869818207979328  2839
2.870403905279027  3003
2.8709888137605755  3118
2.8715729355458786  3074
2.8721562727482928  3299
2.8727388274726686  2881
2.873320601815399  2780
2.8739015978644615  2688
2.8744818176994666  2863
2.8750612633917  3077
2.8756399370041685  2753
2.876217840591642  2979
2.8767949762007006  2756
2.877371345869774  3144
2.8779469516291885  3026
2.8785217955012063  2617
2.8790958795000727  3015
2.8796692056320534  2786
2.88024177589548  2991
2.8808135922807914  2994
2.8813846567705728  2958
2.8819549713396007  2649
2.8825245379548803  2856
2.8830933585756897  2993
2.8836614351536176  2991
2.884228769632604  3187
2.884795363948981  3202
2.885361220031512  2800
2.885926339801431  2975
2.886490725172482  2848
2.8870543780509568  2860
2.887617300335736  3018
2.888179493918325  3029
2.8887409606828927  3007
2.88930170250631  2854
2.8898617212581885  3396
2.890421018800914  2644
2.890979596989689  3220
2.8915374576725643  2824
2.8920946026904804  2853
2.8926510338773004  3193
2.893206753059848  2993
2.8937617620579434  2788
2.8943160626844384  3058
2.8948696567452528  2790
2.895422546039408  3092
2.8959747323590648  2856
2.8965262174895554  2744
2.89707700320942  3026
2.8976270912904414  2857
2.8981764834976764  3095
2.8987251815894934  2841
2.8992731873176036  2695
2.8998205024270964  2667
2.9003671286564705  2918
2.900913067737669  3039
2.9014583213961123  2894
2.9020028913507296  2807
2.902546779313991  2780
2.9030899869919438  2788
2.9036325160842376  2981
2.9041743682841634  2910
2.904715545278681  3069
2.905256048748451  2852
2.9057958803678687  2996
2.906335041805091  3103
2.90687353472207  2867
2.907411360774586  3045
2.9079485216122722  3074
2.90848501887865  2788
2.909020854211156  2933
2.9095560292411755  3054
2.910090545594068  2864
2.910624404889201  2875
2.9111576087399764  3131
2.9116901587538613  3188
2.9122220565324155  2647
2.912753303671323  3040
2.9132839017604186  3044
2.9138138523837167  2848
2.9143431571194407  3162
2.9148718175400505  2920
2.91539983521227  3205
2.9159272116971158  3022
2.916453948549925  3061
2.9169800473203824  2937
2.9175055095525466  3281
2.9180303367848803  2797
2.9185545305502734  2872
2.9190780923760737  3033
2.919601023784111  2959
2.920123326290724  2956
2.9206450014067875  2955
2.921166050637739  2903
2.921686475483602  3158
2.9222062774390163  2798
2.92272545799326  2899
2.9232440186302764  2910
2.9237619608287004  2766
2.9242792860618816  3099
2.924795995797912  2922
2.9253120914996495  3055
2.9258275746247424  2907
2.926342446625655  2909
2.926856708949692  2850
2.9273703630390235  3003
2.9278834103307068  2894
2.9283958522567137  2816
2.928907690243953  2702
2.929418925714293  2842
2.929929560084588  3049
2.9304395947667  2951
2.930949031167523  2855
2.931457870689005  2890
2.931966114728173  3089
2.932473764677153  2809
2.932980821923198  3103
2.9334872878487053  3049
2.9339931638312424  2831
2.934498451243568  2874
2.935003151453655  2913
2.9355072658247128  2684
2.9360107957152097  2939
2.936513742478893  2876
2.9370161074648142  2650
2.937517892017347  2979
2.9380190974762104  3067
2.938519725176492  3116
2.9390197764486663  2938
2.9395192526186187  2861
2.9400181550076634  3038
2.940516484932567  2915
2.9410142437055695  2902
2.941511432634403  3069
2.942008053022313  2719
2.9425041061680806  2885
2.9429995933660407  3033
2.9434945159061026  2967
2.9439888750737717  2959
2.9444826721501687  3055
2.9449759084120477  2945
2.94546858513182  3272
2.9459607035775686  2994
2.946452265013073  2933
2.9469432706978256  3061
2.9474337218870508  2899
2.9479236198317262  2789
2.948412965778601  3069
2.9489017609702137  3039
2.949390006644913  3086
2.949877704036875  3087
2.950364854376123  2995
2.9508514588885464  3014
2.951337518795918  3113
2.951823035315912  2998
2.9523080096621253  2989
2.952792443044092  2824
2.9532763366673045  2973
2.9537596917332287  3117
2.9542425094393248  3325
2.954724790979063  2942
2.9552065375419416  3020
2.9556877503135057  2994
2.9561684304753633  2881
2.9566485792052033  2881
2.957128197676813  2769
2.957607287060095  2769
2.958085848521085  3003
2.9585638832219674  2778
2.9590413923210934  3256
2.9595183769729982  2939
2.959994838328416  3194
2.960470777534299  2912
2.960946195733831  2673
2.9614210940664485  3255
2.9618954736678504  2997
2.962369335670021  2903
2.9628426812012423  3026
2.9633155113861114  2944
2.963787827345555  2613
2.964259630196849  2894
2.9647309210536292  3014
2.965201701025912  2964
2.9656719712201065  2889
2.9661417327390325  3052
2.966610986681934  2898
2.967079734144497  3283
2.967547976218862  2933
2.968015713993642  2948
2.9684829485539352  2713
2.9689496809813427  2969
2.9694159123539814  3257
2.9698816437465  2952
2.9703468762300935  2789
2.9708116108725178  2980
2.971275848738105  3091
2.971739590887778  2765
2.9722028383790646  2849
2.972665592266111  2987
2.9731278535996988  3162
2.973589623427257  2957
2.9740509027928774  3125
2.9745116927373285  3047
2.974971994298069  3064
2.975431808509263  2897
2.975891136401793  2772
2.9763499790032735  2610
2.976808337338066  3011
2.977266212427293  2869
2.9777236052888476  3254
2.978180516937414  2527
2.9786369483844743  2790
2.979092900638326  3279
2.979548374704095  2736
2.9800033715837464  3160
2.9804578922761  3406
2.9809119377768436  2749
2.9813655090785445  3274
2.9818186071706636  2793
2.9822712330395684  2897
2.9827233876685453  3025
2.983175072037813  2926
2.9836262871245345  2866
2.984077033902831  2726
2.9845273133437926  2778
2.9849771264154934  2857
2.9854264740830017  2851
2.9858753573083936  2987
2.986323777050765  2952
2.9867717342662448  2963
2.9872192299080047  2882
2.9876662649262746  3087
2.988112840268352  2858
2.9885589568786157  3013
2.989004615698537  3225
2.9894498176666917  2933
2.989894563718773  3183
2.9903388547876015  3224
2.9907826918031377  3038
2.9912260756924947  2861
2.9916690073799486  2887
2.9921114877869495  2981
2.9925535178321354  2954
2.9929950984313414  2767
2.9934362304976116  2921
2.993876914941211  2961
2.9943171526696366  2811
2.9947569445876283  3045
2.9951962915971793  2940
2.99563519459755  2734
2.9960736544852753  2854
2.9965116721541785  2852
2.996949248495381  3088
2.997386384397313  3009
2.9978230807457256  3008
2.998259338423699  2794
2.998695158311656  2871
2.999130541287371  3119
2.9995654882259823  3007
3.0  2728
3.000434077479319  3008
3.0008677215312267  3103
3.0013009330204183  3009
3.0017337128090005  3086
3.002166061756508  2786
3.0025979807199086  2525
3.003029470553618  2992
3.0034605321095067  3096
3.0038911662369103  2917
3.0043213737826426  2820
3.004751155591001  2786
3.0051805125037805  2805
3.0056094453602804  3010
3.0060379549973173  2773
3.0064660422492318  2928
3.0068937079479006  2818
3.0073209529227447  3029
3.00774777800074  2973
3.0081741840064264  3301
3.0086001717619175  3078
3.0090257420869104  2942
3.009450895798694  2798
3.00987563371216  2948
3.010299956639812  2851
3.010723865391773  2855
3.0111473607757975  3210
3.0115704435972783  2992
3.011993114659257  3133
3.012415374762433  2681
3.012837224705172  2750
3.0132586652835167  2812
3.0136796972911926  2602
3.0141003215196207  2569
3.0145205387579237  2804
3.0149403497929366  2948
3.0153597554092144  3118
3.015778756389041  3092
3.016197353512439  2816
3.016615547557177  2927
3.0170333392987803  3113
3.017450729510536  2851
3.0178677189635055  2883
3.018284308426531  3157
3.0187004986662433  2940
3.019116290447073  2862
3.0195316845312554  3077
3.0199466816788423  3054
3.0203612826477078  2857
3.020775488193558  2846
3.0211892990699383  3413
3.021602716028242  3214
3.02201573981772  3232
3.0224283711854865  2863
3.022840610876528  2921
3.0232524596337114  2990
3.0236639181977933  2865
3.024074987307426  3068
3.024485667699167  2805
3.024895960107485  3052
3.0253058652647704  2855
3.025715383901341  3074
3.0261245167454502  2925
3.0265332645232967  2812
3.0269416279590295  2664
3.0273496077747564  3096
3.0277572046905536  2744
3.0281644194244697  3110
3.0285712526925375  3006
3.028977705208778  2846
3.0293837776852097  2850
3.029789470831856  3011
3.030194785356751  2894
3.030599721965951  3269
3.0310042813635367  2962
3.031408464251624  3099
3.0318122713303706  2807
3.0322157032979815  2855
3.03261876085072  3183
3.0330214446829107  3017
3.03342375548695  2938
3.03382569395331  2736
3.0342272607705505  3030
3.0346284566253203  2818
3.0350292822023683  2939
3.0354297381845483  3028
3.035829825252828  2792
3.0362295440862948  2873
3.036628895362161  2907
3.037027879755775  2749
3.037426497940624  2821
3.037824750588342  2904
3.0382226383687185  2953
3.038620161949703  3213
3.039017321997412  2946
3.0394141191761372  2932
3.0398105541483504  2985
3.0402066275747113  2838
3.040602340114073  2860
3.0409976924234905  3246
3.041392685158225  3142
3.041787318971752  3081
3.042181594515766  3054
3.0425755124401905  3051
3.0429690733931802  2890
3.0433622780211294  3198
3.0437551269686796  2786
3.044147620878723  3015
3.044539760392411  3049
3.04493154614916  2702
3.0453229787866576  2954
3.0457140589408676  3071
3.0461047872460387  2972
3.0464951643347082  2945
3.04688519083771  2793
3.0472748673841794  2742
3.04766419460156  3129
3.048053173115609  3170
3.0484418035504044  3011
3.04883008652835  2919
3.0492180226701815  3201
3.049605612594973  2888
3.0499928569201424  3083
3.050379756261458  2856
3.0507663112330423  3034
3.0511525224473814  2943
3.0515383905153275  2937
3.0519239160461065  2897
3.0523090996473234  2783
3.052693941924968  2995
3.0530784434834195  2924
3.053462604925455  2986
3.0538464268522527  2885
3.0542299098633974  3080
3.0546130545568877  2849
3.0549958615291417  2902
3.055378331375  2816
3.0557604646877348  2935
3.056142262059052  3173
3.0565237240791006  3059
3.0569048513364727  2887
3.0572856444182146  2857
3.0576661039098294  2939
3.0580462303952816  2788
3.058426024457005  3106
3.0588054866759067  2894
3.059184617631371  3051
3.0595634179012676  2716
3.059941888061955  3174
3.060320028688285  2945
3.060697840353612  3060
3.0610753236297916  3051
3.061452479087193  3277
3.061829307294699  2891
3.0622058088197126  3067
3.062581984228163  2885
3.0629578340845103  3071
3.0633333589517497  2932
3.0637085593914173  2947
3.064083435963596  2847
3.0644579892269186  3048
3.064832219738574  2923
3.065206128054312  2771
3.0655797147284485  2759
3.06595298031387  2813
3.0663259253620376  3066
3.0666985504229953  3050
3.0670708560453703  3423
3.0674428427763805  2642
3.0678145111618402  3525
3.0681858617461617  2854
3.068556895072363  2963
3.068927611682072  2978
3.0692980121155293  2716
3.0696680969115957  3079
3.070037866607755  2980
3.0704073217401198  2780
3.0707764628434346  2981
3.0711452904510828  2776
3.071513805095089  2816
3.0718820073061255  3203
3.072249897613515  3225
3.0726174765452368  2725
3.0729847446279304  2637
3.073351702386901  3101
3.0737183503461227  3179
3.074084689028244  3007
3.074450718954591  2946
3.074816440645175  2855
3.0751818546186915  3129
3.0755469613925306  2547
3.0759117614827773  2994
3.076276255404218  2955
3.076640443670342  3010
3.0770043267933502  2900
3.0773679052841563  2954
3.077731179652392  2774
3.0780941504064105  2902
3.0784568180532927  2850
3.0788191830988487  2767
3.0791812460476247  2955
3.079543007402906  2690
3.079904467666721  2772
3.0802656273398448  2736
3.0806264869218056  3002
3.080987046910887  2794
3.0813473078041325  2796
3.081707270097349  2963
3.082066934285113  3179
3.0824263008607717  2646
3.0827853703164503  2846
3.0831441431430524  2888
3.0835026198302673  3135
3.083860800866573  2958
3.0842186867392387  3067
3.084576277934331  2985
3.084933574936716  3049
3.085290578230065  3151
3.0856472882968564  3125
3.0860037056183818  3028
3.0863598306747484  2967
3.0867156639448825  2845
3.0870712059065353  2779
3.0874264570362855  3063
3.087781417809542  2868
3.0881360887005513  3197
3.0884904701823963  2705
3.088844562727004  3030
3.089198366805149  3000
3.089551882886454  2996
3.089905111439398  3099
3.090258052931316  2948
3.090610707828407  2748
3.0909630765957314  2780
3.091315159697223  2823
3.0916669575956846  2855
3.092018470752797  3261
3.0923696996291206  3051
3.0927206446840994  2997
3.0930713063760633  2954
3.093421685162235  2659
3.09377178149873  3010
3.0941215958405612  2891
3.094471128641645  2746
3.0948203803548  3045
3.095169351431755  3145
3.095518042323151  3171
3.0958664534785427  2633
3.0962145853464054  3012
3.0965624383741357  2773
3.0969100130080562  2957
3.09725730969342  3017
3.097604328874411  3040
3.09795107099415  2716
3.0982975364946976  2796
3.098643725817057  3116
3.0989896394011773  2883
3.0993352776859577  2894
3.09968064110925  3039
3.1000257301078626  2791
3.100370545117563  2685
3.1007150865730817  2858
3.1010593549081156  2635
3.101403350555331  2999
3.1017470739463664  3086
3.1020905255118367  3092
3.1024337056813365  2743
3.1027766148834415  2909
3.1031192535457137  2969
3.103461622094705  2703
3.103803720955957  2903
3.104145550554008  2853
3.104487111312395  2852
3.1048284036536553  3256
3.1051694279993316  3046
3.1055101847699738  3089
3.1058506743851435  2893
3.1061908972634154  2911
3.1065308538223815  3154
3.106870544478654  2881
3.1072099696478683  3196
3.1075491297446862  2937
3.1078880251827985  2900
3.1082266563749283  2926
3.1085650237328344  3278
3.1089031276673134  2787
3.109240968588203  2932
3.1095785469043866  3173
3.1099158630237933  2946
3.110252917353403  3092
3.110589710299249  2951
3.1109262422664203  2863
3.1112625136590655  2699
3.111598524880394  2862
3.1119342763326814  2924
3.1122697684172707  2782
3.1126050015345745  3206
3.11293997608408  2819
3.1132746924643504  3102
3.1136091510730277  3070
3.113943352306837  3135
3.1142772965615864  2696
3.114610984232173  2792
3.1149444157125847  2808
3.1152775913959014  3038
3.1156105116742996  3018
3.115943176939055  2705
3.116275587580544  2729
3.1166077439882485  2779
3.116939646550756  2886
3.1172712956557644  3118
3.117602691690084  2845
3.1179338350396413  2742
3.118264726089479  2679
3.118595365223762  3032
3.1189257528257768  2792
3.1192558892779365  2846
3.119585774961784  2983
3.119915410257991  2850
3.1202447955463652  3210
3.12057393120585  3085
3.1209028176145273  2693
3.1212314551496214  2987
3.1215598441875008  3008
3.121887985103681  2738
3.1222158782728267  2572
3.1225435240687545  2856
3.1228709228644354  2847
3.1231980750319988  2526
3.123524980942732  2965
3.123851640967086  2911
3.124178055474675  2611
3.1245042248342823  2689
3.1248301494138593  2743
3.12515582958053  2754
3.125481265700594  2964
3.125806458139527  2873
3.1261314072619846  2589
3.1264561134318045  2863
3.126780577012009  2723
3.1271047983648077  2866
3.127428777851599  2966
3.1277525158329733  2574
3.1280760126687155  2886
3.1283992687178066  2610
3.128722284338427  2652
3.1290450598879582  2733
3.1293675957229854  2754
3.129689892199301  2925
3.1300119496719043  2702
3.130333768495006  2615
3.130655349022031  2388
3.130976691605617  2677
3.131297796597623  2524
3.1316186643491255  2614
3.1319392952104246  2512
3.1322596895310446  2754
3.132579847659737  2369
3.132899769944483  2682
3.1332194567324945  2590
3.1335389083702174  2706
3.133858125203335  2631
3.1341771075767664  2775
3.1344958558346736  2526
3.13481437032046  2664
3.1351326513767748  2492
3.1354506993455136  2543
3.1357685145678222  2536
3.1360860973840974  2609
3.13640344813399  2702
3.1367205671564067  2377
3.1370374547895126  2489
3.137354111370733  2507
3.137670537236755  2445
3.137986732723532  2382
3.1383026981662816  2223
3.1386184338994925  2465
3.1389339402569236  2357
3.139249217571607  2641
3.13956426617585  2226
3.1398790864012365  2327
3.140193678578631  2254
3.1405080430381798  2283
3.1408221801093106  2294
3.141136090120739  2140
3.1414497734004674  2266
3.141763230275788  2457
3.1420764610732848  2188
3.142389466118836  2228
3.1427022457376155  2055
3.143014800254095  1994
3.143327129992046  2070
3.1436392352745433  2109
3.1439511164239633  1996
3.144262773761991  2019
3.144574207609616  1919
3.144885418287142  1858
3.1451964061141817  1871
3.1455071714096627  1927
3.1458177144918276  1986
3.146128035678238  1922
3.1464381352857744  1833
3.14674801363064  1729
3.1470576710283598  1883
3.1473671077937864  1784
3.1476763242410986  1691
3.147985320683805  1736
3.1482940974347455  1595
3.1486026548060932  1516
3.1489109931093564  1672
3.1492191126553797  1669
3.149527013754348  1600
3.149834696715785  1469
3.1501421618485588  1426
3.150449409460881  1421
3.150756439860309  1399
3.15106325335375  1380
3.1513698502474603  1315
3.151676230847048  1327
3.151982395457474  1288
3.1522883443830563  1307
3.15259407792747  1279
3.1528995963937474  1080
3.153204900084284  1194
3.1535099893008374  1129
3.153814864344529  1089
3.154119525515847  986
3.154423973114647  1065
3.1547282074401557  1049
3.1550322287909704  896
3.155336037465062  925
3.1556396337597765  923
3.1559430179718366  866
3.1562461903973444  750
3.1565491513317814  778
3.156851901070011  722
3.1571544399062814  764
3.157456768134226  664
3.1577588860468637  674
3.158060793936605  595
3.1583624920952498  639
3.1586639808139894  601
3.15896526038341  572
3.159266331093494  507
3.1595671932336202  475
3.1598678470925665  456
3.160168292958512  441
3.1604685311190375  436
3.1607685618611283  374
3.1610683854711747  376
3.161368002234975  352
3.161667412437736  359
3.161966616364075  313
3.1622656142980214  259
3.162564406523019  332
3.162862993321926  286
3.1631613749770184  239
3.16345955176999  248
3.163757523981956  203
3.1640552918934515  230
3.164352855784437  230
3.1646502159342966  171
3.1649473726218416  164
3.1652443261253107  159
3.165541076722373  134
3.1658376246901283  133
3.166133970305109  104
3.166430113843283  105
3.166726055580052  102
3.1670217957902564  99
3.167317334748176  89
3.16761267272753  86
3.16790781000148  75
3.168202746842631  59
3.1684974835230326  58
3.1687920203141817  89
3.1690863574870227  50
3.1693804953119495  62
3.1696744340588068  59
3.1699681739968923  55
3.1702617153949575  33
3.1705550585212086  33
3.170848203643309  38
3.1711411510283822  40
3.171433900943008  23
3.171726453653231  12
3.1720188094245563  17
3.172310968521954  21
3.17260293120986  20
3.1728946977521764  15
3.173186268412274  12
3.1734776434529945  14
3.17376882313665  20
3.1740598077250253  11
3.1743505974793798  11
3.1746411926604483  10
3.1749315935284423  7
3.1752218003430523  3
3.1755118133634475  5
3.1758016328482794  5
3.1760912590556813  3
3.1763806922432702  2
3.17666993266815  2
3.176958980586908  2
3.1772478362556233  4
3.1775364999298623  3
3.177824971864682  3
3.1781132523146316  1
3.178401341533755  2
3.17868923977559  5
3.1789769472931693  4
3.1792644643390253  2
3.1795517911651876  4
3.179838928023187  1
3.180125875164054  1
3.180412632838324  3
3.1806992012960347  4
3.1809855807867304  2
3.1812717715594614  2
3.1815577738627865  1
3.1818435879447726  1
3.182129214052998  2
3.182414652434554  1
3.1826999033360424  1
3.1832698436828046  1
3.1838390370564214  1
