0.3010299956639812  6925
0.47712125471966244  6363
0.6020599913279624  7026
0.6989700043360189  6932
0.7781512503836436  6585
0.8450980400142568  6747
0.9030899869919435  6488
0.9542425094393249  6875
1.0  6648
1.0413926851582251  6737
1.0791812460476249  7423
1.1139433523068367  6776
1.146128035678238  7514
1.1760912590556813  6621
1.2041199826559248  6673
1.2304489213782739  7034
1.255272505103306  6906
1.2787536009528289  6939
1.3010299956639813  7126
1.3222192947339193  6811
1.3424226808222062  6876
1.3617278360175928  6894
1.380211241711606  6759
1.3979400086720377  6809
1.414973347970818  6373
1.4313637641589874  6862
1.4471580313422192  6852
1.462397997898956  6657
1.4771212547196624  6761
1.4913616938342726  6704
1.505149978319906  6447
1.5185139398778875  5977
1.5314789170422551  6172
1.5440680443502757  5807
1.5563025007672873  5731
1.568201724066995  5339
1.5797835966168101  5372
1.591064607026499  4996
1.6020599913279623  5112
1.6127838567197355  5217
1.6232492903979006  4922
1.6334684555795864  4808
1.6434526764861874  4887
1.6532125137753437  4723
1.662757831681574  4783
1.6720978579357175  5098
1.6812412373755872  4742
1.6901960800285136  5052
1.6989700043360187  5052
1.7075701760979363  4796
1.7160033436347992  4903
1.724275869600789  4724
1.7323937598229686  4921
1.7403626894942439  4881
1.7481880270062005  4973
1.7558748556724915  4945
1.7634279935629373  4580
1.7708520116421442  4716
1.7781512503836436  4657
1.7853298350107671  4590
1.792391689498254  4790
1.7993405494535817  4663
1.806179973983887  5101
1.8129133566428555  4919
1.8195439355418688  5246
1.8260748027008264  4690
1.8325089127062364  4746
1.8388490907372552  4968
1.845098040014257  4867
1.8512583487190752  4854
1.8573324964312685  5114
1.863322860120456  5042
1.8692317197309762  5120
1.8750612633917  4883
1.8808135922807914  4698
1.8864907251724818  4871
1.8920946026904804  4938
1.8976270912904414  4884
1.9030899869919435  4799
1.9084850188786497  4618
1.9138138523837167  4971
1.919078092376074  5139
1.9242792860618816  4777
1.9294189257142926  4582
1.9344984512435677  4732
1.9395192526186185  4769
1.9444826721501687  4786
1.9493900066449128  4852
1.954242509439325  4841
1.9590413923210936  4792
1.9637878273455553  5037
1.968482948553935  4504
1.9731278535996986  4816
1.9777236052888478  4712
1.9822712330395684  5004
1.9867717342662448  5136
1.9912260756924949  4917
1.99563519459755  4901
2.0  4822
2.0043213737826426  4878
2.0086001717619175  4917
2.012837224705172  4931
2.0170333392987803  4907
2.0211892990699383  4946
2.0253058652647704  4804
2.0293837776852097  4730
2.03342375548695  5173
2.037426497940624  4856
2.041392685158225  4866
2.0453229787866576  4775
2.0492180226701815  4807
2.0530784434834195  4993
2.0569048513364727  4943
2.060697840353612  5089
2.0644579892269186  4589
2.0681858617461617  4783
2.0718820073061255  5399
2.0755469613925306  4968
2.0791812460476247  4712
2.0827853703164503  4977
2.0863598306747484  4763
2.089905111439398  4924
2.093421685162235  4837
2.0969100130080562  4855
2.100370545117563  4992
2.103803720955957  4597
2.1072099696478683  4885
2.110589710299249  4845
2.113943352306837  4880
2.1172712956557644  4528
2.12057393120585  5018
2.123851640967086  4758
2.1271047983648077  5132
2.130333768495006  5009
2.1335389083702174  4787
2.1367205671564067  5145
2.1398790864012365  4889
2.143014800254095  4693
2.146128035678238  4841
2.1492191126553797  4638
2.1522883443830563  4953
2.155336037465062  4843
2.1583624920952498  4832
2.161368002234975  4805
2.164352855784437  4895
2.167317334748176  4990
2.1702617153949575  4925
2.173186268412274  4728
2.1760912590556813  5089
2.1789769472931693  5033
2.1818435879447726  4815
2.184691430817599  4622
2.187520720836463  4908
2.1903316981702914  4847
2.1931245983544616  4888
2.1958996524092336  4843
2.1986570869544226  4737
2.2013971243204513  4785
2.2041199826559246  4650
2.2068258760318495  4941
2.2095150145426308  4934
2.2121876044039577  4949
2.214843848047698  4718
2.2174839442139063  4901
2.220108088040055  4688
2.2227164711475833  4549
2.225309281725863  4895
2.2278867046136734  5198
2.230448921378274  4888
2.2329961103921536  4416
2.2355284469075487  4872
2.2380461031287955  5056
2.2405492482826  4738
2.2430380486862944  4806
2.24551266781415  4622
2.247973266361807  5056
2.250420002308894  4746
2.2528530309798933  4641
2.255272505103306  4895
2.2576785748691846  4749
2.2600713879850747  4848
2.2624510897304293  4839
2.2648178230095364  4921
2.2671717284030137  4995
2.2695129442179165  4896
2.271841606536499  4957
2.27415784926368  4735
2.2764618041732443  4878
2.278753600952829  4903
2.2810333672477277  4743
2.2833012287035497  5115
2.285557309007774  4883
2.287801729930226  4801
2.290034611362518  4631
2.292256071356476  4802
2.294466226161593  5096
2.296665190261531  5036
2.298853076409707  5024
2.3010299956639813  4986
2.303196057420489  4755
2.305351369446624  4838
2.307496037913213  4764
2.3096301674258988  4958
2.311753861055754  4970
2.3138672203691533  4935
2.315970345456918  5078
2.3180633349627615  4608
2.3201462861110542  5155
2.322219294733919  4751
2.3242824552976926  4834
2.326335860928751  4636
2.3283796034387376  4756
2.330413773349191  4674
2.3324384599156054  4636
2.3344537511509307  4782
2.3364597338485296  4790
2.3384564936046046  4944
2.3404441148401185  5057
2.342422680822206  5006
2.3443922736851106  4636
2.346352974450639  4966
2.3483048630481607  4929
2.3502480183341627  4948
2.3521825181113627  4984
2.3541084391474008  5065
2.3560258571931225  4371
2.357934847000454  4829
2.359835482339888  4896
2.361727836017593  4883
2.3636119798921444  5122
2.3654879848909  4801
2.367355921026019  4620
2.369215857410143  5200
2.3710678622717363  4790
2.3729120029701067  4647
2.374748346010104  4780
2.376576957056512  4790
2.3783979009481375  4794
2.380211241711606  5183
2.3820170425748683  4988
2.383815365980431  4877
2.385606273598312  5141
2.387389826338729  4912
2.3891660843645326  4929
2.3909351071033793  5083
2.392696953259666  4799
2.3944516808262164  4759
2.3961993470957363  4788
2.3979400086720375  4921
2.399673721481038  4790
2.401400540781544  4750
2.403120521175818  4866
2.404833716619938  4857
2.406540180433955  4958
2.4082399653118496  4669
2.4099331233312946  4864
2.41161970596323  4898
2.413299764081252  4994
2.4149733479708178  4945
2.416640507338281  4840
2.4183012913197452  4742
2.419955748489758  4866
2.4216039268698313  5154
2.423245873936808  4952
2.424881636631067  4987
2.4265112613645754  4941
2.428134794028789  4633
2.429752280002408  4890
2.4313637641589874  4711
2.432969290874406  5205
2.4345689040341987  4874
2.436162647040756  4794
2.437750562820388  4695
2.439332693830263  4673
2.4409090820652177  4699
2.4424797690644486  4687
2.444044795918076  4980
2.4456042032735974  5003
2.4471580313422194  4806
2.44870631990508  4709
2.450249108319361  4765
2.45178643552429  4512
2.4533183400470375  4969
2.45484486000851  4787
2.456366033129043  4715
2.4578818967339924  4891
2.459392487759231  5058
2.4608978427565478  5018
2.462397997898956  4873
2.4638929889859074  4697
2.4653828514484184  5202
2.4668676203541096  4903
2.4683473304121573  5026
2.469822015978163  4758
2.4712917110589387  5105
2.4727564493172123  4656
2.4742162640762553  4861
2.4756711883244296  4696
2.4771212547196626  4832
2.4785664955938436  4865
2.4800069429571505  5005
2.481442628502305  5074
2.482873583608754  4665
2.484299839346786  4833
2.48572142648158  4756
2.4871383754771865  4981
2.4885507165004443  4978
2.4899584794248346  4750
2.4913616938342726  4970
2.4927603890268375  4936
2.494154594018443  5056
2.4955443375464483  4671
2.496929648073215  4995
2.4983105537896004  4952
2.499687082618404  4811
2.5010592622177517  4806
2.5024271199844326  4825
2.503790683057181  4670
2.505149978319906  4954
2.506505032404872  4658
2.507855871695831  5107
2.509202522331103  4782
2.510545010206612  4623
2.5118833609788744  4958
2.513217600067939  4740
2.514547752660286  4775
2.515873843711679  4857
2.5171958979499744  4621
2.5185139398778875  4912
2.519827993775719  4958
2.5211380837040362  5018
2.5224442335063197  4765
2.5237464668115646  5112
2.525044807036845  4986
2.526339277389844  4988
2.5276299008713385  4918
2.5289167002776547  4684
2.530199698203082  4804
2.531478917042255  4817
2.5327543789924976  4758
2.534026106056135  5018
2.5352941200427703  4791
2.53655844257153  4664
2.537819095073274  5009
2.5390760987927767  4971
2.5403294747908736  4876
2.5415792439465807  4869
2.5428254269591797  4840
2.5440680443502757  5066
2.545307116465824  4799
2.546542663478131  5033
2.5477747053878224  4729
2.5490032620257876  4691
2.550228353055094  4951
2.5514499979728753  4801
2.552668216112193  4787
2.5538830266438746  4743
2.5550944485783194  4929
2.5563025007672873  4835
2.5575072019056577  5047
2.558708570533166  4782
2.5599066250361124  4873
2.561101383649056  4633
2.5622928644564746  4749
2.5634810853944106  4935
2.5646660642520893  4826
2.5658478186735176  4988
2.56702636615906  4836
2.568201724066995  4747
2.569373909615046  4727
2.5705429398818973  4996
2.571708831808688  4850
2.5728716022004803  4623
2.574031267727719  5136
2.575187844927661  4825
2.576341350205793  4803
2.5774917998372255  4703
2.578639209968072  4876
2.57978359661681  4983
2.5809249756756194  5262
2.582063362911709  4853
2.583198773968623  4913
2.584331224367531  4636
2.5854607295085006  4790
2.586587304671755  4638
2.5877109650189114  5008
2.5888317255942073  4813
2.5899496013257077  4642
2.591064607026499  4685
2.5921767573958667  4718
2.593286067020457  4784
2.5943925503754266  4762
2.595496221825574  4843
2.59659709562646  4842
2.597695185925512  5016
2.598790506763115  5062
2.5998830720736876  4716
2.6009728956867484  4660
2.6020599913279625  5088
2.603144372620182  4991
2.60422605308447  4586
2.6053050461411096  5033
2.606381365110605  4680
2.6074550232146687  5014
2.6085260335771943  5253
2.60959440922522  4837
2.61066016308988  4883
2.611723308007342  5172
2.6127838567197355  4996
2.6138418218760693  4843
2.6148972160331345  4870
2.615950051656401  4506
2.617000341120899  4869
2.6180480967120925  4750
2.6190933306267428  4719
2.6201360549737576  4787
2.621176281775035  4867
2.622214022966295  4729
2.6232492903979003  4778
2.6242820958356683  4774
2.625312450961674  4835
2.6263403673750423  4875
2.6273658565927325  4671
2.6283889300503116  4657
2.629409599102719  4622
2.630427875025024  4827
2.6314437690131722  4890
2.6324572921847245  5034
2.6334684555795866  4775
2.6344772701607315  4987
2.635483746814912  4800
2.6364878963533656  4748
2.637489729512511  4820
2.6384892569546374  4701
2.639486489268586  4902
2.640481436970422  4987
2.6414741105040997  5009
2.6424645202421213  4709
2.6434526764861874  5163
2.6444385894678386  4940
2.645422269349092  5020
2.6464037262230695  4629
2.6473829701146196  4665
2.6483600109809315  4679
2.649334858712142  4598
2.6503075231319366  4839
2.651278013998144  5191
2.6522463410033232  4760
2.6532125137753435  4715
2.6541765418779604  4878
2.655138434811382  4891
2.656098202012832  4992
2.6570558528571038  4765
2.6580113966571126  4844
2.658964842664435  4836
2.6599162000698504  4890
2.660865478003869  4717
2.661812685537261  5044
2.662757831681574  4979
2.663700925389648  5003
2.6646419755561257  4792
2.6655809910179533  4926
2.6665179805548807  4804
2.667452952889954  5079
2.66838591669  4904
2.6693168805661123  5004
2.670245853074124  4699
2.6711728427150834  4862
2.6720978579357175  4875
2.673020907128896  4844
2.673941998634088  4552
2.6748611407378116  4722
2.6757783416740852  4825
2.6766936096248664  4821
2.677606952720493  4949
2.678518379040114  4983
2.6794278966121188  5076
2.680335513414563  4757
2.681241237375587  5042
2.682145076373832  5025
2.6830470382388496  4678
2.683947130751512  4707
2.6848453616444123  4777
2.6857417386022635  4781
2.6866362692622934  5011
2.6875289612146345  4790
2.6884198220027105  4924
2.6893088591236203  5233
2.690196080028514  4754
2.6910814921229687  4903
2.69196510276736  4638
2.69284691927723  4992
2.693726948923647  4950
2.694605198933569  4839
2.6954816764901977  4847
2.696356388733332  4976
2.6972293427597176  5010
2.6981005456233897  4819
2.6989700043360187  4847
2.699837725867246  5058
2.7007037171450192  5113
2.7015679850559273  4837
2.7024305364455254  4826
2.7032913781186614  4768
2.7041505168397992  5179
2.705007959333336  5047
2.7058637122839193  5035
2.7067177823367587  4508
2.7075701760979363  4855
2.708420900134713  5009
2.709269960975831  4718
2.7101173651118162  4949
2.710963118995276  4829
2.711807229041191  4668
2.7126497016272113  4620
2.7134905430939424  4639
2.714329759745233  4770
2.7151673578484576  4845
2.716003343634799  4764
2.7168377232995247  4753
2.717670503002262  4862
2.718501688867274  4929
2.7193312869837265  4946
2.720159303405957  4777
2.7209857441537393  4685
2.7218106152125467  4959
2.722633922533812  4669
2.7234556720351857  4937
2.724275869600789  4751
2.725094521081469  4824
2.7259116322950483  4548
2.7267272090265724  4813
2.727541257028556  4874
2.7283537820212285  4804
2.72916478969277  4895
2.7299742856995555  4760
2.7307822756663893  4723
2.7315887651867388  5024
2.7323937598229686  4836
2.7331972651065692  4781
2.733999286538387  5106
2.734799829588847  4697
2.73559889969818  4835
2.7363965022766426  5009
2.7371926427047373  4662
2.737987326333431  4884
2.738780558484369  4690
2.739572344450092  4810
2.7403626894942437  4706
2.741151598851785  4740
2.741939077729199  4797
2.7427251313046983  4700
2.74350976472843  4859
2.7442929831226763  5120
2.7450747915820575  4807
2.745855195173729  4886
2.7466341989375787  4646
2.747411807886423  4815
2.7481880270062002  4774
2.7489628612561616  4776
2.749736315569061  4878
2.7505083948513462  4795
2.751279103983342  4639
2.7520484478194387  4819
2.7528164311882715  5063
2.7535830588929064  4850
2.754348335711019  4845
2.7551122663950713  4757
2.7558748556724915  4852
2.756636108245848  4594
2.7573960287930244  5046
2.75815462196739  4705
2.7589118923979736  5177
2.7596678446896306  5100
2.760422483423212  4919
2.7611758131557314  4866
2.761927838420529  4934
2.762678563727436  4814
2.7634279935629373  5090
2.7641761323903307  4724
2.7649229846498886  4968
2.765668554759014  4943
2.7664128471123997  4752
2.7671558660821804  4926
2.767897616018091  4849
2.7686381012476144  4927
2.7693773260761385  4870
2.7701152947871015  4889
2.7708520116421442  4928
2.7715874808812555  4707
2.77232170672292  4851
2.7730546933642626  4781
2.7737864449811935  4815
2.7745169657285498  4977
2.7752462597402365  4667
2.775974331129369  4789
2.776701183988411  4617
2.7774268223893115  4855
2.7781512503836434  4878
2.7788744720027396  4901
2.7795964912578244  4918
2.780317312140151  5063
2.7810369386211318  4772
2.781755374652469  4836
2.782472624166286  4785
2.7831886910752575  5018
2.783903579272735  4699
2.784617292632875  5104
2.785329835010767  5074
2.786041210242554  4714
2.7867514221455614  5043
2.787460474518415  5005
2.788168371141168  4891
2.788875115775417  4831
2.7895807121644256  4718
2.7902851640332416  5155
2.790988475088816  4860
2.791690649020118  4798
2.792391689498254  4921
2.79309160017658  4801
2.7937903846908188  4933
2.7944880466591697  4901
2.795184589682424  4736
2.7958800173440754  4762
2.7965743332104296  4884
2.7972675408307164  4675
2.797959643737196  4928
2.798650645445269  4807
2.7993405494535817  4818
2.8000293592441343  4895
2.800717078282385  5193
2.801403710017355  4945
2.802089257881733  4923
2.8027737252919755  4769
2.803457115648414  4983
2.8041394323353503  4844
2.8048206787211623  4855
2.8055008581584002  4791
2.806179973983887  4789
2.8068580295188172  4939
2.807535028068853  4885
2.808210972924222  4826
2.808885867359812  5026
2.8095597146352675  4620
2.8102325179950842  4932
2.8109042806687006  4617
2.8115750058705933  5091
2.812244696800369  4830
2.8129133566428557  4907
2.813580988568192  4904
2.81424759573192  4895
2.814913181275074  4928
2.815577748324267  5004
2.816241299991783  4768
2.8169038393756605  4940
2.8175653695597807  4743
2.8182258936139557  4639
2.8188854145940097  4848
2.8195439355418688  4735
2.82020145948564  4899
2.8208579894397  4845
2.821513528404773  5236
2.8221680793680175  4698
2.8228216453031045  4776
2.823474229170301  4955
2.824125833916549  4912
2.824776462475546  4728
2.8254261177678233  5012
2.8260748027008264  4709
2.826722520168992  4968
2.8273692730538253  4872
2.828015064223977  4805
2.82865989653532  4809
2.829303772831025  5256
2.829946695941636  4898
2.8305886686851442  4873
2.8312296938670634  5041
2.8318697742805017  4809
2.832508912706236  4801
2.833147111912785  4901
2.833784374656479  4830
2.8344207036815328  4805
2.835056101720116  4892
2.8356905714924254  4795
2.8363241157067516  4994
2.8369567370595505  4878
2.837588438235511  4602
2.8382192219076257  4761
2.838849090737255  5131
2.8394780473741985  4895
2.840106094456758  4671
2.8407332346118066  4836
2.841359470454855  4737
2.8419848045901137  5151
2.842609239610562  4854
2.8432327780980096  4952
2.843855422623161  4725
2.8444771757456815  4844
2.845098040014257  4647
2.8457180179666586  4936
2.846337112129805  5088
2.846955325019824  4947
2.847572659142112  4801
2.848189116991399  4848
2.8488047010518036  4726
2.8494194137968996  4931
2.850033257689769  4985
2.8506462351830666  5051
2.8512583487190755  4698
2.851869600729766  4775
2.8524799936368566  4844
2.8530895298518657  5133
2.8536982117761744  4949
2.8543060418010806  4956
2.8549130223078554  4628
2.8555191556678  5079
2.8561244442423  4784
2.8567288903828825  4977
2.8573324964312685  4805
2.857935264719429  4782
2.858537197569639  4732
2.859138297294531  4715
2.859738566197147  5058
2.8603380065709936  4697
2.8609366207000937  4634
2.8615344108590377  5127
2.862131379313037  4723
2.8627275283179747  4983
2.863322860120456  4712
2.8639173769578603  4747
2.864511081058392  4926
2.8651039746411278  4700
2.8656960599160706  5004
2.8662873390841948  4804
2.866877814337499  5138
2.8674674878590514  4675
2.8680563618230415  4960
2.8686444383948255  4858
2.8692317197309762  4980
2.869818207979328  4674
2.870403905279027  5079
2.8709888137605755  4821
2.8715729355458786  4821
2.8721562727482928  5141
2.8727388274726686  4943
2.873320601815399  5032
2.8739015978644615  5169
2.8744818176994666  4657
2.8750612633917  4795
2.8756399370041685  4577
2.876217840591642  4701
2.8767949762007006  4866
2.877371345869774  4682
2.8779469516291885  4855
2.8785217955012063  5171
2.8790958795000727  4846
2.8796692056320534  4976
2.88024177589548  5044
2.8808135922807914  4935
2.8813846567705728  4839
2.8819549713396007  4757
2.8825245379548803  4791
2.8830933585756897  4931
2.8836614351536176  4783
2.884228769632604  4956
2.884795363948981  4728
2.885361220031512  4846
2.885926339801431  4975
2.886490725172482  4832
2.8870543780509568  4864
2.887617300335736  4964
2.888179493918325  4917
2.8887409606828927  4677
2.88930170250631  4914
2.8898617212581885  4950
2.890421018800914  4650
2.890979596989689  4752
2.8915374576725643  4960
2.8920946026904804  4948
2.8926510338773004  4702
2.893206753059848  4851
2.8937617620579434  4837
2.8943160626844384  5040
2.8948696567452528  4810
2.895422546039408  5017
2.8959747323590648  4946
2.8965262174895554  4870
2.89707700320942  4900
2.8976270912904414  4852
2.8981764834976764  4810
2.8987251815894934  4740
2.8992731873176036  5030
2.8998205024270964  4758
2.9003671286564705  4767
2.900913067737669  4880
2.9014583213961123  4874
2.9020028913507296  4584
2.902546779313991  4697
2.9030899869919438  4622
2.9036325160842376  4679
2.9041743682841634  4768
2.904715545278681  4818
2.905256048748451  4742
2.9057958803678687  4696
2.906335041805091  4906
2.90687353472207  5037
2.907411360774586  5012
2.9079485216122722  5020
2.90848501887865  4720
2.909020854211156  4727
2.9095560292411755  4956
2.910090545594068  5025
2.910624404889201  4654
2.9111576087399764  4884
2.9116901587538613  4981
2.9122220565324155  4769
2.912753303671323  4953
2.9132839017604186  4574
2.9138138523837167  4805
2.9143431571194407  4919
2.9148718175400505  4965
2.91539983521227  4974
2.9159272116971158  4927
2.916453948549925  4899
2.9169800473203824  4477
2.9175055095525466  4828
2.9180303367848803  4871
2.9185545305502734  4554
2.9190780923760737  4841
2.919601023784111  4716
2.920123326290724  4946
2.9206450014067875  4956
2.921166050637739  4772
2.921686475483602  4666
2.9222062774390163  4964
2.92272545799326  4984
2.9232440186302764  5114
2.9237619608287004  4982
2.9242792860618816  4913
2.924795995797912  4937
2.9253120914996495  5033
2.9258275746247424  4882
2.926342446625655  5068
2.926856708949692  4978
2.9273703630390235  4959
2.9278834103307068  4795
2.9283958522567137  4917
2.928907690243953  4838
2.929418925714293  5053
2.929929560084588  4908
2.9304395947667  4892
2.930949031167523  5020
2.931457870689005  5005
2.931966114728173  4646
2.932473764677153  5032
2.932980821923198  4841
2.9334872878487053  4847
2.9339931638312424  5093
2.934498451243568  5008
2.935003151453655  4877
2.9355072658247128  4770
2.9360107957152097  4689
2.936513742478893  4957
2.9370161074648142  4847
2.937517892017347  4646
2.9380190974762104  4808
2.938519725176492  4807
2.9390197764486663  5025
2.9395192526186187  4991
2.9400181550076634  4724
2.940516484932567  4968
2.9410142437055695  4607
2.941511432634403  4796
2.942008053022313  4677
2.9425041061680806  4694
2.9429995933660407  4846
2.9434945159061026  4995
2.9439888750737717  4900
2.9444826721501687  4768
2.9449759084120477  4646
2.94546858513182  4960
2.9459607035775686  4849
2.946452265013073  5022
2.9469432706978256  4782
2.9474337218870508  4881
2.9479236198317262  5070
2.948412965778601  4971
2.9489017609702137  4965
2.949390006644913  4958
2.949877704036875  4683
2.950364854376123  4868
2.9508514588885464  4745
2.951337518795918  4796
2.951823035315912  4618
2.9523080096621253  4752
2.952792443044092  4781
2.9532763366673045  5098
2.9537596917332287  4896
2.9542425094393248  5093
2.954724790979063  5228
2.9552065375419416  4704
2.9556877503135057  4866
2.9561684304753633  4748
2.9566485792052033  4854
2.957128197676813  4899
2.957607287060095  4739
2.958085848521085  4877
2.9585638832219674  4677
2.9590413923210934  4690
2.9595183769729982  4944
2.959994838328416  4541
2.960470777534299  4605
2.960946195733831  4762
2.9614210940664485  4874
2.9618954736678504  4664
2.962369335670021  4812
2.9628426812012423  4940
2.9633155113861114  4850
2.963787827345555  5012
2.964259630196849  4782
2.9647309210536292  4710
2.965201701025912  4704
2.9656719712201065  4865
2.9661417327390325  5188
2.966610986681934  4849
2.967079734144497  4841
2.967547976218862  5223
2.968015713993642  4567
2.9684829485539352  4745
2.9689496809813427  4782
2.9694159123539814  4827
2.9698816437465  4878
2.9703468762300935  5094
2.9708116108725178  4981
2.971275848738105  4915
2.971739590887778  4905
2.9722028383790646  5053
2.972665592266111  4812
2.9731278535996988  5202
2.973589623427257  5136
2.9740509027928774  4921
2.9745116927373285  5148
2.974971994298069  4790
2.975431808509263  5184
2.975891136401793  4985
2.9763499790032735  4692
2.976808337338066  5028
2.977266212427293  4996
2.9777236052888476  5023
2.978180516937414  4939
2.9786369483844743  5191
2.979092900638326  4915
2.979548374704095  5124
2.9800033715837464  4796
2.9804578922761  4736
2.9809119377768436  4985
2.9813655090785445  4884
2.9818186071706636  4944
2.9822712330395684  4858
2.9827233876685453  5181
2.983175072037813  5438
2.9836262871245345  4565
2.984077033902831  4833
2.9845273133437926  4798
2.9849771264154934  4986
2.9854264740830017  5010
2.9858753573083936  4704
2.986323777050765  4907
2.9867717342662448  4814
2.9872192299080047  5061
2.9876662649262746  4541
2.988112840268352  5063
2.9885589568786157  4904
2.989004615698537  4769
2.9894498176666917  5161
2.989894563718773  4690
2.9903388547876015  5028
2.9907826918031377  4835
2.9912260756924947  4741
2.9916690073799486  4979
2.9921114877869495  4825
2.9925535178321354  4826
2.9929950984313414  4625
2.9934362304976116  5176
2.993876914941211  5169
2.9943171526696366  4749
2.9947569445876283  5053
2.9951962915971793  4890
2.99563519459755  4931
2.9960736544852753  4860
2.9965116721541785  4664
2.996949248495381  4616
2.997386384397313  4991
2.9978230807457256  4954
2.998259338423699  4874
2.998695158311656  4898
2.999130541287371  4889
2.9995654882259823  4807
3.0  4735
3.000434077479319  4970
3.0008677215312267  4881
3.0013009330204183  4917
3.0017337128090005  4757
3.002166061756508  4811
3.0025979807199086  4701
3.003029470553618  4821
3.0034605321095067  4728
3.0038911662369103  4668
3.0043213737826426  4831
3.004751155591001  4641
3.0051805125037805  4869
3.0056094453602804  4669
3.0060379549973173  4853
3.0064660422492318  5014
3.0068937079479006  4779
3.0073209529227447  5067
3.00774777800074  5118
3.0081741840064264  5015
3.0086001717619175  4847
3.0090257420869104  5031
3.009450895798694  5014
3.00987563371216  4876
3.010299956639812  4809
3.010723865391773  4938
3.0111473607757975  4775
3.0115704435972783  4767
3.011993114659257  4925
3.012415374762433  5098
3.012837224705172  4784
3.0132586652835167  4975
3.0136796972911926  4639
3.0141003215196207  4774
3.0145205387579237  5069
3.0149403497929366  4992
3.0153597554092144  4945
3.015778756389041  4835
3.016197353512439  4809
3.016615547557177  4953
3.0170333392987803  4716
3.017450729510536  4810
3.0178677189635055  5287
3.018284308426531  4867
3.0187004986662433  4884
3.019116290447073  4684
3.0195316845312554  4853
3.0199466816788423  4986
3.0203612826477078  4986
3.020775488193558  4847
3.0211892990699383  4687
3.021602716028242  4836
3.02201573981772  5088
3.0224283711854865  4924
3.022840610876528  4710
3.0232524596337114  4788
3.0236639181977933  4830
3.024074987307426  5044
3.024485667699167  4525
3.024895960107485  5168
3.0253058652647704  4917
3.025715383901341  4805
3.0261245167454502  4851
3.0265332645232967  4932
3.0269416279590295  5003
3.0273496077747564  4894
3.0277572046905536  4793
3.0281644194244697  4597
3.0285712526925375  4807
3.028977705208778  4989
3.0293837776852097  4759
3.029789470831856  4763
3.030194785356751  4742
3.030599721965951  4624
3.0310042813635367  4872
3.031408464251624  4655
3.0318122713303706  4862
3.0322157032979815  4900
3.03261876085072  4949
3.0330214446829107  4863
3.03342375548695  5036
3.03382569395331  5041
3.0342272607705505  4961
3.0346284566253203  4865
3.0350292822023683  4872
3.0354297381845483  4992
3.035829825252828  4941
3.0362295440862948  4670
3.036628895362161  4774
3.037027879755775  4762
3.037426497940624  4978
3.037824750588342  4667
3.0382226383687185  5048
3.038620161949703  5139
3.039017321997412  4925
3.0394141191761372  4694
3.0398105541483504  4918
3.0402066275747113  4805
3.040602340114073  4982
3.0409976924234905  5009
3.041392685158225  4858
3.041787318971752  4736
3.042181594515766  4893
3.0425755124401905  4989
3.0429690733931802  4795
3.0433622780211294  4903
3.0437551269686796  4443
3.044147620878723  4972
3.044539760392411  4661
3.04493154614916  4745
3.0453229787866576  4958
3.0457140589408676  4879
3.0461047872460387  4821
3.0464951643347082  4763
3.04688519083771  4956
3.0472748673841794  4713
3.04766419460156  4831
3.048053173115609  4761
3.0484418035504044  5299
3.04883008652835  4376
3.0492180226701815  4638
3.049605612594973  4743
3.0499928569201424  4854
3.050379756261458  5124
3.0507663112330423  4899
3.0511525224473814  4863
3.0515383905153275  4770
3.0519239160461065  4991
3.0523090996473234  5071
3.052693941924968  4895
3.0530784434834195  4976
3.053462604925455  4712
3.0538464268522527  5010
3.0542299098633974  4722
3.0546130545568877  4897
3.0549958615291417  4726
3.055378331375  4988
3.0557604646877348  4873
3.056142262059052  5070
3.0565237240791006  4796
3.0569048513364727  5211
3.0572856444182146  4918
3.0576661039098294  4767
3.0580462303952816  4992
3.058426024457005  4622
3.0588054866759067  4764
3.059184617631371  4867
3.0595634179012676  5002
3.059941888061955  4612
3.060320028688285  4837
3.060697840353612  4540
3.0610753236297916  4961
3.061452479087193  4935
3.061829307294699  5053
3.0622058088197126  4838
3.062581984228163  4546
3.0629578340845103  4481
3.0633333589517497  4862
3.0637085593914173  5028
3.064083435963596  4614
3.0644579892269186  4941
3.064832219738574  5003
3.065206128054312  5038
3.0655797147284485  4859
3.06595298031387  4909
3.0663259253620376  5124
3.0666985504229953  5202
3.0670708560453703  4858
3.0674428427763805  4921
3.0678145111618402  4937
3.0681858617461617  4797
3.068556895072363  4911
3.068927611682072  4915
3.0692980121155293  4918
3.0696680969115957  5029
3.070037866607755  4925
3.0704073217401198  4837
3.0707764628434346  4800
3.0711452904510828  4951
3.071513805095089  4823
3.0718820073061255  4881
3.072249897613515  4685
3.0726174765452368  4820
3.0729847446279304  4766
3.073351702386901  4955
3.0737183503461227  4738
3.074084689028244  4625
3.074450718954591  4804
3.074816440645175  5028
3.0751818546186915  4872
3.0755469613925306  5159
3.0759117614827773  4739
3.076276255404218  4613
3.076640443670342  4590
3.0770043267933502  5205
3.0773679052841563  5008
3.077731179652392  4927
3.0780941504064105  4931
3.0784568180532927  4962
3.0788191830988487  4785
3.0791812460476247  4828
3.079543007402906  4668
3.079904467666721  4846
3.0802656273398448  5052
3.0806264869218056  4839
3.080987046910887  5022
3.0813473078041325  4656
3.081707270097349  4798
3.082066934285113  4820
3.0824263008607717  5095
3.0827853703164503  4920
3.0831441431430524  4873
3.0835026198302673  4880
3.083860800866573  4698
3.0842186867392387  4781
3.084576277934331  4670
3.084933574936716  4919
3.085290578230065  5038
3.0856472882968564  4941
3.0860037056183818  4870
3.0863598306747484  5048
3.0867156639448825  4759
3.0870712059065353  4878
3.0874264570362855  5024
3.087781417809542  5022
3.0881360887005513  4657
3.0884904701823963  5056
3.088844562727004  4796
3.089198366805149  5002
3.089551882886454  4712
3.089905111439398  4593
3.090258052931316  4965
3.090610707828407  5064
3.0909630765957314  4919
3.091315159697223  4901
3.0916669575956846  4978
3.092018470752797  4815
3.0923696996291206  4795
3.0927206446840994  4789
3.0930713063760633  5071
3.093421685162235  4840
3.09377178149873  4861
3.0941215958405612  4958
3.094471128641645  5013
3.0948203803548  4721
3.095169351431755  4705
3.095518042323151  4566
3.0958664534785427  4913
3.0962145853464054  4923
3.0965624383741357  4939
3.0969100130080562  4728
3.09725730969342  4996
3.097604328874411  5071
3.09795107099415  4973
3.0982975364946976  4904
3.098643725817057  5042
3.0989896394011773  4783
3.0993352776859577  4814
3.09968064110925  4976
3.1000257301078626  4882
3.100370545117563  4705
3.1007150865730817  5063
3.1010593549081156  4873
3.101403350555331  4598
3.1017470739463664  4851
3.1020905255118367  4848
3.1024337056813365  4745
3.1027766148834415  4889
3.1031192535457137  4859
3.103461622094705  4867
3.103803720955957  5038
3.104145550554008  4646
3.104487111312395  4686
3.1048284036536553  4923
3.1051694279993316  5014
3.1055101847699738  4948
3.1058506743851435  4975
3.1061908972634154  4762
3.1065308538223815  4871
3.106870544478654  4962
3.1072099696478683  4692
3.1075491297446862  4829
3.1078880251827985  4913
3.1082266563749283  4903
3.1085650237328344  4813
3.1089031276673134  4683
3.109240968588203  4803
3.1095785469043866  4850
3.1099158630237933  5011
3.110252917353403  4654
3.110589710299249  4867
3.1109262422664203  4919
3.1112625136590655  4704
3.111598524880394  4867
3.1119342763326814  4661
3.1122697684172707  4894
3.1126050015345745  4829
3.11293997608408  4784
3.1132746924643504  4822
3.1136091510730277  4757
3.113943352306837  4866
3.1142772965615864  4893
3.114610984232173  4614
3.1149444157125847  4766
3.1152775913959014  4887
3.1156105116742996  4953
3.115943176939055  4912
3.116275587580544  4699
3.1166077439882485  4777
3.116939646550756  4864
3.1172712956557644  4865
3.117602691690084  4905
3.1179338350396413  4963
3.118264726089479  4998
3.118595365223762  4890
3.1189257528257768  4643
3.1192558892779365  4975
3.119585774961784  4687
3.119915410257991  5089
3.1202447955463652  4992
3.12057393120585  4790
3.1209028176145273  4814
3.1212314551496214  4975
3.1215598441875008  5055
3.121887985103681  5029
3.1222158782728267  4916
3.1225435240687545  4989
3.1228709228644354  4712
3.1231980750319988  4918
3.123524980942732  4842
3.123851640967086  5059
3.124178055474675  4903
3.1245042248342823  4810
3.1248301494138593  4780
3.12515582958053  4893
3.125481265700594  4659
3.125806458139527  5102
3.1261314072619846  4882
3.1264561134318045  4664
3.126780577012009  4768
3.1271047983648077  4748
3.127428777851599  4824
3.1277525158329733  4724
3.1280760126687155  4785
3.1283992687178066  5076
3.128722284338427  4793
3.1290450598879582  4978
3.1293675957229854  4698
3.129689892199301  4769
3.1300119496719043  5140
3.130333768495006  4666
3.130655349022031  5099
3.130976691605617  4841
3.131297796597623  4690
3.1316186643491255  5095
3.1319392952104246  4828
3.1322596895310446  4771
3.132579847659737  4748
3.132899769944483  5052
3.1332194567324945  4579
3.1335389083702174  4761
3.133858125203335  4717
3.1341771075767664  5003
3.1344958558346736  4950
3.13481437032046  4921
3.1351326513767748  4935
3.1354506993455136  4780
3.1357685145678222  4779
3.1360860973840974  4899
3.13640344813399  4993
3.1367205671564067  4814
3.1370374547895126  4597
3.137354111370733  4622
3.137670537236755  5085
3.137986732723532  4812
3.1383026981662816  5237
3.1386184338994925  4870
3.1389339402569236  4798
3.139249217571607  5040
3.13956426617585  4874
3.1398790864012365  4737
3.140193678578631  4647
3.1405080430381798  5355
3.1408221801093106  4833
3.141136090120739  4759
3.1414497734004674  4939
3.141763230275788  4690
3.1420764610732848  4871
3.142389466118836  4523
3.1427022457376155  5152
3.143014800254095  4910
3.143327129992046  4831
3.1436392352745433  4971
3.1439511164239633  4616
3.144262773761991  4922
3.144574207609616  4762
3.144885418287142  4696
3.1451964061141817  4528
3.1455071714096627  4879
3.1458177144918276  4768
3.146128035678238  4772
3.1464381352857744  4883
3.14674801363064  5000
3.1470576710283598  5003
3.1473671077937864  4904
3.1476763242410986  4704
3.147985320683805  4892
3.1482940974347455  5110
3.1486026548060932  4694
3.1489109931093564  4768
3.1492191126553797  4870
3.149527013754348  4838
3.149834696715785  4801
3.1501421618485588  4963
3.150449409460881  4704
3.150756439860309  4788
3.15106325335375  4939
3.1513698502474603  4901
3.151676230847048  5159
3.151982395457474  4852
3.1522883443830563  4776
3.15259407792747  4880
3.1528995963937474  4857
3.153204900084284  5185
3.1535099893008374  4964
3.153814864344529  5047
3.154119525515847  4868
3.154423973114647  4871
3.1547282074401557  5058
3.1550322287909704  4978
3.155336037465062  5083
3.1556396337597765  4951
3.1559430179718366  4819
3.1562461903973444  4992
3.1565491513317814  4897
3.156851901070011  4825
3.1571544399062814  4839
3.157456768134226  4963
3.1577588860468637  5043
3.158060793936605  4781
3.1583624920952498  4739
3.1586639808139894  4795
3.15896526038341  4917
3.159266331093494  4769
3.1595671932336202  4760
3.1598678470925665  4889
3.160168292958512  4872
3.1604685311190375  4838
3.1607685618611283  4774
3.1610683854711747  4834
3.161368002234975  4661
3.161667412437736  4807
3.161966616364075  4870
3.1622656142980214  4859
3.162564406523019  5072
3.162862993321926  4921
3.1631613749770184  4544
3.16345955176999  4852
3.163757523981956  4817
3.1640552918934515  4733
3.164352855784437  5018
3.1646502159342966  4874
3.1649473726218416  4715
3.1652443261253107  4839
3.165541076722373  4872
3.1658376246901283  4870
3.166133970305109  4686
3.166430113843283  4822
3.166726055580052  4867
3.1670217957902564  4777
3.167317334748176  5009
3.16761267272753  4651
3.16790781000148  4783
3.168202746842631  4589
3.1684974835230326  4795
3.1687920203141817  4929
3.1690863574870227  4849
3.1693804953119495  4804
3.1696744340588068  5193
3.1699681739968923  4974
3.1702617153949575  4841
3.1705550585212086  4801
3.170848203643309  4876
3.1711411510283822  4902
3.171433900943008  5094
3.171726453653231  4831
3.1720188094245563  4570
3.172310968521954  5003
3.17260293120986  4971
3.1728946977521764  4820
3.173186268412274  5034
3.1734776434529945  4938
3.17376882313665  4982
3.1740598077250253  5009
3.1743505974793798  4835
3.1746411926604483  4811
3.1749315935284423  5011
3.1752218003430523  4969
3.1755118133634475  4790
3.1758016328482794  4699
3.1760912590556813  4930
3.1763806922432702  4998
3.17666993266815  4723
3.176958980586908  4987
3.1772478362556233  4679
3.1775364999298623  5063
3.177824971864682  4806
3.1781132523146316  4938
3.178401341533755  4732
3.17868923977559  4920
3.1789769472931693  4828
3.1792644643390253  4848
3.1795517911651876  4755
3.179838928023187  4849
3.180125875164054  4899
3.180412632838324  4814
3.1806992012960347  4560
3.1809855807867304  4718
3.1812717715594614  4880
3.1815577738627865  4751
3.1818435879447726  4869
3.182129214052998  4917
3.182414652434554  5018
3.1826999033360424  4683
3.182984967003582  5098
3.1832698436828046  4718
3.1835545336188615  4558
3.1838390370564214  4940
3.184123354239671  4852
3.1844074854123203  4697
3.184691430817599  4539
3.184975190698261  4900
3.185258765296585  4781
3.185542154854375  4667
3.185825359612962  4927
3.1861083798132053  4865
3.186391215695493  5021
3.1866738674997452  4761
3.1869563354654122  4929
3.187238619831479  4887
3.187520720836463  5048
3.1878026387184195  4949
3.188084373714938  4517
3.188365926063148  4746
3.188647295999717  4586
3.1889284837608534  4785
3.189209489582306  4880
3.1894903136993675  4881
3.189770956346874  4639
3.190051417759206  4900
3.1903316981702914  5007
3.190611797813605  4799
3.1908917169221698  4797
3.1911714557285586  4823
3.1914510144648953  4804
3.1917303933628562  4775
3.1920095926536702  5041
3.1922886125681202  4906
3.1925674533365456  4722
3.192846115188842  4978
3.1931245983544616  4993
3.1934029030624176  5103
3.1936810295412816  4740
3.193958978019187  4829
3.1942367487238292  4883
3.194514341882467  5000
3.1947917577219247  4786
3.1950689964685903  5022
3.1953460583484197  4773
3.1956229435869368  4911
3.1958996524092336  4649
3.1961761850399735  5094
3.196452541703389  4814
3.196728722623287  4810
3.1970047280230456  4782
3.197280558125619  4968
3.1975562131535367  4647
3.197831693328903  4669
3.1981069988734014  5141
3.1983821300082944  4876
3.1986570869544226  4753
3.198931869932209  4646
3.1992064791616577  4741
3.199480914862356  5018
3.1997551772534747  4739
3.2000292665537704  5135
3.200303182981585  5129
3.2005769267548483  5008
3.2008504980910772  4791
3.2011238972073794  5179
3.2013971243204513  4794
3.2016701796465816  4710
3.20194306340165  4911
3.2022157758011316  4844
3.2024883170600935  4835
3.2027606873931997  4773
3.2030328870147105  4955
3.203304916138483  4823
3.2035767749779724  5320
3.2038484637462346  4702
3.2041199826559246  4837
3.2043913319193  5120
3.204662511748219  4684
3.204933522354145  4873
3.2052043639481447  4880
3.205475036740891  4470
3.205745540942662  4954
3.2060158767633444  4577
3.2062860444124324  4938
3.2065560440990297  4902
3.2068258760318495  4824
3.207095540419218  4983
3.2073650374690716  5108
3.2076343673889616  4942
3.2079035303860515  4696
3.2081725266671217  4815
3.208441356438567  4716
3.208710019906401  4758
3.2089785172762535  4786
3.2092468487533736  4647
3.2095150145426308  4778
3.209783014848515  4823
3.2100508498751372  4704
3.210318519826232  4998
3.2105860249051563  4937
3.210853365314893  4932
3.2111205412580492  4962
3.2113875529368587  4888
3.2116544005531824  4761
3.2119210843085093  5043
3.2121876044039577  4728
3.212453961040276  4756
3.2127201544178425  5179
3.212986184736668  4763
3.2132520521963968  4761
3.2135177569963047  4618
3.2137832993353044  4794
3.2140486794119414  4634
3.2143138974244  5104
3.214578953570499  4798
3.214843848047698  5050
3.215108581053093  4786
3.215373152783422  4760
3.215637563435062  4816
3.215901813204032  4910
3.216165902285993  4959
3.216429830876251  4666
3.2166935991697545  4819
3.216957207361097  4851
3.217220655644519  4790
3.2174839442139063  4848
3.2177470732627937  5204
3.218010042984363  4891
3.2182728535714475  4844
3.218535505216528  4708
3.2187979981117376  4775
3.219060332448861  4920
3.219322508419337  5297
3.2195845262142546  4867
3.219846386024361  4979
3.220108088040055  4928
3.2203696324513946  4802
3.220631019448092  4928
3.2208922492195193  4757
3.2211533219547053  4689
3.2214142378423385  4838
3.2216749970707688  4850
3.2219355998280053  4976
3.22219604630172  4684
3.222456336679247  4742
3.2227164711475833  4921
3.2229764498933915  4611
3.2232362731029975  5023
3.2234959409623944  4838
3.2237554536572413  5220
3.224014811372864  4867
3.2242740142942576  4724
3.2245330626060857  4661
3.2247919564926817  4809
3.225050696138049  4848
3.225309281725863  4965
3.225567713439471  4785
3.2258259914618934  4636
3.226084115975824  4785
3.226342087163631  4771
3.2265999052073573  4792
3.2268575702887237  4894
3.2271150825891253  4569
3.2273724422896364  4956
3.227629649571009  5257
3.2278867046136734  4857
3.2281436075977417  4978
3.228400358703005  4993
3.2286569581089353  5055
3.228913405994688  4860
3.229169702539101  4834
3.229425847920695  4533
3.229681842317676  5127
3.229937685907934  5081
3.230193378869046  4872
3.230448921378274  4895
3.230704313612569  4531
3.230959555748569  4746
3.231214647962601  5163
3.2314695904306814  4833
3.2317243833285163  4632
3.231979026831504  4880
3.2322335211147335  4799
3.232487866352986  4939
3.232742062720737  4723
3.2329961103921536  4800
3.2332500095411003  5014
3.2335037603411343  5004
3.2337573629655103  4785
3.2340108175871793  4791
3.2342641243787895  4595
3.2345172835126865  4923
3.2347702951609163  4924
3.2350231594952237  4918
3.2352758766870524  5052
3.2355284469075487  5111
3.2357808703275603  4949
3.236033147117636  4701
3.2362852774480286  5079
3.236537261488694  4926
3.2367890994092927  4749
3.237040791379191  4873
3.237292337567459  4905
3.2375437381428744  4579
3.2377949932739227  4720
3.2380461031287955  5086
3.238297067875394  4966
3.2385478876813276  4768
3.238798562713917  4762
3.2390490931401916  4939
3.2392994791268923  4868
3.239549720840473  4872
3.2397998184470986  4907
3.2400497721126476  4911
3.2402995820027125  4943
3.2405492482826  5074
3.240798771117331  4885
3.241048150671644  4741
3.2412973871099933  4651
3.2415464805965484  4816
3.241795431295199  4807
3.2420442393695508  4740
3.2422929049829308  4865
3.2425414282983844  5132
3.2427898094786767  4859
3.2430380486862944  4848
3.243286146083446  4700
3.243534101832062  5119
3.243781916093795  4998
3.244029589030022  4848
3.244277120801843  4752
3.244524511570084  5035
3.244771761495295  4828
3.245018870737753  5011
3.245265839457461  4761
3.24551266781415  4866
3.245759355967277  5074
3.246005904076029  4933
3.246252312299322  5004
3.246498580795801  4818
3.2467447097238415  4911
3.24699069924155  4873
3.247236549506764  4675
3.2474822606770544  4886
3.2477278329097232  4726
3.247973266361807  5011
3.248218561190075  4751
3.248463717551032  4816
3.2487087356009177  4929
3.2489536154957075  5106
3.249198357391113  4904
3.249442961442582  4858
3.2496874278053016  4876
3.249931756634195  4729
3.250175948083925  4756
3.250420002308894  4770
3.2506639194632436  4560
3.250907699700856  4683
3.2511513431753545  5157
3.2513948500401044  5082
3.251638220448212  4709
3.2518814545525276  4816
3.252124552505644  4846
3.2523675144598987  4730
3.252610340567373  4782
3.2528530309798933  4884
3.2530955858490316  4686
3.2533380053261065  4816
3.253580289562183  4603
3.2538224387080734  4755
3.254064452914338  4988
3.2543063323312857  4843
3.2545480771089736  4770
3.25478968739721  4840
3.2550311633455515  4862
3.255272505103306  4667
3.2555137128195333  4669
3.255754786643044  4601
3.255995726722402  4791
3.256236533205923  4962
3.256477206241677  4899
3.256717745977487  4629
3.256958152560932  4869
3.2571984261393445  5002
3.257438566859814  5116
3.2576785748691846  5015
3.2579184503140586  4822
3.2581581933407944  4734
3.258397804095509  4991
3.2586372827240764  5090
3.258876629372131  4726
3.2591158441850663  4823
3.2593549273080344  4601
3.2595938788859486  4777
3.2598326990634834  4615
3.2600713879850747  4802
3.26030994579492  4778
3.2605483726369795  4833
3.2607866686549762  4934
3.2610248339923973  4887
3.2612628687924934  5143
3.2615007731982804  5054
3.2617385473525378  5101
3.2619761913978125  4829
3.262213705476417  4874
3.2624510897304293  4831
3.2626883443016963  4702
3.2629254693318317  4935
3.2631624649622166  4879
3.263399331334002  4977
3.263636068588108  4461
3.2638726768652235  4908
3.2641091563058082  4822
3.2643455070500926  4935
3.2645817292380777  5282
3.2648178230095364  4979
3.2650537885040145  5006
3.26528962586083  4885
3.2655253352190736  4714
3.2657609167176105  4946
3.265996370495079  4840
3.266231696689893  4711
3.2664668954402414  4751
3.2667019668840878  4798
3.266936911159173  5290
3.2671717284030137  5088
3.267406418752904  4626
3.2676409823459154  4782
3.2678754193188975  4841
3.2681097298084785  4832
3.268343913951065  4739
3.268577971882843  4784
3.2688119037397803  4987
3.269045709657623  4859
3.2692793897718984  5150
3.2695129442179165  4880
3.269746373130767  4798
3.269979676645324  4836
3.2702128548962426  4711
3.2704459080179626  4863
3.2706788361447066  5112
3.2709116394104814  4721
3.2711443179490782  4913
3.2713768718940743  4947
3.271609301378832  4993
3.271841606536499  4905
3.27207378750001  4787
3.2723058444020863  4876
3.2725377773752373  4697
3.2727695865517594  4917
3.2730012720637376  4826
3.2732328340430454  4828
3.273464272621346  4680
3.273695587930092  4817
3.2739267801005254  4879
3.27415784926368  5102
3.274388795550379  4841
3.274619619091238  4755
3.274850320016665  5121
3.2750808984568587  4913
3.2753113545418118  4900
3.2755416884013098  5041
3.2757719001649312  4939
3.27600198996205  4994
3.2762319579218335  5020
3.2764618041732443  4946
3.27669152884504  5086
3.276921132065774  5326
3.277150613963797  4758
3.2773799746672547  4781
3.2776092143040914  4956
3.2778383330020473  4590
3.2780673308886628  4762
3.2782962080912736  4704
3.2785249647370174  5042
3.278753600952829  5053
3.278982116865443  4829
3.279210512601395  4816
3.2794387882870204  4941
3.2796669440484556  4969
3.279894980011638  4819
3.2801228963023075  4709
3.280350693046006  4833
3.2805783703680764  5036
3.280805928393667  4785
3.2810333672477277  4761
3.281260687055013  4920
3.2814878879400813  4877
3.281714970027296  4949
3.281941933440825  4853
3.2821687783046416  4855
3.2823955047425257  4708
3.2826221128780624  4624
3.282848602834645  4561
3.2830749747354715  4877
3.2833012287035497  4841
3.2835273648616936  4949
3.2837533833325265  4710
3.28397928423848  4778
3.284205067701794  5160
3.2844307338445193  4899
3.2846562827885157  5022
3.284881714655453  4734
3.285107029566812  4884
3.2853322276438846  4863
3.285557309007774  4684
3.285782273779395  4640
3.2860071220794747  4895
3.286231854028553  5036
3.286456469746983  4840
3.28668096935493  4694
3.286905352972375  4491
3.287129620719111  4947
3.2873537727147464  5157
3.2875778090787056  4846
3.287801729930226  5158
3.2880255353883627  4696
3.288249225571986  4866
3.2884728005997825  4719
3.288696260590256  5043
3.2889196056617265  4579
3.289142835932333  4941
3.2893659515200318  5102
3.2895889525425965  4636
3.2898118391176214  4867
3.290034611362518  4631
3.2902572693945182  4970
3.290479813330673  4985
3.2907022432878543  4805
3.2909245593827543  4997
3.2911467617318855  4946
3.291368850451583  5084
3.2915908256580013  4962
3.291812687467119  5185
3.2920344359947364  5104
3.292256071356476  4830
3.292477593667784  4839
3.29269900304393  4867
3.292920299600006  4812
3.2931414834509307  5040
3.2933625547114453  4755
3.2935835134961167  4892
3.2938043599193367  4874
3.2940250940953226  5088
3.2942457161381182  4915
3.294466226161593  4762
3.2946866242794433  4776
3.2949069106051923  4809
3.295127085252191  4960
3.295347148333618  5026
3.295567099962479  5064
3.295786940251609  4800
3.2960066693136723  4943
3.2962262872611605  5164
3.296445794206396  4903
3.296665190261531  5104
3.296884475538547  4719
3.2971036501492565  4721
3.2973227142053028  4824
3.2975416678181597  4958
3.297760511099134  4614
3.2979792441593623  4830
3.298197867109815  4711
3.2984163800612945  4931
3.2986347831244354  4899
3.298853076409707  4699
3.2990712600274095  4909
3.29928933408768  5195
3.2995072987004876  4747
3.2997251539756367  5120
3.299942900022767  4609
3.3001605369513523  4953
3.3003780648707024  4871
3.3005954838899636  5035
3.300812794118117  4846
3.3010299956639813  4545
3.3012470886362113  4799
3.3014640731433  5094
3.3016809492935764  4862
3.301897717195208  4666
3.302114376956201  5036
3.302330928684399  5294
3.3025473724874854  5108
3.3027637084729817  4991
3.3029799367482493  4713
3.303196057420489  5002
3.303412070596742  4927
3.30362797638389  5130
3.3038437748886547  4918
3.3040594662175993  4887
3.3042750504771283  4752
3.3044905277734875  4745
3.3047058982127653  4914
3.3049211619008916  4710
3.305136318943639  4674
3.305351369446624  4910
3.305566313515304  4793
3.3057811512549824  4734
3.3059958827708047  4809
3.3062105081677613  4828
3.3064250275506875  4881
3.3066394410242617  4929
3.3068537486930087  4940
3.3070679506612985  4727
3.307282047033346  4813
3.307496037913213  4625
3.307709923404807  5017
3.307923703611882  4719
3.3081373786380386  4855
3.308350948586726  4758
3.3085644135612386  4731
3.3087777736647213  4809
3.3089910290001643  4476
3.3092041796704077  4954
3.30941722577814  4883
3.3096301674258988  4554
3.3098430047160705  4906
3.3100557377508912  5205
3.3102683666324477  4864
3.3104808914626753  4751
3.3106933123433606  5063
3.3109056293761414  4777
3.311117842662506  4604
3.3113299523037933  4692
3.311541958401195  5066
3.311753861055754  4767
3.3119656603683665  4709
3.3121773564397787  4741
3.312388949370592  4837
3.3126004392612596  4797
3.312811826212088  5017
3.313023110323238  4647
3.313234291694724  4564
3.313445370426414  4954
3.3136563466180315  4947
3.3138672203691533  5013
3.3140779917792127  4946
3.3142886609474975  4667
3.3144992279731516  4523
3.314709692955174  4872
3.31492005599242  4638
3.315130317183602  4852
3.3153404766272883  5063
3.315550534421905  4982
3.3157604906657347  4754
3.315970345456918  4919
3.3161800988934527  4933
3.3163897510731952  4668
3.3165993020938607  4913
3.316808752053022  4772
3.3170181010481117  4898
3.31722734917642  4871
3.317436496535099  4736
3.3176455432211585  4935
3.317854489331469  4626
3.3180633349627615  5001
3.318272080211627  4874
3.3184807251745174  4597
3.318689269947746  5240
3.3188977146274867  4884
3.3191060593097763  4799
3.319314304090512  4648
3.3195224490654542  4927
3.3197304943302246  4788
3.3199384399803087  4926
3.3201462861110542  4925
3.3203540328176717  4955
3.3205616801952367  4934
3.3207692283386865  4736
3.3209766773428235  4753
3.3211840273023143  4906
3.321391278311689  4736
3.3215984304653436  4734
3.3218054838575393  5104
3.3220124385824006  5070
3.322219294733919  4882
3.3224260524059526  4901
3.3226327116922234  4921
3.322839272686321  5133
3.3230457354817013  4777
3.323252100171687  4787
3.3234583668494677  4807
3.3236645356081  4765
3.323870606540509  4880
3.3240765797394864  4826
3.3242824552976926  5110
3.3244882333076564  4751
3.3246939138617746  4791
3.3248994970523134  4630
3.3251049829714074  4716
3.325310371711061  4849
3.325515663363148  5053
3.325720858019412  4875
3.325925955771466  4827
3.3261309567107946  5098
3.326335860928751  5045
3.3265406685165617  4755
3.3267453795653217  5181
3.326949994165999  4656
3.3271545124094315  4944
3.3273589343863303  4827
3.327563260187278  4810
3.327767489902729  4465
3.3279716236230104  4675
3.3281756614383227  4881
3.3283796034387376  4836
3.328583449714202  4768
3.3287872003545345  4810
3.3289908554494287  4618
3.329194415088451  4748
3.329397879361043  4906
3.3296012483565187  4865
3.3298045221640695  4914
3.330007700872759  5006
3.330210784571528  4980
3.330413773349191  4926
3.3306166672944384  4756
3.330819466495837  5124
3.3310221710418286  4789
3.3312247810207323  4696
3.331427296520743  4673
3.3316297176299323  4825
3.331832044436249  5074
3.332034277027518  5244
3.3322364154914434  5160
3.3324384599156054  4950
3.3326404103874627  4782
3.3328422669943514  4449
3.3330440298234874  4953
3.3332456989619628  5200
3.3334472744967503  4786
3.3336487565147013  4929
3.333850145102545  5087
3.334051440346892  4876
3.334252642334231  5027
3.3344537511509307  5035
3.3346547668832414  4797
3.3348556896172914  4859
3.3350565194390915  4915
3.3352572564345317  4902
3.3354579006893843  5047
3.3356584522893016  4726
3.335858911319818  4634
3.336059277866349  4965
3.336259552014193  4672
3.3364597338485296  5084
3.3366598234544202  4920
3.336859820916809  4948
3.3370597263205246  4817
3.3372595397502756  4714
3.337459261290656  5007
3.3376588910261424  4936
3.3378584290410944  4809
3.3380578754197563  4793
3.3382572302462554  4696
3.3384564936046046  4864
3.3386556655787003  4746
3.338854746252323  5001
3.339053735709139  4640
3.3392526340327  5019
3.3394514413064407  5080
3.339650157613684  5093
3.339848783037637  4753
3.340047317661393  5004
3.3402457615679317  5020
3.3404441148401185  4554
3.3406423775607053  5071
3.3408405498123317  4887
3.341038631677523  5070
3.3412366232386925  4919
3.34143452457814  4843
3.3416323357780544  4595
3.3418300569205104  4781
3.3420276880874717  4791
3.3422252293607904  5016
3.342422680822206  4877
3.342620042553348  4657
3.342817314635733  4999
3.343014497150768  4820
3.3432115901797474  4802
3.3434085938038574  4881
3.343605508104172  4758
3.343802333161655  5031
3.3439990690571615  4850
3.344195715871435  4806
3.3443922736851106  4768
3.344588742578714  4911
3.344785122632661  4784
3.344981413927258  4870
3.345177616542704  4887
3.3453737305590883  4890
3.345569756056392  4699
3.345765693114488  4613
3.3459615418131414  4776
3.346157302232008  4969
3.346352974450639  5055
3.346548558548474  5005
3.346744054604849  5072
3.3469394626989906  5014
3.34713478291002  4891
3.3473300153169503  5046
3.3475251599986895  4809
3.347720217034038  4636
3.3479151865016914  4779
3.3481100684802376  4926
3.3483048630481607  4790
3.348499570283838  4670
3.348694190265541  4921
3.348888723071438  5148
3.34908316877959  4631
3.3492775274679554  5023
3.3494717992143856  4767
3.34966598409663  5069
3.3498600821923312  4901
3.3500540935790304  4854
3.3502480183341627  4741
3.350441856535061  4804
3.3506356082589543  4987
3.350829273582968  4950
3.3510228525841237  4804
3.351216345339342  4834
3.351409751925439  4965
3.351603072419129  5031
3.3517963068970236  4888
3.351989455435632  4762
3.3521825181113627  4763
3.35237549500052  4679
3.3525683861793087  4832
3.3527611917238307  4765
3.3529539117100877  4746
3.3531465462139796  4862
3.3533390953113047  4707
3.353531559077762  4856
3.353723937588949  5053
3.353916230920363  4908
3.3541084391474008  4690
3.35430056234536  4693
3.3544926005894364  4763
3.3546845539547285  4892
3.354876422516234  4535
3.3550682063488506  5082
3.3552599055273786  4879
3.3554515201265174  4862
3.355643050220869  4973
3.355834495884936  4732
3.3560258571931225  4830
3.3562171342197353  4774
3.3564083270389813  4868
3.356599435724971  5053
3.356790460351716  4597
3.3569814009931314  5019
3.3571722577230334  4847
3.3573630306151427  4863
3.3575537197430814  4808
3.3577443251803754  4723
3.357934847000454  5008
3.3581252852766488  4813
3.358315640082196  4837
3.3585059114902354  4794
3.3586960995738107  5062
3.358886204405869  4709
3.359076226059263  5064
3.3592661646067485  4919
3.3594560201209864  4713
3.359645792674543  4645
3.359835482339888  4953
3.3600250891893975  5031
3.3602146132953523  4873
3.3604040547299387  4728
3.360593413565249  4915
3.36078268987328  4803
3.3609718837259357  5088
3.361160995195026  4798
3.3613500243522663  5109
3.361538971269279  4934
3.361727836017593  5010
3.3619166186686433  4842
3.362105319293773  5045
3.362293937964231  4811
3.3624824747511743  4911
3.362670929725667  4949
3.36285930295868  4598
3.3630475945210936  5039
3.363235804483694  4854
3.3634239329171765  4851
3.3636119798921444  4894
3.3637999454791094  4610
3.3639878297484915  4704
3.3641756327706194  4822
3.3643633546157306  4872
3.364550995353972  4688
3.3647385550553985  4868
3.364926033789976  4963
3.3651134316275773  4718
3.3653007486379876  4731
3.3654879848909  5172
3.3656751404559175  4807
3.365862215402555  4861
3.3660492098002353  4919
3.366236123718293  4880
3.3664229572259727  5128
3.3666097103924297  5166
3.36679638328673  4835
3.3669829759778507  4990
3.367169488534681  4827
3.367355921026019  4583
3.3675422735205767  4686
3.3677285460869766  4858
3.3679147387937527  4955
3.3681008517093516  4882
3.368286884902131  4983
3.3684728384403617  4691
3.368658712392227  4800
3.3688445068258215  4964
3.3690302218091532  4890
3.369215857410143  5132
3.3694014136966244  4945
3.369586890736344  5156
3.369772288596963  4707
3.369957607346053  4830
3.370142847051102  4823
3.3703280077795106  4838
3.3705130895985924  4683
3.370698092575577  4702
3.370883016777606  4666
3.3710678622717363  5044
3.3712526291249394  5013
3.371437317404101  5015
3.3716219271760215  4694
3.371806458507416  4844
3.371990911464915  4893
3.372175286115064  4720
3.3723595825243238  5025
3.3725438007590705  4692
3.3727279408855955  4891
3.3729120029701067  4743
3.373095987078727  4650
3.373279893277496  4971
3.373463721632369  4822
3.3736474722092176  4387
3.3738311450738303  4936
3.3740147402919116  5114
3.374198257929083  4674
3.374381698050882  5250
3.374565060722765  4696
3.374748346010104  5034
3.3749315539781883  4950
3.375114684692225  4733
3.375297738217339  4627
3.3754807146185724  4687
3.3756636139608855  4958
3.375846436309156  4756
3.3760291817281805  5009
3.376211850282673  4848
3.3763944420372662  4887
3.376576957056512  4831
3.37675939540488  4711
3.3769417571467586  4697
3.377124042346456  4867
3.377306251068199  4668
3.3774883833761327  5046
3.377670439334323  4890
3.3778524190067545  4953
3.3780343224573315  4683
3.378216149749878  4889
3.3783979009481375  4665
3.378579576115775  5055
3.3787611753163733  4761
3.378942698613437  4736
3.379124146070392  4947
3.379305517750582  4856
3.3794868137172736  4800
3.379668034033654  5334
3.37984917876283  4621
3.380030247967831  4724
3.380211241711606  4790
3.3803921600570273  5143
3.3805730030668872  4835
3.3807537708039  4886
3.380934463330702  5037
3.3811150807098507  4756
3.381295623003826  4732
3.38147609027503  4884
3.381656482585787  4830
3.3818367999983434  4627
3.3820170425748683  4964
3.382197210377454  4918
3.3823773034681137  4607
3.3825573219087857  4930
3.3827372657613304  4662
3.382917135087531  4940
3.3830969299490943  4749
3.3832766504076504  4883
3.383456296524753  4859
3.3836358683618797  4907
3.383815365980431  5112
3.383994789441733  4944
3.3841741388070337  5021
3.384353414137506  4786
3.3845326154942486  4751
3.3847117429382823  4899
3.3848907965305544  4894
3.385069776331935  4665
3.38524868240322  4859
3.3854275148051305  5111
3.385606273598312  5126
3.3857849588433355  4831
3.385963570600697  4861
3.3861421089308186  4811
3.386320573894046  4805
3.386498965550653  4759
3.3866772839608377  5069
3.386855529184724  4774
3.387033701282363  4799
3.3872118003137306  4744
3.387389826338729  4909
3.387567779417189  4817
3.3877456596088638  4666
3.3879234669734366  4857
3.3881012015705165  4951
3.388278863459639  4913
3.3884564527002667  4775
3.388633969351789  4660
3.3888114134735234  5069
3.388988785124714  5017
3.3891660843645326  4585
3.389343311252078  5023
3.3895204658463776  4806
3.3896975482063856  4806
3.3898745583909853  5117
3.3900514964589874  5049
3.3902283624691303  4783
3.390405156480081  5031
3.390581878550435  4960
3.390758528738717  4890
3.3909351071033793  4887
3.3911116137028023  4812
3.3912880485952974  4980
3.3914644118391033  4832
3.3916407034923877  4853
3.391816923613249  4928
3.3919930722597127  5101
3.392169149489736  4941
3.392345155361204  4901
3.3925210899319325  4885
3.392696953259666  4983
3.3928727454020793  4881
3.3930484664167784  4927
3.3932241163612975  4836
3.393399695293102  4864
3.3935752032695876  4903
3.39375064034808  4902
3.3939260065858368  5046
3.3941013020400446  4973
3.3942765267678214  4891
3.3944516808262164  4654
3.394626764272209  5047
3.394801777162711  4725
3.394976719554564  4908
3.3951515915045425  4922
3.395326393069351  4884
3.395501124305626  4811
3.395675785269936  4869
3.3958503760187813  4721
3.3960248966085933  4931
3.3961993470957363  4834
3.3963737275365067  4952
3.396548037987132  4926
3.3967222785037734  5045
3.396896449142524  5317
3.397070549959409  4571
3.397244581010386  4898
3.397418542351348  5044
3.3975924340381165  4932
3.39776625612645  4804
3.3979400086720375  4677
3.3981136917305026  5087
3.398287305357401  5024
3.3984608496082234  5041
3.398634324538392  4867
3.3988077302032647  4687
3.398981066658131  4673
3.3991543339582164  5016
3.399327532158679  4964
3.3995006613146104  4864
3.399673721481038  5043
3.3998467127129226  4871
3.4000196350651586  4671
3.400192488592576  5020
3.400365273349939  4658
3.400537989391946  4941
3.400710636773231  4780
3.4008832155483626  4953
3.401055725771844  4764
3.401228167498113  4747
3.401400540781544  4922
3.401572845676446  4848
3.401745082237063  4757
3.4019172505175748  4895
3.402089350572097  5360
3.40226138245468  4833
3.402433346219312  5008
3.4026052419199146  4804
3.402777069610347  4975
3.4029488293444046  4758
3.403120521175818  4824
3.4032921451582543  4925
3.4034637013453173  4555
3.403635189790548  4904
3.4038066105474227  4803
3.403977963669355  4669
3.404149249209695  4563
3.404320467221731  4936
3.404491617758686  4942
3.4046627008737222  4742
3.404833716619938  4989
3.4050046650503694  4822
3.4051755462179893  4861
3.405346360175709  5046
3.4055171069763763  4788
3.4056877866727775  4662
3.4058583993176366  5148
3.406028944963615  4840
3.406199423663313  4918
3.4063698354692673  4763
3.406540180433955  4710
3.40671045860979  4736
3.4068806700491248  4915
3.40705081480425  4856
3.4072208929273966  4719
3.4073909044707316  4940
3.4075608494863627  4793
3.4077307280263356  4590
3.407900540142635  4682
3.4080702858871854  4676
3.4082399653118496  4773
3.40840957846843  4796
3.4085791254086675  4618
3.408748606184244  4761
3.4089180208467798  4770
3.409087369447835  4930
3.4092566520389096  4753
3.4094258686714434  4934
3.4095950193968156  4850
3.4097641042663462  4745
3.4099331233312946  4708
3.4101020766428607  4904
3.4102709642521845  4750
3.4104397862103464  4902
3.410608542568368  5006
3.41077723337721  5024
3.4109458586877746  5008
3.4111144185509046  5143
3.4112829130173843  4974
3.4114513421379375  4873
3.41161970596323  4657
3.411788004543869  4901
3.4119562379304016  4629
3.412124406173317  4860
3.4122925093230463  4882
3.412460547429961  5006
3.4126285205443754  4846
3.4127964287165433  4673
3.4129642719966626  4857
3.413132050434872  4721
3.413299764081252  4800
3.413467412985825  5117
3.413634997198556  4828
3.4138025167693513  4887
3.4139699717480614  4894
3.414137362184477  4992
3.4143046881283317  4805
3.4144719496293026  4906
3.414639146737009  4591
3.4148062795010126  4634
3.4149733479708178  5023
3.4151403521958725  4553
3.4153072922255676  4735
3.4154741681092355  4851
3.4156409798961542  4772
3.4158077276355434  4736
3.415974411376566  4947
3.416141031168329  4907
3.4163075870598827  4688
3.4164740791002206  4908
3.416640507338281  4677
3.4168068718229443  4568
3.4169731726030363  4830
3.4171394097273255  4968
3.4173055832445254  4885
3.417471693203293  5104
3.4176377396522297  4832
3.417803722639881  4985
3.417969642214737  4709
3.418135498425232  5275
3.4183012913197452  4746
3.4184670209466006  4887
3.4186326873540653  4913
3.4187982905903533  4673
3.4189638307036225  5144
3.4191293077419758  4977
3.4192947217534604  4730
3.4194600727860704  4751
3.419625360887743  5005
3.419790586106363  4863
3.419955748489758  4763
3.420120848085703  5035
3.4202858849419178  5120
3.4204508591060683  4602
3.420615770625765  5200
3.4207806195485655  4878
3.420945405921972  4863
3.4211101297934343  5104
3.4212747912103465  5259
3.4214393902200495  4983
3.4216039268698313  5022
3.421768401206924  4801
3.4219328132785085  4986
3.4220971631317103  4828
3.4222614508136027  4693
3.4224256763712044  5017
3.422589839851482  4812
3.422753941301348  4983
3.422917980767662  4769
3.423081958297231  5033
3.423245873936808  4872
3.4234097277330933  4996
3.4235735197327357  4892
3.423737249982329  5022
3.4239009185284166  5003
3.4240645254174877  5048
3.42422807069598  4882
3.4243915544102776  4767
3.4245549766067134  4891
3.424718337331567  4659
3.424881636631067  4796
3.425044874551389  5048
3.4252080511386565  4775
3.425371166438941  4874
3.4255342204982635  4720
3.425697213362591  4865
3.4258601450778405  4855
3.4260230156898763  4832
3.426185825244511  5007
3.4263485737875077  4926
3.4265112613645754  5117
3.426673888021373  4776
3.426836453803508  4653
3.426998958756537  4932
3.4271614029259654  4861
3.427323786357247  5006
3.4274861090957853  4853
3.4276483711869328  4783
3.42781057267599  4771
3.427972713608209  4996
3.428134794028789  4801
3.4282968139828798  4889
3.42845877351558  4841
3.428620672671939  4876
3.4287825114969546  4689
3.428944290035574  4776
3.4291060083326967  4819
3.4292676664331685  4796
3.429429264381788  5474
3.4295908022233017  4820
3.429752280002408  4871
3.4299136977637543  4705
3.430075055551939  4845
3.4302363534115106  4877
3.4303975913869666  4683
3.4305587695227575  5066
3.4307198878632823  5087
3.4308809464528913  4846
3.4310419453358856  4690
3.431202884556517  4961
3.4313637641589874  4890
3.431524584187451  4924
3.4316853446860116  5006
3.4318460456987254  5024
3.4320066872695985  4741
3.4321672694425884  4880
3.4323277922616042  4795
3.4324882557705063  4653
3.4326486600131068  4616
3.4328090050331683  4897
3.432969290874406  4751
3.4331295175804857  4950
3.433289685195026  5092
3.433449793761596  4562
3.433609843323718  4737
3.433769833924866  4738
3.433929765608464  4970
3.4340896384178907  4996
3.4342494523964757  4731
3.4344092075875  4803
3.4345689040341987  4932
3.4347285417797577  5054
3.434888120867316  4824
3.4350476413399647  4680
3.4352071032407476  4855
3.4353665066126613  4903
3.435525851498655  4884
3.43568513794163  4847
3.4358443659844413  4920
3.4360035356698964  4809
3.436162647040756  4900
3.4363217001397333  5066
3.436480695009495  4814
3.436639631692661  4735
3.4367985102318035  4691
3.4369573306694496  5067
3.4371160930480786  5040
3.4372747974101237  4807
3.437433443797971  4515
3.4375920322539613  4766
3.437750562820388  4853
3.4379090355394983  5337
3.438067450453494  5114
3.4382258076045296  4925
3.438384107034714  4956
3.4385423487861106  4822
3.4387005329007363  4937
3.438858659420562  4817
3.4390167283875126  4971
3.4391747398434687  4692
3.439332693830263  4743
3.4394905903896835  4947
3.4396484295634737  4763
3.4398062113933303  4773
3.439963935920905  4894
3.4401216031878037  4643
3.440279213235588  4811
3.4404367661057735  4891
3.440594261839831  5035
3.4407517004791854  4781
3.4409090820652177  4856
3.4410664066392633  5013
3.4412236742426123  4832
3.4413808849165113  4848
3.441538038702161  4902
3.441695135640717  5136
3.441852175773292  4709
3.442009159140952  4732
3.44216608578472  4821
3.4423229557455746  4992
3.4424797690644486  4706
3.442636525782232  5059
3.442793225939769  5081
3.4429498695778618  4926
3.443106456737266  5214
3.443262987458695  4681
3.4434194617828173  4995
3.4435758797502576  4711
3.4437322414015967  4861
3.443888546777372  4988
3.444044795918076  4603
3.4442009888641594  4768
3.4443571256560275  4917
3.444513206334043  5134
3.4446692309385245  4635
3.4448251995097476  4997
3.4449811120879446  5019
3.445136968713304  4808
3.4452927694259716  4791
3.44544851426605  4745
3.4456042032735974  4893
3.445759836488631  4982
3.4459154139511234  4909
3.446070935701005  4975
3.446226401778163  4797
3.446381812222442  4916
3.446537167073644  4720
3.4466924663715273  4811
3.446847710155809  4739
3.4470028984661623  4673
3.4471580313422194  4709
3.4473131088235682  5111
3.4474681309497557  4895
3.447623097760286  4625
3.447778009294621  4855
3.4479328655921804  4981
3.448087666692341  4944
3.448242412634439  4820
3.4483971034577676  4929
3.448551739201578  5028
3.44870631990508  5036
3.4488608456074408  4680
3.4490153163477864  4704
3.449169732165201  4782
3.449324093098727  4796
3.449478399187365  4783
3.4496326504700745  4837
3.4497868469857735  4810
3.4499409887733377  4903
3.4500950758716025  4816
3.450249108319361  4724
3.450403086155366  4716
3.450557009418329  5046
3.450710878146919  4891
3.450864692379766  4831
3.4510184521554574  5007
3.45117215751254  4683
3.4513258084895195  4786
3.4514794051248616  4872
3.4516329474569907  5284
3.45178643552429  4760
3.451939869365103  4907
3.4520932490177314  4826
3.452246574520437  4752
3.4523998459114416  4644
3.452553063228925  4718
3.452706226511029  4811
3.452859335795852  5054
3.4530123911214554  4920
3.4531653925258574  4768
3.4533183400470375  5071
3.453471233722936  4849
3.4536240735914507  4607
3.4537768596904423  4989
3.4539295920577286  5106
3.45408227073109  5043
3.4542348957482654  4645
3.454387467146955  4760
3.4545399849648186  4899
3.454692449239477  4644
3.45484486000851  4898
3.45499721730946  4955
3.4551495211798278  4815
3.4553017716570764  4932
3.4554539687786283  4598
3.455606112581867  4930
3.455758203104137  4824
3.455910240382743  4875
3.4560622244549513  4862
3.456214155357989  5007
3.456366033129043  4895
3.4565178578052627  5032
3.4566696294237578  4913
3.456821348021599  4965
3.456973013635818  4936
3.457124626303409  4792
3.4572761860613257  4752
3.4574276929464847  4601
3.4575791469957626  4862
3.4577305482459986  4748
3.4578818967339924  4780
3.458033192496506  4908
3.4581844355702627  4813
3.4583356259919475  4823
3.4584867637982066  4590
3.4586378490256493  5172
3.458788881710845  4966
3.458939861890326  5036
3.4590907896005865  4839
3.459241664878082  5051
3.459392487759231  4841
3.459543258280413  4713
3.4596939764779706  4959
3.459844642388208  4855
3.4599952560473914  4857
3.46014581749175  4832
3.4602963267574753  4915
3.4604467838807205  4790
3.4605971888976015  4743
3.460747541844197  4875
3.4608978427565478  4990
3.4610480916706576  4787
3.461198288622493  4723
3.461348433647983  4717
3.4614985267830187  4687
3.4616485680634552  4935
3.461798557525109  4696
3.461948495203762  5152
3.462098381135156  4914
3.4622482153549976  4968
3.462397997898956  4905
3.4625477288026643  5013
3.4626974081017172  4983
3.4628470358316736  4967
3.462996612028056  4963
3.4631461367263494  4658
3.4632956099620027  4832
3.4634450317704277  4905
3.463594402187  4724
3.463743721247059  4950
3.4638929889859074  4967
3.464042205438811  5006
3.4641913706409997  5196
3.4643404846276673  4756
3.4644895474339714  4913
3.464638559095033  4826
3.4647875196459372  4832
3.4649364291217326  4787
3.4650852875574327  4960
3.4652340949880145  4913
3.4653828514484184  5011
3.46553155697355  4754
3.465680211598278  4746
3.4658288153574364  4814
3.465977368285823  4931
3.466125870418199  4914
3.466274321789292  4761
3.466422722433792  4699
3.4665710723863543  4728
3.4667193716815987  4762
3.4668676203541096  4971
3.4670158184384356  4796
3.4671639659690903  5081
3.467312062980552  4847
3.4674601095072637  5046
3.467608105583633  4600
3.467756051244033  4841
3.4679039465228003  5022
3.4680517914542377  4855
3.4681995860726125  4995
3.4683473304121573  4949
3.468495024507069  4885
3.4686426683915115  4887
3.468790262099611  4996
3.4689378056654614  4943
3.4690852991231202  4948
3.469232742506612  4758
3.469380135849925  4799
3.469527479187014  4901
3.469674772551798  5035
3.469822015978163  4678
3.4699692094999595  4496
3.470116353151004  5020
3.4702634469650784  4881
3.470410490975931  4848
3.4705574852172743  4825
3.470704429722788  4932
3.4708513245261177  4998
3.4709981696608736  4824
3.471144965160633  5233
3.4712917110589387  4968
3.471438407389299  4880
3.47158505418519  4934
3.471731651480051  5042
3.4718781993072905  4807
3.4720246977002813  4831
3.472171146692363  4811
3.472317546316842  4794
3.4724638966069894  4821
3.472610197596045  4827
3.4727564493172123  5094
3.472902651803664  4852
3.4730488050885375  4614
3.473194909204938  4979
3.4733409641859354  4888
3.4734869700645685  4944
3.473632926873841  4920
3.473778834646725  4986
3.473924693416157  5087
3.4740705032150436  4855
3.4742162640762553  4846
3.4743619760326307  4887
3.474507639116976  4900
3.474653253362063  4549
3.474798818800631  4576
3.4749443354653877  4942
3.4750898033890065  4848
3.475235222604128  4818
3.475380593143361  4815
3.4755259150392805  5324
3.4756711883244296  4691
3.475816413031318  4728
3.4759615891924236  4730
3.4761067168401913  5182
3.4762517960070336  4856
3.4763968267253302  4836
3.4765418090274287  4689
3.476686742945645  4621
3.4768316285122607  4995
3.476976465759527  4692
3.4771212547196626  4943
3.477265995424853  4927
3.4774106879072515  4912
3.477555332198981  4637
3.4776999283321306  5021
3.4778444763387584  4813
3.4779889762508893  4923
3.4781334281005174  4679
3.4782778319196046  5157
3.4784221877400805  4978
3.4785664955938436  5100
3.4787107555127594  4804
3.478854967528663  4660
3.478999131673357  4686
3.479143247978613  4830
3.47928731647617  4878
3.4794313371977363  4738
3.4795753101749884  4755
3.479719235439571  5015
3.479863113023098  4867
3.4800069429571505  4842
3.4801507252732806  4957
3.4802944600030066  5229
3.480438147177817  5126
3.480581786829169  4884
3.4807253789884878  4689
3.4808689236871677  4772
3.481012420956573  5004
3.4811558708280352  4765
3.481299273332856  4933
3.481442628502305  4975
3.4815859363676225  4822
3.481729196960016  5061
3.4818724103106633  4746
3.4820155764507117  4571
3.482158695411276  4943
3.4823017672234426  5019
3.4824447919182653  4598
3.4825877695267677  4794
3.482730700079943  4662
3.482873583608754  4915
3.483016420144132  4968
3.4831592097169795  5110
3.483301952358167  4697
3.4834446480985353  4910
3.4835872969688944  4767
3.4837298990000236  4738
3.4838724542226736  4868
3.4840149626675627  4889
3.484157424365381  5101
3.484299839346786  4810
3.484442207642407  5056
3.484584529282843  4814
3.4847268042986617  4724
3.484869032720402  4595
3.485011214578573  4778
3.485153349903652  5053
3.485295438726089  4798
3.485437481076301  4973
3.485579476984679  5025
3.48572142648158  4740
3.4858633295973345  4665
3.486005186362242  4859
3.4861469968065726  4885
3.486288760960566  4744
3.486430478854434  4792
3.4865721505183562  4916
3.4867137759824853  4952
3.4868553552769432  4840
3.4869968884318228  4877
3.4871383754771865  4917
3.4872798164430687  5191
3.4874212113594742  4813
3.4875625602563782  5150
3.4877038631637265  4728
3.4878451201114355  4770
3.4879863311293935  4914
3.4881274962474587  4918
3.48826861549546  5078
3.488409688903198  4881
3.4885507165004443  5053
3.4886916983169405  4711
3.4888326343824003  4688
3.488973524726508  4962
3.4891143693789193  4882
3.4892551683692603  4902
3.4893959217271293  5002
3.4895366294820955  4776
3.4896772916636984  4946
3.4898179083014504  4881
3.4899584794248346  4882
3.4900990050633047  4686
3.4902394852462875  4950
3.490379920003179  4681
3.490520309363349  4993
3.490660653356137  4784
3.490800952010855  4710
3.490941205356787  4808
3.491081413423187  4883
3.491221576239283  4966
3.4913616938342726  4807
3.4915017662373264  4927
3.4916417934775863  4758
3.491781775584166  5052
3.491921712586151  5058
3.492061604512599  5078
3.49220145139254  4966
3.4923412532549745  4955
3.4924810101288766  4746
3.492620722043192  4765
3.4927603890268375  4563
3.4929000111087034  4703
3.4930395883176515  4769
3.493179120682515  4899
3.4933186082321015  4843
3.4934580509951885  4817
3.493597449000527  5114
3.49373680227684  4847
3.4938761108528227  5016
3.4940153747571436  4526
3.494154594018443  5022
3.4942937686653326  4804
3.494432898726399  5001
3.4945719842301988  4789
3.494711025205263  4886
3.494850021680094  4802
3.494988973683168  4626
3.4951278812429334  4700
3.4952667443878105  4626
3.495405563146193  4935
3.4955443375464483  4805
3.4956830676169153  4723
3.495821753385906  4670
3.4959603948817053  4915
3.496098992132571  4621
3.496237545166735  5124
3.496376054012401  4768
3.496514518697745  4626
3.496652939250918  4879
3.4967913157000425  4545
3.496929648073215  4867
3.497067936398505  4893
3.4972061807039547  4822
3.49734438101758  5011
3.4974825373673704  4952
3.497620649781288  4854
3.497758718287268  4854
3.49789674291322  4634
3.498034723687027  4909
3.498172660636544  4726
3.4983105537896004  4918
3.4984484031739997  5006
3.498586208817518  4873
3.4987239707479048  4897
3.498861688992884  4838
3.498999363580153  4674
3.4991369945373827  4786
3.4992745818922173  4783
3.499412125672275  4830
3.499549625905149  4768
3.499687082618404  4756
3.49982449583958  4887
3.49996186559619  4933
3.500099191915723  4679
3.500236474825639  4830
3.500373714353374  4891
3.5005109105263372  4753
3.500648063371912  4800
3.500785172917456  4872
3.5009222391903005  4595
3.5010592622177517  4701
3.501196242027089  4893
3.501333178645566  4842
3.501470072100412  4664
3.5016069224188295  4984
3.5017437296279943  5011
3.5018804937550585  4845
3.5020172148271476  4937
3.5021538928713607  4676
3.5022905279147727  4615
3.5024271199844326  4849
3.502563669107363  4901
3.502700175310563  4809
3.502836638621003  4808
3.5029730590656314  4605
3.503109436671369  4749
3.503245771465113  4816
3.5033820634737327  4879
3.5035183127240748  4486
3.5036545192429593  5008
3.503790683057181  4794
3.5039268041935103  4718
3.5040628826786917  4939
3.504198918539445  4844
3.5043349118024643  4770
3.504470862494419  4803
3.5046067706419537  4823
3.504742636271688  4845
3.504878459410216  4798
3.505014240084107  4832
3.505149978319906  4575
3.5052856741441323  4774
3.505421327583281  4769
3.5055569386638217  4766
3.5056925074122  4981
3.5058280338548364  4791
3.505963518018126  4640
3.5060989599284405  4768
3.506234359612126  4749
3.506369717095504  4545
3.506505032404872  4778
3.5066403055665023  5008
3.5067755366066433  4684
3.506910725551518  4669
3.5070458724273257  4792
3.5071809772602407  4513
3.5073160400764136  4916
3.50745106090197  4496
3.5075860397630105  4707
3.5077209766856137  4680
3.507855871695831  4838
3.5079907248196913  4606
3.5081255360831993  4456
3.5082603055123345  4649
3.508395033133053  4583
3.5085297189712867  4644
3.508664363052943  4548
3.508798965403905  4600
3.5089335260500327  4691
3.5090680450171616  4567
3.509202522331103  4698
3.509336958017644  4523
3.5094713521025485  4569
3.5096057046115563  4598
3.509740015570382  4599
3.5098742850047193  4507
3.5100085129402347  4496
3.5101426994025733  4644
3.510276844417355  4355
3.510410948010177  4695
3.510545010206612  4455
3.51067903103221  4445
3.510813010512496  4261
3.5109469486729727  4644
3.5110808455391185  4409
3.511214701136388  4388
3.511348515490213  4286
3.5114822886260013  4371
3.5116160205691376  4379
3.511749711344983  4439
3.5118833609788744  4561
3.5120169694961265  4123
3.5121505369220305  4429
3.5122840632818537  4266
3.51241754860084  4583
3.512550992904211  4231
3.5126843962171637  4239
3.512817758564873  4232
3.5129510799724906  4204
3.513084360465144  4161
3.513217600067939  4274
3.513350798805957  4282
3.513483956704257  4219
3.513617073787875  4102
3.5137501500818233  4273
3.5138831856110926  3980
3.5140161804006493  4041
3.514149134475437  4183
3.514282047860378  4203
3.514414920580369  4041
3.514547752660286  4106
3.5146805441249818  4132
3.514813294999285  3931
3.5149460053080044  4058
3.5150786750759226  3957
3.515211304327802  3951
3.5153438930883807  3954
3.515476441382376  3813
3.51560894923448  3832
3.515741416669365  3898
3.515873843711679  3746
3.5160062303860475  3787
3.5161385767170743  3756
3.5162708827293403  3817
3.516403148447403  3816
3.5165353738957994  3754
3.516667559099043  3612
3.5167997040816243  3918
3.5169318088680126  3707
3.5170638734826545  3741
3.5171958979499744  3525
3.5173278822943734  3583
3.5174598265402324  3410
3.517591730711908  3410
3.5177235948337358  3373
3.517855418930029  3285
3.5179872030250783  3384
3.518118947143153  3337
3.5182506513085  3276
3.518382315545344  3180
3.5185139398778875  3325
3.5186455243303114  3240
3.518777068926775  3337
3.518908573691414  2972
3.5190400386483445  3124
3.519171463821659  3049
3.519302849235429  2993
3.519434194913703  3105
3.519565500880509  2981
3.519696767159853  2839
3.519827993775719  3028
3.5199591807520685  2858
3.5200903281128424  2592
3.52022143588196  2898
3.520352504083318  2633
3.520483532740792  2694
3.520614521878236  2565
3.5207454715194824  2756
3.5208763816883417  2433
3.521007252408604  2520
3.5211380837040362  2426
3.5212688755983854  2398
3.521399628115376  2384
3.521530341278711  2379
3.5216610151120733  2240
3.5217916496391233  2139
3.5219222448835006  2179
3.5220528008688223  2143
3.5221833176186865  2103
3.522313795156667  2101
3.5224442335063197  2100
3.522574632691177  2140
3.52270499273475  1918
3.52283531366053  1992
3.5229655954919865  1926
3.523095838252568  1798
3.523226041965701  1828
3.5233562066547925  1731
3.5234863323432277  1774
3.523616419054371  1668
3.5237464668115646  1654
3.523876475638131  1568
3.5240064455573727  1510
3.5241363765925686  1507
3.524266268766979  1474
3.524396122103842  1405
3.5245259366263757  1382
3.5246557123577773  1343
3.5247854493212225  1328
3.524915147539867  1194
3.525044807036845  1257
3.5251744278352715  1238
3.525304009958239  1097
3.52543355342882  1081
3.525563058270067  1116
3.525692524505011  1047
3.5258219521566625  1128
3.5259513412480126  1005
3.5260806918020298  968
3.526210003841664  978
3.526339277389844  970
3.5264685124694775  835
3.526597709103452  883
3.5267268673146357  779
3.5268559871258747  799
3.5269850685599957  783
3.527114111639805  737
3.5272431163880884  754
3.527372082827612  720
3.52750101098112  675
3.5276299008713385  594
3.5277587525209717  631
3.527887565952705  552
3.5280163411892014  586
3.5281450782531065  553
3.5282737771670436  506
3.5284024379536176  526
3.5285310606354114  492
3.5286596452349897  456
3.5287881917748964  432
3.5289167002776547  443
3.529045170765769  396
3.529173603261723  371
3.5293019977879805  360
3.529430354366986  341
3.529558673021163  326
3.5296869537729165  273
3.5298151966446305  323
3.5299434016586693  312
3.530071568837378  282
3.530199698203082  275
3.5303277897780863  259
3.5304558435846762  231
3.530583859645118  250
3.530711837981657  218
3.5308397786165204  199
3.530967681571915  198
3.531095546870028  151
3.5312233745330266  208
3.5313511645830595  171
3.531478917042255  165
3.531606631932722  171
3.5317343092765503  147
3.531861949095809  117
3.53198955141255  147
3.532117116248804  118
3.532244643626582  111
3.5323721335678773  94
3.5324995860946626  85
3.532627001228891  84
3.5327543789924976  76
3.5328817194073974  74
3.5330090224954853  68
3.533136288278639  66
3.5332635167787148  59
3.5333907080175515  60
3.5335178620169674  65
3.5336449787987627  45
3.533772058384718  55
3.5338991007965945  50
3.534026106056135  43
3.5341530741850624  47
3.5342800052050816  39
3.534406899137877  39
3.5345337560051155  37
3.534660575828444  32
3.5347873586294916  31
3.534914104429867  39
3.5350408132511606  22
3.535167485114944  29
3.5352941200427703  22
3.5354207180561734  21
3.535547279176668  28
3.53567380342575  16
3.5358002908248976  20
3.5359267413955693  15
3.5360531551592045  13
3.536179532137225  14
3.5363058723510337  9
3.5364321758220134  9
3.53655844257153  8
3.5366846726209302  9
3.5368108659915416  9
3.5369370227046737  9
3.537063142781617  8
3.5371892262436444  7
3.53731527311201  10
3.5374412834079476  6
3.5375672571526753  5
3.5376931943673906  5
3.537819095073274  7
3.5379449592914867  6
3.538070787043172  3
3.5381965783494542  5
3.53832233323144  3
3.5384480517102173  3
3.5385737338068557  5
3.5386993795424067  2
3.5388249889379035  1
3.5389505620143615  3
3.5390760987927767  2
3.539201599294128  1
3.539327063539375  1
