0.3010299956639812  6718
0.47712125471966244  6829
0.6020599913279624  6634
0.6989700043360189  6740
0.7781512503836436  6618
0.8450980400142568  5944
0.9030899869919435  6537
0.9542425094393249  6861
1.0  6821
1.0413926851582251  6777
1.0791812460476249  6392
1.1139433523068367  6717
1.146128035678238  6792
1.1760912590556813  6437
1.2041199826559248  6647
1.2304489213782739  5995
1.255272505103306  6559
1.2787536009528289  6822
1.3010299956639813  6536
1.3222192947339193  5644
1.3424226808222062  6104
1.3617278360175928  5387
1.380211241711606  5482
1.3979400086720377  5130
1.414973347970818  4096
1.4313637641589874  4014
1.4471580313422192  3596
1.462397997898956  3962
1.4771212547196624  3846
1.4913616938342726  3415
1.505149978319906  3416
1.5185139398778875  3469
1.5314789170422551  3605
1.5440680443502757  3528
1.5563025007672873  3318
1.568201724066995  3464
1.5797835966168101  3463
1.591064607026499  3725
1.6020599913279623  3702
1.6127838567197355  3030
1.6232492903979006  3512
1.6334684555795864  3486
1.6434526764861874  3336
1.6532125137753437  3419
1.662757831681574  3524
1.6720978579357175  3426
1.6812412373755872  3652
1.6901960800285136  3651
1.6989700043360187  3098
1.7075701760979363  3174
1.7160033436347992  3344
1.724275869600789  3453
1.7323937598229686  3183
1.7403626894942439  3062
1.7481880270062005  3302
1.7558748556724915  3629
1.7634279935629373  3324
1.7708520116421442  3349
1.7781512503836436  3355
1.7853298350107671  3533
1.792391689498254  3453
1.7993405494535817  3250
1.806179973983887  3583
1.8129133566428555  3237
1.8195439355418688  3058
1.8260748027008264  3132
1.8325089127062364  3259
1.8388490907372552  3461
1.845098040014257  3201
1.8512583487190752  3470
1.8573324964312685  3449
1.863322860120456  3498
1.8692317197309762  3307
1.8750612633917  3616
1.8808135922807914  3338
1.8864907251724818  3703
1.8920946026904804  3657
1.8976270912904414  3210
1.9030899869919435  3179
1.9084850188786497  3799
1.9138138523837167  3331
1.919078092376074  3038
1.9242792860618816  3829
1.9294189257142926  3577
1.9344984512435677  3558
1.9395192526186185  3566
1.9444826721501687  3432
1.9493900066449128  3311
1.954242509439325  3598
1.9590413923210936  3400
1.9637878273455553  3596
1.968482948553935  3584
1.9731278535996986  3534
1.9777236052888478  3079
1.9822712330395684  3485
1.9867717342662448  3987
1.9912260756924949  3225
1.99563519459755  3063
2.0  3776
2.0043213737826426  3501
2.0086001717619175  3543
2.012837224705172  3554
2.0170333392987803  3234
2.0211892990699383  3259
2.0253058652647704  3776
2.0293837776852097  3364
2.03342375548695  3062
2.037426497940624  3889
2.041392685158225  3677
2.0453229787866576  3330
2.0492180226701815  3233
2.0530784434834195  3405
2.0569048513364727  3154
2.060697840353612  3049
2.0644579892269186  3333
2.0681858617461617  3455
2.0718820073061255  3793
2.0755469613925306  3558
2.0791812460476247  3518
2.0827853703164503  3926
2.0863598306747484  3353
2.089905111439398  3405
2.093421685162235  3065
2.0969100130080562  3649
2.100370545117563  3369
2.103803720955957  3434
2.1072099696478683  3157
2.110589710299249  2978
2.113943352306837  3659
2.1172712956557644  3358
2.12057393120585  3545
2.123851640967086  3581
2.1271047983648077  3287
2.130333768495006  3286
2.1335389083702174  3246
2.1367205671564067  3499
2.1398790864012365  3473
2.143014800254095  3463
2.146128035678238  3726
2.1492191126553797  3316
2.1522883443830563  3402
2.155336037465062  3275
2.1583624920952498  3634
2.161368002234975  3219
2.164352855784437  3686
2.167317334748176  3622
2.1702617153949575  3364
2.173186268412274  3464
2.1760912590556813  3225
2.1789769472931693  3367
2.1818435879447726  3363
2.184691430817599  3543
2.187520720836463  3045
2.1903316981702914  3385
2.1931245983544616  3589
2.1958996524092336  3635
2.1986570869544226  3331
2.2013971243204513  3327
2.2041199826559246  3581
2.2068258760318495  3112
2.2095150145426308  3066
2.2121876044039577  3376
2.214843848047698  3738
2.2174839442139063  3015
2.220108088040055  3408
2.2227164711475833  3489
2.225309281725863  3542
2.2278867046136734  3305
2.230448921378274  3641
2.2329961103921536  3377
2.2355284469075487  3344
2.2380461031287955  3855
2.2405492482826  3423
2.2430380486862944  3207
2.24551266781415  3183
2.247973266361807  3413
2.250420002308894  3291
2.2528530309798933  3558
2.255272505103306  3276
2.2576785748691846  3482
2.2600713879850747  3305
2.2624510897304293  3558
2.2648178230095364  3729
2.2671717284030137  3223
2.2695129442179165  3362
2.271841606536499  3325
2.27415784926368  3242
2.2764618041732443  3629
2.278753600952829  3399
2.2810333672477277  3336
2.2833012287035497  3330
2.285557309007774  3360
2.287801729930226  3561
2.290034611362518  3247
2.292256071356476  3309
2.294466226161593  3696
2.296665190261531  3306
2.298853076409707  3607
2.3010299956639813  3649
2.303196057420489  3259
2.305351369446624  3252
2.307496037913213  3606
2.3096301674258988  3001
2.311753861055754  3278
2.3138672203691533  3420
2.315970345456918  3227
2.3180633349627615  3769
2.3201462861110542  3371
2.322219294733919  3553
2.3242824552976926  3381
2.326335860928751  3402
2.3283796034387376  3229
2.330413773349191  3725
2.3324384599156054  3135
2.3344537511509307  3205
2.3364597338485296  3515
2.3384564936046046  3713
2.3404441148401185  3463
2.342422680822206  3164
2.3443922736851106  3348
2.346352974450639  3416
2.3483048630481607  3342
2.3502480183341627  3346
2.3521825181113627  3211
2.3541084391474008  3648
2.3560258571931225  3780
2.357934847000454  3611
2.359835482339888  3137
2.361727836017593  3755
2.3636119798921444  3379
2.3654879848909  3194
2.367355921026019  3283
2.369215857410143  3179
2.3710678622717363  3404
2.3729120029701067  3632
2.374748346010104  3326
2.376576957056512  3150
2.3783979009481375  3564
2.380211241711606  3305
2.3820170425748683  3454
2.383815365980431  3387
2.385606273598312  3599
2.387389826338729  3081
2.3891660843645326  3474
2.3909351071033793  3413
2.392696953259666  3917
2.3944516808262164  3713
2.3961993470957363  3166
2.3979400086720375  3215
2.399673721481038  3848
2.401400540781544  3555
2.403120521175818  3563
2.404833716619938  3331
2.406540180433955  3622
2.4082399653118496  3229
2.4099331233312946  3482
2.41161970596323  3332
2.413299764081252  3353
2.4149733479708178  3439
2.416640507338281  3229
2.4183012913197452  3313
2.419955748489758  3610
2.4216039268698313  3078
2.423245873936808  3387
2.424881636631067  3770
2.4265112613645754  3179
2.428134794028789  3456
2.429752280002408  3197
2.4313637641589874  3616
2.432969290874406  3260
2.4345689040341987  3486
2.436162647040756  3235
2.437750562820388  3418
2.439332693830263  3228
2.4409090820652177  3572
2.4424797690644486  3342
2.444044795918076  3465
2.4456042032735974  3336
2.4471580313422194  3392
2.44870631990508  3307
2.450249108319361  3255
2.45178643552429  3532
2.4533183400470375  3410
2.45484486000851  3602
2.456366033129043  3408
2.4578818967339924  3608
2.459392487759231  3522
2.4608978427565478  3167
2.462397997898956  3365
2.4638929889859074  3292
2.4653828514484184  3343
2.4668676203541096  3532
2.4683473304121573  3477
2.469822015978163  3386
2.4712917110589387  3159
2.4727564493172123  3331
2.4742162640762553  3331
2.4756711883244296  3545
2.4771212547196626  3335
2.4785664955938436  3653
2.4800069429571505  3078
2.481442628502305  3559
2.482873583608754  3530
2.484299839346786  3713
2.48572142648158  3095
2.4871383754771865  3265
2.4885507165004443  3365
2.4899584794248346  3217
2.4913616938342726  3365
2.4927603890268375  3405
2.494154594018443  3261
2.4955443375464483  3626
2.496929648073215  3509
2.4983105537896004  3419
2.499687082618404  3466
2.5010592622177517  3384
2.5024271199844326  3621
2.503790683057181  3610
2.505149978319906  3237
2.506505032404872  3477
2.507855871695831  3212
2.509202522331103  3368
2.510545010206612  3378
2.5118833609788744  3335
2.513217600067939  3525
2.514547752660286  3423
2.515873843711679  3535
2.5171958979499744  3337
2.5185139398778875  3311
2.519827993775719  3662
2.5211380837040362  3575
2.5224442335063197  3243
2.5237464668115646  3121
2.525044807036845  3450
2.526339277389844  3623
2.5276299008713385  3592
2.5289167002776547  3131
2.530199698203082  3302
2.531478917042255  3301
2.5327543789924976  3459
2.534026106056135  3331
2.5352941200427703  3854
2.53655844257153  3365
2.537819095073274  3298
2.5390760987927767  3518
2.5403294747908736  3644
2.5415792439465807  3189
2.5428254269591797  3383
2.5440680443502757  3322
2.545307116465824  3780
2.546542663478131  3202
2.5477747053878224  3440
2.5490032620257876  3001
2.550228353055094  3384
2.5514499979728753  3054
2.552668216112193  3350
2.5538830266438746  3715
2.5550944485783194  3536
2.5563025007672873  3603
2.5575072019056577  3179
2.558708570533166  3340
2.5599066250361124  3282
2.561101383649056  3736
2.5622928644564746  3217
2.5634810853944106  3335
2.5646660642520893  3133
2.5658478186735176  3532
2.56702636615906  3460
2.568201724066995  3448
2.569373909615046  3594
2.5705429398818973  3327
2.571708831808688  3016
2.5728716022004803  3585
2.574031267727719  3532
2.575187844927661  3508
2.576341350205793  3452
2.5774917998372255  2953
2.578639209968072  3541
2.57978359661681  3152
2.5809249756756194  3495
2.582063362911709  3374
2.583198773968623  3534
2.584331224367531  3638
2.5854607295085006  3521
2.586587304671755  3630
2.5877109650189114  2937
2.5888317255942073  3814
2.5899496013257077  3280
2.591064607026499  3886
2.5921767573958667  3630
2.593286067020457  3207
2.5943925503754266  3150
2.595496221825574  3892
2.59659709562646  3258
2.597695185925512  3484
2.598790506763115  3362
2.5998830720736876  3375
2.6009728956867484  3493
2.6020599913279625  3424
2.603144372620182  3903
2.60422605308447  3716
2.6053050461411096  3367
2.606381365110605  3551
2.6074550232146687  3072
2.6085260335771943  3545
2.60959440922522  3257
2.61066016308988  3435
2.611723308007342  3381
2.6127838567197355  3109
2.6138418218760693  3423
2.6148972160331345  3243
2.615950051656401  3520
2.617000341120899  3625
2.6180480967120925  3601
2.6190933306267428  3640
2.6201360549737576  3314
2.621176281775035  3352
2.622214022966295  3486
2.6232492903979003  3320
2.6242820958356683  3040
2.625312450961674  3338
2.6263403673750423  3412
2.6273658565927325  3274
2.6283889300503116  3556
2.629409599102719  3642
2.630427875025024  3461
2.6314437690131722  3327
2.6324572921847245  3516
2.6334684555795866  3381
2.6344772701607315  3223
2.635483746814912  3492
2.6364878963533656  3118
2.637489729512511  3611
2.6384892569546374  3418
2.639486489268586  3985
2.640481436970422  3476
2.6414741105040997  3199
2.6424645202421213  3225
2.6434526764861874  3629
2.6444385894678386  3432
2.645422269349092  3179
2.6464037262230695  3308
2.6473829701146196  3238
2.6483600109809315  3466
2.649334858712142  3478
2.6503075231319366  3245
2.651278013998144  3665
2.6522463410033232  3235
2.6532125137753435  3342
2.6541765418779604  3746
2.655138434811382  3166
2.656098202012832  3360
2.6570558528571038  3493
2.6580113966571126  3051
2.658964842664435  3374
2.6599162000698504  3036
2.660865478003869  3501
2.661812685537261  3553
2.662757831681574  3228
2.663700925389648  3804
2.6646419755561257  3526
2.6655809910179533  3290
2.6665179805548807  3396
2.667452952889954  3620
2.66838591669  3684
2.6693168805661123  3454
2.670245853074124  3389
2.6711728427150834  3560
2.6720978579357175  2941
2.673020907128896  3489
2.673941998634088  3337
2.6748611407378116  3315
2.6757783416740852  3576
2.6766936096248664  3390
2.677606952720493  3562
2.678518379040114  3383
2.6794278966121188  3352
2.680335513414563  3391
2.681241237375587  3297
2.682145076373832  3897
2.6830470382388496  3231
2.683947130751512  3230
2.6848453616444123  3378
2.6857417386022635  3196
2.6866362692622934  3429
2.6875289612146345  3975
2.6884198220027105  3261
2.6893088591236203  3184
2.690196080028514  3281
2.6910814921229687  3260
2.69196510276736  3465
2.69284691927723  3157
2.693726948923647  3632
2.694605198933569  3301
2.6954816764901977  3497
2.696356388733332  3260
2.6972293427597176  3764
2.6981005456233897  3382
2.6989700043360187  3584
2.699837725867246  3335
2.7007037171450192  3421
2.7015679850559273  3536
2.7024305364455254  3365
2.7032913781186614  3453
2.7041505168397992  3040
2.705007959333336  3426
2.7058637122839193  3311
2.7067177823367587  3184
2.7075701760979363  3854
2.708420900134713  3641
2.709269960975831  3217
2.7101173651118162  3366
2.710963118995276  3587
2.711807229041191  2958
2.7126497016272113  3538
2.7134905430939424  3493
2.714329759745233  3649
2.7151673578484576  2992
2.716003343634799  3414
2.7168377232995247  3135
2.717670503002262  3013
2.718501688867274  3137
2.7193312869837265  3297
2.720159303405957  3764
2.7209857441537393  3401
2.7218106152125467  3348
2.722633922533812  3532
2.7234556720351857  3460
2.724275869600789  3334
2.725094521081469  3058
2.7259116322950483  3571
2.7267272090265724  3351
2.727541257028556  3426
2.7283537820212285  3424
2.72916478969277  3061
2.7299742856995555  3331
2.7307822756663893  4163
2.7315887651867388  3295
2.7323937598229686  3557
2.7331972651065692  3192
2.733999286538387  3388
2.734799829588847  3486
2.73559889969818  3380
2.7363965022766426  3458
2.7371926427047373  3944
2.737987326333431  3426
2.738780558484369  3744
2.739572344450092  3503
2.7403626894942437  3227
2.741151598851785  3437
2.741939077729199  3081
2.7427251313046983  3363
2.74350976472843  3581
2.7442929831226763  3108
2.7450747915820575  3321
2.745855195173729  3524
2.7466341989375787  3267
2.747411807886423  3342
2.7481880270062002  3408
2.7489628612561616  3145
2.749736315569061  3248
2.7505083948513462  3821
2.751279103983342  3658
2.7520484478194387  3483
2.7528164311882715  3406
2.7535830588929064  3129
2.754348335711019  3278
2.7551122663950713  3191
2.7558748556724915  3260
2.756636108245848  3575
2.7573960287930244  3780
2.75815462196739  3339
2.7589118923979736  3427
2.7596678446896306  3321
2.760422483423212  3570
2.7611758131557314  3165
2.761927838420529  3097
2.762678563727436  3331
2.7634279935629373  3719
2.7641761323903307  3546
2.7649229846498886  3216
2.765668554759014  3274
2.7664128471123997  3180
2.7671558660821804  3325
2.767897616018091  3719
2.7686381012476144  3418
2.7693773260761385  3568
2.7701152947871015  3797
2.7708520116421442  3622
2.7715874808812555  3241
2.77232170672292  3091
2.7730546933642626  3376
2.7737864449811935  3321
2.7745169657285498  3479
2.7752462597402365  3193
2.775974331129369  3491
2.776701183988411  3128
2.7774268223893115  3623
2.7781512503836434  3305
2.7788744720027396  3456
2.7795964912578244  3859
2.780317312140151  3397
2.7810369386211318  3220
2.781755374652469  3411
2.782472624166286  3285
2.7831886910752575  3572
2.783903579272735  3204
2.784617292632875  3613
2.785329835010767  3482
2.786041210242554  3279
2.7867514221455614  3434
2.787460474518415  3382
2.788168371141168  3599
2.788875115775417  3276
2.7895807121644256  3633
2.7902851640332416  3328
2.790988475088816  3197
2.791690649020118  3164
2.792391689498254  3637
2.79309160017658  3613
2.7937903846908188  3705
2.7944880466591697  3213
2.795184589682424  3324
2.7958800173440754  3823
2.7965743332104296  3810
2.7972675408307164  3591
2.797959643737196  3296
2.798650645445269  3277
2.7993405494535817  3485
2.8000293592441343  3476
2.800717078282385  3457
2.801403710017355  3466
2.802089257881733  3748
2.8027737252919755  3572
2.803457115648414  3219
2.8041394323353503  3233
2.8048206787211623  2969
2.8055008581584002  3785
2.806179973983887  3398
2.8068580295188172  3528
2.807535028068853  3758
2.808210972924222  3445
2.808885867359812  3156
2.8095597146352675  3613
2.8102325179950842  3676
2.8109042806687006  3392
2.8115750058705933  3626
2.812244696800369  3242
2.8129133566428557  3260
2.813580988568192  2995
2.81424759573192  3413
2.814913181275074  3706
2.815577748324267  3455
2.816241299991783  3056
2.8169038393756605  3764
2.8175653695597807  3388
2.8182258936139557  3258
2.8188854145940097  3345
2.8195439355418688  3565
2.82020145948564  3296
2.8208579894397  3428
2.821513528404773  3005
2.8221680793680175  3592
2.8228216453031045  3611
2.823474229170301  3153
2.824125833916549  3456
2.824776462475546  3184
2.8254261177678233  3413
2.8260748027008264  3439
2.826722520168992  3204
2.8273692730538253  3421
2.828015064223977  3487
2.82865989653532  3399
2.829303772831025  3277
2.829946695941636  3789
2.8305886686851442  3260
2.8312296938670634  3551
2.8318697742805017  3472
2.832508912706236  2872
2.833147111912785  3435
2.833784374656479  3583
2.8344207036815328  3134
2.835056101720116  3357
2.8356905714924254  3551
2.8363241157067516  3197
2.8369567370595505  3351
2.837588438235511  3618
2.8382192219076257  3771
2.838849090737255  3049
2.8394780473741985  3368
2.840106094456758  3254
2.8407332346118066  3145
2.841359470454855  3735
2.8419848045901137  3371
2.842609239610562  3569
2.8432327780980096  3372
2.843855422623161  3189
2.8444771757456815  3402
2.845098040014257  3091
2.8457180179666586  3483
2.846337112129805  3523
2.846955325019824  3223
2.847572659142112  3507
2.848189116991399  3494
2.8488047010518036  3391
2.8494194137968996  3283
2.850033257689769  3229
2.8506462351830666  3066
2.8512583487190755  3403
2.851869600729766  3442
2.8524799936368566  3236
2.8530895298518657  3643
2.8536982117761744  3323
2.8543060418010806  3425
2.8549130223078554  3415
2.8555191556678  3580
2.8561244442423  3538
2.8567288903828825  3408
2.8573324964312685  3570
2.857935264719429  3261
2.858537197569639  3567
2.859138297294531  3453
2.859738566197147  3773
2.8603380065709936  3564
2.8609366207000937  3219
2.8615344108590377  3014
2.862131379313037  3211
2.8627275283179747  3521
2.863322860120456  3463
2.8639173769578603  3437
2.864511081058392  3246
2.8651039746411278  3379
2.8656960599160706  3314
2.8662873390841948  3671
2.866877814337499  3181
2.8674674878590514  3798
2.8680563618230415  3375
2.8686444383948255  2822
2.8692317197309762  3596
2.869818207979328  3609
2.870403905279027  3485
2.8709888137605755  3012
2.8715729355458786  3065
2.8721562727482928  3359
2.8727388274726686  3233
2.873320601815399  3478
2.8739015978644615  3263
2.8744818176994666  3522
2.8750612633917  3543
2.8756399370041685  3941
2.876217840591642  3468
2.8767949762007006  3460
2.877371345869774  3393
2.8779469516291885  3555
2.8785217955012063  3239
2.8790958795000727  3338
2.8796692056320534  3748
2.88024177589548  3351
2.8808135922807914  3460
2.8813846567705728  3501
2.8819549713396007  3204
2.8825245379548803  3647
2.8830933585756897  3409
2.8836614351536176  3557
2.884228769632604  3312
2.884795363948981  3555
2.885361220031512  3693
2.885926339801431  3506
2.886490725172482  3247
2.8870543780509568  3573
2.887617300335736  3357
2.888179493918325  3467
2.8887409606828927  3412
2.88930170250631  3526
2.8898617212581885  3823
2.890421018800914  3402
2.890979596989689  3560
2.8915374576725643  3253
2.8920946026904804  3200
2.8926510338773004  3365
2.893206753059848  3371
2.8937617620579434  3438
2.8943160626844384  3525
2.8948696567452528  3398
2.895422546039408  3334
2.8959747323590648  3185
2.8965262174895554  3026
2.89707700320942  3684
2.8976270912904414  3190
2.8981764834976764  3336
2.8987251815894934  3355
2.8992731873176036  3688
2.8998205024270964  3040
2.9003671286564705  3054
2.900913067737669  3379
2.9014583213961123  3780
2.9020028913507296  3464
2.902546779313991  3336
2.9030899869919438  3593
2.9036325160842376  3011
2.9041743682841634  3527
2.904715545278681  3804
2.905256048748451  3486
2.9057958803678687  3272
2.906335041805091  3410
2.90687353472207  2995
2.907411360774586  3828
2.9079485216122722  3351
2.90848501887865  3337
2.909020854211156  3368
2.9095560292411755  3821
2.910090545594068  3319
2.910624404889201  3285
2.9111576087399764  3370
2.9116901587538613  3682
2.9122220565324155  3346
2.912753303671323  3657
2.9132839017604186  3667
2.9138138523837167  3553
2.9143431571194407  3212
2.9148718175400505  3302
2.91539983521227  3837
2.9159272116971158  3532
2.916453948549925  3217
2.9169800473203824  3373
2.9175055095525466  3521
2.9180303367848803  3236
2.9185545305502734  3265
2.9190780923760737  3313
2.919601023784111  3274
2.920123326290724  3330
2.9206450014067875  3402
2.921166050637739  3767
2.921686475483602  3335
2.9222062774390163  3502
2.92272545799326  3550
2.9232440186302764  3190
2.9237619608287004  3563
2.9242792860618816  3318
2.924795995797912  3572
2.9253120914996495  3331
2.9258275746247424  3607
2.926342446625655  3002
2.926856708949692  3167
2.9273703630390235  3303
2.9278834103307068  3404
2.9283958522567137  3314
2.928907690243953  3278
2.929418925714293  3086
2.929929560084588  3310
2.9304395947667  3490
2.930949031167523  3060
2.931457870689005  3147
2.931966114728173  3649
2.932473764677153  3184
2.932980821923198  3610
2.9334872878487053  3504
2.9339931638312424  3184
2.934498451243568  3259
2.935003151453655  3224
2.9355072658247128  3709
2.9360107957152097  3859
2.936513742478893  3671
2.9370161074648142  3481
2.937517892017347  3554
2.9380190974762104  3475
2.938519725176492  3338
2.9390197764486663  3543
2.9395192526186187  3654
2.9400181550076634  3392
2.940516484932567  3357
2.9410142437055695  3412
2.941511432634403  3629
2.942008053022313  3629
2.9425041061680806  3596
2.9429995933660407  3439
2.9434945159061026  3579
2.9439888750737717  3358
2.9444826721501687  3433
2.9449759084120477  3384
2.94546858513182  3293
2.9459607035775686  3457
2.946452265013073  3156
2.9469432706978256  3393
2.9474337218870508  3320
2.9479236198317262  3205
2.948412965778601  3037
2.9489017609702137  3436
2.949390006644913  3490
2.949877704036875  3395
2.950364854376123  3451
2.9508514588885464  3516
2.951337518795918  3381
2.951823035315912  3488
2.9523080096621253  3119
2.952792443044092  3294
2.9532763366673045  3423
2.9537596917332287  3382
2.9542425094393248  3588
2.954724790979063  3359
2.9552065375419416  3323
2.9556877503135057  3338
2.9561684304753633  3284
2.9566485792052033  3587
2.957128197676813  3082
2.957607287060095  3424
2.958085848521085  3540
2.9585638832219674  3443
2.9590413923210934  3351
2.9595183769729982  3387
2.959994838328416  3717
2.960470777534299  3520
2.960946195733831  3508
2.9614210940664485  3340
2.9618954736678504  3759
2.962369335670021  3311
2.9628426812012423  3336
2.9633155113861114  3293
2.963787827345555  3456
2.964259630196849  3715
2.9647309210536292  3469
2.965201701025912  3142
2.9656719712201065  3130
2.9661417327390325  3076
2.966610986681934  3023
2.967079734144497  3280
2.967547976218862  3371
2.968015713993642  3109
2.9684829485539352  3154
2.9689496809813427  3456
2.9694159123539814  3117
2.9698816437465  3611
2.9703468762300935  3421
2.9708116108725178  3451
2.971275848738105  3390
2.971739590887778  3359
2.9722028383790646  3332
2.972665592266111  3153
2.9731278535996988  3519
2.973589623427257  3433
2.9740509027928774  3484
2.9745116927373285  3678
2.974971994298069  3770
2.975431808509263  3125
2.975891136401793  3532
2.9763499790032735  3861
2.976808337338066  3234
2.977266212427293  3210
2.9777236052888476  3494
2.978180516937414  3609
2.9786369483844743  3545
2.979092900638326  3390
2.979548374704095  3226
2.9800033715837464  3440
2.9804578922761  3190
2.9809119377768436  3469
2.9813655090785445  3460
2.9818186071706636  2976
2.9822712330395684  3369
2.9827233876685453  3491
2.983175072037813  3473
2.9836262871245345  3475
2.984077033902831  3459
2.9845273133437926  3457
2.9849771264154934  3617
2.9854264740830017  3193
2.9858753573083936  3189
2.986323777050765  3489
2.9867717342662448  3128
2.9872192299080047  3079
2.9876662649262746  3417
2.988112840268352  3093
2.9885589568786157  3308
2.989004615698537  3260
2.9894498176666917  3409
2.989894563718773  3609
2.9903388547876015  3303
2.9907826918031377  3288
2.9912260756924947  3083
2.9916690073799486  3209
2.9921114877869495  3687
2.9925535178321354  3044
2.9929950984313414  3434
2.9934362304976116  3144
2.993876914941211  3516
2.9943171526696366  3596
2.9947569445876283  3502
2.9951962915971793  3357
2.99563519459755  3465
2.9960736544852753  3375
2.9965116721541785  3569
2.996949248495381  3498
2.997386384397313  3305
2.9978230807457256  3849
2.998259338423699  3421
2.998695158311656  3119
2.999130541287371  3331
2.9995654882259823  3728
3.0  3552
3.000434077479319  3564
3.0008677215312267  3122
3.0013009330204183  3445
3.0017337128090005  3420
3.002166061756508  3395
3.0025979807199086  3576
3.003029470553618  3161
3.0034605321095067  3485
3.0038911662369103  2994
3.0043213737826426  3095
3.004751155591001  3575
3.0051805125037805  3305
3.0056094453602804  3165
3.0060379549973173  3228
3.0064660422492318  3231
3.0068937079479006  3118
3.0073209529227447  3596
3.00774777800074  3698
3.0081741840064264  3198
3.0086001717619175  3498
3.0090257420869104  3627
3.009450895798694  3378
3.00987563371216  3234
3.010299956639812  3456
3.010723865391773  3267
3.0111473607757975  3324
3.0115704435972783  3422
3.011993114659257  3329
3.012415374762433  3346
3.012837224705172  3396
3.0132586652835167  3088
3.0136796972911926  3475
3.0141003215196207  3269
3.0145205387579237  3702
3.0149403497929366  3354
3.0153597554092144  3094
3.015778756389041  3614
3.016197353512439  3053
3.016615547557177  3377
3.0170333392987803  3439
3.017450729510536  3433
3.0178677189635055  3740
3.018284308426531  3583
3.0187004986662433  3050
3.019116290447073  3638
3.0195316845312554  3415
3.0199466816788423  3541
3.0203612826477078  3446
3.020775488193558  3285
3.0211892990699383  3198
3.021602716028242  3190
3.02201573981772  3456
3.0224283711854865  3272
3.022840610876528  3718
3.0232524596337114  3458
3.0236639181977933  3793
3.024074987307426  3233
3.024485667699167  3181
3.024895960107485  3380
3.0253058652647704  3053
3.025715383901341  3380
3.0261245167454502  3316
3.0265332645232967  3757
3.0269416279590295  3378
3.0273496077747564  3158
3.0277572046905536  3228
3.0281644194244697  3615
3.0285712526925375  3179
3.028977705208778  3521
3.0293837776852097  3544
3.029789470831856  3298
3.030194785356751  3434
3.030599721965951  3212
3.0310042813635367  3492
3.031408464251624  3332
3.0318122713303706  3668
3.0322157032979815  3456
3.03261876085072  3536
3.0330214446829107  3261
3.03342375548695  3528
3.03382569395331  3023
3.0342272607705505  3591
3.0346284566253203  3457
3.0350292822023683  3541
3.0354297381845483  3828
3.035829825252828  3149
3.0362295440862948  3461
3.036628895362161  3318
3.037027879755775  3560
3.037426497940624  3697
3.037824750588342  3411
3.0382226383687185  3228
3.038620161949703  3923
3.039017321997412  3373
3.0394141191761372  3379
3.0398105541483504  3428
3.0402066275747113  3456
3.040602340114073  3275
3.0409976924234905  3045
3.041392685158225  3825
3.041787318971752  3557
3.042181594515766  3325
3.0425755124401905  3559
3.0429690733931802  3273
3.0433622780211294  3500
3.0437551269686796  3575
3.044147620878723  3226
3.044539760392411  3403
3.04493154614916  3619
3.0453229787866576  3597
3.0457140589408676  3692
3.0461047872460387  3353
3.0464951643347082  3285
3.04688519083771  3428
3.0472748673841794  3132
3.04766419460156  3687
3.048053173115609  3273
3.0484418035504044  3423
3.04883008652835  3554
3.0492180226701815  3164
3.049605612594973  3643
3.0499928569201424  3368
3.050379756261458  3613
3.0507663112330423  3301
3.0511525224473814  3162
3.0515383905153275  3512
3.0519239160461065  3293
3.0523090996473234  3258
3.052693941924968  3252
3.0530784434834195  3668
3.053462604925455  3249
3.0538464268522527  3429
3.0542299098633974  3483
3.0546130545568877  3388
3.0549958615291417  3526
3.055378331375  3238
3.0557604646877348  3437
3.056142262059052  3901
3.0565237240791006  3421
3.0569048513364727  3448
3.0572856444182146  3683
3.0576661039098294  3690
3.0580462303952816  3129
3.058426024457005  3538
3.0588054866759067  3563
3.059184617631371  3325
3.0595634179012676  3261
3.059941888061955  3195
3.060320028688285  3536
3.060697840353612  3201
3.0610753236297916  3176
3.061452479087193  3213
3.061829307294699  3548
3.0622058088197126  3134
3.062581984228163  3569
3.0629578340845103  3219
3.0633333589517497  3316
3.0637085593914173  3391
3.064083435963596  3402
3.0644579892269186  3435
3.064832219738574  3508
3.065206128054312  2842
3.0655797147284485  3349
3.06595298031387  3476
3.0663259253620376  3601
3.0666985504229953  3385
3.0670708560453703  3576
3.0674428427763805  3391
3.0678145111618402  3516
3.0681858617461617  3398
3.068556895072363  3331
3.068927611682072  3335
3.0692980121155293  3173
3.0696680969115957  3132
3.070037866607755  3454
3.0704073217401198  3695
3.0707764628434346  3273
3.0711452904510828  3140
3.071513805095089  3245
3.0718820073061255  3042
3.072249897613515  3800
3.0726174765452368  3462
3.0729847446279304  3329
3.073351702386901  3417
3.0737183503461227  3207
3.074084689028244  3457
3.074450718954591  3365
3.074816440645175  3405
3.0751818546186915  3719
3.0755469613925306  3254
3.0759117614827773  3215
3.076276255404218  3411
3.076640443670342  3187
3.0770043267933502  3301
3.0773679052841563  3242
3.077731179652392  3009
3.0780941504064105  3271
3.0784568180532927  3193
3.0788191830988487  3459
3.0791812460476247  3327
3.079543007402906  3549
3.079904467666721  3430
3.0802656273398448  3223
3.0806264869218056  3237
3.080987046910887  3333
3.0813473078041325  3497
3.081707270097349  3176
3.082066934285113  3386
3.0824263008607717  3366
3.0827853703164503  3025
3.0831441431430524  3576
3.0835026198302673  3051
3.083860800866573  2979
3.0842186867392387  3139
3.084576277934331  3518
3.084933574936716  3298
3.085290578230065  3391
3.0856472882968564  3070
3.0860037056183818  3436
3.0863598306747484  3252
3.0867156639448825  2944
3.0870712059065353  3619
3.0874264570362855  3183
3.087781417809542  3229
3.0881360887005513  3320
3.0884904701823963  3247
3.088844562727004  3135
3.089198366805149  3573
3.089551882886454  3356
3.089905111439398  3437
3.090258052931316  2971
3.090610707828407  3286
3.0909630765957314  3392
3.091315159697223  3693
3.0916669575956846  3054
3.092018470752797  3504
3.0923696996291206  3449
3.0927206446840994  2831
3.0930713063760633  3733
3.093421685162235  3042
3.09377178149873  3255
3.0941215958405612  3291
3.094471128641645  3317
3.0948203803548  3183
3.095169351431755  2927
3.095518042323151  3400
3.0958664534785427  3136
3.0962145853464054  3304
3.0965624383741357  3348
3.0969100130080562  3076
3.09725730969342  3294
3.097604328874411  2836
3.09795107099415  3312
3.0982975364946976  3027
3.098643725817057  3144
3.0989896394011773  2996
3.0993352776859577  3195
3.09968064110925  3199
3.1000257301078626  2911
3.100370545117563  3056
3.1007150865730817  3051
3.1010593549081156  3258
3.101403350555331  3319
3.1017470739463664  3058
3.1020905255118367  3125
3.1024337056813365  3038
3.1027766148834415  2978
3.1031192535457137  3009
3.103461622094705  3193
3.103803720955957  2974
3.104145550554008  2975
3.104487111312395  2889
3.1048284036536553  3108
3.1051694279993316  2906
3.1055101847699738  3047
3.1058506743851435  2858
3.1061908972634154  3168
3.1065308538223815  2795
3.106870544478654  3247
3.1072099696478683  2670
3.1075491297446862  3014
3.1078880251827985  2957
3.1082266563749283  3071
3.1085650237328344  2883
3.1089031276673134  2605
3.109240968588203  3038
3.1095785469043866  2883
3.1099158630237933  2651
3.110252917353403  2704
3.110589710299249  2749
3.1109262422664203  2830
3.1112625136590655  2535
3.111598524880394  2847
3.1119342763326814  2578
3.1122697684172707  2531
3.1126050015345745  2673
3.11293997608408  2815
3.1132746924643504  2415
3.1136091510730277  2625
3.113943352306837  2520
3.1142772965615864  2904
3.114610984232173  2479
3.1149444157125847  2555
3.1152775913959014  2714
3.1156105116742996  2593
3.115943176939055  2524
3.116275587580544  2537
3.1166077439882485  2303
3.116939646550756  2448
3.1172712956557644  2174
3.117602691690084  2565
3.1179338350396413  2443
3.118264726089479  2284
3.118595365223762  2219
3.1189257528257768  2143
3.1192558892779365  2219
3.119585774961784  2308
3.119915410257991  2166
3.1202447955463652  2249
3.12057393120585  2317
3.1209028176145273  2076
3.1212314551496214  2170
3.1215598441875008  1977
3.121887985103681  2022
3.1222158782728267  2057
3.1225435240687545  2110
3.1228709228644354  2090
3.1231980750319988  1907
3.123524980942732  1882
3.123851640967086  1741
3.124178055474675  1922
3.1245042248342823  1944
3.1248301494138593  1646
3.12515582958053  1614
3.125481265700594  1620
3.125806458139527  1777
3.1261314072619846  1693
3.1264561134318045  1635
3.126780577012009  1508
3.1271047983648077  1473
3.127428777851599  1535
3.1277525158329733  1514
3.1280760126687155  1489
3.1283992687178066  1448
3.128722284338427  1281
3.1290450598879582  1333
3.1293675957229854  1266
3.129689892199301  1278
3.1300119496719043  1210
3.130333768495006  1286
3.130655349022031  1114
3.130976691605617  1099
3.131297796597623  1169
3.1316186643491255  1118
3.1319392952104246  1070
3.1322596895310446  880
3.132579847659737  927
3.132899769944483  937
3.1332194567324945  903
3.1335389083702174  828
3.133858125203335  920
3.1341771075767664  812
3.1344958558346736  815
3.13481437032046  704
3.1351326513767748  708
3.1354506993455136  728
3.1357685145678222  619
3.1360860973840974  610
3.13640344813399  660
3.1367205671564067  655
3.1370374547895126  611
3.137354111370733  556
3.137670537236755  530
3.137986732723532  510
3.1383026981662816  570
3.1386184338994925  428
3.1389339402569236  401
3.139249217571607  401
3.13956426617585  375
3.1398790864012365  325
3.140193678578631  377
3.1405080430381798  336
3.1408221801093106  283
3.141136090120739  360
3.1414497734004674  284
3.141763230275788  278
3.1420764610732848  235
3.142389466118836  238
3.1427022457376155  215
3.143014800254095  228
3.143327129992046  213
3.1436392352745433  187
3.1439511164239633  182
3.144262773761991  169
3.144574207609616  158
3.144885418287142  170
3.1451964061141817  171
3.1455071714096627  163
3.1458177144918276  108
3.146128035678238  127
3.1464381352857744  120
3.14674801363064  113
3.1470576710283598  105
3.1473671077937864  81
3.1476763242410986  80
3.147985320683805  81
3.1482940974347455  69
3.1486026548060932  94
3.1489109931093564  54
3.1492191126553797  58
3.149527013754348  74
3.149834696715785  64
3.1501421618485588  53
3.150449409460881  42
3.150756439860309  38
3.15106325335375  38
3.1513698502474603  40
3.151676230847048  18
3.151982395457474  24
3.1522883443830563  25
3.15259407792747  31
3.1528995963937474  16
3.153204900084284  16
3.1535099893008374  13
3.153814864344529  21
3.154119525515847  18
3.154423973114647  18
3.1547282074401557  26
3.1550322287909704  10
3.155336037465062  8
3.1556396337597765  11
3.1559430179718366  11
3.1562461903973444  8
3.1565491513317814  5
3.156851901070011  13
3.1571544399062814  9
3.157456768134226  8
3.1577588860468637  2
3.158060793936605  2
3.1583624920952498  8
3.1586639808139894  3
3.15896526038341  6
3.159266331093494  3
3.1595671932336202  2
3.1598678470925665  4
3.160168292958512  9
3.1604685311190375  1
3.1607685618611283  2
3.1610683854711747  4
3.161368002234975  5
3.161667412437736  1
3.161966616364075  4
3.1622656142980214  3
3.162862993321926  3
3.1631613749770184  5
3.16345955176999  1
3.163757523981956  1
3.1640552918934515  2
3.164352855784437  2
3.1646502159342966  1
3.1652443261253107  1
3.165541076722373  1
3.1658376246901283  1
3.166133970305109  1
3.166430113843283  1
3.166726055580052  1
3.16761267272753  1
3.168202746842631  2
