0.3010299956639812  351522
0.47712125471966244  52519
0.6020599913279624  39776
0.6989700043360189  39552
0.7781512503836436  28730
0.8450980400142568  26226
0.9030899869919435  21650
0.9542425094393249  15323
1.0  12817
1.0413926851582251  10780
1.0791812460476249  5163
1.1139433523068367  6255
1.146128035678238  5282
1.1760912590556813  3346
1.2041199826559248  5642
1.2304489213782739  5491
1.255272505103306  3099
1.2787536009528289  1490
1.3010299956639813  4162
1.3222192947339193  6819
1.3424226808222062  2262
1.3617278360175928  4261
1.380211241711606  4269
1.3979400086720377  4715
1.414973347970818  3052
1.4313637641589874  3785
1.4471580313422192  2794
1.462397997898956  3182
1.4771212547196624  3108
1.4913616938342726  2402
1.505149978319906  1677
1.5185139398778875  1884
1.5314789170422551  3362
1.5440680443502757  3606
1.5563025007672873  2902
1.568201724066995  3137
1.5797835966168101  3744
1.591064607026499  3641
1.6020599913279623  3795
1.6127838567197355  2651
1.6232492903979006  2313
1.6334684555795864  3223
1.6434526764861874  3935
1.6532125137753437  3579
1.662757831681574  3258
1.6720978579357175  4389
1.6812412373755872  3223
1.6901960800285136  4187
1.6989700043360187  3050
1.7075701760979363  3059
1.7160033436347992  2300
1.724275869600789  2500
1.7323937598229686  1840
1.7403626894942439  2725
1.7481880270062005  3166
1.7558748556724915  4008
1.7634279935629373  2814
1.7708520116421442  3402
1.7781512503836436  4060
1.7853298350107671  2382
1.792391689498254  2808
1.7993405494535817  3196
1.806179973983887  3339
1.8129133566428555  2662
1.8195439355418688  2981
1.8260748027008264  3190
1.8325089127062364  2492
1.8388490907372552  3262
1.845098040014257  3073
1.8512583487190752  1410
1.8573324964312685  2633
1.863322860120456  2368
1.8692317197309762  2008
1.8750612633917  2657
1.8808135922807914  2939
1.8864907251724818  1946
1.8920946026904804  2285
1.8976270912904414  1504
1.9030899869919435  1934
1.9084850188786497  2436
1.9138138523837167  3515
1.919078092376074  2901
1.9242792860618816  2018
1.9294189257142926  1813
1.9344984512435677  1529
1.9395192526186185  2467
1.9444826721501687  2085
1.9493900066449128  2648
1.954242509439325  2520
1.9590413923210936  1356
1.9637878273455553  1737
1.968482948553935  1443
1.9731278535996986  1820
1.9777236052888478  1897
1.9822712330395684  1505
1.9867717342662448  1301
1.9912260756924949  2181
1.99563519459755  2110
2.0  2142
2.0043213737826426  2189
2.0086001717619175  1827
2.012837224705172  1810
2.0170333392987803  1437
2.0211892990699383  1846
2.0253058652647704  1681
2.0293837776852097  1237
2.03342375548695  1912
2.037426497940624  1418
2.041392685158225  1456
2.0453229787866576  1818
2.0492180226701815  1926
2.0530784434834195  1260
2.0569048513364727  1480
2.060697840353612  1739
2.0644579892269186  1639
2.0681858617461617  1616
2.0718820073061255  1061
2.0755469613925306  972
2.0791812460476247  1053
2.0827853703164503  1234
2.0863598306747484  971
2.089905111439398  921
2.093421685162235  1279
2.0969100130080562  761
2.100370545117563  1335
2.103803720955957  1291
2.1072099696478683  546
2.110589710299249  1003
2.113943352306837  776
2.1172712956557644  1102
2.12057393120585  1146
2.123851640967086  1046
2.1271047983648077  1029
2.130333768495006  860
2.1335389083702174  548
2.1367205671564067  1182
2.1398790864012365  814
2.143014800254095  634
2.146128035678238  585
2.1492191126553797  876
2.1522883443830563  674
2.155336037465062  729
2.1583624920952498  912
2.161368002234975  880
2.164352855784437  825
2.167317334748176  733
2.1702617153949575  711
2.173186268412274  408
2.1760912590556813  672
2.1789769472931693  633
2.1818435879447726  423
2.184691430817599  310
2.187520720836463  477
2.1903316981702914  750
2.1931245983544616  377
2.1958996524092336  415
2.1986570869544226  349
2.2013971243204513  369
2.2041199826559246  442
2.2068258760318495  437
2.2095150145426308  408
2.2121876044039577  394
2.214843848047698  425
2.2174839442139063  226
2.220108088040055  244
2.2227164711475833  388
2.225309281725863  282
2.2278867046136734  180
2.230448921378274  234
2.2329961103921536  238
2.2355284469075487  193
2.2380461031287955  180
2.2405492482826  175
2.2430380486862944  166
2.24551266781415  232
2.247973266361807  148
2.250420002308894  231
2.2528530309798933  222
2.255272505103306  163
2.2576785748691846  193
2.2600713879850747  125
2.2624510897304293  160
2.2648178230095364  131
2.2671717284030137  117
2.2695129442179165  93
2.271841606536499  103
2.27415784926368  99
2.2764618041732443  96
2.278753600952829  85
2.2810333672477277  103
2.2833012287035497  79
2.285557309007774  80
2.287801729930226  66
2.290034611362518  49
2.292256071356476  62
2.294466226161593  68
2.296665190261531  67
2.298853076409707  57
2.3010299956639813  60
2.303196057420489  27
2.305351369446624  58
2.307496037913213  20
2.3096301674258988  78
2.311753861055754  16
2.3138672203691533  23
2.315970345456918  37
2.3180633349627615  19
2.3201462861110542  19
2.322219294733919  20
2.3242824552976926  15
2.326335860928751  13
2.3283796034387376  12
2.330413773349191  4
2.3324384599156054  7
2.3344537511509307  2
2.3364597338485296  2
2.3384564936046046  9
2.3404441148401185  5
2.342422680822206  5
2.3443922736851106  3
2.346352974450639  6
2.3483048630481607  2
2.3502480183341627  4
2.3541084391474008  1
2.3560258571931225  1
2.361727836017593  1
2.3636119798921444  1
