0.3010299956639812  9558
0.47712125471966244  9266
0.6020599913279624  9347
0.6989700043360189  9681
0.7781512503836436  9289
0.8450980400142568  8945
0.9030899869919435  9264
0.9542425094393249  9131
1.0  9199
1.0413926851582251  9306
1.0791812460476249  9174
1.1139433523068367  9505
1.146128035678238  9230
1.1760912590556813  8983
1.2041199826559248  9115
1.2304489213782739  8765
1.255272505103306  9112
1.2787536009528289  9274
1.3010299956639813  9470
1.3222192947339193  9210
1.3424226808222062  9630
1.3617278360175928  8796
1.380211241711606  9468
1.3979400086720377  9173
1.414973347970818  9241
1.4313637641589874  9381
1.4471580313422192  9314
1.462397997898956  8888
1.4771212547196624  9352
1.4913616938342726  9150
1.505149978319906  8924
1.5185139398778875  8154
1.5314789170422551  8429
1.5440680443502757  7568
1.5563025007672873  7824
1.568201724066995  7202
1.5797835966168101  6912
1.591064607026499  6715
1.6020599913279623  6015
1.6127838567197355  6156
1.6232492903979006  5585
1.6334684555795864  5269
1.6434526764861874  5891
1.6532125137753437  5822
1.662757831681574  5622
1.6720978579357175  5855
1.6812412373755872  5642
1.6901960800285136  5972
1.6989700043360187  5684
1.7075701760979363  5520
1.7160033436347992  5756
1.724275869600789  5743
1.7323937598229686  5644
1.7403626894942439  5803
1.7481880270062005  5752
1.7558748556724915  5624
1.7634279935629373  5855
1.7708520116421442  5850
1.7781512503836436  6137
1.7853298350107671  5647
1.792391689498254  5786
1.7993405494535817  5623
1.806179973983887  5275
1.8129133566428555  6149
1.8195439355418688  5586
1.8260748027008264  5805
1.8325089127062364  5749
1.8388490907372552  5712
1.845098040014257  5529
1.8512583487190752  5599
1.8573324964312685  5765
1.863322860120456  5628
1.8692317197309762  5580
1.8750612633917  5507
1.8808135922807914  6084
1.8864907251724818  6045
1.8920946026904804  5812
1.8976270912904414  5473
1.9030899869919435  5575
1.9084850188786497  5843
1.9138138523837167  5594
1.919078092376074  5739
1.9242792860618816  5684
1.9294189257142926  6248
1.9344984512435677  5877
1.9395192526186185  5575
1.9444826721501687  5838
1.9493900066449128  5595
1.954242509439325  5782
1.9590413923210936  5925
1.9637878273455553  5414
1.968482948553935  5747
1.9731278535996986  5789
1.9777236052888478  5765
1.9822712330395684  5302
1.9867717342662448  5305
1.9912260756924949  5821
1.99563519459755  5881
2.0  6032
2.0043213737826426  5599
2.0086001717619175  5423
2.012837224705172  5670
2.0170333392987803  5707
2.0211892990699383  5949
2.0253058652647704  5975
2.0293837776852097  5770
2.03342375548695  5671
2.037426497940624  5577
2.041392685158225  5545
2.0453229787866576  6014
2.0492180226701815  5551
2.0530784434834195  5794
2.0569048513364727  5717
2.060697840353612  5775
2.0644579892269186  5714
2.0681858617461617  5262
2.0718820073061255  5221
2.0755469613925306  6133
2.0791812460476247  5645
2.0827853703164503  5841
2.0863598306747484  6368
2.089905111439398  5687
2.093421685162235  5841
2.0969100130080562  5881
2.100370545117563  5861
2.103803720955957  5868
2.1072099696478683  5612
2.110589710299249  5700
2.113943352306837  5640
2.1172712956557644  5709
2.12057393120585  5398
2.123851640967086  5615
2.1271047983648077  5642
2.130333768495006  5438
2.1335389083702174  5611
2.1367205671564067  5394
2.1398790864012365  5595
2.143014800254095  5797
2.146128035678238  5762
2.1492191126553797  5467
2.1522883443830563  5427
2.155336037465062  5690
2.1583624920952498  5602
2.161368002234975  5798
2.164352855784437  5486
2.167317334748176  5980
2.1702617153949575  5947
2.173186268412274  5625
2.1760912590556813  5855
2.1789769472931693  5397
2.1818435879447726  5529
2.184691430817599  5604
2.187520720836463  6136
2.1903316981702914  5791
2.1931245983544616  5490
2.1958996524092336  5516
2.1986570869544226  5498
2.2013971243204513  5552
2.2041199826559246  5530
2.2068258760318495  5786
2.2095150145426308  5640
2.2121876044039577  5799
2.214843848047698  6001
2.2174839442139063  5517
2.220108088040055  6022
2.2227164711475833  5618
2.225309281725863  5630
2.2278867046136734  5929
2.230448921378274  5215
2.2329961103921536  5584
2.2355284469075487  5471
2.2380461031287955  5923
2.2405492482826  5829
2.2430380486862944  5624
2.24551266781415  5763
2.247973266361807  5324
2.250420002308894  5885
2.2528530309798933  5703
2.255272505103306  5569
2.2576785748691846  5672
2.2600713879850747  6061
2.2624510897304293  5765
2.2648178230095364  5600
2.2671717284030137  5859
2.2695129442179165  5385
2.271841606536499  5727
2.27415784926368  5710
2.2764618041732443  6042
2.278753600952829  5927
2.2810333672477277  5836
2.2833012287035497  5669
2.285557309007774  5649
2.287801729930226  5509
2.290034611362518  5405
2.292256071356476  5625
2.294466226161593  5715
2.296665190261531  6041
2.298853076409707  6127
2.3010299956639813  5735
2.303196057420489  5628
2.305351369446624  5820
2.307496037913213  5457
2.3096301674258988  5712
2.311753861055754  6074
2.3138672203691533  5786
2.315970345456918  5698
2.3180633349627615  5593
2.3201462861110542  5637
2.322219294733919  5618
2.3242824552976926  5470
2.326335860928751  5991
2.3283796034387376  5606
2.330413773349191  5944
2.3324384599156054  5463
2.3344537511509307  5904
2.3364597338485296  5413
2.3384564936046046  5843
2.3404441148401185  6043
2.342422680822206  5540
2.3443922736851106  5555
2.346352974450639  5844
2.3483048630481607  5679
2.3502480183341627  5690
2.3521825181113627  5766
2.3541084391474008  5839
2.3560258571931225  5920
2.357934847000454  5569
2.359835482339888  5676
2.361727836017593  5811
2.3636119798921444  5632
2.3654879848909  5535
2.367355921026019  5926
2.369215857410143  5976
2.3710678622717363  5322
2.3729120029701067  5231
2.374748346010104  5775
2.376576957056512  5175
2.3783979009481375  5531
2.380211241711606  5898
2.3820170425748683  5701
2.383815365980431  5307
2.385606273598312  5501
2.387389826338729  5744
2.3891660843645326  5183
2.3909351071033793  6013
2.392696953259666  5528
2.3944516808262164  5691
2.3961993470957363  5642
2.3979400086720375  5583
2.399673721481038  5613
2.401400540781544  5758
2.403120521175818  5858
2.404833716619938  5636
2.406540180433955  5277
2.4082399653118496  5543
2.4099331233312946  5720
2.41161970596323  5927
2.413299764081252  5549
2.4149733479708178  6223
2.416640507338281  5533
2.4183012913197452  5650
2.419955748489758  5540
2.4216039268698313  5533
2.423245873936808  5524
2.424881636631067  5602
2.4265112613645754  5825
2.428134794028789  5406
2.429752280002408  5491
2.4313637641589874  5555
2.432969290874406  5653
2.4345689040341987  5759
2.436162647040756  5896
2.437750562820388  6007
2.439332693830263  5713
2.4409090820652177  5811
2.4424797690644486  5913
2.444044795918076  5580
2.4456042032735974  5772
2.4471580313422194  5809
2.44870631990508  5508
2.450249108319361  5724
2.45178643552429  5385
2.4533183400470375  5267
2.45484486000851  5903
2.456366033129043  5471
2.4578818967339924  6043
2.459392487759231  5798
2.4608978427565478  5660
2.462397997898956  5965
2.4638929889859074  5617
2.4653828514484184  5816
2.4668676203541096  5663
2.4683473304121573  5539
2.469822015978163  5744
2.4712917110589387  5427
2.4727564493172123  6067
2.4742162640762553  5993
2.4756711883244296  6147
2.4771212547196626  5627
2.4785664955938436  6016
2.4800069429571505  5400
2.481442628502305  6066
2.482873583608754  5749
2.484299839346786  5821
2.48572142648158  5539
2.4871383754771865  5844
2.4885507165004443  5662
2.4899584794248346  5644
2.4913616938342726  5823
2.4927603890268375  5799
2.494154594018443  5573
2.4955443375464483  5872
2.496929648073215  5488
2.4983105537896004  5851
2.499687082618404  5574
2.5010592622177517  5871
2.5024271199844326  5494
2.503790683057181  5684
2.505149978319906  5699
2.506505032404872  5922
2.507855871695831  5535
2.509202522331103  5631
2.510545010206612  5673
2.5118833609788744  5628
2.513217600067939  5591
2.514547752660286  5249
2.515873843711679  5805
2.5171958979499744  5600
2.5185139398778875  5768
2.519827993775719  5603
2.5211380837040362  5545
2.5224442335063197  5705
2.5237464668115646  5667
2.525044807036845  5563
2.526339277389844  5771
2.5276299008713385  5627
2.5289167002776547  5705
2.530199698203082  6173
2.531478917042255  5804
2.5327543789924976  5933
2.534026106056135  5915
2.5352941200427703  5767
2.53655844257153  5567
2.537819095073274  5578
2.5390760987927767  5653
2.5403294747908736  5852
2.5415792439465807  5899
2.5428254269591797  5740
2.5440680443502757  5783
2.545307116465824  5592
2.546542663478131  5925
2.5477747053878224  5699
2.5490032620257876  5560
2.550228353055094  5663
2.5514499979728753  5619
2.552668216112193  5942
2.5538830266438746  6030
2.5550944485783194  5505
2.5563025007672873  5788
2.5575072019056577  5437
2.558708570533166  5826
2.5599066250361124  5295
2.561101383649056  5861
2.5622928644564746  5787
2.5634810853944106  5735
2.5646660642520893  5663
2.5658478186735176  5466
2.56702636615906  5564
2.568201724066995  5627
2.569373909615046  6052
2.5705429398818973  5611
2.571708831808688  5494
2.5728716022004803  5645
2.574031267727719  5732
2.575187844927661  5879
2.576341350205793  5856
2.5774917998372255  6058
2.578639209968072  5721
2.57978359661681  5983
2.5809249756756194  5979
2.582063362911709  5880
2.583198773968623  5886
2.584331224367531  5775
2.5854607295085006  5540
2.586587304671755  5671
2.5877109650189114  5991
2.5888317255942073  5744
2.5899496013257077  5978
2.591064607026499  5558
2.5921767573958667  5797
2.593286067020457  5829
2.5943925503754266  5564
2.595496221825574  5489
2.59659709562646  5652
2.597695185925512  5677
2.598790506763115  5620
2.5998830720736876  5808
2.6009728956867484  5630
2.6020599913279625  5644
2.603144372620182  5737
2.60422605308447  5732
2.6053050461411096  5461
2.606381365110605  5913
2.6074550232146687  5795
2.6085260335771943  5573
2.60959440922522  5822
2.61066016308988  5969
2.611723308007342  5758
2.6127838567197355  5833
2.6138418218760693  5859
2.6148972160331345  5586
2.615950051656401  5687
2.617000341120899  5509
2.6180480967120925  5872
2.6190933306267428  5549
2.6201360549737576  5717
2.621176281775035  5335
2.622214022966295  5914
2.6232492903979003  5491
2.6242820958356683  5065
2.625312450961674  5526
2.6263403673750423  5650
2.6273658565927325  5277
2.6283889300503116  5965
2.629409599102719  5491
2.630427875025024  5740
2.6314437690131722  5508
2.6324572921847245  5407
2.6334684555795866  5767
2.6344772701607315  5779
2.635483746814912  5485
2.6364878963533656  5755
2.637489729512511  5903
2.6384892569546374  5478
2.639486489268586  5793
2.640481436970422  5597
2.6414741105040997  5723
2.6424645202421213  5650
2.6434526764861874  6028
2.6444385894678386  5907
2.645422269349092  5459
2.6464037262230695  5819
2.6473829701146196  5708
2.6483600109809315  5852
2.649334858712142  5659
2.6503075231319366  5837
2.651278013998144  5888
2.6522463410033232  5735
2.6532125137753435  5531
2.6541765418779604  5669
2.655138434811382  5712
2.656098202012832  5286
2.6570558528571038  5714
2.6580113966571126  5989
2.658964842664435  5522
2.6599162000698504  5314
2.660865478003869  5859
2.661812685537261  5716
2.662757831681574  5519
2.663700925389648  6142
2.6646419755561257  5632
2.6655809910179533  5622
2.6665179805548807  5719
2.667452952889954  5673
2.66838591669  6001
2.6693168805661123  5522
2.670245853074124  5915
2.6711728427150834  5601
2.6720978579357175  6050
2.673020907128896  5740
2.673941998634088  5821
2.6748611407378116  5834
2.6757783416740852  5412
2.6766936096248664  5837
2.677606952720493  5427
2.678518379040114  5416
2.6794278966121188  5484
2.680335513414563  5568
2.681241237375587  5690
2.682145076373832  5806
2.6830470382388496  5844
2.683947130751512  5873
2.6848453616444123  5761
2.6857417386022635  5790
2.6866362692622934  5655
2.6875289612146345  5776
2.6884198220027105  5574
2.6893088591236203  5358
2.690196080028514  5837
2.6910814921229687  6031
2.69196510276736  5898
2.69284691927723  5900
2.693726948923647  6029
2.694605198933569  5662
2.6954816764901977  5826
2.696356388733332  5743
2.6972293427597176  5523
2.6981005456233897  5649
2.6989700043360187  5677
2.699837725867246  5397
2.7007037171450192  5902
2.7015679850559273  5654
2.7024305364455254  5710
2.7032913781186614  5714
2.7041505168397992  5415
2.705007959333336  5844
2.7058637122839193  5615
2.7067177823367587  5672
2.7075701760979363  5650
2.708420900134713  5611
2.709269960975831  5555
2.7101173651118162  5990
2.710963118995276  5363
2.711807229041191  5564
2.7126497016272113  5647
2.7134905430939424  5898
2.714329759745233  5731
2.7151673578484576  5915
2.716003343634799  5630
2.7168377232995247  5967
2.717670503002262  5532
2.718501688867274  5734
2.7193312869837265  5965
2.720159303405957  5691
2.7209857441537393  5696
2.7218106152125467  5979
2.722633922533812  5913
2.7234556720351857  5633
2.724275869600789  5550
2.725094521081469  5397
2.7259116322950483  5840
2.7267272090265724  5823
2.727541257028556  5971
2.7283537820212285  5656
2.72916478969277  5698
2.7299742856995555  5780
2.7307822756663893  5754
2.7315887651867388  5659
2.7323937598229686  5544
2.7331972651065692  5864
2.733999286538387  5739
2.734799829588847  5617
2.73559889969818  5593
2.7363965022766426  5618
2.7371926427047373  5597
2.737987326333431  5825
2.738780558484369  5860
2.739572344450092  5802
2.7403626894942437  5623
2.741151598851785  5193
2.741939077729199  5415
2.7427251313046983  5793
2.74350976472843  5786
2.7442929831226763  5959
2.7450747915820575  5545
2.745855195173729  5717
2.7466341989375787  6013
2.747411807886423  5379
2.7481880270062002  5912
2.7489628612561616  6083
2.749736315569061  5919
2.7505083948513462  5804
2.751279103983342  5361
2.7520484478194387  5643
2.7528164311882715  6025
2.7535830588929064  5572
2.754348335711019  5503
2.7551122663950713  5523
2.7558748556724915  5641
2.756636108245848  6025
2.7573960287930244  5975
2.75815462196739  6019
2.7589118923979736  5486
2.7596678446896306  5594
2.760422483423212  5720
2.7611758131557314  6062
2.761927838420529  5383
2.762678563727436  5533
2.7634279935629373  5668
2.7641761323903307  5746
2.7649229846498886  5685
2.765668554759014  5873
2.7664128471123997  5729
2.7671558660821804  5553
2.767897616018091  5480
2.7686381012476144  5676
2.7693773260761385  5771
2.7701152947871015  5289
2.7708520116421442  5742
2.7715874808812555  5381
2.77232170672292  6019
2.7730546933642626  5730
2.7737864449811935  5700
2.7745169657285498  5595
2.7752462597402365  5967
2.775974331129369  6003
2.776701183988411  5842
2.7774268223893115  5925
2.7781512503836434  6098
2.7788744720027396  5552
2.7795964912578244  5723
2.780317312140151  5705
2.7810369386211318  6021
2.781755374652469  5715
2.782472624166286  5474
2.7831886910752575  5457
2.783903579272735  5629
2.784617292632875  5609
2.785329835010767  5683
2.786041210242554  5683
2.7867514221455614  5871
2.787460474518415  5603
2.788168371141168  5628
2.788875115775417  5692
2.7895807121644256  5470
2.7902851640332416  5695
2.790988475088816  6013
2.791690649020118  5721
2.792391689498254  5684
2.79309160017658  5520
2.7937903846908188  5975
2.7944880466591697  5633
2.795184589682424  5623
2.7958800173440754  5590
2.7965743332104296  5626
2.7972675408307164  5555
2.797959643737196  5540
2.798650645445269  5601
2.7993405494535817  5509
2.8000293592441343  5862
2.800717078282385  6127
2.801403710017355  5647
2.802089257881733  5394
2.8027737252919755  5558
2.803457115648414  5863
2.8041394323353503  5846
2.8048206787211623  5910
2.8055008581584002  5961
2.806179973983887  5671
2.8068580295188172  5594
2.807535028068853  5760
2.808210972924222  5869
2.808885867359812  5764
2.8095597146352675  5938
2.8102325179950842  5621
2.8109042806687006  5965
2.8115750058705933  6246
2.812244696800369  5753
2.8129133566428557  5667
2.813580988568192  5620
2.81424759573192  5958
2.814913181275074  6017
2.815577748324267  5785
2.816241299991783  5607
2.8169038393756605  5784
2.8175653695597807  5471
2.8182258936139557  5321
2.8188854145940097  5882
2.8195439355418688  5536
2.82020145948564  5692
2.8208579894397  5663
2.821513528404773  5784
2.8221680793680175  5605
2.8228216453031045  5893
2.823474229170301  5958
2.824125833916549  5600
2.824776462475546  5553
2.8254261177678233  5736
2.8260748027008264  6020
2.826722520168992  5381
2.8273692730538253  5968
2.828015064223977  5660
2.82865989653532  5891
2.829303772831025  5541
2.829946695941636  5850
2.8305886686851442  5806
2.8312296938670634  5746
2.8318697742805017  5657
2.832508912706236  5922
2.833147111912785  5602
2.833784374656479  5875
2.8344207036815328  6052
2.835056101720116  5886
2.8356905714924254  5683
2.8363241157067516  5645
2.8369567370595505  5850
2.837588438235511  5641
2.8382192219076257  5859
2.838849090737255  5511
2.8394780473741985  5678
2.840106094456758  5873
2.8407332346118066  5797
2.841359470454855  5922
2.8419848045901137  5804
2.842609239610562  5941
2.8432327780980096  5546
2.843855422623161  5731
2.8444771757456815  5805
2.845098040014257  5743
2.8457180179666586  5582
2.846337112129805  5783
2.846955325019824  6026
2.847572659142112  5462
2.848189116991399  5706
2.8488047010518036  5461
2.8494194137968996  5448
2.850033257689769  5619
2.8506462351830666  5784
2.8512583487190755  5750
2.851869600729766  5566
2.8524799936368566  5733
2.8530895298518657  5891
2.8536982117761744  5597
2.8543060418010806  5967
2.8549130223078554  5572
2.8555191556678  5742
2.8561244442423  5473
2.8567288903828825  5643
2.8573324964312685  5868
2.857935264719429  5428
2.858537197569639  5995
2.859138297294531  5289
2.859738566197147  5725
2.8603380065709936  5632
2.8609366207000937  5951
2.8615344108590377  5332
2.862131379313037  5980
2.8627275283179747  5786
2.863322860120456  5628
2.8639173769578603  5876
2.864511081058392  5902
2.8651039746411278  5717
2.8656960599160706  5966
2.8662873390841948  5734
2.866877814337499  5869
2.8674674878590514  5947
2.8680563618230415  6081
2.8686444383948255  5634
2.8692317197309762  5928
2.869818207979328  5924
2.870403905279027  5453
2.8709888137605755  5695
2.8715729355458786  6066
2.8721562727482928  5555
2.8727388274726686  5692
2.873320601815399  5905
2.8739015978644615  5784
2.8744818176994666  5705
2.8750612633917  5607
2.8756399370041685  5627
2.876217840591642  5882
2.8767949762007006  5291
2.877371345869774  5652
2.8779469516291885  5818
2.8785217955012063  5665
2.8790958795000727  5443
2.8796692056320534  6029
2.88024177589548  4924
2.8808135922807914  5981
2.8813846567705728  5747
2.8819549713396007  5653
2.8825245379548803  5436
2.8830933585756897  5860
2.8836614351536176  5794
2.884228769632604  6075
2.884795363948981  5601
2.885361220031512  5446
2.885926339801431  5843
2.886490725172482  5988
2.8870543780509568  5755
2.887617300335736  5445
2.888179493918325  5781
2.8887409606828927  5713
2.88930170250631  5549
2.8898617212581885  5940
2.890421018800914  5828
2.890979596989689  5718
2.8915374576725643  5649
2.8920946026904804  5746
2.8926510338773004  5774
2.893206753059848  5297
2.8937617620579434  5750
2.8943160626844384  5633
2.8948696567452528  6091
2.895422546039408  5608
2.8959747323590648  5483
2.8965262174895554  6155
2.89707700320942  5751
2.8976270912904414  5740
2.8981764834976764  5904
2.8987251815894934  5721
2.8992731873176036  5345
2.8998205024270964  5795
2.9003671286564705  5667
2.900913067737669  5729
2.9014583213961123  5693
2.9020028913507296  5832
2.902546779313991  5845
2.9030899869919438  5714
2.9036325160842376  5436
2.9041743682841634  5940
2.904715545278681  5966
2.905256048748451  6073
2.9057958803678687  6070
2.906335041805091  5701
2.90687353472207  5559
2.907411360774586  5637
2.9079485216122722  5691
2.90848501887865  5693
2.909020854211156  5688
2.9095560292411755  5757
2.910090545594068  5730
2.910624404889201  6191
2.9111576087399764  5503
2.9116901587538613  5958
2.9122220565324155  5712
2.912753303671323  5642
2.9132839017604186  5312
2.9138138523837167  5570
2.9143431571194407  5719
2.9148718175400505  5846
2.91539983521227  5873
2.9159272116971158  5614
2.916453948549925  5883
2.9169800473203824  5724
2.9175055095525466  5660
2.9180303367848803  5571
2.9185545305502734  5661
2.9190780923760737  5711
2.919601023784111  5952
2.920123326290724  5412
2.9206450014067875  5372
2.921166050637739  5946
2.921686475483602  6016
2.9222062774390163  5613
2.92272545799326  5493
2.9232440186302764  5608
2.9237619608287004  5907
2.9242792860618816  6089
2.924795995797912  5692
2.9253120914996495  5663
2.9258275746247424  5659
2.926342446625655  5493
2.926856708949692  5414
2.9273703630390235  5615
2.9278834103307068  5666
2.9283958522567137  5698
2.928907690243953  5593
2.929418925714293  5628
2.929929560084588  5500
2.9304395947667  5578
2.930949031167523  5842
2.931457870689005  5694
2.931966114728173  5587
2.932473764677153  5637
2.932980821923198  5531
2.9334872878487053  5577
2.9339931638312424  5810
2.934498451243568  5648
2.935003151453655  6002
2.9355072658247128  5871
2.9360107957152097  6011
2.936513742478893  5562
2.9370161074648142  5390
2.937517892017347  5749
2.9380190974762104  5535
2.938519725176492  6012
2.9390197764486663  5676
2.9395192526186187  5569
2.9400181550076634  5911
2.940516484932567  5733
2.9410142437055695  5717
2.941511432634403  5623
2.942008053022313  5669
2.9425041061680806  6058
2.9429995933660407  5950
2.9434945159061026  5730
2.9439888750737717  5685
2.9444826721501687  5377
2.9449759084120477  5562
2.94546858513182  5898
2.9459607035775686  5907
2.946452265013073  5442
2.9469432706978256  5621
2.9474337218870508  5775
2.9479236198317262  5569
2.948412965778601  5450
2.9489017609702137  5815
2.949390006644913  5722
2.949877704036875  5850
2.950364854376123  5907
2.9508514588885464  5936
2.951337518795918  5726
2.951823035315912  5846
2.9523080096621253  5661
2.952792443044092  5612
2.9532763366673045  6132
2.9537596917332287  5804
2.9542425094393248  5847
2.954724790979063  5933
2.9552065375419416  5600
2.9556877503135057  5690
2.9561684304753633  5589
2.9566485792052033  5354
2.957128197676813  5527
2.957607287060095  5456
2.958085848521085  5865
2.9585638832219674  5548
2.9590413923210934  5980
2.9595183769729982  5698
2.959994838328416  5637
2.960470777534299  5854
2.960946195733831  5794
2.9614210940664485  5645
2.9618954736678504  5631
2.962369335670021  5741
2.9628426812012423  5582
2.9633155113861114  5968
2.963787827345555  5770
2.964259630196849  5397
2.9647309210536292  6081
2.965201701025912  5575
2.9656719712201065  5810
2.9661417327390325  5244
2.966610986681934  5296
2.967079734144497  6044
2.967547976218862  5669
2.968015713993642  5375
2.9684829485539352  5600
2.9689496809813427  5533
2.9694159123539814  5680
2.9698816437465  5413
2.9703468762300935  5745
2.9708116108725178  5588
2.971275848738105  5255
2.971739590887778  5666
2.9722028383790646  5484
2.972665592266111  5911
2.9731278535996988  5685
2.973589623427257  5428
2.9740509027928774  5690
2.9745116927373285  5675
2.974971994298069  5788
2.975431808509263  5902
2.975891136401793  5625
2.9763499790032735  5733
2.976808337338066  5822
2.977266212427293  5464
2.9777236052888476  5435
2.978180516937414  5933
2.9786369483844743  6027
2.979092900638326  5718
2.979548374704095  5630
2.9800033715837464  5929
2.9804578922761  5707
2.9809119377768436  5530
2.9813655090785445  6274
2.9818186071706636  5876
2.9822712330395684  5895
2.9827233876685453  5646
2.983175072037813  5812
2.9836262871245345  5777
2.984077033902831  5436
2.9845273133437926  5693
2.9849771264154934  5853
2.9854264740830017  5498
2.9858753573083936  5939
2.986323777050765  5981
2.9867717342662448  5689
2.9872192299080047  5217
2.9876662649262746  5507
2.988112840268352  5798
2.9885589568786157  5979
2.989004615698537  5473
2.9894498176666917  5705
2.989894563718773  5550
2.9903388547876015  5453
2.9907826918031377  6147
2.9912260756924947  5594
2.9916690073799486  5570
2.9921114877869495  5671
2.9925535178321354  5535
2.9929950984313414  5918
2.9934362304976116  5825
2.993876914941211  6056
2.9943171526696366  5168
2.9947569445876283  5726
2.9951962915971793  6053
2.99563519459755  6035
2.9960736544852753  5378
2.9965116721541785  5677
2.996949248495381  5907
2.997386384397313  5665
2.9978230807457256  5706
2.998259338423699  6059
2.998695158311656  5732
2.999130541287371  5616
2.9995654882259823  5553
3.0  5607
3.000434077479319  5873
3.0008677215312267  5623
3.0013009330204183  6013
3.0017337128090005  6038
3.002166061756508  5832
3.0025979807199086  5965
3.003029470553618  5513
3.0034605321095067  5806
3.0038911662369103  5799
3.0043213737826426  5774
3.004751155591001  5683
3.0051805125037805  5923
3.0056094453602804  5678
3.0060379549973173  5656
3.0064660422492318  5917
3.0068937079479006  5529
3.0073209529227447  6089
3.00774777800074  5695
3.0081741840064264  5871
3.0086001717619175  5967
3.0090257420869104  5675
3.009450895798694  5869
3.00987563371216  5792
3.010299956639812  5694
3.010723865391773  6113
3.0111473607757975  5477
3.0115704435972783  5874
3.011993114659257  5498
3.012415374762433  6110
3.012837224705172  5786
3.0132586652835167  5547
3.0136796972911926  5715
3.0141003215196207  5683
3.0145205387579237  5906
3.0149403497929366  5811
3.0153597554092144  5712
3.015778756389041  5723
3.016197353512439  5885
3.016615547557177  5702
3.0170333392987803  5340
3.017450729510536  5501
3.0178677189635055  5673
3.018284308426531  5534
3.0187004986662433  5750
3.019116290447073  5495
3.0195316845312554  5730
3.0199466816788423  5927
3.0203612826477078  5339
3.020775488193558  5760
3.0211892990699383  6026
3.021602716028242  5873
3.02201573981772  5781
3.0224283711854865  5156
3.022840610876528  5448
3.0232524596337114  5904
3.0236639181977933  5646
3.024074987307426  5480
3.024485667699167  6276
3.024895960107485  5533
3.0253058652647704  5993
3.025715383901341  5930
3.0261245167454502  6048
3.0265332645232967  6369
3.0269416279590295  5727
3.0273496077747564  5468
3.0277572046905536  5830
3.0281644194244697  5400
3.0285712526925375  5836
3.028977705208778  5424
3.0293837776852097  5605
3.029789470831856  5669
3.030194785356751  6012
3.030599721965951  5429
3.0310042813635367  5534
3.031408464251624  5876
3.0318122713303706  5643
3.0322157032979815  5676
3.03261876085072  5870
3.0330214446829107  5615
3.03342375548695  5867
3.03382569395331  5770
3.0342272607705505  5307
3.0346284566253203  5976
3.0350292822023683  5701
3.0354297381845483  5939
3.035829825252828  5469
3.0362295440862948  5778
3.036628895362161  5610
3.037027879755775  5953
3.037426497940624  5400
3.037824750588342  6087
3.0382226383687185  5688
3.038620161949703  6036
3.039017321997412  5718
3.0394141191761372  5826
3.0398105541483504  5739
3.0402066275747113  5615
3.040602340114073  5925
3.0409976924234905  5803
3.041392685158225  5601
3.041787318971752  5678
3.042181594515766  5710
3.0425755124401905  5777
3.0429690733931802  5944
3.0433622780211294  5632
3.0437551269686796  5689
3.044147620878723  5634
3.044539760392411  5830
3.04493154614916  5624
3.0453229787866576  5487
3.0457140589408676  5410
3.0461047872460387  6034
3.0464951643347082  6038
3.04688519083771  5784
3.0472748673841794  5508
3.04766419460156  5811
3.048053173115609  5706
3.0484418035504044  5540
3.04883008652835  5758
3.0492180226701815  5881
3.049605612594973  5811
3.0499928569201424  5902
3.050379756261458  5640
3.0507663112330423  5457
3.0511525224473814  5844
3.0515383905153275  5412
3.0519239160461065  6204
3.0523090996473234  5644
3.052693941924968  5322
3.0530784434834195  5662
3.053462604925455  5840
3.0538464268522527  5850
3.0542299098633974  5586
3.0546130545568877  5856
3.0549958615291417  5927
3.055378331375  5705
3.0557604646877348  5779
3.056142262059052  5591
3.0565237240791006  5608
3.0569048513364727  5756
3.0572856444182146  5504
3.0576661039098294  5599
3.0580462303952816  5428
3.058426024457005  5662
3.0588054866759067  5876
3.059184617631371  5961
3.0595634179012676  5423
3.059941888061955  5754
3.060320028688285  5627
3.060697840353612  5686
3.0610753236297916  6225
3.061452479087193  5868
3.061829307294699  5820
3.0622058088197126  5695
3.062581984228163  5940
3.0629578340845103  5526
3.0633333589517497  5589
3.0637085593914173  5786
3.064083435963596  5809
3.0644579892269186  5981
3.064832219738574  5959
3.065206128054312  5742
3.0655797147284485  5585
3.06595298031387  5637
3.0663259253620376  5516
3.0666985504229953  6013
3.0670708560453703  5627
3.0674428427763805  5663
3.0678145111618402  5887
3.0681858617461617  5742
3.068556895072363  5941
3.068927611682072  5650
3.0692980121155293  5671
3.0696680969115957  6015
3.070037866607755  5441
3.0704073217401198  5600
3.0707764628434346  5882
3.0711452904510828  5782
3.071513805095089  5547
3.0718820073061255  5467
3.072249897613515  5373
3.0726174765452368  5735
3.0729847446279304  5736
3.073351702386901  5580
3.0737183503461227  5720
3.074084689028244  5435
3.074450718954591  5684
3.074816440645175  6249
3.0751818546186915  5737
3.0755469613925306  5625
3.0759117614827773  5545
3.076276255404218  5370
3.076640443670342  5522
3.0770043267933502  5604
3.0773679052841563  5671
3.077731179652392  5528
3.0780941504064105  5703
3.0784568180532927  6049
3.0788191830988487  5445
3.0791812460476247  5796
3.079543007402906  5658
3.079904467666721  5778
3.0802656273398448  5453
3.0806264869218056  5731
3.080987046910887  5874
3.0813473078041325  5680
3.081707270097349  5531
3.082066934285113  5853
3.0824263008607717  5581
3.0827853703164503  5673
3.0831441431430524  5923
3.0835026198302673  5880
3.083860800866573  5754
3.0842186867392387  5918
3.084576277934331  5591
3.084933574936716  5499
3.085290578230065  5795
3.0856472882968564  5676
3.0860037056183818  5899
3.0863598306747484  5723
3.0867156639448825  5540
3.0870712059065353  5641
3.0874264570362855  6226
3.087781417809542  5924
3.0881360887005513  5881
3.0884904701823963  5612
3.088844562727004  5791
3.089198366805149  5702
3.089551882886454  5610
3.089905111439398  5357
3.090258052931316  5588
3.090610707828407  5558
3.0909630765957314  5752
3.091315159697223  5781
3.0916669575956846  5915
3.092018470752797  5416
3.0923696996291206  5780
3.0927206446840994  5719
3.0930713063760633  5730
3.093421685162235  5771
3.09377178149873  5914
3.0941215958405612  5952
3.094471128641645  5663
3.0948203803548  5976
3.095169351431755  5708
3.095518042323151  5555
3.0958664534785427  5441
3.0962145853464054  5636
3.0965624383741357  6038
3.0969100130080562  5689
3.09725730969342  5721
3.097604328874411  6213
3.09795107099415  5779
3.0982975364946976  5652
3.098643725817057  5826
3.0989896394011773  5460
3.0993352776859577  5685
3.09968064110925  5661
3.1000257301078626  5816
3.100370545117563  5561
3.1007150865730817  5902
3.1010593549081156  6362
3.101403350555331  5380
3.1017470739463664  5671
3.1020905255118367  5895
3.1024337056813365  5649
3.1027766148834415  5765
3.1031192535457137  6024
3.103461622094705  5752
3.103803720955957  5688
3.104145550554008  5746
3.104487111312395  6225
3.1048284036536553  5805
3.1051694279993316  5931
3.1055101847699738  5846
3.1058506743851435  5769
3.1061908972634154  6297
3.1065308538223815  5587
3.106870544478654  5853
3.1072099696478683  5710
3.1075491297446862  5767
3.1078880251827985  5244
3.1082266563749283  5790
3.1085650237328344  5391
3.1089031276673134  6179
3.109240968588203  5781
3.1095785469043866  5726
3.1099158630237933  5758
3.110252917353403  5895
3.110589710299249  5396
3.1109262422664203  5885
3.1112625136590655  5903
3.111598524880394  5494
3.1119342763326814  5816
3.1122697684172707  5688
3.1126050015345745  5901
3.11293997608408  5238
3.1132746924643504  5661
3.1136091510730277  5787
3.113943352306837  5536
3.1142772965615864  5866
3.114610984232173  5919
3.1149444157125847  5962
3.1152775913959014  5401
3.1156105116742996  5828
3.115943176939055  5940
3.116275587580544  5327
3.1166077439882485  5710
3.116939646550756  5510
3.1172712956557644  5714
3.117602691690084  5732
3.1179338350396413  5756
3.118264726089479  5685
3.118595365223762  5609
3.1189257528257768  5588
3.1192558892779365  5908
3.119585774961784  5590
3.119915410257991  5657
3.1202447955463652  5407
3.12057393120585  5765
3.1209028176145273  5285
3.1212314551496214  5614
3.1215598441875008  5662
3.121887985103681  5614
3.1222158782728267  5821
3.1225435240687545  5665
3.1228709228644354  5752
3.1231980750319988  5677
3.123524980942732  5490
3.123851640967086  5556
3.124178055474675  5336
3.1245042248342823  5554
3.1248301494138593  5636
3.12515582958053  5844
3.125481265700594  5835
3.125806458139527  5543
3.1261314072619846  5660
3.1264561134318045  5444
3.126780577012009  5376
3.1271047983648077  5978
3.127428777851599  5826
3.1277525158329733  5841
3.1280760126687155  5878
3.1283992687178066  5740
3.128722284338427  5803
3.1290450598879582  5580
3.1293675957229854  5790
3.129689892199301  5940
3.1300119496719043  5211
3.130333768495006  5796
3.130655349022031  5581
3.130976691605617  5863
3.131297796597623  5643
3.1316186643491255  5968
3.1319392952104246  5690
3.1322596895310446  6307
3.132579847659737  5361
3.132899769944483  5403
3.1332194567324945  5734
3.1335389083702174  5542
3.133858125203335  5751
3.1341771075767664  5868
3.1344958558346736  5796
3.13481437032046  5853
3.1351326513767748  6027
3.1354506993455136  5862
3.1357685145678222  5824
3.1360860973840974  5795
3.13640344813399  5768
3.1367205671564067  5571
3.1370374547895126  5760
3.137354111370733  5735
3.137670537236755  5637
3.137986732723532  5610
3.1383026981662816  5620
3.1386184338994925  5301
3.1389339402569236  5847
3.139249217571607  5930
3.13956426617585  5808
3.1398790864012365  5485
3.140193678578631  5736
3.1405080430381798  5627
3.1408221801093106  5571
3.141136090120739  5702
3.1414497734004674  5594
3.141763230275788  5413
3.1420764610732848  5614
3.142389466118836  5782
3.1427022457376155  5939
3.143014800254095  5704
3.143327129992046  5952
3.1436392352745433  5879
3.1439511164239633  5947
3.144262773761991  5728
3.144574207609616  5579
3.144885418287142  5852
3.1451964061141817  5812
3.1455071714096627  5831
3.1458177144918276  5712
3.146128035678238  5955
3.1464381352857744  5548
3.14674801363064  5803
3.1470576710283598  5972
3.1473671077937864  5755
3.1476763242410986  5573
3.147985320683805  5443
3.1482940974347455  6070
3.1486026548060932  5982
3.1489109931093564  5711
3.1492191126553797  5665
3.149527013754348  5532
3.149834696715785  5975
3.1501421618485588  5693
3.150449409460881  5701
3.150756439860309  5900
3.15106325335375  5986
3.1513698502474603  5919
3.151676230847048  5934
3.151982395457474  6055
3.1522883443830563  5546
3.15259407792747  5446
3.1528995963937474  5380
3.153204900084284  5623
3.1535099893008374  5679
3.153814864344529  5571
3.154119525515847  5799
3.154423973114647  5683
3.1547282074401557  5715
3.1550322287909704  5700
3.155336037465062  5380
3.1556396337597765  5733
3.1559430179718366  5937
3.1562461903973444  5532
3.1565491513317814  5754
3.156851901070011  5675
3.1571544399062814  5909
3.157456768134226  5544
3.1577588860468637  5630
3.158060793936605  5916
3.1583624920952498  5893
3.1586639808139894  5529
3.15896526038341  5481
3.159266331093494  5728
3.1595671932336202  6039
3.1598678470925665  5773
3.160168292958512  6121
3.1604685311190375  5916
3.1607685618611283  5670
3.1610683854711747  5458
3.161368002234975  5455
3.161667412437736  5836
3.161966616364075  5421
3.1622656142980214  5844
3.162564406523019  5822
3.162862993321926  5727
3.1631613749770184  5984
3.16345955176999  5630
3.163757523981956  5617
3.1640552918934515  5762
3.164352855784437  5235
3.1646502159342966  5735
3.1649473726218416  5727
3.1652443261253107  5532
3.165541076722373  5731
3.1658376246901283  5695
3.166133970305109  5624
3.166430113843283  5459
3.166726055580052  5494
3.1670217957902564  5872
3.167317334748176  5754
3.16761267272753  5691
3.16790781000148  5986
3.168202746842631  5642
3.1684974835230326  5825
3.1687920203141817  5695
3.1690863574870227  5753
3.1693804953119495  5862
3.1696744340588068  5557
3.1699681739968923  5558
3.1702617153949575  5855
3.1705550585212086  5699
3.170848203643309  5566
3.1711411510283822  5381
3.171433900943008  5483
3.171726453653231  5912
3.1720188094245563  5873
3.172310968521954  5711
3.17260293120986  5500
3.1728946977521764  6016
3.173186268412274  6131
3.1734776434529945  5685
3.17376882313665  6080
3.1740598077250253  5647
3.1743505974793798  5724
3.1746411926604483  5864
3.1749315935284423  5855
3.1752218003430523  5788
3.1755118133634475  5901
3.1758016328482794  5827
3.1760912590556813  5897
3.1763806922432702  5758
3.17666993266815  5802
3.176958980586908  5816
3.1772478362556233  5534
3.1775364999298623  5655
3.177824971864682  5903
3.1781132523146316  5595
3.178401341533755  5586
3.17868923977559  5695
3.1789769472931693  5891
3.1792644643390253  5502
3.1795517911651876  5847
3.179838928023187  5737
3.180125875164054  5868
3.180412632838324  5430
3.1806992012960347  5500
3.1809855807867304  5548
3.1812717715594614  5642
3.1815577738627865  5712
3.1818435879447726  5932
3.182129214052998  5658
3.182414652434554  5713
3.1826999033360424  5637
3.182984967003582  5688
3.1832698436828046  5957
3.1835545336188615  5745
3.1838390370564214  5859
3.184123354239671  5788
3.1844074854123203  5534
3.184691430817599  5679
3.184975190698261  5658
3.185258765296585  5938
3.185542154854375  5291
3.185825359612962  6095
3.1861083798132053  5367
3.186391215695493  5689
3.1866738674997452  5836
3.1869563354654122  5938
3.187238619831479  5443
3.187520720836463  5515
3.1878026387184195  5755
3.188084373714938  5683
3.188365926063148  5943
3.188647295999717  5675
3.1889284837608534  6060
3.189209489582306  5933
3.1894903136993675  5957
3.189770956346874  6003
3.190051417759206  5584
3.1903316981702914  5216
3.190611797813605  5416
3.1908917169221698  5851
3.1911714557285586  5785
3.1914510144648953  5588
3.1917303933628562  5996
3.1920095926536702  5568
3.1922886125681202  5825
3.1925674533365456  5826
3.192846115188842  5516
3.1931245983544616  6011
3.1934029030624176  5631
3.1936810295412816  5468
3.193958978019187  6041
3.1942367487238292  5857
3.194514341882467  6172
3.1947917577219247  5766
3.1950689964685903  6157
3.1953460583484197  5552
3.1956229435869368  5914
3.1958996524092336  5683
3.1961761850399735  5387
3.196452541703389  5956
3.196728722623287  5385
3.1970047280230456  5451
3.197280558125619  6105
3.1975562131535367  5567
3.197831693328903  5894
3.1981069988734014  5363
3.1983821300082944  5497
3.1986570869544226  5670
3.198931869932209  5588
3.1992064791616577  5511
3.199480914862356  5802
3.1997551772534747  5874
3.2000292665537704  5696
3.200303182981585  5757
3.2005769267548483  5576
3.2008504980910772  5618
3.2011238972073794  5715
3.2013971243204513  5534
3.2016701796465816  5649
3.20194306340165  5517
3.2022157758011316  5494
3.2024883170600935  5517
3.2027606873931997  6258
3.2030328870147105  5512
3.203304916138483  5564
3.2035767749779724  5741
3.2038484637462346  5608
3.2041199826559246  5530
3.2043913319193  6089
3.204662511748219  5591
3.204933522354145  6005
3.2052043639481447  5711
3.205475036740891  5323
3.205745540942662  5589
3.2060158767633444  5870
3.2062860444124324  5685
3.2065560440990297  5405
3.2068258760318495  5587
3.207095540419218  5883
3.2073650374690716  6023
3.2076343673889616  5676
3.2079035303860515  5631
3.2081725266671217  5637
3.208441356438567  5657
3.208710019906401  5984
3.2089785172762535  6058
3.2092468487533736  5706
3.2095150145426308  5942
3.209783014848515  5890
3.2100508498751372  5564
3.210318519826232  5784
3.2105860249051563  5895
3.210853365314893  5616
3.2111205412580492  5884
3.2113875529368587  5748
3.2116544005531824  5798
3.2119210843085093  6050
3.2121876044039577  5551
3.212453961040276  5634
3.2127201544178425  6024
3.212986184736668  5400
3.2132520521963968  5741
3.2135177569963047  5951
3.2137832993353044  5464
3.2140486794119414  5790
3.2143138974244  5838
3.214578953570499  5573
3.214843848047698  5520
3.215108581053093  5881
3.215373152783422  5700
3.215637563435062  5975
3.215901813204032  6096
3.216165902285993  5476
3.216429830876251  5474
3.2166935991697545  5798
3.216957207361097  6241
3.217220655644519  6048
3.2174839442139063  5515
3.2177470732627937  5615
3.218010042984363  5772
3.2182728535714475  5654
3.218535505216528  5744
3.2187979981117376  5704
3.219060332448861  6075
3.219322508419337  5625
3.2195845262142546  5754
3.219846386024361  6060
3.220108088040055  5522
3.2203696324513946  5970
3.220631019448092  5714
3.2208922492195193  5410
3.2211533219547053  5556
3.2214142378423385  5322
3.2216749970707688  5899
3.2219355998280053  5619
3.22219604630172  5796
3.222456336679247  6021
3.2227164711475833  5545
3.2229764498933915  5711
3.2232362731029975  5687
3.2234959409623944  6072
3.2237554536572413  5350
3.224014811372864  5550
3.2242740142942576  6033
3.2245330626060857  5655
3.2247919564926817  5872
3.225050696138049  5680
3.225309281725863  5731
3.225567713439471  5482
3.2258259914618934  5721
3.226084115975824  5598
3.226342087163631  5829
3.2265999052073573  5521
3.2268575702887237  5939
3.2271150825891253  5829
3.2273724422896364  5570
3.227629649571009  5724
3.2278867046136734  5597
3.2281436075977417  5553
3.228400358703005  5613
3.2286569581089353  5652
3.228913405994688  5772
3.229169702539101  5626
3.229425847920695  5561
3.229681842317676  5551
3.229937685907934  5531
3.230193378869046  5510
3.230448921378274  5386
3.230704313612569  5702
3.230959555748569  5918
3.231214647962601  5779
3.2314695904306814  6126
3.2317243833285163  5353
3.231979026831504  5608
3.2322335211147335  5810
3.232487866352986  5759
3.232742062720737  5662
3.2329961103921536  5741
3.2332500095411003  5465
3.2335037603411343  5860
3.2337573629655103  5524
3.2340108175871793  5727
3.2342641243787895  5594
3.2345172835126865  6005
3.2347702951609163  5755
3.2350231594952237  5716
3.2352758766870524  5621
3.2355284469075487  5643
3.2357808703275603  5631
3.236033147117636  5530
3.2362852774480286  5650
3.236537261488694  5389
3.2367890994092927  5695
3.237040791379191  5432
3.237292337567459  5715
3.2375437381428744  5705
3.2377949932739227  5576
3.2380461031287955  5661
3.238297067875394  5674
3.2385478876813276  5626
3.238798562713917  5741
3.2390490931401916  6017
3.2392994791268923  5444
3.239549720840473  6392
3.2397998184470986  5560
3.2400497721126476  5698
3.2402995820027125  6160
3.2405492482826  5359
3.240798771117331  5862
3.241048150671644  5441
3.2412973871099933  5409
3.2415464805965484  5615
3.241795431295199  5745
3.2420442393695508  5893
3.2422929049829308  5589
3.2425414282983844  5551
3.2427898094786767  5832
3.2430380486862944  5713
3.243286146083446  5619
3.243534101832062  5481
3.243781916093795  5756
3.244029589030022  6187
3.244277120801843  5702
3.244524511570084  5844
3.244771761495295  5062
3.245018870737753  6060
3.245265839457461  5928
3.24551266781415  5721
3.245759355967277  5575
3.246005904076029  5801
3.246252312299322  6029
3.246498580795801  5900
3.2467447097238415  5905
3.24699069924155  5803
3.247236549506764  5911
3.2474822606770544  5368
3.2477278329097232  5791
3.247973266361807  5491
3.248218561190075  5612
3.248463717551032  5753
3.2487087356009177  6114
3.2489536154957075  5620
3.249198357391113  5827
3.249442961442582  5322
3.2496874278053016  5925
3.249931756634195  5725
3.250175948083925  5784
3.250420002308894  5482
3.2506639194632436  5731
3.250907699700856  5684
3.2511513431753545  5597
3.2513948500401044  5601
3.251638220448212  5562
3.2518814545525276  5936
3.252124552505644  5663
3.2523675144598987  5826
3.252610340567373  5697
3.2528530309798933  5576
3.2530955858490316  5922
3.2533380053261065  5747
3.253580289562183  5990
3.2538224387080734  5826
3.254064452914338  5654
3.2543063323312857  5688
3.2545480771089736  5854
3.25478968739721  5808
3.2550311633455515  6086
3.255272505103306  5495
3.2555137128195333  5973
3.255754786643044  5795
3.255995726722402  5378
3.256236533205923  5874
3.256477206241677  5528
3.256717745977487  5902
3.256958152560932  5666
3.2571984261393445  5778
3.257438566859814  5539
3.2576785748691846  6008
3.2579184503140586  5680
3.2581581933407944  5680
3.258397804095509  5479
3.2586372827240764  5562
3.258876629372131  5772
3.2591158441850663  5465
3.2593549273080344  5653
3.2595938788859486  5656
3.2598326990634834  5204
3.2600713879850747  5504
3.26030994579492  5447
3.2605483726369795  5526
3.2607866686549762  5679
3.2610248339923973  5721
3.2612628687924934  5667
3.2615007731982804  5547
3.2617385473525378  5643
3.2619761913978125  5620
3.262213705476417  6060
3.2624510897304293  5642
3.2626883443016963  5918
3.2629254693318317  5469
3.2631624649622166  6072
3.263399331334002  5757
3.263636068588108  5608
3.2638726768652235  5669
3.2641091563058082  5627
3.2643455070500926  6062
3.2645817292380777  5757
3.2648178230095364  5265
3.2650537885040145  5941
3.26528962586083  5746
3.2655253352190736  5693
3.2657609167176105  5595
3.265996370495079  6316
3.266231696689893  5832
3.2664668954402414  5646
3.2667019668840878  5699
3.266936911159173  5538
3.2671717284030137  5626
3.267406418752904  5797
3.2676409823459154  5462
3.2678754193188975  5816
3.2681097298084785  5906
3.268343913951065  5575
3.268577971882843  5477
3.2688119037397803  5791
3.269045709657623  5847
3.2692793897718984  5454
3.2695129442179165  6026
3.269746373130767  5611
3.269979676645324  5763
3.2702128548962426  5923
3.2704459080179626  5427
3.2706788361447066  5418
3.2709116394104814  5626
3.2711443179490782  5860
3.2713768718940743  5439
3.271609301378832  5606
3.271841606536499  5562
3.27207378750001  5499
3.2723058444020863  5662
3.2725377773752373  5455
3.2727695865517594  5759
3.2730012720637376  5556
3.2732328340430454  5359
3.273464272621346  5762
3.273695587930092  5894
3.2739267801005254  5553
3.27415784926368  5589
3.274388795550379  5815
3.274619619091238  5799
3.274850320016665  6068
3.2750808984568587  5708
3.2753113545418118  5981
3.2755416884013098  6081
3.2757719001649312  5667
3.27600198996205  5789
3.2762319579218335  5875
3.2764618041732443  5639
3.27669152884504  5731
3.276921132065774  5706
3.277150613963797  5522
3.2773799746672547  5988
3.2776092143040914  5723
3.2778383330020473  5718
3.2780673308886628  5838
3.2782962080912736  5231
3.2785249647370174  5767
3.278753600952829  5203
3.278982116865443  5523
3.279210512601395  5777
3.2794387882870204  5524
3.2796669440484556  5938
3.279894980011638  6021
3.2801228963023075  5603
3.280350693046006  5614
3.2805783703680764  5815
3.280805928393667  5607
3.2810333672477277  5730
3.281260687055013  5681
3.2814878879400813  5598
3.281714970027296  5807
3.281941933440825  5680
3.2821687783046416  5832
3.2823955047425257  5798
3.2826221128780624  5238
3.282848602834645  5692
3.2830749747354715  5509
3.2833012287035497  5946
3.2835273648616936  5684
3.2837533833325265  5668
3.28397928423848  5871
3.284205067701794  5756
3.2844307338445193  5976
3.2846562827885157  5405
3.284881714655453  5972
3.285107029566812  5799
3.2853322276438846  5937
3.285557309007774  5547
3.285782273779395  5410
3.2860071220794747  5500
3.286231854028553  5433
3.286456469746983  5851
3.28668096935493  5864
3.286905352972375  6070
3.287129620719111  5943
3.2873537727147464  5808
3.2875778090787056  5997
3.287801729930226  5716
3.2880255353883627  5516
3.288249225571986  6051
3.2884728005997825  5760
3.288696260590256  5528
3.2889196056617265  5904
3.289142835932333  6151
3.2893659515200318  5397
3.2895889525425965  6034
3.2898118391176214  5947
3.290034611362518  5650
3.2902572693945182  5197
3.290479813330673  5411
3.2907022432878543  6001
3.2909245593827543  5428
3.2911467617318855  5455
3.291368850451583  5769
3.2915908256580013  5926
3.291812687467119  5807
3.2920344359947364  5698
3.292256071356476  5988
3.292477593667784  5464
3.29269900304393  5366
3.292920299600006  5908
3.2931414834509307  6081
3.2933625547114453  5829
3.2935835134961167  5513
3.2938043599193367  5574
3.2940250940953226  5747
3.2942457161381182  5197
3.294466226161593  5869
3.2946866242794433  5671
3.2949069106051923  5493
3.295127085252191  5729
3.295347148333618  6231
3.295567099962479  5538
3.295786940251609  6070
3.2960066693136723  5619
3.2962262872611605  5982
3.296445794206396  5601
3.296665190261531  5625
3.296884475538547  5981
3.2971036501492565  5616
3.2973227142053028  5904
3.2975416678181597  5461
3.297760511099134  5391
3.2979792441593623  5769
3.298197867109815  5541
3.2984163800612945  5635
3.2986347831244354  5623
3.298853076409707  5469
3.2990712600274095  5810
3.29928933408768  5634
3.2995072987004876  5566
3.2997251539756367  5563
3.299942900022767  5915
3.3001605369513523  5810
3.3003780648707024  5869
3.3005954838899636  5790
3.300812794118117  5877
3.3010299956639813  5728
3.3012470886362113  6020
3.3014640731433  5900
3.3016809492935764  5758
3.301897717195208  5735
3.302114376956201  5783
3.302330928684399  5872
3.3025473724874854  5633
3.3027637084729817  5749
3.3029799367482493  5904
3.303196057420489  5493
3.303412070596742  5964
3.30362797638389  5540
3.3038437748886547  5921
3.3040594662175993  5730
3.3042750504771283  5543
3.3044905277734875  5692
3.3047058982127653  5582
3.3049211619008916  5631
3.305136318943639  5678
3.305351369446624  5433
3.305566313515304  5809
3.3057811512549824  5566
3.3059958827708047  5656
3.3062105081677613  5999
3.3064250275506875  5973
3.3066394410242617  5894
3.3068537486930087  5696
3.3070679506612985  5939
3.307282047033346  5814
3.307496037913213  5864
3.307709923404807  5955
3.307923703611882  5828
3.3081373786380386  5641
3.308350948586726  5791
3.3085644135612386  5597
3.3087777736647213  5504
3.3089910290001643  5665
3.3092041796704077  5860
3.30941722577814  5690
3.3096301674258988  5661
3.3098430047160705  5892
3.3100557377508912  5693
3.3102683666324477  5598
3.3104808914626753  5358
3.3106933123433606  5649
3.3109056293761414  5773
3.311117842662506  5838
3.3113299523037933  5636
3.311541958401195  5849
3.311753861055754  5432
3.3119656603683665  5407
3.3121773564397787  5510
3.312388949370592  5831
3.3126004392612596  5812
3.312811826212088  5705
3.313023110323238  5628
3.313234291694724  5781
3.313445370426414  5485
3.3136563466180315  5938
3.3138672203691533  6038
3.3140779917792127  5808
3.3142886609474975  5759
3.3144992279731516  5766
3.314709692955174  5769
3.31492005599242  5413
3.315130317183602  5288
3.3153404766272883  6240
3.315550534421905  5904
3.3157604906657347  5480
3.315970345456918  5495
3.3161800988934527  5753
3.3163897510731952  5623
3.3165993020938607  6203
3.316808752053022  6048
3.3170181010481117  5754
3.31722734917642  5692
3.317436496535099  5948
3.3176455432211585  5719
3.317854489331469  5492
3.3180633349627615  5806
3.318272080211627  6120
3.3184807251745174  6035
3.318689269947746  5489
3.3188977146274867  5852
3.3191060593097763  5784
3.319314304090512  5510
3.3195224490654542  5848
3.3197304943302246  5384
3.3199384399803087  5446
3.3201462861110542  5696
3.3203540328176717  5711
3.3205616801952367  5812
3.3207692283386865  5965
3.3209766773428235  5424
3.3211840273023143  5973
3.321391278311689  5698
3.3215984304653436  5637
3.3218054838575393  5774
3.3220124385824006  5629
3.322219294733919  5695
3.3224260524059526  5782
3.3226327116922234  5884
3.322839272686321  5284
3.3230457354817013  5647
3.323252100171687  5791
3.3234583668494677  5669
3.3236645356081  5718
3.323870606540509  5635
3.3240765797394864  5541
3.3242824552976926  5474
3.3244882333076564  5509
3.3246939138617746  6069
3.3248994970523134  5559
3.3251049829714074  5703
3.325310371711061  6010
3.325515663363148  5817
3.325720858019412  5896
3.325925955771466  5566
3.3261309567107946  5768
3.326335860928751  5790
3.3265406685165617  6021
3.3267453795653217  5740
3.326949994165999  5445
3.3271545124094315  5790
3.3273589343863303  6152
3.327563260187278  5791
3.327767489902729  5785
3.3279716236230104  6262
3.3281756614383227  5833
3.3283796034387376  5919
3.328583449714202  5563
3.3287872003545345  5586
3.3289908554494287  5877
3.329194415088451  5856
3.329397879361043  5818
3.3296012483565187  5418
3.3298045221640695  5810
3.330007700872759  5664
3.330210784571528  5669
3.330413773349191  5619
3.3306166672944384  5474
3.330819466495837  5706
3.3310221710418286  5844
3.3312247810207323  5696
3.331427296520743  5863
3.3316297176299323  5658
3.331832044436249  5562
3.332034277027518  5608
3.3322364154914434  6171
3.3324384599156054  5807
3.3326404103874627  5432
3.3328422669943514  5999
3.3330440298234874  6068
3.3332456989619628  5597
3.3334472744967503  5672
3.3336487565147013  5815
3.333850145102545  5813
3.334051440346892  5914
3.334252642334231  5088
3.3344537511509307  5869
3.3346547668832414  5956
3.3348556896172914  5506
3.3350565194390915  5659
3.3352572564345317  5570
3.3354579006893843  5096
3.3356584522893016  6016
3.335858911319818  5647
3.336059277866349  5568
3.336259552014193  5550
3.3364597338485296  5884
3.3366598234544202  5934
3.336859820916809  5694
3.3370597263205246  5824
3.3372595397502756  6207
3.337459261290656  5510
3.3376588910261424  5726
3.3378584290410944  5548
3.3380578754197563  5926
3.3382572302462554  5776
3.3384564936046046  5699
3.3386556655787003  5537
3.338854746252323  6111
3.339053735709139  5810
3.3392526340327  5578
3.3394514413064407  5864
3.339650157613684  5596
3.339848783037637  5905
3.340047317661393  5655
3.3402457615679317  5342
3.3404441148401185  5794
3.3406423775607053  5504
3.3408405498123317  5754
3.341038631677523  5610
3.3412366232386925  5487
3.34143452457814  5909
3.3416323357780544  5921
3.3418300569205104  5644
3.3420276880874717  6111
3.3422252293607904  5552
3.342422680822206  5534
3.342620042553348  5649
3.342817314635733  5752
3.343014497150768  5521
3.3432115901797474  6097
3.3434085938038574  6061
3.343605508104172  5495
3.343802333161655  5635
3.3439990690571615  5585
3.344195715871435  5836
3.3443922736851106  5514
3.344588742578714  6012
3.344785122632661  5518
3.344981413927258  5393
3.345177616542704  5341
3.3453737305590883  5749
3.345569756056392  5412
3.345765693114488  5741
3.3459615418131414  5508
3.346157302232008  6218
3.346352974450639  5852
3.346548558548474  5597
3.346744054604849  5465
3.3469394626989906  5973
3.34713478291002  5549
3.3473300153169503  6232
3.3475251599986895  5959
3.347720217034038  5761
3.3479151865016914  5838
3.3481100684802376  5826
3.3483048630481607  5949
3.348499570283838  5554
3.348694190265541  5863
3.348888723071438  5631
3.34908316877959  5774
3.3492775274679554  5704
3.3494717992143856  5697
3.34966598409663  5436
3.3498600821923312  6041
3.3500540935790304  5796
3.3502480183341627  5525
3.350441856535061  5562
3.3506356082589543  5997
3.350829273582968  6135
3.3510228525841237  5491
3.351216345339342  5977
3.351409751925439  5536
3.351603072419129  5645
3.3517963068970236  5694
3.351989455435632  5737
3.3521825181113627  5376
3.35237549500052  5667
3.3525683861793087  5504
3.3527611917238307  5617
3.3529539117100877  5626
3.3531465462139796  5809
3.3533390953113047  5624
3.353531559077762  5806
3.353723937588949  5799
3.353916230920363  5833
3.3541084391474008  5671
3.35430056234536  5419
3.3544926005894364  5550
3.3546845539547285  6058
3.354876422516234  5461
3.3550682063488506  5744
3.3552599055273786  5815
3.3554515201265174  5599
3.355643050220869  5808
3.355834495884936  5746
3.3560258571931225  5639
3.3562171342197353  5371
3.3564083270389813  5719
3.356599435724971  5529
3.356790460351716  6121
3.3569814009931314  5580
3.3571722577230334  5896
3.3573630306151427  5737
3.3575537197430814  5505
3.3577443251803754  5670
3.357934847000454  5703
3.3581252852766488  5474
3.358315640082196  5483
3.3585059114902354  5678
3.3586960995738107  5562
3.358886204405869  5647
3.359076226059263  6030
3.3592661646067485  5547
3.3594560201209864  5299
3.359645792674543  5783
3.359835482339888  6014
3.3600250891893975  5446
3.3602146132953523  5539
3.3604040547299387  5541
3.360593413565249  5903
3.36078268987328  5787
3.3609718837259357  5670
3.361160995195026  5316
3.3613500243522663  5738
3.361538971269279  5588
3.361727836017593  5919
3.3619166186686433  5657
3.362105319293773  5719
3.362293937964231  6008
3.3624824747511743  5388
3.362670929725667  5676
3.36285930295868  5761
3.3630475945210936  5950
3.363235804483694  5462
3.3634239329171765  6099
3.3636119798921444  5600
3.3637999454791094  5501
3.3639878297484915  5777
3.3641756327706194  5939
3.3643633546157306  5974
3.364550995353972  5565
3.3647385550553985  6062
3.364926033789976  5322
3.3651134316275773  5703
3.3653007486379876  5613
3.3654879848909  5531
3.3656751404559175  5923
3.365862215402555  5131
3.3660492098002353  5455
3.366236123718293  5754
3.3664229572259727  5781
3.3666097103924297  5496
3.36679638328673  5557
3.3669829759778507  5507
3.367169488534681  5589
3.367355921026019  5502
3.3675422735205767  5689
3.3677285460869766  5508
3.3679147387937527  5980
3.3681008517093516  5620
3.368286884902131  5448
3.3684728384403617  5487
3.368658712392227  5967
3.3688445068258215  5733
3.3690302218091532  5904
3.369215857410143  5621
3.3694014136966244  5917
3.369586890736344  5749
3.369772288596963  5517
3.369957607346053  5705
3.370142847051102  5960
3.3703280077795106  5748
3.3705130895985924  5677
3.370698092575577  6117
3.370883016777606  5733
3.3710678622717363  5912
3.3712526291249394  5482
3.371437317404101  6045
3.3716219271760215  6043
3.371806458507416  5741
3.371990911464915  5627
3.372175286115064  5603
3.3723595825243238  5719
3.3725438007590705  5638
3.3727279408855955  6097
3.3729120029701067  5640
3.373095987078727  5984
3.373279893277496  5763
3.373463721632369  5769
3.3736474722092176  5566
3.3738311450738303  6013
3.3740147402919116  5547
3.374198257929083  5850
3.374381698050882  5632
3.374565060722765  5917
3.374748346010104  5882
3.3749315539781883  5556
3.375114684692225  5947
3.375297738217339  5893
3.3754807146185724  5437
3.3756636139608855  5691
3.375846436309156  5826
3.3760291817281805  5470
3.376211850282673  5920
3.3763944420372662  5609
3.376576957056512  5854
3.37675939540488  5849
3.3769417571467586  6054
3.377124042346456  5756
3.377306251068199  5978
3.3774883833761327  5705
3.377670439334323  5151
3.3778524190067545  5982
3.3780343224573315  5776
3.378216149749878  5882
3.3783979009481375  5827
3.378579576115775  5843
3.3787611753163733  5952
3.378942698613437  5582
3.379124146070392  5761
3.379305517750582  5768
3.3794868137172736  5814
3.379668034033654  5557
3.37984917876283  5756
3.380030247967831  5868
3.380211241711606  5752
3.3803921600570273  5662
3.3805730030668872  5683
3.3807537708039  5918
3.380934463330702  5455
3.3811150807098507  5864
3.381295623003826  5566
3.38147609027503  5791
3.381656482585787  5537
3.3818367999983434  5586
3.3820170425748683  5370
3.382197210377454  5626
3.3823773034681137  5770
3.3825573219087857  5496
3.3827372657613304  5347
3.382917135087531  6052
3.3830969299490943  5921
3.3832766504076504  5672
3.383456296524753  5579
3.3836358683618797  5898
3.383815365980431  5367
3.383994789441733  5725
3.3841741388070337  5933
3.384353414137506  5842
3.3845326154942486  5632
3.3847117429382823  5994
3.3848907965305544  5612
3.385069776331935  5922
3.38524868240322  5636
3.3854275148051305  5299
3.385606273598312  5403
3.3857849588433355  6104
3.385963570600697  5596
3.3861421089308186  5477
3.386320573894046  5859
3.386498965550653  5603
3.3866772839608377  6010
3.386855529184724  5592
3.387033701282363  5687
3.3872118003137306  5393
3.387389826338729  5878
3.387567779417189  5428
3.3877456596088638  6163
3.3879234669734366  5654
3.3881012015705165  5497
3.388278863459639  5881
3.3884564527002667  5332
3.388633969351789  5836
3.3888114134735234  5569
3.388988785124714  5652
3.3891660843645326  5909
3.389343311252078  5867
3.3895204658463776  6232
3.3896975482063856  5726
3.3898745583909853  5681
3.3900514964589874  5707
3.3902283624691303  6027
3.390405156480081  5855
3.390581878550435  5676
3.390758528738717  5529
3.3909351071033793  5915
3.3911116137028023  5587
3.3912880485952974  5600
3.3914644118391033  5835
3.3916407034923877  5364
3.391816923613249  5357
3.3919930722597127  5732
3.392169149489736  5676
3.392345155361204  5597
3.3925210899319325  5998
3.392696953259666  5642
3.3928727454020793  5654
3.3930484664167784  5639
3.3932241163612975  5387
3.393399695293102  5636
3.3935752032695876  5545
3.39375064034808  5791
3.3939260065858368  5752
3.3941013020400446  5765
3.3942765267678214  5655
3.3944516808262164  5798
3.394626764272209  5426
3.394801777162711  5691
3.394976719554564  5839
3.3951515915045425  5534
3.395326393069351  5597
3.395501124305626  6281
3.395675785269936  5434
3.3958503760187813  5748
3.3960248966085933  5504
3.3961993470957363  5521
3.3963737275365067  5597
3.396548037987132  6070
3.3967222785037734  5701
3.396896449142524  5644
3.397070549959409  5857
3.397244581010386  5978
3.397418542351348  5375
3.3975924340381165  5854
3.39776625612645  5511
3.3979400086720375  5420
3.3981136917305026  5566
3.398287305357401  5748
3.3984608496082234  5745
3.398634324538392  5778
3.3988077302032647  5613
3.398981066658131  5699
3.3991543339582164  6065
3.399327532158679  5761
3.3995006613146104  5737
3.399673721481038  5560
3.3998467127129226  5738
3.4000196350651586  5669
3.400192488592576  6064
3.400365273349939  5552
3.400537989391946  5860
3.400710636773231  5694
3.4008832155483626  5898
3.401055725771844  5594
3.401228167498113  5651
3.401400540781544  5295
3.401572845676446  5566
3.401745082237063  5520
3.4019172505175748  6043
3.402089350572097  5724
3.40226138245468  5743
3.402433346219312  5670
3.4026052419199146  5799
3.402777069610347  5848
3.4029488293444046  5705
3.403120521175818  5397
3.4032921451582543  6371
3.4034637013453173  5752
3.403635189790548  5765
3.4038066105474227  5483
3.403977963669355  5601
3.404149249209695  5588
3.404320467221731  5724
3.404491617758686  5818
3.4046627008737222  6088
3.404833716619938  5684
3.4050046650503694  5744
3.4051755462179893  5405
3.405346360175709  5581
3.4055171069763763  5656
3.4056877866727775  5801
3.4058583993176366  5595
3.406028944963615  5373
3.406199423663313  5678
3.4063698354692673  5493
3.406540180433955  5798
3.40671045860979  6012
3.4068806700491248  5928
3.40705081480425  6110
3.4072208929273966  6121
3.4073909044707316  5745
3.4075608494863627  5769
3.4077307280263356  5629
3.407900540142635  5983
3.4080702858871854  6027
3.4082399653118496  5519
3.40840957846843  5468
3.4085791254086675  5852
3.408748606184244  5754
3.4089180208467798  5608
3.409087369447835  5651
3.4092566520389096  4972
3.4094258686714434  5857
3.4095950193968156  5910
3.4097641042663462  6029
3.4099331233312946  5591
3.4101020766428607  5756
3.4102709642521845  5561
3.4104397862103464  5442
3.410608542568368  5429
3.41077723337721  5776
3.4109458586877746  5670
3.4111144185509046  5724
3.4112829130173843  5655
3.4114513421379375  5427
3.41161970596323  5810
3.411788004543869  5672
3.4119562379304016  5775
3.412124406173317  5447
3.4122925093230463  5516
3.412460547429961  5863
3.4126285205443754  5560
3.4127964287165433  6013
3.4129642719966626  5676
3.413132050434872  5833
3.413299764081252  5443
3.413467412985825  5703
3.413634997198556  5693
3.4138025167693513  5601
3.4139699717480614  5511
3.414137362184477  5932
3.4143046881283317  5536
3.4144719496293026  6134
3.414639146737009  5758
3.4148062795010126  5595
3.4149733479708178  6135
3.4151403521958725  5543
3.4153072922255676  5738
3.4154741681092355  5776
3.4156409798961542  5721
3.4158077276355434  5693
3.415974411376566  5256
3.416141031168329  5629
3.4163075870598827  5525
3.4164740791002206  6018
3.416640507338281  5410
3.4168068718229443  5994
3.4169731726030363  5677
3.4171394097273255  5527
3.4173055832445254  5718
3.417471693203293  5763
3.4176377396522297  5704
3.417803722639881  5612
3.417969642214737  5829
3.418135498425232  5784
3.4183012913197452  5904
3.4184670209466006  5513
3.4186326873540653  5560
3.4187982905903533  5478
3.4189638307036225  5887
3.4191293077419758  5746
3.4192947217534604  5855
3.4194600727860704  5707
3.419625360887743  6072
3.419790586106363  5875
3.419955748489758  5449
3.420120848085703  5715
3.4202858849419178  5674
3.4204508591060683  6163
3.420615770625765  5732
3.4207806195485655  5478
3.420945405921972  5814
3.4211101297934343  5705
3.4212747912103465  5445
3.4214393902200495  5323
3.4216039268698313  5300
3.421768401206924  5696
3.4219328132785085  5656
3.4220971631317103  5547
3.4222614508136027  5605
3.4224256763712044  5720
3.422589839851482  5894
3.422753941301348  5498
3.422917980767662  5662
3.423081958297231  5801
3.423245873936808  5909
3.4234097277330933  5670
3.4235735197327357  5715
3.423737249982329  5835
3.4239009185284166  5894
3.4240645254174877  5362
3.42422807069598  5821
3.4243915544102776  5430
3.4245549766067134  5560
3.424718337331567  5790
3.424881636631067  5784
3.425044874551389  5824
3.4252080511386565  5491
3.425371166438941  5694
3.4255342204982635  5783
3.425697213362591  5932
3.4258601450778405  6130
3.4260230156898763  6014
3.426185825244511  5925
3.4263485737875077  5991
3.4265112613645754  5510
3.426673888021373  5463
3.426836453803508  5381
3.426998958756537  5627
3.4271614029259654  5597
3.427323786357247  5775
3.4274861090957853  5804
3.4276483711869328  5439
3.42781057267599  5916
3.427972713608209  5831
3.428134794028789  5887
3.4282968139828798  6483
3.42845877351558  5774
3.428620672671939  5847
3.4287825114969546  5537
3.428944290035574  5267
3.4291060083326967  5478
3.4292676664331685  5943
3.429429264381788  5438
3.4295908022233017  5806
3.429752280002408  5943
3.4299136977637543  5844
3.430075055551939  5896
3.4302363534115106  5409
3.4303975913869666  5584
3.4305587695227575  5822
3.4307198878632823  5456
3.4308809464528913  5914
3.4310419453358856  5393
3.431202884556517  5921
3.4313637641589874  5598
3.431524584187451  5475
3.4316853446860116  6050
3.4318460456987254  5662
3.4320066872695985  5550
3.4321672694425884  5469
3.4323277922616042  5762
3.4324882557705063  5252
3.4326486600131068  5753
3.4328090050331683  5783
3.432969290874406  5855
3.4331295175804857  5868
3.433289685195026  5476
3.433449793761596  5642
3.433609843323718  5629
3.433769833924866  5472
3.433929765608464  5857
3.4340896384178907  5910
3.4342494523964757  5638
3.4344092075875  5551
3.4345689040341987  5664
3.4347285417797577  5690
3.434888120867316  6250
3.4350476413399647  5624
3.4352071032407476  5781
3.4353665066126613  5779
3.435525851498655  5354
3.43568513794163  5430
3.4358443659844413  5999
3.4360035356698964  5530
3.436162647040756  5846
3.4363217001397333  5565
3.436480695009495  5794
3.436639631692661  5582
3.4367985102318035  6053
3.4369573306694496  5711
3.4371160930480786  5893
3.4372747974101237  5943
3.437433443797971  5795
3.4375920322539613  5840
3.437750562820388  5831
3.4379090355394983  5713
3.438067450453494  5979
3.4382258076045296  5763
3.438384107034714  5536
3.4385423487861106  5864
3.4387005329007363  5701
3.438858659420562  5543
3.4390167283875126  5804
3.4391747398434687  5634
3.439332693830263  5683
3.4394905903896835  5822
3.4396484295634737  5701
3.4398062113933303  5781
3.439963935920905  5438
3.4401216031878037  5954
3.440279213235588  5550
3.4404367661057735  5903
3.440594261839831  5741
3.4407517004791854  5581
3.4409090820652177  5866
3.4410664066392633  5698
3.4412236742426123  5839
3.4413808849165113  5865
3.441538038702161  5888
3.441695135640717  6086
3.441852175773292  5558
3.442009159140952  5505
3.44216608578472  5609
3.4423229557455746  5505
3.4424797690644486  5901
3.442636525782232  5760
3.442793225939769  5629
3.4429498695778618  5812
3.443106456737266  5696
3.443262987458695  5730
3.4434194617828173  5761
3.4435758797502576  5523
3.4437322414015967  5777
3.443888546777372  5658
3.444044795918076  5975
3.4442009888641594  5909
3.4443571256560275  5676
3.444513206334043  5851
3.4446692309385245  5883
3.4448251995097476  5615
3.4449811120879446  5873
3.445136968713304  5652
3.4452927694259716  6173
3.44544851426605  5404
3.4456042032735974  5451
3.445759836488631  5342
3.4459154139511234  5492
3.446070935701005  5425
3.446226401778163  5956
3.446381812222442  5698
3.446537167073644  5576
3.4466924663715273  5828
3.446847710155809  5452
3.4470028984661623  5675
3.4471580313422194  6103
3.4473131088235682  6218
3.4474681309497557  5649
3.447623097760286  5667
3.447778009294621  5564
3.4479328655921804  5708
3.448087666692341  5795
3.448242412634439  6021
3.4483971034577676  5645
3.448551739201578  5641
3.44870631990508  5554
3.4488608456074408  5658
3.4490153163477864  5681
3.449169732165201  5631
3.449324093098727  5515
3.449478399187365  5768
3.4496326504700745  5627
3.4497868469857735  5712
3.4499409887733377  5509
3.4500950758716025  5630
3.450249108319361  5640
3.450403086155366  5486
3.450557009418329  6040
3.450710878146919  5701
3.450864692379766  6091
3.4510184521554574  5382
3.45117215751254  5724
3.4513258084895195  5998
3.4514794051248616  5781
3.4516329474569907  5528
3.45178643552429  5594
3.451939869365103  5729
3.4520932490177314  5604
3.452246574520437  5614
3.4523998459114416  5204
3.452553063228925  5578
3.452706226511029  5956
3.452859335795852  5747
3.4530123911214554  5991
3.4531653925258574  5575
3.4533183400470375  5770
3.453471233722936  5504
3.4536240735914507  5866
3.4537768596904423  5535
3.4539295920577286  5590
3.45408227073109  5598
3.4542348957482654  5586
3.454387467146955  5699
3.4545399849648186  5821
3.454692449239477  5861
3.45484486000851  5486
3.45499721730946  5438
3.4551495211798278  5716
3.4553017716570764  5601
3.4554539687786283  5422
3.455606112581867  5739
3.455758203104137  5641
3.455910240382743  5989
3.4560622244549513  5593
3.456214155357989  5602
3.456366033129043  6057
3.4565178578052627  5660
3.4566696294237578  5897
3.456821348021599  5655
3.456973013635818  5513
3.457124626303409  5762
3.4572761860613257  5635
3.4574276929464847  5670
3.4575791469957626  5509
3.4577305482459986  5937
3.4578818967339924  5530
3.458033192496506  5617
3.4581844355702627  5996
3.4583356259919475  5783
3.4584867637982066  5871
3.4586378490256493  5717
3.458788881710845  5658
3.458939861890326  5481
3.4590907896005865  5672
3.459241664878082  5880
3.459392487759231  5628
3.459543258280413  5857
3.4596939764779706  5548
3.459844642388208  5423
3.4599952560473914  5815
3.46014581749175  5996
3.4602963267574753  5782
3.4604467838807205  5376
3.4605971888976015  5721
3.460747541844197  5642
3.4608978427565478  5701
3.4610480916706576  5462
3.461198288622493  5512
3.461348433647983  5527
3.4614985267830187  6074
3.4616485680634552  5862
3.461798557525109  5726
3.461948495203762  5405
3.462098381135156  5843
3.4622482153549976  5510
3.462397997898956  5882
3.4625477288026643  5844
3.4626974081017172  5717
3.4628470358316736  5576
3.462996612028056  5525
3.4631461367263494  5749
3.4632956099620027  5898
3.4634450317704277  5710
3.463594402187  5916
3.463743721247059  5912
3.4638929889859074  5815
3.464042205438811  5713
3.4641913706409997  5593
3.4643404846276673  5559
3.4644895474339714  5994
3.464638559095033  5714
3.4647875196459372  5794
3.4649364291217326  5557
3.4650852875574327  6184
3.4652340949880145  5652
3.4653828514484184  5827
3.46553155697355  5527
3.465680211598278  5790
3.4658288153574364  5978
3.465977368285823  5363
3.466125870418199  5762
3.466274321789292  6025
3.466422722433792  5606
3.4665710723863543  5891
3.4667193716815987  5720
3.4668676203541096  6034
3.4670158184384356  5568
3.4671639659690903  5679
3.467312062980552  5665
3.4674601095072637  5979
3.467608105583633  5707
3.467756051244033  5721
3.4679039465228003  5618
3.4680517914542377  5818
3.4681995860726125  5916
3.4683473304121573  5724
3.468495024507069  5704
3.4686426683915115  5492
3.468790262099611  5915
3.4689378056654614  5600
3.4690852991231202  5874
3.469232742506612  5616
3.469380135849925  5951
3.469527479187014  5474
3.469674772551798  5901
3.469822015978163  5754
3.4699692094999595  5810
3.470116353151004  6077
3.4702634469650784  5833
3.470410490975931  5190
3.4705574852172743  5610
3.470704429722788  5971
3.4708513245261177  5647
3.4709981696608736  5623
3.471144965160633  5666
3.4712917110589387  5656
3.471438407389299  5646
3.47158505418519  6006
3.471731651480051  6025
3.4718781993072905  6283
3.4720246977002813  5492
3.472171146692363  5781
3.472317546316842  5850
3.4724638966069894  5391
3.472610197596045  5891
3.4727564493172123  5909
3.472902651803664  5323
3.4730488050885375  5750
3.473194909204938  5502
3.4733409641859354  5962
3.4734869700645685  5530
3.473632926873841  5619
3.473778834646725  6042
3.473924693416157  5383
3.4740705032150436  5727
3.4742162640762553  5677
3.4743619760326307  5841
3.474507639116976  5392
3.474653253362063  5630
3.474798818800631  5473
3.4749443354653877  5536
3.4750898033890065  5577
3.475235222604128  5841
3.475380593143361  5769
3.4755259150392805  5660
3.4756711883244296  5823
3.475816413031318  5645
3.4759615891924236  5768
3.4761067168401913  5473
3.4762517960070336  5839
3.4763968267253302  5607
3.4765418090274287  5754
3.476686742945645  5873
3.4768316285122607  5479
3.476976465759527  5471
3.4771212547196626  5359
3.477265995424853  5611
3.4774106879072515  5803
3.477555332198981  5755
3.4776999283321306  5665
3.4778444763387584  5522
3.4779889762508893  5759
3.4781334281005174  5781
3.4782778319196046  5716
3.4784221877400805  5902
3.4785664955938436  5213
3.4787107555127594  5626
3.478854967528663  5548
3.478999131673357  5683
3.479143247978613  5336
3.47928731647617  5420
3.4794313371977363  5914
3.4795753101749884  5554
3.479719235439571  5558
3.479863113023098  6013
3.4800069429571505  5748
3.4801507252732806  5459
3.4802944600030066  5650
3.480438147177817  5731
3.480581786829169  5572
3.4807253789884878  5580
3.4808689236871677  5520
3.481012420956573  5275
3.4811558708280352  5714
3.481299273332856  6015
3.481442628502305  5295
3.4815859363676225  5881
3.481729196960016  5850
3.4818724103106633  5684
3.4820155764507117  6296
3.482158695411276  5684
3.4823017672234426  5548
3.4824447919182653  5946
3.4825877695267677  5711
3.482730700079943  5815
3.482873583608754  5569
3.483016420144132  5272
3.4831592097169795  5967
3.483301952358167  5727
3.4834446480985353  5508
3.4835872969688944  5768
3.4837298990000236  5564
3.4838724542226736  5456
3.4840149626675627  5644
3.484157424365381  5441
3.484299839346786  5531
3.484442207642407  5833
3.484584529282843  5558
3.4847268042986617  5441
3.484869032720402  5756
3.485011214578573  5486
3.485153349903652  5673
3.485295438726089  5741
3.485437481076301  6124
3.485579476984679  5418
3.48572142648158  5469
3.4858633295973345  5393
3.486005186362242  5488
3.4861469968065726  6010
3.486288760960566  5662
3.486430478854434  5653
3.4865721505183562  5814
3.4867137759824853  5158
3.4868553552769432  5902
3.4869968884318228  5879
3.4871383754771865  5538
3.4872798164430687  5717
3.4874212113594742  5373
3.4875625602563782  5497
3.4877038631637265  5384
3.4878451201114355  5672
3.4879863311293935  5358
3.4881274962474587  5634
3.48826861549546  5524
3.488409688903198  5193
3.4885507165004443  5842
3.4886916983169405  5458
3.4888326343824003  5832
3.488973524726508  5474
3.4891143693789193  5611
3.4892551683692603  5504
3.4893959217271293  5519
3.4895366294820955  5530
3.4896772916636984  5559
3.4898179083014504  5465
3.4899584794248346  5291
3.4900990050633047  5232
3.4902394852462875  5409
3.490379920003179  5542
3.490520309363349  5460
3.490660653356137  5765
3.490800952010855  5148
3.490941205356787  5502
3.491081413423187  5753
3.491221576239283  5399
3.4913616938342726  5221
3.4915017662373264  5550
3.4916417934775863  5547
3.491781775584166  5147
3.491921712586151  5237
3.492061604512599  5490
3.49220145139254  5015
3.4923412532549745  5366
3.4924810101288766  5407
3.492620722043192  5208
3.4927603890268375  5372
3.4929000111087034  5362
3.4930395883176515  5237
3.493179120682515  5449
3.4933186082321015  5426
3.4934580509951885  5242
3.493597449000527  5032
3.49373680227684  5318
3.4938761108528227  5091
3.4940153747571436  5319
3.494154594018443  5122
3.4942937686653326  5190
3.494432898726399  5112
3.4945719842301988  5093
3.494711025205263  5132
3.494850021680094  5379
3.494988973683168  5478
3.4951278812429334  5485
3.4952667443878105  5230
3.495405563146193  5050
3.4955443375464483  5120
3.4956830676169153  5379
3.495821753385906  4951
3.4959603948817053  5016
3.496098992132571  5250
3.496237545166735  5010
3.496376054012401  4897
3.496514518697745  4879
3.496652939250918  5184
3.4967913157000425  5075
3.496929648073215  4936
3.497067936398505  4929
3.4972061807039547  4866
3.49734438101758  4917
3.4974825373673704  5036
3.497620649781288  4667
3.497758718287268  5090
3.49789674291322  5135
3.498034723687027  4654
3.498172660636544  4989
3.4983105537896004  4850
3.4984484031739997  5006
3.498586208817518  4869
3.4987239707479048  4838
3.498861688992884  4921
3.498999363580153  4627
3.4991369945373827  4679
3.4992745818922173  4801
3.499412125672275  4310
3.499549625905149  4704
3.499687082618404  4862
3.49982449583958  4718
3.49996186559619  4527
3.500099191915723  4790
3.500236474825639  4526
3.500373714353374  4516
3.5005109105263372  4488
3.500648063371912  4436
3.500785172917456  4317
3.5009222391903005  4497
3.5010592622177517  4093
3.501196242027089  4266
3.501333178645566  4403
3.501470072100412  4129
3.5016069224188295  4254
3.5017437296279943  4155
3.5018804937550585  4210
3.5020172148271476  4175
3.5021538928713607  4064
3.5022905279147727  4139
3.5024271199844326  4164
3.502563669107363  3971
3.502700175310563  3954
3.502836638621003  4189
3.5029730590656314  4087
3.503109436671369  3865
3.503245771465113  3917
3.5033820634737327  4022
3.5035183127240748  3843
3.5036545192429593  3960
3.503790683057181  3679
3.5039268041935103  3758
3.5040628826786917  3826
3.504198918539445  3540
3.5043349118024643  3696
3.504470862494419  3571
3.5046067706419537  3662
3.504742636271688  3350
3.504878459410216  3313
3.505014240084107  3323
3.505149978319906  3646
3.5052856741441323  3220
3.505421327583281  3260
3.5055569386638217  3254
3.5056925074122  3242
3.5058280338548364  3137
3.505963518018126  3185
3.5060989599284405  3118
3.506234359612126  2883
3.506369717095504  2945
3.506505032404872  2873
3.5066403055665023  2912
3.5067755366066433  2865
3.506910725551518  2676
3.5070458724273257  2908
3.5071809772602407  2662
3.5073160400764136  2783
3.50745106090197  2529
3.5075860397630105  2592
3.5077209766856137  2575
3.507855871695831  2591
3.5079907248196913  2418
3.5081255360831993  2390
3.5082603055123345  2438
3.508395033133053  2322
3.5085297189712867  2401
3.508664363052943  2179
3.508798965403905  2261
3.5089335260500327  2123
3.5090680450171616  2101
3.509202522331103  2085
3.509336958017644  2057
3.5094713521025485  2226
3.5096057046115563  2053
3.509740015570382  1963
3.5098742850047193  1831
3.5100085129402347  1804
3.5101426994025733  1785
3.510276844417355  1595
3.510410948010177  1722
3.510545010206612  1748
3.51067903103221  1666
3.510813010512496  1643
3.5109469486729727  1517
3.5110808455391185  1467
3.511214701136388  1446
3.511348515490213  1422
3.5114822886260013  1339
3.5116160205691376  1399
3.511749711344983  1338
3.5118833609788744  1258
3.5120169694961265  1228
3.5121505369220305  1154
3.5122840632818537  1190
3.51241754860084  1078
3.512550992904211  1062
3.5126843962171637  1053
3.512817758564873  1025
3.5129510799724906  1009
3.513084360465144  1023
3.513217600067939  926
3.513350798805957  899
3.513483956704257  884
3.513617073787875  899
3.5137501500818233  849
3.5138831856110926  772
3.5140161804006493  738
3.514149134475437  730
3.514282047860378  752
3.514414920580369  678
3.514547752660286  674
3.5146805441249818  636
3.514813294999285  570
3.5149460053080044  575
3.5150786750759226  530
3.515211304327802  515
3.5153438930883807  534
3.515476441382376  510
3.51560894923448  471
3.515741416669365  445
3.515873843711679  430
3.5160062303860475  369
3.5161385767170743  381
3.5162708827293403  361
3.516403148447403  352
3.5165353738957994  340
3.516667559099043  349
3.5167997040816243  320
3.5169318088680126  294
3.5170638734826545  323
3.5171958979499744  268
3.5173278822943734  271
3.5174598265402324  239
3.517591730711908  242
3.5177235948337358  232
3.517855418930029  222
3.5179872030250783  214
3.518118947143153  183
3.5182506513085  205
3.518382315545344  178
3.5185139398778875  165
3.5186455243303114  167
3.518777068926775  140
3.518908573691414  126
3.5190400386483445  133
3.519171463821659  125
3.519302849235429  116
3.519434194913703  113
3.519565500880509  111
3.519696767159853  100
3.519827993775719  98
3.5199591807520685  91
3.5200903281128424  83
3.52022143588196  70
3.520352504083318  64
3.520483532740792  70
3.520614521878236  63
3.5207454715194824  69
3.5208763816883417  54
3.521007252408604  61
3.5211380837040362  56
3.5212688755983854  54
3.521399628115376  54
3.521530341278711  46
3.5216610151120733  31
3.5217916496391233  34
3.5219222448835006  35
3.5220528008688223  40
3.5221833176186865  31
3.522313795156667  37
3.5224442335063197  38
3.522574632691177  24
3.52270499273475  29
3.52283531366053  23
3.5229655954919865  24
3.523095838252568  22
3.523226041965701  22
3.5233562066547925  20
3.5234863323432277  22
3.523616419054371  15
3.5237464668115646  20
3.523876475638131  17
3.5240064455573727  17
3.5241363765925686  16
3.524266268766979  19
3.524396122103842  10
3.5245259366263757  9
3.5246557123577773  15
3.5247854493212225  7
3.524915147539867  7
3.525044807036845  7
3.5251744278352715  5
3.525304009958239  5
3.52543355342882  8
3.525563058270067  8
3.525692524505011  6
3.5258219521566625  7
3.5259513412480126  5
3.5260806918020298  8
3.526210003841664  6
3.526339277389844  3
3.5264685124694775  4
3.526597709103452  4
3.5267268673146357  1
3.5268559871258747  2
3.5269850685599957  6
3.527114111639805  4
3.5272431163880884  6
3.527372082827612  6
3.52750101098112  2
3.5276299008713385  3
3.5277587525209717  2
3.527887565952705  2
3.5280163411892014  3
3.5281450782531065  3
3.5282737771670436  1
3.5284024379536176  1
3.5285310606354114  1
3.5286596452349897  2
3.5289167002776547  2
