0.3010299956639812  733844
0.47712125471966244  288409
0.6020599913279624  148431
0.6989700043360189  94799
0.7781512503836436  83151
0.8450980400142568  76529
0.9030899869919435  61420
0.9542425094393249  56735
1.0  51917
1.0413926851582251  44680
1.0791812460476249  42739
1.1139433523068367  30476
1.146128035678238  23789
1.1760912590556813  17980
1.2041199826559248  15780
1.2304489213782739  12063
1.255272505103306  8763
1.2787536009528289  9135
1.3010299956639813  3715
1.3222192947339193  4501
1.3424226808222062  8641
1.3617278360175928  4203
1.380211241711606  3339
1.3979400086720377  6076
1.414973347970818  7591
1.4313637641589874  7854
1.4471580313422192  3453
1.462397997898956  4155
1.4771212547196624  4008
1.4913616938342726  4779
1.505149978319906  8211
1.5185139398778875  2833
1.5314789170422551  7598
1.5440680443502757  2237
1.5563025007672873  4370
1.568201724066995  4010
1.5797835966168101  4469
1.591064607026499  5351
1.6020599913279623  6672
1.6127838567197355  3969
1.6232492903979006  5496
1.6334684555795864  5152
1.6434526764861874  6954
1.6532125137753437  4918
1.662757831681574  4185
1.6720978579357175  6494
1.6812412373755872  4542
1.6901960800285136  5040
1.6989700043360187  7209
1.7075701760979363  3850
1.7160033436347992  7130
1.724275869600789  3381
1.7323937598229686  5593
1.7403626894942439  5538
1.7481880270062005  5030
1.7558748556724915  2093
1.7634279935629373  6255
1.7708520116421442  2580
1.7781512503836436  4854
1.7853298350107671  6872
1.792391689498254  5024
1.7993405494535817  4320
1.806179973983887  3338
1.8129133566428555  7990
1.8195439355418688  5273
1.8260748027008264  2435
1.8325089127062364  3752
1.8388490907372552  4954
1.845098040014257  5296
1.8512583487190752  7931
1.8573324964312685  3208
1.863322860120456  1450
1.8692317197309762  5967
1.8750612633917  3454
1.8808135922807914  6161
1.8864907251724818  5657
1.8920946026904804  4407
1.8976270912904414  3473
1.9030899869919435  4312
1.9084850188786497  3031
1.9138138523837167  4130
1.919078092376074  4339
1.9242792860618816  1781
1.9294189257142926  1589
1.9344984512435677  8114
1.9395192526186185  4117
1.9444826721501687  4792
1.9493900066449128  5585
1.954242509439325  3480
1.9590413923210936  3016
1.9637878273455553  5982
1.968482948553935  4477
1.9731278535996986  4270
1.9777236052888478  1806
1.9822712330395684  3525
1.9867717342662448  3316
1.9912260756924949  4170
1.99563519459755  3059
2.0  8400
2.0043213737826426  3427
2.0086001717619175  2416
2.012837224705172  3438
2.0170333392987803  5870
2.0211892990699383  2350
2.0253058652647704  2003
2.0293837776852097  3439
2.03342375548695  2452
2.037426497940624  3655
2.041392685158225  3630
2.0453229787866576  3650
2.0492180226701815  2670
2.0530784434834195  3278
2.0569048513364727  5847
2.060697840353612  3936
2.0644579892269186  5165
2.0681858617461617  7604
2.0718820073061255  3571
2.0755469613925306  4599
2.0791812460476247  2719
2.0827853703164503  2318
2.0863598306747484  1189
2.089905111439398  3146
2.093421685162235  1722
2.0969100130080562  4651
2.100370545117563  4681
2.103803720955957  3545
2.1072099696478683  2918
2.110589710299249  4847
2.113943352306837  6477
2.1172712956557644  6104
2.12057393120585  1870
2.123851640967086  3964
2.1271047983648077  3263
2.130333768495006  4634
2.1335389083702174  1792
2.1367205671564067  3045
2.1398790864012365  3987
2.143014800254095  640
2.146128035678238  3913
2.1492191126553797  3105
2.1522883443830563  3383
2.155336037465062  3014
2.1583624920952498  3108
2.161368002234975  4741
2.164352855784437  4430
2.167317334748176  3796
2.1702617153949575  4861
2.173186268412274  4218
2.1760912590556813  2712
2.1789769472931693  4564
2.1818435879447726  2993
2.184691430817599  5442
2.187520720836463  2165
2.1903316981702914  5657
2.1931245983544616  4137
2.1958996524092336  2649
2.1986570869544226  4071
2.2013971243204513  4668
2.2041199826559246  4249
2.2068258760318495  5299
2.2095150145426308  3998
2.2121876044039577  3459
2.214843848047698  1297
2.2174839442139063  3775
2.220108088040055  5663
2.2227164711475833  3327
2.225309281725863  3215
2.2278867046136734  709
2.230448921378274  2565
2.2329961103921536  2398
2.2355284469075487  3755
2.2380461031287955  2162
2.2405492482826  2392
2.2430380486862944  3500
2.24551266781415  3461
2.247973266361807  4627
2.250420002308894  3122
2.2528530309798933  2679
2.255272505103306  2639
2.2576785748691846  3283
2.2600713879850747  2349
2.2624510897304293  4950
2.2648178230095364  5651
2.2671717284030137  2040
2.2695129442179165  1730
2.271841606536499  3371
2.27415784926368  3508
2.2764618041732443  3832
2.278753600952829  3113
2.2810333672477277  3808
2.2833012287035497  2507
2.285557309007774  3307
2.287801729930226  2566
2.290034611362518  3093
2.292256071356476  2684
2.294466226161593  2530
2.296665190261531  3729
2.298853076409707  1235
2.3010299956639813  4440
2.303196057420489  2442
2.305351369446624  4428
2.307496037913213  2468
2.3096301674258988  3878
2.311753861055754  2749
2.3138672203691533  5170
2.315970345456918  1756
2.3180633349627615  2143
2.3201462861110542  2758
2.322219294733919  1498
2.3242824552976926  4137
2.326335860928751  4005
2.3283796034387376  1344
2.330413773349191  2939
2.3324384599156054  2664
2.3344537511509307  2653
2.3364597338485296  3053
2.3384564936046046  2974
2.3404441148401185  2852
2.342422680822206  2112
2.3443922736851106  3429
2.346352974450639  2725
2.3483048630481607  1043
2.3502480183341627  3521
2.3521825181113627  3105
2.3541084391474008  4357
2.3560258571931225  2453
2.357934847000454  2601
2.359835482339888  3125
2.361727836017593  3601
2.3636119798921444  1376
2.3654879848909  1842
2.367355921026019  2499
2.369215857410143  2152
2.3710678622717363  2027
2.3729120029701067  2639
2.374748346010104  2729
2.376576957056512  2548
2.3783979009481375  2803
2.380211241711606  2112
2.3820170425748683  2609
2.383815365980431  2149
2.385606273598312  2796
2.387389826338729  2501
2.3891660843645326  2437
2.3909351071033793  2323
2.392696953259666  2747
2.3944516808262164  2724
2.3961993470957363  2509
2.3979400086720375  1201
2.399673721481038  1485
2.401400540781544  1304
2.403120521175818  3423
2.404833716619938  2166
2.406540180433955  2128
2.4082399653118496  2336
2.4099331233312946  1396
2.41161970596323  2761
2.413299764081252  1788
2.4149733479708178  2084
2.416640507338281  1735
2.4183012913197452  2817
2.419955748489758  2106
2.4216039268698313  3049
2.423245873936808  1423
2.424881636631067  2752
2.4265112613645754  2259
2.428134794028789  1813
2.429752280002408  3113
2.4313637641589874  2016
2.432969290874406  2422
2.4345689040341987  1877
2.436162647040756  838
2.437750562820388  1682
2.439332693830263  2374
2.4409090820652177  3411
2.4424797690644486  3027
2.444044795918076  1674
2.4456042032735974  1429
2.4471580313422194  2302
2.44870631990508  2541
2.450249108319361  2423
2.45178643552429  1909
2.4533183400470375  1530
2.45484486000851  3316
2.456366033129043  2010
2.4578818967339924  2017
2.459392487759231  2373
2.4608978427565478  1781
2.462397997898956  1483
2.4638929889859074  1979
2.4653828514484184  2313
2.4668676203541096  2284
2.4683473304121573  2053
2.469822015978163  1755
2.4712917110589387  1804
2.4727564493172123  1479
2.4742162640762553  1733
2.4756711883244296  1867
2.4771212547196626  2057
2.4785664955938436  1998
2.4800069429571505  1880
2.481442628502305  1378
2.482873583608754  1877
2.484299839346786  2885
2.48572142648158  1744
2.4871383754771865  1714
2.4885507165004443  1962
2.4899584794248346  2620
2.4913616938342726  1818
2.4927603890268375  2261
2.494154594018443  1773
2.4955443375464483  1526
2.496929648073215  1564
2.4983105537896004  2090
2.499687082618404  1221
2.5010592622177517  1064
2.5024271199844326  1232
2.503790683057181  957
2.505149978319906  1640
2.506505032404872  1567
2.507855871695831  1466
2.509202522331103  2410
2.510545010206612  2425
2.5118833609788744  1798
2.513217600067939  1367
2.514547752660286  1966
2.515873843711679  1321
2.5171958979499744  1452
2.5185139398778875  1408
2.519827993775719  1500
2.5211380837040362  1815
2.5224442335063197  2154
2.5237464668115646  1796
2.525044807036845  1351
2.526339277389844  1287
2.5276299008713385  1770
2.5289167002776547  1413
2.530199698203082  1306
2.531478917042255  1267
2.5327543789924976  819
2.534026106056135  2550
2.5352941200427703  1713
2.53655844257153  903
2.537819095073274  1198
2.5390760987927767  1400
2.5403294747908736  1376
2.5415792439465807  1537
2.5428254269591797  1377
2.5440680443502757  1788
2.545307116465824  1296
2.546542663478131  1551
2.5477747053878224  2065
2.5490032620257876  2103
2.550228353055094  1283
2.5514499979728753  1458
2.552668216112193  1717
2.5538830266438746  1660
2.5550944485783194  1386
2.5563025007672873  1490
2.5575072019056577  1072
2.558708570533166  1364
2.5599066250361124  1600
2.561101383649056  1272
2.5622928644564746  1288
2.5634810853944106  944
2.5646660642520893  974
2.5658478186735176  734
2.56702636615906  1544
2.568201724066995  2491
2.569373909615046  984
2.5705429398818973  1254
2.571708831808688  964
2.5728716022004803  1158
2.574031267727719  948
2.575187844927661  1037
2.576341350205793  1130
2.5774917998372255  1574
2.578639209968072  1418
2.57978359661681  1421
2.5809249756756194  760
2.582063362911709  838
2.583198773968623  1153
2.584331224367531  950
2.5854607295085006  1147
2.586587304671755  1352
2.5877109650189114  1441
2.5888317255942073  1062
2.5899496013257077  1150
2.591064607026499  979
2.5921767573958667  1082
2.593286067020457  1155
2.5943925503754266  934
2.595496221825574  1131
2.59659709562646  1478
2.597695185925512  1111
2.598790506763115  1049
2.5998830720736876  556
2.6009728956867484  958
2.6020599913279625  809
2.603144372620182  1283
2.60422605308447  943
2.6053050461411096  1094
2.606381365110605  995
2.6074550232146687  987
2.6085260335771943  1044
2.60959440922522  812
2.61066016308988  914
2.611723308007342  1004
2.6127838567197355  970
2.6138418218760693  713
2.6148972160331345  743
2.615950051656401  738
2.617000341120899  904
2.6180480967120925  793
2.6190933306267428  726
2.6201360549737576  1127
2.621176281775035  800
2.622214022966295  867
2.6232492903979003  881
2.6242820958356683  891
2.625312450961674  938
2.6263403673750423  993
2.6273658565927325  1007
2.6283889300503116  823
2.629409599102719  662
2.630427875025024  985
2.6314437690131722  873
2.6324572921847245  613
2.6334684555795866  703
2.6344772701607315  835
2.635483746814912  671
2.6364878963533656  697
2.637489729512511  841
2.6384892569546374  859
2.639486489268586  740
2.640481436970422  780
2.6414741105040997  689
2.6424645202421213  834
2.6434526764861874  779
2.6444385894678386  546
2.645422269349092  721
2.6464037262230695  744
2.6473829701146196  777
2.6483600109809315  718
2.649334858712142  738
2.6503075231319366  641
2.651278013998144  1000
2.6522463410033232  789
2.6532125137753435  558
2.6541765418779604  659
2.655138434811382  754
2.656098202012832  668
2.6570558528571038  872
2.6580113966571126  761
2.658964842664435  663
2.6599162000698504  608
2.660865478003869  605
2.661812685537261  805
2.662757831681574  646
2.663700925389648  576
2.6646419755561257  633
2.6655809910179533  683
2.6665179805548807  561
2.667452952889954  586
2.66838591669  652
2.6693168805661123  446
2.670245853074124  567
2.6711728427150834  626
2.6720978579357175  620
2.673020907128896  467
2.673941998634088  465
2.6748611407378116  613
2.6757783416740852  603
2.6766936096248664  599
2.677606952720493  566
2.678518379040114  670
2.6794278966121188  420
2.680335513414563  420
2.681241237375587  582
2.682145076373832  441
2.6830470382388496  537
2.683947130751512  506
2.6848453616444123  448
2.6857417386022635  456
2.6866362692622934  382
2.6875289612146345  300
2.6884198220027105  360
2.6893088591236203  392
2.690196080028514  299
2.6910814921229687  281
2.69196510276736  259
2.69284691927723  278
2.693726948923647  332
2.694605198933569  327
2.6954816764901977  259
2.696356388733332  271
2.6972293427597176  314
2.6981005456233897  245
2.6989700043360187  234
2.699837725867246  208
2.7007037171450192  215
2.7015679850559273  303
2.7024305364455254  219
2.7032913781186614  244
2.7041505168397992  147
2.705007959333336  190
2.7058637122839193  173
2.7067177823367587  176
2.7075701760979363  201
2.708420900134713  122
2.709269960975831  160
2.7101173651118162  185
2.710963118995276  119
2.711807229041191  138
2.7126497016272113  105
2.7134905430939424  86
2.714329759745233  91
2.7151673578484576  79
2.716003343634799  90
2.7168377232995247  67
2.717670503002262  70
2.718501688867274  59
2.7193312869837265  63
2.720159303405957  74
2.7209857441537393  50
2.7218106152125467  71
2.722633922533812  55
2.7234556720351857  53
2.724275869600789  40
2.725094521081469  43
2.7259116322950483  45
2.7267272090265724  43
2.727541257028556  31
2.7283537820212285  30
2.72916478969277  40
2.7299742856995555  39
2.7307822756663893  21
2.7315887651867388  12
2.7323937598229686  26
2.7331972651065692  13
2.733999286538387  31
2.734799829588847  27
2.73559889969818  16
2.7363965022766426  11
2.7371926427047373  20
2.737987326333431  8
2.738780558484369  6
2.739572344450092  5
2.7403626894942437  4
2.741151598851785  6
2.741939077729199  3
2.7427251313046983  5
2.74350976472843  4
2.7442929831226763  5
2.745855195173729  1
2.7466341989375787  2
2.747411807886423  1
