0.3010299956639812  73645
0.47712125471966244  17580
0.6020599913279624  12720
0.6989700043360189  7471
0.7781512503836436  6876
0.8450980400142568  4576
0.9030899869919435  5956
0.9542425094393249  3632
1.0  3646
1.0413926851582251  4504
1.0791812460476249  3345
1.1139433523068367  3055
1.146128035678238  3414
1.1760912590556813  3392
1.2041199826559248  2568
1.2304489213782739  2040
1.255272505103306  3696
1.2787536009528289  3989
1.3010299956639813  2417
1.3222192947339193  2362
1.3424226808222062  2925
1.3617278360175928  1743
1.380211241711606  1905
1.3979400086720377  1531
1.414973347970818  1858
1.4313637641589874  1395
1.4471580313422192  1791
1.462397997898956  1363
1.4771212547196624  1189
1.4913616938342726  833
1.505149978319906  1082
1.5185139398778875  930
1.5314789170422551  688
1.5440680443502757  933
1.5563025007672873  596
1.568201724066995  637
1.5797835966168101  373
1.591064607026499  399
1.6020599913279623  395
1.6127838567197355  236
1.6232492903979006  183
1.6334684555795864  140
1.6434526764861874  126
1.6532125137753437  115
1.662757831681574  28
1.6720978579357175  63
1.6812412373755872  15
1.6901960800285136  96
1.6989700043360187  61
1.7075701760979363  38
1.7160033436347992  10
1.724275869600789  11
1.7323937598229686  3
1.7403626894942439  7
1.7708520116421442  1
1.7781512503836436  1
1.7853298350107671  2
1.792391689498254  2
1.806179973983887  1
1.8195439355418688  1
