0.3010299956639812  627486
0.47712125471966244  118959
0.6020599913279624  77140
0.6989700043360189  64310
0.7781512503836436  63284
0.8450980400142568  48583
0.9030899869919435  42040
0.9542425094393249  35703
1.0  33764
1.0413926851582251  27402
1.0791812460476249  22357
1.1139433523068367  15774
1.146128035678238  12829
1.1760912590556813  10101
1.2041199826559248  9236
1.2304489213782739  7395
1.255272505103306  7498
1.2787536009528289  6255
1.3010299956639813  4968
1.3222192947339193  5619
1.3424226808222062  4147
1.3617278360175928  2626
1.380211241711606  2340
1.3979400086720377  6814
1.414973347970818  6546
1.4313637641589874  2492
1.4471580313422192  1268
1.462397997898956  3244
1.4771212547196624  3619
1.4913616938342726  4480
1.505149978319906  2921
1.5185139398778875  3849
1.5314789170422551  3413
1.5440680443502757  2570
1.5563025007672873  2180
1.568201724066995  5170
1.5797835966168101  2358
1.591064607026499  4443
1.6020599913279623  5571
1.6127838567197355  2874
1.6232492903979006  5421
1.6334684555795864  3454
1.6434526764861874  3628
1.6532125137753437  4574
1.662757831681574  5591
1.6720978579357175  3157
1.6812412373755872  4381
1.6901960800285136  4320
1.6989700043360187  3552
1.7075701760979363  3386
1.7160033436347992  6910
1.724275869600789  3331
1.7323937598229686  4470
1.7403626894942439  2517
1.7481880270062005  3563
1.7558748556724915  1894
1.7634279935629373  3312
1.7708520116421442  6218
1.7781512503836436  1791
1.7853298350107671  3885
1.792391689498254  3577
1.7993405494535817  4046
1.806179973983887  5521
1.8129133566428555  3444
1.8195439355418688  3325
1.8260748027008264  6850
1.8325089127062364  4002
1.8388490907372552  4681
1.845098040014257  5277
1.8512583487190752  6321
1.8573324964312685  5848
1.863322860120456  5481
1.8692317197309762  4014
1.8750612633917  4231
1.8808135922807914  5543
1.8864907251724818  3415
1.8920946026904804  1721
1.8976270912904414  5130
1.9030899869919435  2524
1.9084850188786497  2669
1.9138138523837167  1920
1.919078092376074  4230
1.9242792860618816  3890
1.9294189257142926  5259
1.9344984512435677  2225
1.9395192526186185  2505
1.9444826721501687  3029
1.9493900066449128  4900
1.954242509439325  2811
1.9590413923210936  3704
1.9637878273455553  1478
1.968482948553935  3016
1.9731278535996986  2311
1.9777236052888478  2366
1.9822712330395684  3048
1.9867717342662448  2367
1.9912260756924949  3639
1.99563519459755  2730
2.0  2438
2.0043213737826426  2359
2.0086001717619175  1919
2.012837224705172  4365
2.0170333392987803  1154
2.0211892990699383  4080
2.0253058652647704  2286
2.0293837776852097  5710
2.03342375548695  3556
2.037426497940624  2664
2.041392685158225  2972
2.0453229787866576  2301
2.0492180226701815  2525
2.0530784434834195  2201
2.0569048513364727  3609
2.060697840353612  3989
2.0644579892269186  5005
2.0681858617461617  3168
2.0718820073061255  3620
2.0755469613925306  3353
2.0791812460476247  3373
2.0827853703164503  3924
2.0863598306747484  2068
2.089905111439398  3351
2.093421685162235  2618
2.0969100130080562  3401
2.100370545117563  4233
2.103803720955957  2688
2.1072099696478683  1834
2.110589710299249  4140
2.113943352306837  1967
2.1172712956557644  2384
2.12057393120585  2568
2.123851640967086  2608
2.1271047983648077  2303
2.130333768495006  4452
2.1335389083702174  2488
2.1367205671564067  2582
2.1398790864012365  2744
2.143014800254095  2063
2.146128035678238  3582
2.1492191126553797  3030
2.1522883443830563  3331
2.155336037465062  2583
2.1583624920952498  4130
2.161368002234975  1660
2.164352855784437  3259
2.167317334748176  1730
2.1702617153949575  2725
2.173186268412274  2606
2.1760912590556813  2762
2.1789769472931693  2418
2.1818435879447726  986
2.184691430817599  1933
2.187520720836463  2652
2.1903316981702914  2203
2.1931245983544616  1687
2.1958996524092336  2137
2.1986570869544226  2034
2.2013971243204513  3270
2.2041199826559246  1529
2.2068258760318495  3287
2.2095150145426308  2887
2.2121876044039577  2114
2.214843848047698  2265
2.2174839442139063  2173
2.220108088040055  1581
2.2227164711475833  2269
2.225309281725863  2654
2.2278867046136734  3115
2.230448921378274  1817
2.2329961103921536  2048
2.2355284469075487  1920
2.2380461031287955  1403
2.2405492482826  2625
2.2430380486862944  2442
2.24551266781415  3330
2.247973266361807  2585
2.250420002308894  1656
2.2528530309798933  2222
2.255272505103306  2491
2.2576785748691846  1450
2.2600713879850747  1042
2.2624510897304293  1970
2.2648178230095364  1500
2.2671717284030137  2928
2.2695129442179165  1963
2.271841606536499  2417
2.27415784926368  1850
2.2764618041732443  1253
2.278753600952829  1005
2.2810333672477277  2044
2.2833012287035497  2022
2.285557309007774  1011
2.287801729930226  1423
2.290034611362518  2217
2.292256071356476  2404
2.294466226161593  1956
2.296665190261531  1920
2.298853076409707  2262
2.3010299956639813  1888
2.303196057420489  1639
2.305351369446624  1717
2.307496037913213  1957
2.3096301674258988  2050
2.311753861055754  2063
2.3138672203691533  1227
2.315970345456918  1927
2.3180633349627615  960
2.3201462861110542  1067
2.322219294733919  1204
2.3242824552976926  1738
2.326335860928751  1997
2.3283796034387376  1673
2.330413773349191  2541
2.3324384599156054  1318
2.3344537511509307  1627
2.3364597338485296  2293
2.3384564936046046  1234
2.3404441148401185  1222
2.342422680822206  1782
2.3443922736851106  1322
2.346352974450639  1622
2.3483048630481607  2262
2.3502480183341627  2028
2.3521825181113627  2096
2.3541084391474008  1347
2.3560258571931225  1149
2.357934847000454  1797
2.359835482339888  1499
2.361727836017593  1765
2.3636119798921444  2152
2.3654879848909  999
2.367355921026019  1283
2.369215857410143  1524
2.3710678622717363  1370
2.3729120029701067  1688
2.374748346010104  1509
2.376576957056512  2138
2.3783979009481375  1488
2.380211241711606  1667
2.3820170425748683  961
2.383815365980431  1307
2.385606273598312  1690
2.387389826338729  1361
2.3891660843645326  1597
2.3909351071033793  1436
2.392696953259666  822
2.3944516808262164  1695
2.3961993470957363  1476
2.3979400086720375  1357
2.399673721481038  361
2.401400540781544  825
2.403120521175818  847
2.404833716619938  959
2.406540180433955  1354
2.4082399653118496  1447
2.4099331233312946  1247
2.41161970596323  1067
2.413299764081252  1132
2.4149733479708178  1051
2.416640507338281  731
2.4183012913197452  1314
2.419955748489758  1410
2.4216039268698313  1111
2.423245873936808  1418
2.424881636631067  1162
2.4265112613645754  1140
2.428134794028789  1561
2.429752280002408  795
2.4313637641589874  721
2.432969290874406  921
2.4345689040341987  949
2.436162647040756  995
2.437750562820388  1145
2.439332693830263  1020
2.4409090820652177  974
2.4424797690644486  691
2.444044795918076  991
2.4456042032735974  1025
2.4471580313422194  1049
2.44870631990508  1053
2.450249108319361  1248
2.45178643552429  953
2.4533183400470375  934
2.45484486000851  838
2.456366033129043  497
2.4578818967339924  1128
2.459392487759231  562
2.4608978427565478  878
2.462397997898956  908
2.4638929889859074  513
2.4653828514484184  938
2.4668676203541096  701
2.4683473304121573  715
2.469822015978163  1052
2.4712917110589387  971
2.4727564493172123  842
2.4742162640762553  793
2.4756711883244296  674
2.4771212547196626  764
2.4785664955938436  622
2.4800069429571505  713
2.481442628502305  652
2.482873583608754  805
2.484299839346786  576
2.48572142648158  539
2.4871383754771865  649
2.4885507165004443  729
2.4899584794248346  882
2.4913616938342726  650
2.4927603890268375  463
2.494154594018443  493
2.4955443375464483  507
2.496929648073215  795
2.4983105537896004  513
2.499687082618404  561
2.5010592622177517  492
2.5024271199844326  546
2.503790683057181  566
2.505149978319906  676
2.506505032404872  406
2.507855871695831  607
2.509202522331103  530
2.510545010206612  347
2.5118833609788744  426
2.513217600067939  271
2.514547752660286  403
2.515873843711679  341
2.5171958979499744  472
2.5185139398778875  481
2.519827993775719  376
2.5211380837040362  623
2.5224442335063197  442
2.5237464668115646  447
2.525044807036845  330
2.526339277389844  405
2.5276299008713385  419
2.5289167002776547  441
2.530199698203082  420
2.531478917042255  419
2.5327543789924976  387
2.534026106056135  416
2.5352941200427703  424
2.53655844257153  392
2.537819095073274  348
2.5390760987927767  385
2.5403294747908736  426
2.5415792439465807  310
2.5428254269591797  425
2.5440680443502757  355
2.545307116465824  335
2.546542663478131  369
2.5477747053878224  452
2.5490032620257876  362
2.550228353055094  280
2.5514499979728753  293
2.552668216112193  273
2.5538830266438746  412
2.5550944485783194  290
2.5563025007672873  260
2.5575072019056577  318
2.558708570533166  187
2.5599066250361124  283
2.561101383649056  291
2.5622928644564746  199
2.5634810853944106  246
2.5646660642520893  224
2.5658478186735176  270
2.56702636615906  257
2.568201724066995  249
2.569373909615046  169
2.5705429398818973  235
2.571708831808688  156
2.5728716022004803  172
2.574031267727719  203
2.575187844927661  214
2.576341350205793  146
2.5774917998372255  118
2.578639209968072  183
2.57978359661681  152
2.5809249756756194  145
2.582063362911709  164
2.583198773968623  138
2.584331224367531  129
2.5854607295085006  114
2.586587304671755  90
2.5877109650189114  86
2.5888317255942073  104
2.5899496013257077  128
2.591064607026499  83
2.5921767573958667  92
2.593286067020457  67
2.5943925503754266  68
2.595496221825574  27
2.59659709562646  84
2.597695185925512  71
2.598790506763115  56
2.5998830720736876  68
2.6009728956867484  48
2.6020599913279625  43
2.603144372620182  25
2.60422605308447  36
2.6053050461411096  40
2.606381365110605  25
2.6074550232146687  14
2.6085260335771943  23
2.60959440922522  15
2.61066016308988  11
2.611723308007342  8
2.6127838567197355  28
2.6138418218760693  11
2.6148972160331345  17
2.615950051656401  25
2.617000341120899  21
2.6180480967120925  13
2.6190933306267428  13
2.6201360549737576  6
2.621176281775035  3
2.622214022966295  2
2.6232492903979003  10
2.6242820958356683  5
2.625312450961674  12
2.6263403673750423  3
2.6273658565927325  1
2.6283889300503116  4
2.629409599102719  3
2.6314437690131722  1
2.6324572921847245  2
2.6334684555795866  1
2.6344772701607315  1
