0.3010299956639812  34767
0.47712125471966244  34944
0.6020599913279624  34578
0.6989700043360189  30773
0.7781512503836436  33504
0.8450980400142568  28784
0.9030899869919435  30948
0.9542425094393249  33195
1.0  32772
1.0413926851582251  32776
1.0791812460476249  34430
1.1139433523068367  34213
1.146128035678238  31850
1.1760912590556813  28676
1.2041199826559248  26310
1.2304489213782739  30270
1.255272505103306  27847
1.2787536009528289  22189
1.3010299956639813  23957
1.3222192947339193  21108
1.3424226808222062  18615
1.3617278360175928  16116
1.380211241711606  11859
1.3979400086720377  9092
1.414973347970818  9279
1.4313637641589874  8513
1.4471580313422192  7710
1.462397997898956  6412
1.4771212547196624  6652
1.4913616938342726  5620
1.505149978319906  5370
1.5185139398778875  6506
1.5314789170422551  5563
1.5440680443502757  6667
1.5563025007672873  6346
1.568201724066995  6474
1.5797835966168101  5943
1.591064607026499  7024
1.6020599913279623  5755
1.6127838567197355  6098
1.6232492903979006  5746
1.6334684555795864  5504
1.6434526764861874  5744
1.6532125137753437  5359
1.662757831681574  5649
1.6720978579357175  6357
1.6812412373755872  5573
1.6901960800285136  4863
1.6989700043360187  4752
1.7075701760979363  5194
1.7160033436347992  6916
1.724275869600789  4543
1.7323937598229686  4949
1.7403626894942439  4788
1.7481880270062005  5948
1.7558748556724915  6415
1.7634279935629373  5463
1.7708520116421442  5653
1.7781512503836436  6413
1.7853298350107671  6798
1.792391689498254  5435
1.7993405494535817  4608
1.806179973983887  5688
1.8129133566428555  5826
1.8195439355418688  6051
1.8260748027008264  5913
1.8325089127062364  6970
1.8388490907372552  5081
1.845098040014257  5836
1.8512583487190752  6179
1.8573324964312685  7638
1.863322860120456  6830
1.8692317197309762  5551
1.8750612633917  6333
1.8808135922807914  5277
1.8864907251724818  6512
1.8920946026904804  6605
1.8976270912904414  4974
1.9030899869919435  7209
1.9084850188786497  6942
1.9138138523837167  5552
1.919078092376074  6657
1.9242792860618816  6012
1.9294189257142926  5185
1.9344984512435677  7351
1.9395192526186185  7078
1.9444826721501687  5454
1.9493900066449128  7203
1.954242509439325  7108
1.9590413923210936  6295
1.9637878273455553  7035
1.968482948553935  5642
1.9731278535996986  5827
1.9777236052888478  7744
1.9822712330395684  7361
1.9867717342662448  5757
1.9912260756924949  5702
1.99563519459755  6643
2.0  5225
2.0043213737826426  4574
2.0086001717619175  7138
2.012837224705172  5655
2.0170333392987803  7243
2.0211892990699383  6453
2.0253058652647704  6775
2.0293837776852097  5670
2.03342375548695  7943
2.037426497940624  5063
2.041392685158225  6013
2.0453229787866576  5464
2.0492180226701815  5870
2.0530784434834195  5124
2.0569048513364727  6254
2.060697840353612  5784
2.0644579892269186  7336
2.0681858617461617  6851
2.0718820073061255  9267
2.0755469613925306  6464
2.0791812460476247  5132
2.0827853703164503  6473
2.0863598306747484  7125
2.089905111439398  6378
2.093421685162235  8487
2.0969100130080562  5620
2.100370545117563  5301
2.103803720955957  5328
2.1072099696478683  5047
2.110589710299249  6311
2.113943352306837  6359
2.1172712956557644  5032
2.12057393120585  6409
2.123851640967086  5985
2.1271047983648077  5104
2.130333768495006  5675
2.1335389083702174  6021
2.1367205671564067  7192
2.1398790864012365  5984
2.143014800254095  6632
2.146128035678238  7564
2.1492191126553797  5818
2.1522883443830563  6696
2.155336037465062  5585
2.1583624920952498  5659
2.161368002234975  6311
2.164352855784437  5988
2.167317334748176  6951
2.1702617153949575  6012
2.173186268412274  6187
2.1760912590556813  5629
2.1789769472931693  5598
2.1818435879447726  6679
2.184691430817599  5619
2.187520720836463  5595
2.1903316981702914  5576
2.1931245983544616  5993
2.1958996524092336  7159
2.1986570869544226  4852
2.2013971243204513  5378
2.2041199826559246  5368
2.2068258760318495  6471
2.2095150145426308  5817
2.2121876044039577  4956
2.214843848047698  7979
2.2174839442139063  6412
2.220108088040055  5880
2.2227164711475833  6849
2.225309281725863  5413
2.2278867046136734  5887
2.230448921378274  5753
2.2329961103921536  5157
2.2355284469075487  6350
2.2380461031287955  5967
2.2405492482826  5581
2.2430380486862944  6153
2.24551266781415  6043
2.247973266361807  6896
2.250420002308894  6275
2.2528530309798933  6522
2.255272505103306  5989
2.2576785748691846  6732
2.2600713879850747  5945
2.2624510897304293  6993
2.2648178230095364  6428
2.2671717284030137  5899
2.2695129442179165  5846
2.271841606536499  5981
2.27415784926368  6194
2.2764618041732443  6771
2.278753600952829  7430
2.2810333672477277  5855
2.2833012287035497  4898
2.285557309007774  8022
2.287801729930226  7097
2.290034611362518  6518
2.292256071356476  6516
2.294466226161593  5263
2.296665190261531  7227
2.298853076409707  6087
2.3010299956639813  7530
2.303196057420489  5940
2.305351369446624  6250
2.307496037913213  4909
2.3096301674258988  5327
2.311753861055754  6169
2.3138672203691533  8162
2.315970345456918  6615
2.3180633349627615  6314
2.3201462861110542  7349
2.322219294733919  6974
2.3242824552976926  5777
2.326335860928751  5325
2.3283796034387376  4836
2.330413773349191  6071
2.3324384599156054  6178
2.3344537511509307  6111
2.3364597338485296  5095
2.3384564936046046  5055
2.3404441148401185  5793
2.342422680822206  7277
2.3443922736851106  6957
2.346352974450639  6213
2.3483048630481607  5193
2.3502480183341627  4499
2.3521825181113627  6380
2.3541084391474008  6004
2.3560258571931225  8061
2.357934847000454  5786
2.359835482339888  7177
2.361727836017593  7524
2.3636119798921444  5221
2.3654879848909  5653
2.367355921026019  6442
2.369215857410143  5095
2.3710678622717363  5278
2.3729120029701067  5846
2.374748346010104  6879
2.376576957056512  6191
2.3783979009481375  5841
2.380211241711606  4547
2.3820170425748683  8193
2.383815365980431  6202
2.385606273598312  6862
2.387389826338729  6897
2.3891660843645326  5665
2.3909351071033793  6726
2.392696953259666  5941
2.3944516808262164  6835
2.3961993470957363  5977
2.3979400086720375  5823
2.399673721481038  5576
2.401400540781544  6142
2.403120521175818  7611
2.404833716619938  5225
2.406540180433955  6428
2.4082399653118496  5106
2.4099331233312946  5561
2.41161970596323  4462
2.413299764081252  4923
2.4149733479708178  6189
2.416640507338281  5149
2.4183012913197452  5984
2.419955748489758  7863
2.4216039268698313  4736
2.423245873936808  4660
2.424881636631067  7529
2.4265112613645754  5945
2.428134794028789  5998
2.429752280002408  5814
2.4313637641589874  6281
2.432969290874406  5463
2.4345689040341987  6124
2.436162647040756  6049
2.437750562820388  6861
2.439332693830263  6348
2.4409090820652177  6101
2.4424797690644486  5888
2.444044795918076  5789
2.4456042032735974  6534
2.4471580313422194  6854
2.44870631990508  7227
2.450249108319361  5240
2.45178643552429  5221
2.4533183400470375  6259
2.45484486000851  5599
2.456366033129043  5914
2.4578818967339924  6952
2.459392487759231  5591
2.4608978427565478  5354
2.462397997898956  6527
2.4638929889859074  6654
2.4653828514484184  6925
2.4668676203541096  5140
2.4683473304121573  6963
2.469822015978163  6708
2.4712917110589387  5518
2.4727564493172123  5772
2.4742162640762553  6843
2.4756711883244296  5719
2.4771212547196626  5204
2.4785664955938436  6905
2.4800069429571505  5584
2.481442628502305  5311
2.482873583608754  5409
2.484299839346786  5553
2.48572142648158  7291
2.4871383754771865  6826
2.4885507165004443  5015
2.4899584794248346  5981
2.4913616938342726  6415
2.4927603890268375  5834
2.494154594018443  4820
2.4955443375464483  6323
2.496929648073215  5188
2.4983105537896004  5722
2.499687082618404  5591
2.5010592622177517  4903
2.5024271199844326  6932
2.503790683057181  6087
2.505149978319906  6705
2.506505032404872  6915
2.507855871695831  6439
2.509202522331103  6009
2.510545010206612  5679
2.5118833609788744  5312
2.513217600067939  5767
2.514547752660286  6281
2.515873843711679  6750
2.5171958979499744  6951
2.5185139398778875  5488
2.519827993775719  6334
2.5211380837040362  6567
2.5224442335063197  6454
2.5237464668115646  6576
2.525044807036845  5927
2.526339277389844  5756
2.5276299008713385  6902
2.5289167002776547  6039
2.530199698203082  5773
2.531478917042255  4263
2.5327543789924976  5380
2.534026106056135  6712
2.5352941200427703  4351
2.53655844257153  6221
2.537819095073274  6684
2.5390760987927767  4911
2.5403294747908736  6963
2.5415792439465807  6378
2.5428254269591797  7879
2.5440680443502757  5429
2.545307116465824  6549
2.546542663478131  9037
2.5477747053878224  5735
2.5490032620257876  7001
2.550228353055094  6838
2.5514499979728753  6778
2.552668216112193  7233
2.5538830266438746  6059
2.5550944485783194  6198
2.5563025007672873  7497
2.5575072019056577  6741
2.558708570533166  6464
2.5599066250361124  5868
2.561101383649056  7013
2.5622928644564746  6557
2.5634810853944106  6971
2.5646660642520893  6665
2.5658478186735176  7420
2.56702636615906  5707
2.568201724066995  7178
2.569373909615046  5674
2.5705429398818973  4615
2.571708831808688  6507
2.5728716022004803  7334
2.574031267727719  7923
2.575187844927661  5622
2.576341350205793  6734
2.5774917998372255  5868
2.578639209968072  5798
2.57978359661681  5522
2.5809249756756194  6315
2.582063362911709  6771
2.583198773968623  5482
2.584331224367531  5290
2.5854607295085006  6299
2.586587304671755  5800
2.5877109650189114  6078
2.5888317255942073  6187
2.5899496013257077  6451
2.591064607026499  6211
2.5921767573958667  8319
2.593286067020457  5429
2.5943925503754266  5244
2.595496221825574  6243
2.59659709562646  6513
2.597695185925512  5628
2.598790506763115  5278
2.5998830720736876  6473
2.6009728956867484  5089
2.6020599913279625  5517
2.603144372620182  5768
2.60422605308447  7623
2.6053050461411096  5824
2.606381365110605  6625
2.6074550232146687  5870
2.6085260335771943  6260
2.60959440922522  6468
2.61066016308988  5269
2.611723308007342  5930
2.6127838567197355  7652
2.6138418218760693  5599
2.6148972160331345  5047
2.615950051656401  6218
2.617000341120899  6703
2.6180480967120925  6220
2.6190933306267428  5568
2.6201360549737576  6761
2.621176281775035  6311
2.622214022966295  7615
2.6232492903979003  5146
2.6242820958356683  6365
2.625312450961674  6352
2.6263403673750423  7498
2.6273658565927325  5931
2.6283889300503116  6975
2.629409599102719  6855
2.630427875025024  5726
2.6314437690131722  7647
2.6324572921847245  6750
2.6334684555795866  5430
2.6344772701607315  6356
2.635483746814912  5987
2.6364878963533656  5806
2.637489729512511  7276
2.6384892569546374  7416
2.639486489268586  5832
2.640481436970422  4994
2.6414741105040997  7243
2.6424645202421213  6992
2.6434526764861874  6689
2.6444385894678386  5239
2.645422269349092  5624
2.6464037262230695  6193
2.6473829701146196  7526
2.6483600109809315  5561
2.649334858712142  6857
2.6503075231319366  7912
2.651278013998144  6596
2.6522463410033232  6769
2.6532125137753435  5942
2.6541765418779604  6986
2.655138434811382  6349
2.656098202012832  6116
2.6570558528571038  5608
2.6580113966571126  5310
2.658964842664435  7134
2.6599162000698504  5421
2.660865478003869  6880
2.661812685537261  5326
2.662757831681574  5399
2.663700925389648  5642
2.6646419755561257  6356
2.6655809910179533  7611
2.6665179805548807  5338
2.667452952889954  5940
2.66838591669  5518
2.6693168805661123  5322
2.670245853074124  5312
2.6711728427150834  6810
2.6720978579357175  5652
2.673020907128896  6130
2.673941998634088  5297
2.6748611407378116  4289
2.6757783416740852  5238
2.6766936096248664  6451
2.677606952720493  5192
2.678518379040114  5736
2.6794278966121188  7291
2.680335513414563  5891
2.681241237375587  7155
2.682145076373832  6234
2.6830470382388496  6244
2.683947130751512  5104
2.6848453616444123  6443
2.6857417386022635  4597
2.6866362692622934  5579
2.6875289612146345  6144
2.6884198220027105  6609
2.6893088591236203  5558
2.690196080028514  6035
2.6910814921229687  4850
2.69196510276736  5740
2.69284691927723  6317
2.693726948923647  6456
2.694605198933569  5692
2.6954816764901977  6686
2.696356388733332  6584
2.6972293427597176  6691
2.6981005456233897  6271
2.6989700043360187  5855
2.699837725867246  5665
2.7007037171450192  5463
2.7015679850559273  5006
2.7024305364455254  5436
2.7032913781186614  5601
2.7041505168397992  4695
2.705007959333336  5656
2.7058637122839193  5565
2.7067177823367587  5888
2.7075701760979363  6215
2.708420900134713  5397
2.709269960975831  5313
2.7101173651118162  4845
2.710963118995276  7297
2.711807229041191  5651
2.7126497016272113  4603
2.7134905430939424  4958
2.714329759745233  6277
2.7151673578484576  6924
2.716003343634799  5444
2.7168377232995247  5239
2.717670503002262  6519
2.718501688867274  5565
2.7193312869837265  6549
2.720159303405957  5718
2.7209857441537393  5920
2.7218106152125467  6417
2.722633922533812  5161
2.7234556720351857  6172
2.724275869600789  4952
2.725094521081469  5402
2.7259116322950483  5176
2.7267272090265724  5330
2.727541257028556  5519
2.7283537820212285  6153
2.72916478969277  5801
2.7299742856995555  6715
2.7307822756663893  5308
2.7315887651867388  5864
2.7323937598229686  7968
2.7331972651065692  6040
2.733999286538387  6229
2.734799829588847  7867
2.73559889969818  5725
2.7363965022766426  6763
2.7371926427047373  6292
2.737987326333431  7000
2.738780558484369  5288
2.739572344450092  5855
2.7403626894942437  5796
2.741151598851785  5032
2.741939077729199  7212
2.7427251313046983  5957
2.74350976472843  6652
2.7442929831226763  5136
2.7450747915820575  6013
2.745855195173729  5532
2.7466341989375787  5766
2.747411807886423  5942
2.7481880270062002  6261
2.7489628612561616  6242
2.749736315569061  6401
2.7505083948513462  5408
2.751279103983342  6241
2.7520484478194387  5859
2.7528164311882715  5471
2.7535830588929064  6055
2.754348335711019  5266
2.7551122663950713  5770
2.7558748556724915  4899
2.756636108245848  6594
2.7573960287930244  7060
2.75815462196739  5141
2.7589118923979736  6827
2.7596678446896306  6012
2.760422483423212  6092
2.7611758131557314  6377
2.761927838420529  5904
2.762678563727436  5573
2.7634279935629373  5356
2.7641761323903307  5789
2.7649229846498886  6941
2.765668554759014  6355
2.7664128471123997  6514
2.7671558660821804  4375
2.767897616018091  5582
2.7686381012476144  7744
2.7693773260761385  6067
2.7701152947871015  5503
2.7708520116421442  5094
2.7715874808812555  5299
2.77232170672292  6558
2.7730546933642626  6837
2.7737864449811935  6537
2.7745169657285498  5905
2.7752462597402365  5974
2.775974331129369  5659
2.776701183988411  7797
2.7774268223893115  5909
2.7781512503836434  6062
2.7788744720027396  6282
2.7795964912578244  6732
2.780317312140151  7209
2.7810369386211318  6246
2.781755374652469  6787
2.782472624166286  6257
2.7831886910752575  6232
2.783903579272735  6930
2.784617292632875  8288
2.785329835010767  7460
2.786041210242554  5760
2.7867514221455614  5471
2.787460474518415  6120
2.788168371141168  6775
2.788875115775417  4830
2.7895807121644256  5102
2.7902851640332416  5690
2.790988475088816  6537
2.791690649020118  6761
2.792391689498254  5401
2.79309160017658  5860
2.7937903846908188  5961
2.7944880466591697  5542
2.795184589682424  4883
2.7958800173440754  6379
2.7965743332104296  6094
2.7972675408307164  5549
2.797959643737196  6298
2.798650645445269  6903
2.7993405494535817  6705
2.8000293592441343  6161
2.800717078282385  5949
2.801403710017355  5478
2.802089257881733  5658
2.8027737252919755  6482
2.803457115648414  6280
2.8041394323353503  5160
2.8048206787211623  6156
2.8055008581584002  6061
2.806179973983887  5209
2.8068580295188172  7011
2.807535028068853  5827
2.808210972924222  6514
2.808885867359812  5415
2.8095597146352675  5640
2.8102325179950842  5966
2.8109042806687006  6360
2.8115750058705933  5526
2.812244696800369  6020
2.8129133566428557  5886
2.813580988568192  6014
2.81424759573192  3897
2.814913181275074  6114
2.815577748324267  6785
2.816241299991783  6039
2.8169038393756605  5790
2.8175653695597807  5667
2.8182258936139557  7664
2.8188854145940097  6594
2.8195439355418688  5497
2.82020145948564  6997
2.8208579894397  6657
2.821513528404773  5830
2.8221680793680175  6774
2.8228216453031045  5436
2.823474229170301  4641
2.824125833916549  6189
2.824776462475546  4622
2.8254261177678233  5517
2.8260748027008264  5654
2.826722520168992  6278
2.8273692730538253  4997
2.828015064223977  6381
2.82865989653532  6183
2.829303772831025  5895
2.829946695941636  4692
2.8305886686851442  6365
2.8312296938670634  6239
2.8318697742805017  5220
2.832508912706236  5741
2.833147111912785  7021
2.833784374656479  5275
2.8344207036815328  5303
2.835056101720116  5616
2.8356905714924254  6826
2.8363241157067516  4820
2.8369567370595505  6278
2.837588438235511  5925
2.8382192219076257  5358
2.838849090737255  6879
2.8394780473741985  6946
2.840106094456758  5448
2.8407332346118066  5073
2.841359470454855  4662
2.8419848045901137  6496
2.842609239610562  5481
2.8432327780980096  7965
2.843855422623161  6068
2.8444771757456815  6774
2.845098040014257  5409
2.8457180179666586  5987
2.846337112129805  7106
2.846955325019824  5035
2.847572659142112  5378
2.848189116991399  6548
2.8488047010518036  6458
2.8494194137968996  5668
2.850033257689769  4624
2.8506462351830666  5961
2.8512583487190755  5578
2.851869600729766  6644
2.8524799936368566  5764
2.8530895298518657  6716
2.8536982117761744  5053
2.8543060418010806  5310
2.8549130223078554  5297
2.8555191556678  6013
2.8561244442423  4662
2.8567288903828825  5954
2.8573324964312685  6548
2.857935264719429  4724
2.858537197569639  5516
2.859138297294531  5157
2.859738566197147  5696
2.8603380065709936  5491
2.8609366207000937  4236
2.8615344108590377  5665
2.862131379313037  5689
2.8627275283179747  4964
2.863322860120456  5800
2.8639173769578603  5865
2.864511081058392  5209
2.8651039746411278  4421
2.8656960599160706  5407
2.8662873390841948  4963
2.866877814337499  5937
2.8674674878590514  5417
2.8680563618230415  6067
2.8686444383948255  4595
2.8692317197309762  4205
2.869818207979328  5464
2.870403905279027  5402
2.8709888137605755  5202
2.8715729355458786  4784
2.8721562727482928  5514
2.8727388274726686  5414
2.873320601815399  6766
2.8739015978644615  5314
2.8744818176994666  5850
2.8750612633917  4595
2.8756399370041685  5474
2.876217840591642  4955
2.8767949762007006  6333
2.877371345869774  5302
2.8779469516291885  4923
2.8785217955012063  6439
2.8790958795000727  5611
2.8796692056320534  6151
2.88024177589548  5717
2.8808135922807914  4989
2.8813846567705728  5921
2.8819549713396007  5010
2.8825245379548803  5075
2.8830933585756897  5582
2.8836614351536176  5631
2.884228769632604  5781
2.884795363948981  5134
2.885361220031512  5953
2.885926339801431  5073
2.886490725172482  4787
2.8870543780509568  5042
2.887617300335736  5855
2.888179493918325  5430
2.8887409606828927  5333
2.88930170250631  4648
2.8898617212581885  5076
2.890421018800914  5887
2.890979596989689  4807
2.8915374576725643  5080
2.8920946026904804  5147
2.8926510338773004  5157
2.893206753059848  5292
2.8937617620579434  5161
2.8943160626844384  4292
2.8948696567452528  4744
2.895422546039408  5405
2.8959747323590648  4539
2.8965262174895554  5304
2.89707700320942  5358
2.8976270912904414  4397
2.8981764834976764  4976
2.8987251815894934  4229
2.8992731873176036  5378
2.8998205024270964  4526
2.9003671286564705  5074
2.900913067737669  5561
2.9014583213961123  4812
2.9020028913507296  6219
2.902546779313991  4229
2.9030899869919438  4458
2.9036325160842376  4297
2.9041743682841634  4527
2.904715545278681  5366
2.905256048748451  3981
2.9057958803678687  5212
2.906335041805091  4103
2.90687353472207  5161
2.907411360774586  4787
2.9079485216122722  4767
2.90848501887865  4320
2.909020854211156  4274
2.9095560292411755  5081
2.910090545594068  5524
2.910624404889201  5389
2.9111576087399764  4177
2.9116901587538613  5620
2.9122220565324155  5424
2.912753303671323  4791
2.9132839017604186  5105
2.9138138523837167  4517
2.9143431571194407  4680
2.9148718175400505  5028
2.91539983521227  4979
2.9159272116971158  4509
2.916453948549925  4876
2.9169800473203824  4460
2.9175055095525466  4570
2.9180303367848803  4405
2.9185545305502734  4720
2.9190780923760737  4319
2.919601023784111  4435
2.920123326290724  5079
2.9206450014067875  4746
2.921166050637739  4545
2.921686475483602  4691
2.9222062774390163  5138
2.92272545799326  4839
2.9232440186302764  4155
2.9237619608287004  4413
2.9242792860618816  3919
2.924795995797912  4459
2.9253120914996495  4600
2.9258275746247424  5096
2.926342446625655  4670
2.926856708949692  3685
2.9273703630390235  5095
2.9278834103307068  3934
2.9283958522567137  5183
2.928907690243953  3867
2.929418925714293  3776
2.929929560084588  4560
2.9304395947667  4500
2.930949031167523  4214
2.931457870689005  3542
2.931966114728173  4232
2.932473764677153  4421
2.932980821923198  4027
2.9334872878487053  3790
2.9339931638312424  3723
2.934498451243568  4310
2.935003151453655  3916
2.9355072658247128  4161
2.9360107957152097  4460
2.936513742478893  4486
2.9370161074648142  4003
2.937517892017347  4016
2.9380190974762104  3654
2.938519725176492  4119
2.9390197764486663  3844
2.9395192526186187  3800
2.9400181550076634  3905
2.940516484932567  4667
2.9410142437055695  4215
2.941511432634403  3521
2.942008053022313  4163
2.9425041061680806  3801
2.9429995933660407  3702
2.9434945159061026  3495
2.9439888750737717  4279
2.9444826721501687  3421
2.9449759084120477  4092
2.94546858513182  4183
2.9459607035775686  3016
2.946452265013073  3607
2.9469432706978256  3848
2.9474337218870508  3977
2.9479236198317262  3655
2.948412965778601  3259
2.9489017609702137  4374
2.949390006644913  3697
2.949877704036875  3544
2.950364854376123  3752
2.9508514588885464  3835
2.951337518795918  3521
2.951823035315912  2912
2.9523080096621253  3483
2.952792443044092  3295
2.9532763366673045  3420
2.9537596917332287  3457
2.9542425094393248  3585
2.954724790979063  3228
2.9552065375419416  3109
2.9556877503135057  3020
2.9561684304753633  2915
2.9566485792052033  3699
2.957128197676813  3592
2.957607287060095  3159
2.958085848521085  3375
2.9585638832219674  3003
2.9590413923210934  2670
2.9595183769729982  2831
2.959994838328416  2944
2.960470777534299  3309
2.960946195733831  3133
2.9614210940664485  2895
2.9618954736678504  3164
2.962369335670021  2941
2.9628426812012423  2948
2.9633155113861114  2985
2.963787827345555  3003
2.964259630196849  2747
2.9647309210536292  3088
2.965201701025912  2744
2.9656719712201065  3005
2.9661417327390325  2718
2.966610986681934  2264
2.967079734144497  2714
2.967547976218862  2558
2.968015713993642  2639
2.9684829485539352  2617
2.9689496809813427  2468
2.9694159123539814  2384
2.9698816437465  2869
2.9703468762300935  2356
2.9708116108725178  2446
2.971275848738105  2452
2.971739590887778  2254
2.9722028383790646  2439
2.972665592266111  2233
2.9731278535996988  2425
2.973589623427257  2566
2.9740509027928774  1999
2.9745116927373285  2197
2.974971994298069  1922
2.975431808509263  2231
2.975891136401793  2242
2.9763499790032735  2217
2.976808337338066  2186
2.977266212427293  1734
2.9777236052888476  1926
2.978180516937414  1875
2.9786369483844743  1894
2.979092900638326  1721
2.979548374704095  1827
2.9800033715837464  1903
2.9804578922761  2007
2.9809119377768436  1946
2.9813655090785445  1760
2.9818186071706636  1510
2.9822712330395684  1672
2.9827233876685453  1634
2.983175072037813  1468
2.9836262871245345  1440
2.984077033902831  1676
2.9845273133437926  1200
2.9849771264154934  1545
2.9854264740830017  1539
2.9858753573083936  1520
2.986323777050765  1257
2.9867717342662448  1357
2.9872192299080047  1519
2.9876662649262746  1262
2.988112840268352  1148
2.9885589568786157  1035
2.989004615698537  1119
2.9894498176666917  1155
2.989894563718773  1150
2.9903388547876015  1016
2.9907826918031377  1111
2.9912260756924947  1200
2.9916690073799486  1005
2.9921114877869495  919
2.9925535178321354  846
2.9929950984313414  961
2.9934362304976116  894
2.993876914941211  826
2.9943171526696366  830
2.9947569445876283  758
2.9951962915971793  757
2.99563519459755  729
2.9960736544852753  624
2.9965116721541785  801
2.996949248495381  607
2.997386384397313  620
2.9978230807457256  573
2.998259338423699  673
2.998695158311656  612
2.999130541287371  529
2.9995654882259823  513
3.0  521
3.000434077479319  359
3.0008677215312267  443
3.0013009330204183  404
3.0017337128090005  308
3.002166061756508  384
3.0025979807199086  295
3.003029470553618  268
3.0034605321095067  385
3.0038911662369103  273
3.0043213737826426  318
3.004751155591001  301
3.0051805125037805  193
3.0056094453602804  223
3.0060379549973173  210
3.0064660422492318  251
3.0068937079479006  181
3.0073209529227447  182
3.00774777800074  163
3.0081741840064264  161
3.0086001717619175  105
3.0090257420869104  136
3.009450895798694  176
3.00987563371216  121
3.010299956639812  139
3.010723865391773  84
3.0111473607757975  118
3.0115704435972783  73
3.011993114659257  120
3.012415374762433  63
3.012837224705172  56
3.0132586652835167  65
3.0136796972911926  67
3.0141003215196207  56
3.0145205387579237  29
3.0149403497929366  32
3.0153597554092144  35
3.015778756389041  23
3.016197353512439  33
3.016615547557177  27
3.0170333392987803  29
3.017450729510536  39
3.0178677189635055  19
3.018284308426531  23
3.0187004986662433  9
3.019116290447073  6
3.0195316845312554  8
3.0199466816788423  4
3.0203612826477078  13
3.020775488193558  2
3.0211892990699383  5
3.021602716028242  7
3.02201573981772  8
3.0224283711854865  2
3.022840610876528  9
3.0232524596337114  9
3.0236639181977933  6
3.024074987307426  6
3.024485667699167  7
3.024895960107485  3
3.0253058652647704  2
3.025715383901341  1
3.0261245167454502  2
3.0265332645232967  2
3.0269416279590295  1
3.0273496077747564  2
3.0277572046905536  3
3.0281644194244697  2
3.0285712526925375  1
3.028977705208778  4
