0.3010299956639812  12554
0.47712125471966244  13408
0.6020599913279624  10736
0.6989700043360189  10999
0.7781512503836436  11594
0.8450980400142568  11670
0.9030899869919435  11995
0.9542425094393249  12738
1.0  12232
1.0413926851582251  11102
1.0791812460476249  12888
1.1139433523068367  11257
1.146128035678238  12325
1.1760912590556813  13895
1.2041199826559248  12088
1.2304489213782739  13143
1.255272505103306  10634
1.2787536009528289  12401
1.3010299956639813  10869
1.3222192947339193  11702
1.3424226808222062  10935
1.3617278360175928  9396
1.380211241711606  8252
1.3979400086720377  7686
1.414973347970818  7334
1.4313637641589874  4573
1.4471580313422192  4874
1.462397997898956  5164
1.4771212547196624  4388
1.4913616938342726  4570
1.505149978319906  4876
1.5185139398778875  4966
1.5314789170422551  4555
1.5440680443502757  4525
1.5563025007672873  4638
1.568201724066995  4474
1.5797835966168101  5179
1.591064607026499  4839
1.6020599913279623  5194
1.6127838567197355  3878
1.6232492903979006  4146
1.6334684555795864  4395
1.6434526764861874  4691
1.6532125137753437  4234
1.662757831681574  4469
1.6720978579357175  4804
1.6812412373755872  4070
1.6901960800285136  4565
1.6989700043360187  4741
1.7075701760979363  4633
1.7160033436347992  4348
1.724275869600789  4837
1.7323937598229686  3617
1.7403626894942439  4595
1.7481880270062005  4717
1.7558748556724915  4351
1.7634279935629373  4022
1.7708520116421442  4419
1.7781512503836436  4804
1.7853298350107671  4489
1.792391689498254  4375
1.7993405494535817  4832
1.806179973983887  4808
1.8129133566428555  4494
1.8195439355418688  4523
1.8260748027008264  4817
1.8325089127062364  4256
1.8388490907372552  4227
1.845098040014257  4033
1.8512583487190752  4985
1.8573324964312685  4015
1.863322860120456  4444
1.8692317197309762  4891
1.8750612633917  4581
1.8808135922807914  3746
1.8864907251724818  3938
1.8920946026904804  4775
1.8976270912904414  4742
1.9030899869919435  4517
1.9084850188786497  4201
1.9138138523837167  4173
1.919078092376074  5412
1.9242792860618816  4561
1.9294189257142926  4343
1.9344984512435677  4291
1.9395192526186185  4432
1.9444826721501687  4249
1.9493900066449128  4096
1.954242509439325  4288
1.9590413923210936  4301
1.9637878273455553  4294
1.968482948553935  4528
1.9731278535996986  4203
1.9777236052888478  4432
1.9822712330395684  4742
1.9867717342662448  4418
1.9912260756924949  4672
1.99563519459755  4326
2.0  4625
2.0043213737826426  5116
2.0086001717619175  4519
2.012837224705172  4352
2.0170333392987803  4463
2.0211892990699383  4282
2.0253058652647704  4540
2.0293837776852097  4127
2.03342375548695  4847
2.037426497940624  4059
2.041392685158225  4424
2.0453229787866576  4958
2.0492180226701815  4939
2.0530784434834195  4582
2.0569048513364727  3895
2.060697840353612  3824
2.0644579892269186  4819
2.0681858617461617  4845
2.0718820073061255  4650
2.0755469613925306  4297
2.0791812460476247  4645
2.0827853703164503  4745
2.0863598306747484  4668
2.089905111439398  4482
2.093421685162235  4513
2.0969100130080562  4678
2.100370545117563  4263
2.103803720955957  4245
2.1072099696478683  4447
2.110589710299249  4420
2.113943352306837  4154
2.1172712956557644  4737
2.12057393120585  4334
2.123851640967086  3493
2.1271047983648077  4010
2.130333768495006  4430
2.1335389083702174  3900
2.1367205671564067  5010
2.1398790864012365  4707
2.143014800254095  4262
2.146128035678238  4291
2.1492191126553797  4693
2.1522883443830563  4770
2.155336037465062  4271
2.1583624920952498  4169
2.161368002234975  4012
2.164352855784437  4827
2.167317334748176  4436
2.1702617153949575  4299
2.173186268412274  4882
2.1760912590556813  3655
2.1789769472931693  4239
2.1818435879447726  4351
2.184691430817599  4353
2.187520720836463  4859
2.1903316981702914  4203
2.1931245983544616  4789
2.1958996524092336  5130
2.1986570869544226  4563
2.2013971243204513  5048
2.2041199826559246  4802
2.2068258760318495  4607
2.2095150145426308  4133
2.2121876044039577  4473
2.214843848047698  4405
2.2174839442139063  4058
2.220108088040055  4721
2.2227164711475833  4320
2.225309281725863  4373
2.2278867046136734  4160
2.230448921378274  4298
2.2329961103921536  4313
2.2355284469075487  4464
2.2380461031287955  4514
2.2405492482826  4469
2.2430380486862944  4751
2.24551266781415  4296
2.247973266361807  4212
2.250420002308894  4373
2.2528530309798933  4486
2.255272505103306  3910
2.2576785748691846  5077
2.2600713879850747  4346
2.2624510897304293  4465
2.2648178230095364  3860
2.2671717284030137  4648
2.2695129442179165  4092
2.271841606536499  4051
2.27415784926368  4933
2.2764618041732443  4854
2.278753600952829  4837
2.2810333672477277  4743
2.2833012287035497  3868
2.285557309007774  4743
2.287801729930226  4778
2.290034611362518  4757
2.292256071356476  3983
2.294466226161593  4468
2.296665190261531  4866
2.298853076409707  4629
2.3010299956639813  3912
2.303196057420489  5141
2.305351369446624  5077
2.307496037913213  4432
2.3096301674258988  3919
2.311753861055754  4186
2.3138672203691533  4433
2.315970345456918  4013
2.3180633349627615  4050
2.3201462861110542  4516
2.322219294733919  3790
2.3242824552976926  4016
2.326335860928751  4809
2.3283796034387376  5049
2.330413773349191  4587
2.3324384599156054  4789
2.3344537511509307  4535
2.3364597338485296  5059
2.3384564936046046  4777
2.3404441148401185  3681
2.342422680822206  4790
2.3443922736851106  4053
2.346352974450639  4933
2.3483048630481607  4273
2.3502480183341627  4443
2.3521825181113627  4425
2.3541084391474008  4428
2.3560258571931225  5245
2.357934847000454  4071
2.359835482339888  4286
2.361727836017593  5301
2.3636119798921444  4315
2.3654879848909  4594
2.367355921026019  4544
2.369215857410143  4482
2.3710678622717363  4445
2.3729120029701067  4671
2.374748346010104  4982
2.376576957056512  4078
2.3783979009481375  4557
2.380211241711606  4694
2.3820170425748683  4418
2.383815365980431  4377
2.385606273598312  3568
2.387389826338729  3750
2.3891660843645326  4638
2.3909351071033793  4121
2.392696953259666  4518
2.3944516808262164  4593
2.3961993470957363  4288
2.3979400086720375  4016
2.399673721481038  4643
2.401400540781544  4104
2.403120521175818  5149
2.404833716619938  4616
2.406540180433955  5103
2.4082399653118496  4743
2.4099331233312946  4068
2.41161970596323  5002
2.413299764081252  4313
2.4149733479708178  3677
2.416640507338281  4680
2.4183012913197452  4801
2.419955748489758  4808
2.4216039268698313  3684
2.423245873936808  4894
2.424881636631067  4255
2.4265112613645754  4471
2.428134794028789  4127
2.429752280002408  4778
2.4313637641589874  4299
2.432969290874406  3898
2.4345689040341987  4499
2.436162647040756  4524
2.437750562820388  3815
2.439332693830263  4565
2.4409090820652177  4873
2.4424797690644486  4184
2.444044795918076  4461
2.4456042032735974  4328
2.4471580313422194  4616
2.44870631990508  5299
2.450249108319361  4134
2.45178643552429  4026
2.4533183400470375  4367
2.45484486000851  4347
2.456366033129043  4325
2.4578818967339924  4680
2.459392487759231  4541
2.4608978427565478  3969
2.462397997898956  4531
2.4638929889859074  4224
2.4653828514484184  3724
2.4668676203541096  4362
2.4683473304121573  4570
2.469822015978163  4200
2.4712917110589387  4260
2.4727564493172123  4676
2.4742162640762553  4234
2.4756711883244296  4940
2.4771212547196626  4332
2.4785664955938436  4359
2.4800069429571505  5044
2.481442628502305  4065
2.482873583608754  5127
2.484299839346786  4808
2.48572142648158  4549
2.4871383754771865  4449
2.4885507165004443  5307
2.4899584794248346  4366
2.4913616938342726  4527
2.4927603890268375  4588
2.494154594018443  4551
2.4955443375464483  4871
2.496929648073215  4586
2.4983105537896004  4654
2.499687082618404  4408
2.5010592622177517  4713
2.5024271199844326  4971
2.503790683057181  4460
2.505149978319906  4469
2.506505032404872  4322
2.507855871695831  4928
2.509202522331103  4667
2.510545010206612  4331
2.5118833609788744  3791
2.513217600067939  4322
2.514547752660286  5017
2.515873843711679  4743
2.5171958979499744  4817
2.5185139398778875  3957
2.519827993775719  4049
2.5211380837040362  4539
2.5224442335063197  4616
2.5237464668115646  5215
2.525044807036845  4576
2.526339277389844  4771
2.5276299008713385  4646
2.5289167002776547  3938
2.530199698203082  4989
2.531478917042255  4380
2.5327543789924976  4267
2.534026106056135  4491
2.5352941200427703  3693
2.53655844257153  4106
2.537819095073274  5102
2.5390760987927767  4269
2.5403294747908736  5043
2.5415792439465807  4314
2.5428254269591797  4927
2.5440680443502757  4343
2.545307116465824  4163
2.546542663478131  3861
2.5477747053878224  4638
2.5490032620257876  4889
2.550228353055094  4517
2.5514499979728753  4348
2.552668216112193  4577
2.5538830266438746  4259
2.5550944485783194  3713
2.5563025007672873  4803
2.5575072019056577  4541
2.558708570533166  3976
2.5599066250361124  4263
2.561101383649056  4326
2.5622928644564746  4176
2.5634810853944106  4692
2.5646660642520893  4479
2.5658478186735176  3980
2.56702636615906  3995
2.568201724066995  4056
2.569373909615046  4590
2.5705429398818973  4056
2.571708831808688  4027
2.5728716022004803  4997
2.574031267727719  3898
2.575187844927661  4297
2.576341350205793  5415
2.5774917998372255  4545
2.578639209968072  4337
2.57978359661681  4733
2.5809249756756194  4482
2.582063362911709  5092
2.583198773968623  4249
2.584331224367531  4924
2.5854607295085006  4444
2.586587304671755  4095
2.5877109650189114  3887
2.5888317255942073  4415
2.5899496013257077  4820
2.591064607026499  4117
2.5921767573958667  4210
2.593286067020457  4389
2.5943925503754266  4421
2.595496221825574  4115
2.59659709562646  4412
2.597695185925512  3886
2.598790506763115  4454
2.5998830720736876  4534
2.6009728956867484  4119
2.6020599913279625  4493
2.603144372620182  4443
2.60422605308447  4905
2.6053050461411096  4451
2.606381365110605  4402
2.6074550232146687  4598
2.6085260335771943  4596
2.60959440922522  4154
2.61066016308988  4476
2.611723308007342  4679
2.6127838567197355  4498
2.6138418218760693  4794
2.6148972160331345  4437
2.615950051656401  4913
2.617000341120899  4600
2.6180480967120925  3943
2.6190933306267428  4121
2.6201360549737576  4281
2.621176281775035  5616
2.622214022966295  4670
2.6232492903979003  4002
2.6242820958356683  4171
2.625312450961674  4826
2.6263403673750423  3771
2.6273658565927325  4308
2.6283889300503116  4043
2.629409599102719  5114
2.630427875025024  4545
2.6314437690131722  3984
2.6324572921847245  3974
2.6334684555795866  4143
2.6344772701607315  4754
2.635483746814912  4730
2.6364878963533656  4215
2.637489729512511  4763
2.6384892569546374  5193
2.639486489268586  4542
2.640481436970422  4767
2.6414741105040997  4361
2.6424645202421213  4440
2.6434526764861874  4219
2.6444385894678386  4654
2.645422269349092  4424
2.6464037262230695  4013
2.6473829701146196  4553
2.6483600109809315  4800
2.649334858712142  4645
2.6503075231319366  4040
2.651278013998144  4454
2.6522463410033232  4640
2.6532125137753435  4453
2.6541765418779604  4667
2.655138434811382  4451
2.656098202012832  4274
2.6570558528571038  3862
2.6580113966571126  4792
2.658964842664435  4949
2.6599162000698504  4091
2.660865478003869  4364
2.661812685537261  4584
2.662757831681574  4560
2.663700925389648  4820
2.6646419755561257  4302
2.6655809910179533  5054
2.6665179805548807  4309
2.667452952889954  4093
2.66838591669  4214
2.6693168805661123  4105
2.670245853074124  4043
2.6711728427150834  4661
2.6720978579357175  4095
2.673020907128896  4637
2.673941998634088  4162
2.6748611407378116  4101
2.6757783416740852  4602
2.6766936096248664  4147
2.677606952720493  4257
2.678518379040114  4756
2.6794278966121188  4271
2.680335513414563  4029
2.681241237375587  4620
2.682145076373832  4406
2.6830470382388496  4065
2.683947130751512  4247
2.6848453616444123  5018
2.6857417386022635  4994
2.6866362692622934  4561
2.6875289612146345  4459
2.6884198220027105  4324
2.6893088591236203  4109
2.690196080028514  4535
2.6910814921229687  5029
2.69196510276736  4837
2.69284691927723  4866
2.693726948923647  4491
2.694605198933569  4488
2.6954816764901977  4531
2.696356388733332  4632
2.6972293427597176  4291
2.6981005456233897  3987
2.6989700043360187  4113
2.699837725867246  4479
2.7007037171450192  4835
2.7015679850559273  4018
2.7024305364455254  4177
2.7032913781186614  3924
2.7041505168397992  3970
2.705007959333336  4529
2.7058637122839193  4981
2.7067177823367587  4644
2.7075701760979363  5848
2.708420900134713  5386
2.709269960975831  5141
2.7101173651118162  4914
2.710963118995276  4611
2.711807229041191  4116
2.7126497016272113  4385
2.7134905430939424  5231
2.714329759745233  4218
2.7151673578484576  4559
2.716003343634799  4259
2.7168377232995247  4145
2.717670503002262  4297
2.718501688867274  4360
2.7193312869837265  5305
2.720159303405957  4617
2.7209857441537393  4374
2.7218106152125467  4252
2.722633922533812  4587
2.7234556720351857  4628
2.724275869600789  4188
2.725094521081469  4578
2.7259116322950483  4498
2.7267272090265724  4420
2.727541257028556  4303
2.7283537820212285  4367
2.72916478969277  4769
2.7299742856995555  4308
2.7307822756663893  4465
2.7315887651867388  4871
2.7323937598229686  4000
2.7331972651065692  4350
2.733999286538387  4718
2.734799829588847  4477
2.73559889969818  4331
2.7363965022766426  4242
2.7371926427047373  4279
2.737987326333431  3962
2.738780558484369  4825
2.739572344450092  4450
2.7403626894942437  4530
2.741151598851785  3776
2.741939077729199  4365
2.7427251313046983  4412
2.74350976472843  4513
2.7442929831226763  4595
2.7450747915820575  3941
2.745855195173729  4266
2.7466341989375787  3955
2.747411807886423  4453
2.7481880270062002  4259
2.7489628612561616  4898
2.749736315569061  4548
2.7505083948513462  4715
2.751279103983342  4596
2.7520484478194387  4551
2.7528164311882715  4563
2.7535830588929064  4286
2.754348335711019  4707
2.7551122663950713  4511
2.7558748556724915  4697
2.756636108245848  4478
2.7573960287930244  4378
2.75815462196739  4530
2.7589118923979736  3926
2.7596678446896306  4406
2.760422483423212  4406
2.7611758131557314  4355
2.761927838420529  5088
2.762678563727436  4379
2.7634279935629373  4272
2.7641761323903307  4773
2.7649229846498886  4633
2.765668554759014  5065
2.7664128471123997  4114
2.7671558660821804  4715
2.767897616018091  4663
2.7686381012476144  4576
2.7693773260761385  3792
2.7701152947871015  4150
2.7708520116421442  5251
2.7715874808812555  4824
2.77232170672292  4807
2.7730546933642626  4383
2.7737864449811935  4145
2.7745169657285498  4431
2.7752462597402365  4826
2.775974331129369  4383
2.776701183988411  4605
2.7774268223893115  4630
2.7781512503836434  4786
2.7788744720027396  4384
2.7795964912578244  4554
2.780317312140151  4217
2.7810369386211318  4725
2.781755374652469  4190
2.782472624166286  4266
2.7831886910752575  4529
2.783903579272735  4796
2.784617292632875  4246
2.785329835010767  4547
2.786041210242554  4956
2.7867514221455614  4334
2.787460474518415  4799
2.788168371141168  5106
2.788875115775417  4888
2.7895807121644256  4353
2.7902851640332416  4163
2.790988475088816  4952
2.791690649020118  3975
2.792391689498254  4978
2.79309160017658  4456
2.7937903846908188  4269
2.7944880466591697  4312
2.795184589682424  4448
2.7958800173440754  4540
2.7965743332104296  4328
2.7972675408307164  4211
2.797959643737196  4986
2.798650645445269  4219
2.7993405494535817  4286
2.8000293592441343  4784
2.800717078282385  4440
2.801403710017355  4459
2.802089257881733  4663
2.8027737252919755  4525
2.803457115648414  4051
2.8041394323353503  4080
2.8048206787211623  4704
2.8055008581584002  4728
2.806179973983887  4341
2.8068580295188172  4388
2.807535028068853  4427
2.808210972924222  4769
2.808885867359812  4269
2.8095597146352675  4626
2.8102325179950842  4707
2.8109042806687006  4172
2.8115750058705933  4002
2.812244696800369  4757
2.8129133566428557  5026
2.813580988568192  4474
2.81424759573192  4492
2.814913181275074  4744
2.815577748324267  4606
2.816241299991783  3754
2.8169038393756605  4506
2.8175653695597807  4870
2.8182258936139557  4532
2.8188854145940097  5026
2.8195439355418688  4426
2.82020145948564  5144
2.8208579894397  4318
2.821513528404773  4860
2.8221680793680175  4897
2.8228216453031045  4685
2.823474229170301  4412
2.824125833916549  4181
2.824776462475546  4734
2.8254261177678233  4961
2.8260748027008264  4570
2.826722520168992  4657
2.8273692730538253  4309
2.828015064223977  4374
2.82865989653532  4529
2.829303772831025  4549
2.829946695941636  4205
2.8305886686851442  3319
2.8312296938670634  4282
2.8318697742805017  3838
2.832508912706236  4531
2.833147111912785  4780
2.833784374656479  3835
2.8344207036815328  4491
2.835056101720116  4451
2.8356905714924254  4027
2.8363241157067516  4259
2.8369567370595505  5288
2.837588438235511  3841
2.8382192219076257  4532
2.838849090737255  3988
2.8394780473741985  3820
2.840106094456758  4052
2.8407332346118066  4799
2.841359470454855  4603
2.8419848045901137  4032
2.842609239610562  4123
2.8432327780980096  4760
2.843855422623161  4011
2.8444771757456815  4432
2.845098040014257  4421
2.8457180179666586  4416
2.846337112129805  3983
2.846955325019824  4990
2.847572659142112  5101
2.848189116991399  5723
2.8488047010518036  4074
2.8494194137968996  3881
2.850033257689769  4471
2.8506462351830666  4236
2.8512583487190755  5130
2.851869600729766  3958
2.8524799936368566  4708
2.8530895298518657  5138
2.8536982117761744  4502
2.8543060418010806  4695
2.8549130223078554  4617
2.8555191556678  4824
2.8561244442423  4901
2.8567288903828825  4122
2.8573324964312685  4230
2.857935264719429  4392
2.858537197569639  3787
2.859138297294531  4775
2.859738566197147  4926
2.8603380065709936  4094
2.8609366207000937  4677
2.8615344108590377  4376
2.862131379313037  4474
2.8627275283179747  4059
2.863322860120456  4027
2.8639173769578603  4320
2.864511081058392  3933
2.8651039746411278  3927
2.8656960599160706  4442
2.8662873390841948  4017
2.866877814337499  3840
2.8674674878590514  4401
2.8680563618230415  4196
2.8686444383948255  4565
2.8692317197309762  4468
2.869818207979328  4830
2.870403905279027  4365
2.8709888137605755  4279
2.8715729355458786  4344
2.8721562727482928  4491
2.8727388274726686  4919
2.873320601815399  4525
2.8739015978644615  4099
2.8744818176994666  4473
2.8750612633917  5177
2.8756399370041685  4189
2.876217840591642  4321
2.8767949762007006  4450
2.877371345869774  5336
2.8779469516291885  4409
2.8785217955012063  4939
2.8790958795000727  4316
2.8796692056320534  4946
2.88024177589548  4649
2.8808135922807914  4356
2.8813846567705728  4770
2.8819549713396007  4325
2.8825245379548803  4503
2.8830933585756897  4354
2.8836614351536176  4998
2.884228769632604  4803
2.884795363948981  4427
2.885361220031512  3912
2.885926339801431  5173
2.886490725172482  3576
2.8870543780509568  5004
2.887617300335736  4627
2.888179493918325  4209
2.8887409606828927  4869
2.88930170250631  4337
2.8898617212581885  4624
2.890421018800914  4408
2.890979596989689  3931
2.8915374576725643  4102
2.8920946026904804  4299
2.8926510338773004  4462
2.893206753059848  5210
2.8937617620579434  5390
2.8943160626844384  4605
2.8948696567452528  4857
2.895422546039408  4879
2.8959747323590648  4420
2.8965262174895554  3577
2.89707700320942  4705
2.8976270912904414  4502
2.8981764834976764  4562
2.8987251815894934  4224
2.8992731873176036  4936
2.8998205024270964  3960
2.9003671286564705  3932
2.900913067737669  4470
2.9014583213961123  4206
2.9020028913507296  5154
2.902546779313991  4147
2.9030899869919438  5410
2.9036325160842376  4108
2.9041743682841634  4670
2.904715545278681  4504
2.905256048748451  4096
2.9057958803678687  4625
2.906335041805091  4704
2.90687353472207  4591
2.907411360774586  3708
2.9079485216122722  4414
2.90848501887865  4680
2.909020854211156  3968
2.9095560292411755  3973
2.910090545594068  3515
2.910624404889201  4866
2.9111576087399764  4351
2.9116901587538613  3826
2.9122220565324155  4877
2.912753303671323  4580
2.9132839017604186  4293
2.9138138523837167  4733
2.9143431571194407  4171
2.9148718175400505  3872
2.91539983521227  4482
2.9159272116971158  4766
2.916453948549925  3967
2.9169800473203824  4728
2.9175055095525466  4639
2.9180303367848803  4188
2.9185545305502734  4344
2.9190780923760737  4709
2.919601023784111  4661
2.920123326290724  3908
2.9206450014067875  4607
2.921166050637739  4393
2.921686475483602  4465
2.9222062774390163  3804
2.92272545799326  3772
2.9232440186302764  3644
2.9237619608287004  4464
2.9242792860618816  4440
2.924795995797912  3936
2.9253120914996495  3731
2.9258275746247424  4425
2.926342446625655  4284
2.926856708949692  5657
2.9273703630390235  4432
2.9278834103307068  4959
2.9283958522567137  4123
2.928907690243953  4557
2.929418925714293  4597
2.929929560084588  4673
2.9304395947667  4871
2.930949031167523  4470
2.931457870689005  4201
2.931966114728173  5190
2.932473764677153  4584
2.932980821923198  4990
2.9334872878487053  4278
2.9339931638312424  4231
2.934498451243568  3425
2.935003151453655  4364
2.9355072658247128  4720
2.9360107957152097  4637
2.936513742478893  5033
2.9370161074648142  4671
2.937517892017347  4318
2.9380190974762104  4477
2.938519725176492  4219
2.9390197764486663  3923
2.9395192526186187  4483
2.9400181550076634  4613
2.940516484932567  4690
2.9410142437055695  4185
2.941511432634403  4659
2.942008053022313  4510
2.9425041061680806  4361
2.9429995933660407  4760
2.9434945159061026  4348
2.9439888750737717  4331
2.9444826721501687  4745
2.9449759084120477  4763
2.94546858513182  4647
2.9459607035775686  3950
2.946452265013073  4578
2.9469432706978256  4937
2.9474337218870508  5105
2.9479236198317262  4441
2.948412965778601  5004
2.9489017609702137  4518
2.949390006644913  4026
2.949877704036875  4266
2.950364854376123  4644
2.9508514588885464  4639
2.951337518795918  4376
2.951823035315912  4284
2.9523080096621253  4418
2.952792443044092  3842
2.9532763366673045  4407
2.9537596917332287  4404
2.9542425094393248  4453
2.954724790979063  3944
2.9552065375419416  4256
2.9556877503135057  4401
2.9561684304753633  4188
2.9566485792052033  4978
2.957128197676813  4539
2.957607287060095  4541
2.958085848521085  4061
2.9585638832219674  3839
2.9590413923210934  4243
2.9595183769729982  4450
2.959994838328416  4603
2.960470777534299  4003
2.960946195733831  4248
2.9614210940664485  5149
2.9618954736678504  4417
2.962369335670021  4208
2.9628426812012423  4466
2.9633155113861114  3744
2.963787827345555  4763
2.964259630196849  4862
2.9647309210536292  4185
2.965201701025912  4015
2.9656719712201065  4618
2.9661417327390325  4602
2.966610986681934  4389
2.967079734144497  3597
2.967547976218862  4296
2.968015713993642  4172
2.9684829485539352  4454
2.9689496809813427  4890
2.9694159123539814  4783
2.9698816437465  5086
2.9703468762300935  4204
2.9708116108725178  4566
2.971275848738105  4403
2.971739590887778  4107
2.9722028383790646  4734
2.972665592266111  3946
2.9731278535996988  4543
2.973589623427257  4268
2.9740509027928774  4644
2.9745116927373285  4510
2.974971994298069  4793
2.975431808509263  4282
2.975891136401793  4230
2.9763499790032735  4649
2.976808337338066  4266
2.977266212427293  4614
2.9777236052888476  4176
2.978180516937414  4059
2.9786369483844743  4441
2.979092900638326  4285
2.979548374704095  4427
2.9800033715837464  4265
2.9804578922761  4946
2.9809119377768436  4014
2.9813655090785445  4218
2.9818186071706636  3546
2.9822712330395684  4425
2.9827233876685453  4802
2.983175072037813  3885
2.9836262871245345  4562
2.984077033902831  4141
2.9845273133437926  4440
2.9849771264154934  4073
2.9854264740830017  4093
2.9858753573083936  4489
2.986323777050765  4795
2.9867717342662448  4468
2.9872192299080047  5080
2.9876662649262746  4005
2.988112840268352  4345
2.9885589568786157  5231
2.989004615698537  3760
2.9894498176666917  4609
2.989894563718773  4837
2.9903388547876015  4600
2.9907826918031377  4210
2.9912260756924947  4554
2.9916690073799486  4767
2.9921114877869495  4372
2.9925535178321354  4666
2.9929950984313414  4270
2.9934362304976116  3832
2.993876914941211  4522
2.9943171526696366  4088
2.9947569445876283  4581
2.9951962915971793  4440
2.99563519459755  4963
2.9960736544852753  4644
2.9965116721541785  4023
2.996949248495381  4182
2.997386384397313  4406
2.9978230807457256  4176
2.998259338423699  4532
2.998695158311656  4329
2.999130541287371  4677
2.9995654882259823  4536
3.0  4647
3.000434077479319  4043
3.0008677215312267  4546
3.0013009330204183  4178
3.0017337128090005  4139
3.002166061756508  4556
3.0025979807199086  4583
3.003029470553618  4151
3.0034605321095067  4641
3.0038911662369103  4594
3.0043213737826426  4289
3.004751155591001  4537
3.0051805125037805  4217
3.0056094453602804  4471
3.0060379549973173  4103
3.0064660422492318  4346
3.0068937079479006  4186
3.0073209529227447  3863
3.00774777800074  4017
3.0081741840064264  3807
3.0086001717619175  4286
3.0090257420869104  4481
3.009450895798694  3828
3.00987563371216  4675
3.010299956639812  3869
3.010723865391773  4808
3.0111473607757975  4409
3.0115704435972783  4447
3.011993114659257  3968
3.012415374762433  3525
3.012837224705172  4235
3.0132586652835167  4148
3.0136796972911926  4439
3.0141003215196207  4975
3.0145205387579237  4071
3.0149403497929366  4319
3.0153597554092144  4092
3.015778756389041  4375
3.016197353512439  4599
3.016615547557177  3949
3.0170333392987803  3523
3.017450729510536  4056
3.0178677189635055  3592
3.018284308426531  4205
3.0187004986662433  3872
3.019116290447073  4076
3.0195316845312554  4704
3.0199466816788423  4166
3.0203612826477078  4083
3.020775488193558  4209
3.0211892990699383  4036
3.021602716028242  3695
3.02201573981772  4273
3.0224283711854865  3980
3.022840610876528  4124
3.0232524596337114  3818
3.0236639181977933  4044
3.024074987307426  3964
3.024485667699167  4230
3.024895960107485  3366
3.0253058652647704  4197
3.025715383901341  4056
3.0261245167454502  4222
3.0265332645232967  3963
3.0269416279590295  4015
3.0273496077747564  4149
3.0277572046905536  3969
3.0281644194244697  3928
3.0285712526925375  3817
3.028977705208778  3872
3.0293837776852097  4670
3.029789470831856  3793
3.030194785356751  4228
3.030599721965951  4187
3.0310042813635367  3980
3.031408464251624  4094
3.0318122713303706  4202
3.0322157032979815  3455
3.03261876085072  3606
3.0330214446829107  3772
3.03342375548695  4346
3.03382569395331  3919
3.0342272607705505  3506
3.0346284566253203  3909
3.0350292822023683  3887
3.0354297381845483  3955
3.035829825252828  3481
3.0362295440862948  3448
3.036628895362161  3940
3.037027879755775  3427
3.037426497940624  3562
3.037824750588342  3568
3.0382226383687185  3579
3.038620161949703  3598
3.039017321997412  4012
3.0394141191761372  3168
3.0398105541483504  3687
3.0402066275747113  4003
3.040602340114073  3430
3.0409976924234905  3587
3.041392685158225  3352
3.041787318971752  3416
3.042181594515766  3405
3.0425755124401905  3851
3.0429690733931802  3668
3.0433622780211294  3199
3.0437551269686796  3360
3.044147620878723  3364
3.044539760392411  3244
3.04493154614916  3154
3.0453229787866576  3544
3.0457140589408676  3657
3.0461047872460387  2791
3.0464951643347082  3439
3.04688519083771  3464
3.0472748673841794  3111
3.04766419460156  3131
3.048053173115609  3117
3.0484418035504044  3484
3.04883008652835  3181
3.0492180226701815  3232
3.049605612594973  3548
3.0499928569201424  3667
3.050379756261458  3109
3.0507663112330423  2863
3.0511525224473814  3225
3.0515383905153275  2845
3.0519239160461065  3138
3.0523090996473234  2949
3.052693941924968  2827
3.0530784434834195  3007
3.053462604925455  2970
3.0538464268522527  2845
3.0542299098633974  3110
3.0546130545568877  2830
3.0549958615291417  2738
3.055378331375  2850
3.0557604646877348  2947
3.056142262059052  2765
3.0565237240791006  2655
3.0569048513364727  2973
3.0572856444182146  2740
3.0576661039098294  2870
3.0580462303952816  2599
3.058426024457005  2776
3.0588054866759067  2610
3.059184617631371  2546
3.0595634179012676  2797
3.059941888061955  2630
3.060320028688285  2412
3.060697840353612  2409
3.0610753236297916  2423
3.061452479087193  2391
3.061829307294699  2568
3.0622058088197126  2265
3.062581984228163  2441
3.0629578340845103  2279
3.0633333589517497  2201
3.0637085593914173  2095
3.064083435963596  2113
3.0644579892269186  2264
3.064832219738574  2267
3.065206128054312  1919
3.0655797147284485  2127
3.06595298031387  1981
3.0663259253620376  2123
3.0666985504229953  2106
3.0670708560453703  2052
3.0674428427763805  1967
3.0678145111618402  1974
3.0681858617461617  1921
3.068556895072363  1810
3.068927611682072  1721
3.0692980121155293  1723
3.0696680969115957  1628
3.070037866607755  1682
3.0704073217401198  1666
3.0707764628434346  1403
3.0711452904510828  1547
3.071513805095089  1415
3.0718820073061255  1562
3.072249897613515  1412
3.0726174765452368  1295
3.0729847446279304  1282
3.073351702386901  1297
3.0737183503461227  1253
3.074084689028244  1269
3.074450718954591  1130
3.074816440645175  1094
3.0751818546186915  1179
3.0755469613925306  1166
3.0759117614827773  927
3.076276255404218  1097
3.076640443670342  1038
3.0770043267933502  935
3.0773679052841563  941
3.077731179652392  882
3.0780941504064105  901
3.0784568180532927  855
3.0788191830988487  831
3.0791812460476247  799
3.079543007402906  735
3.079904467666721  700
3.0802656273398448  770
3.0806264869218056  660
3.080987046910887  641
3.0813473078041325  612
3.081707270097349  600
3.082066934285113  556
3.0824263008607717  540
3.0827853703164503  657
3.0831441431430524  600
3.0835026198302673  424
3.083860800866573  414
3.0842186867392387  356
3.084576277934331  412
3.084933574936716  370
3.085290578230065  410
3.0856472882968564  373
3.0860037056183818  399
3.0863598306747484  325
3.0867156639448825  274
3.0870712059065353  304
3.0874264570362855  275
3.087781417809542  263
3.0881360887005513  287
3.0884904701823963  245
3.088844562727004  221
3.089198366805149  267
3.089551882886454  210
3.089905111439398  177
3.090258052931316  131
3.090610707828407  153
3.0909630765957314  170
3.091315159697223  155
3.0916669575956846  156
3.092018470752797  150
3.0923696996291206  136
3.0927206446840994  116
3.0930713063760633  116
3.093421685162235  74
3.09377178149873  122
3.0941215958405612  58
3.094471128641645  87
3.0948203803548  58
3.095169351431755  57
3.095518042323151  78
3.0958664534785427  56
3.0962145853464054  47
3.0965624383741357  50
3.0969100130080562  58
3.09725730969342  69
3.097604328874411  41
3.09795107099415  45
3.0982975364946976  41
3.098643725817057  39
3.0989896394011773  36
3.0993352776859577  29
3.09968064110925  16
3.1000257301078626  14
3.100370545117563  12
3.1007150865730817  19
3.1010593549081156  21
3.101403350555331  13
3.1017470739463664  10
3.1020905255118367  11
3.1024337056813365  9
3.1027766148834415  3
3.1031192535457137  15
3.103461622094705  6
3.103803720955957  1
3.104145550554008  7
3.104487111312395  6
3.1048284036536553  5
3.1051694279993316  5
3.1055101847699738  4
3.1058506743851435  2
3.1061908972634154  2
3.1065308538223815  2
3.106870544478654  2
3.1072099696478683  2
3.1075491297446862  1
3.1082266563749283  1
