0.3010299956639812  52801
0.47712125471966244  48419
0.6020599913279624  44818
0.6989700043360189  42323
0.7781512503836436  45706
0.8450980400142568  43851
0.9030899869919435  46551
0.9542425094393249  45405
1.0  44519
1.0413926851582251  48299
1.0791812460476249  49104
1.1139433523068367  42672
1.146128035678238  46590
1.1760912590556813  43877
1.2041199826559248  46839
1.2304489213782739  41617
1.255272505103306  48168
1.2787536009528289  45494
1.3010299956639813  45056
1.3222192947339193  47415
1.3424226808222062  44808
1.3617278360175928  42821
1.380211241711606  46825
1.3979400086720377  44521
1.414973347970818  46572
1.4313637641589874  46587
1.4471580313422192  44958
1.462397997898956  43383
1.4771212547196624  43243
1.4913616938342726  42395
1.505149978319906  35121
1.5185139398778875  37149
1.5314789170422551  30244
1.5440680443502757  27760
1.5563025007672873  25027
1.568201724066995  19977
1.5797835966168101  16291
1.591064607026499  13802
1.6020599913279623  13625
1.6127838567197355  12078
1.6232492903979006  12985
1.6334684555795864  11217
1.6434526764861874  10207
1.6532125137753437  10667
1.662757831681574  11019
1.6720978579357175  12114
1.6812412373755872  11267
1.6901960800285136  10539
1.6989700043360187  11434
1.7075701760979363  11263
1.7160033436347992  10048
1.724275869600789  11350
1.7323937598229686  11768
1.7403626894942439  10757
1.7481880270062005  11515
1.7558748556724915  11753
1.7634279935629373  11372
1.7708520116421442  10983
1.7781512503836436  10722
1.7853298350107671  8526
1.792391689498254  14241
1.7993405494535817  11060
1.806179973983887  10946
1.8129133566428555  12071
1.8195439355418688  12132
1.8260748027008264  11642
1.8325089127062364  10925
1.8388490907372552  12974
1.845098040014257  11345
1.8512583487190752  12369
1.8573324964312685  9896
1.863322860120456  10242
1.8692317197309762  12738
1.8750612633917  10507
1.8808135922807914  11679
1.8864907251724818  10098
1.8920946026904804  12308
1.8976270912904414  11189
1.9030899869919435  11826
1.9084850188786497  11222
1.9138138523837167  9394
1.919078092376074  10686
1.9242792860618816  11044
1.9294189257142926  11002
1.9344984512435677  12059
1.9395192526186185  13340
1.9444826721501687  10417
1.9493900066449128  10856
1.954242509439325  11999
1.9590413923210936  11184
1.9637878273455553  10353
1.968482948553935  12198
1.9731278535996986  10546
1.9777236052888478  10068
1.9822712330395684  10673
1.9867717342662448  11462
1.9912260756924949  10122
1.99563519459755  11484
2.0  10895
2.0043213737826426  12242
2.0086001717619175  12119
2.012837224705172  12981
2.0170333392987803  10979
2.0211892990699383  11329
2.0253058652647704  12542
2.0293837776852097  9761
2.03342375548695  11996
2.037426497940624  10161
2.041392685158225  10854
2.0453229787866576  10162
2.0492180226701815  9787
2.0530784434834195  12122
2.0569048513364727  12098
2.060697840353612  9502
2.0644579892269186  12170
2.0681858617461617  11442
2.0718820073061255  10443
2.0755469613925306  10231
2.0791812460476247  10853
2.0827853703164503  11287
2.0863598306747484  11378
2.089905111439398  10843
2.093421685162235  10224
2.0969100130080562  12922
2.100370545117563  9864
2.103803720955957  11169
2.1072099696478683  11908
2.110589710299249  10422
2.113943352306837  12189
2.1172712956557644  10777
2.12057393120585  11141
2.123851640967086  10686
2.1271047983648077  10501
2.130333768495006  12134
2.1335389083702174  10819
2.1367205671564067  10843
2.1398790864012365  11299
2.143014800254095  10469
2.146128035678238  12474
2.1492191126553797  12617
2.1522883443830563  10465
2.155336037465062  10030
2.1583624920952498  9988
2.161368002234975  10222
2.164352855784437  10481
2.167317334748176  12211
2.1702617153949575  10534
2.173186268412274  11763
2.1760912590556813  11828
2.1789769472931693  14095
2.1818435879447726  10494
2.184691430817599  10319
2.187520720836463  10075
2.1903316981702914  11647
2.1931245983544616  12140
2.1958996524092336  12338
2.1986570869544226  10155
2.2013971243204513  12877
2.2041199826559246  11362
2.2068258760318495  9822
2.2095150145426308  11974
2.2121876044039577  13356
2.214843848047698  10818
2.2174839442139063  11220
2.220108088040055  10339
2.2227164711475833  10693
2.225309281725863  12441
2.2278867046136734  10446
2.230448921378274  12609
2.2329961103921536  11566
2.2355284469075487  10991
2.2380461031287955  12116
2.2405492482826  11480
2.2430380486862944  11001
2.24551266781415  10816
2.247973266361807  11761
2.250420002308894  12280
2.2528530309798933  11802
2.255272505103306  9778
2.2576785748691846  10030
2.2600713879850747  11939
2.2624510897304293  12341
2.2648178230095364  10272
2.2671717284030137  11056
2.2695129442179165  12036
2.271841606536499  10726
2.27415784926368  11798
2.2764618041732443  12902
2.278753600952829  12414
2.2810333672477277  11235
2.2833012287035497  12393
2.285557309007774  11923
2.287801729930226  11754
2.290034611362518  12160
2.292256071356476  12034
2.294466226161593  10419
2.296665190261531  11622
2.298853076409707  11758
2.3010299956639813  11406
2.303196057420489  11372
2.305351369446624  12463
2.307496037913213  9208
2.3096301674258988  10879
2.311753861055754  10849
2.3138672203691533  12875
2.315970345456918  11120
2.3180633349627615  12859
2.3201462861110542  10681
2.322219294733919  10990
2.3242824552976926  12435
2.326335860928751  9548
2.3283796034387376  11401
2.330413773349191  12115
2.3324384599156054  11013
2.3344537511509307  10335
2.3364597338485296  12460
2.3384564936046046  12298
2.3404441148401185  11429
2.342422680822206  11738
2.3443922736851106  12229
2.346352974450639  11978
2.3483048630481607  10457
2.3502480183341627  12663
2.3521825181113627  12243
2.3541084391474008  10857
2.3560258571931225  11549
2.357934847000454  11966
2.359835482339888  10940
2.361727836017593  11523
2.3636119798921444  9860
2.3654879848909  10494
2.367355921026019  9889
2.369215857410143  10595
2.3710678622717363  11040
2.3729120029701067  11907
2.374748346010104  12292
2.376576957056512  12688
2.3783979009481375  11087
2.380211241711606  10562
2.3820170425748683  11834
2.383815365980431  9769
2.385606273598312  11571
2.387389826338729  11951
2.3891660843645326  11368
2.3909351071033793  10484
2.392696953259666  11513
2.3944516808262164  11264
2.3961993470957363  11154
2.3979400086720375  11537
2.399673721481038  9744
2.401400540781544  11461
2.403120521175818  10701
2.404833716619938  11026
2.406540180433955  11610
2.4082399653118496  11448
2.4099331233312946  12701
2.41161970596323  11657
2.413299764081252  12063
2.4149733479708178  10900
2.416640507338281  11702
2.4183012913197452  9722
2.419955748489758  11058
2.4216039268698313  12457
2.423245873936808  10895
2.424881636631067  10864
2.4265112613645754  10318
2.428134794028789  11923
2.429752280002408  9431
2.4313637641589874  11820
2.432969290874406  10632
2.4345689040341987  10266
2.436162647040756  10014
2.437750562820388  10621
2.439332693830263  11129
2.4409090820652177  10248
2.4424797690644486  12493
2.444044795918076  12797
2.4456042032735974  11004
2.4471580313422194  11435
2.44870631990508  11579
2.450249108319361  10812
2.45178643552429  11207
2.4533183400470375  11785
2.45484486000851  11198
2.456366033129043  10133
2.4578818967339924  11099
2.459392487759231  10557
2.4608978427565478  11050
2.462397997898956  10155
2.4638929889859074  10157
2.4653828514484184  10429
2.4668676203541096  12105
2.4683473304121573  11208
2.469822015978163  11956
2.4712917110589387  11116
2.4727564493172123  10738
2.4742162640762553  12838
2.4756711883244296  10885
2.4771212547196626  10148
2.4785664955938436  10556
2.4800069429571505  13223
2.481442628502305  9822
2.482873583608754  12040
2.484299839346786  12764
2.48572142648158  11166
2.4871383754771865  11800
2.4885507165004443  10757
2.4899584794248346  10978
2.4913616938342726  11355
2.4927603890268375  10320
2.494154594018443  12559
2.4955443375464483  11897
2.496929648073215  11035
2.4983105537896004  11620
2.499687082618404  11917
2.5010592622177517  11428
2.5024271199844326  12029
2.503790683057181  11155
2.505149978319906  11183
2.506505032404872  10449
2.507855871695831  11491
2.509202522331103  11059
2.510545010206612  10629
2.5118833609788744  11232
2.513217600067939  11466
2.514547752660286  9957
2.515873843711679  11127
2.5171958979499744  10451
2.5185139398778875  10429
2.519827993775719  10917
2.5211380837040362  10181
2.5224442335063197  12144
2.5237464668115646  10057
2.525044807036845  10088
2.526339277389844  10943
2.5276299008713385  11819
2.5289167002776547  10569
2.530199698203082  11277
2.531478917042255  11549
2.5327543789924976  11566
2.534026106056135  10094
2.5352941200427703  12194
2.53655844257153  11021
2.537819095073274  10497
2.5390760987927767  11065
2.5403294747908736  10803
2.5415792439465807  10596
2.5428254269591797  11148
2.5440680443502757  10794
2.545307116465824  10207
2.546542663478131  11551
2.5477747053878224  10610
2.5490032620257876  10305
2.550228353055094  10517
2.5514499979728753  10339
2.552668216112193  11867
2.5538830266438746  10722
2.5550944485783194  10448
2.5563025007672873  11105
2.5575072019056577  11302
2.558708570533166  11411
2.5599066250361124  10876
2.561101383649056  12346
2.5622928644564746  10493
2.5634810853944106  11290
2.5646660642520893  10811
2.5658478186735176  12916
2.56702636615906  10114
2.568201724066995  11589
2.569373909615046  11665
2.5705429398818973  10420
2.571708831808688  14319
2.5728716022004803  10320
2.574031267727719  11158
2.575187844927661  11574
2.576341350205793  10032
2.5774917998372255  11468
2.578639209968072  11254
2.57978359661681  10204
2.5809249756756194  9883
2.582063362911709  11073
2.583198773968623  11394
2.584331224367531  10865
2.5854607295085006  10428
2.586587304671755  11083
2.5877109650189114  10919
2.5888317255942073  12237
2.5899496013257077  12626
2.591064607026499  10629
2.5921767573958667  11190
2.593286067020457  11848
2.5943925503754266  10012
2.595496221825574  11951
2.59659709562646  12833
2.597695185925512  10446
2.598790506763115  10884
2.5998830720736876  9827
2.6009728956867484  12385
2.6020599913279625  12165
2.603144372620182  10732
2.60422605308447  10997
2.6053050461411096  10181
2.606381365110605  11949
2.6074550232146687  11575
2.6085260335771943  12086
2.60959440922522  11995
2.61066016308988  11012
2.611723308007342  11885
2.6127838567197355  11088
2.6138418218760693  11046
2.6148972160331345  10672
2.615950051656401  11124
2.617000341120899  10700
2.6180480967120925  13082
2.6190933306267428  11539
2.6201360549737576  12558
2.621176281775035  10944
2.622214022966295  12440
2.6232492903979003  11970
2.6242820958356683  9959
2.625312450961674  10784
2.6263403673750423  11805
2.6273658565927325  12320
2.6283889300503116  10007
2.629409599102719  12119
2.630427875025024  10582
2.6314437690131722  10225
2.6324572921847245  11500
2.6334684555795866  10299
2.6344772701607315  12312
2.635483746814912  11916
2.6364878963533656  10921
2.637489729512511  11590
2.6384892569546374  10538
2.639486489268586  10663
2.640481436970422  11466
2.6414741105040997  10272
2.6424645202421213  11524
2.6434526764861874  11919
2.6444385894678386  11103
2.645422269349092  10935
2.6464037262230695  11668
2.6473829701146196  12746
2.6483600109809315  10964
2.649334858712142  12249
2.6503075231319366  12995
2.651278013998144  11192
2.6522463410033232  9806
2.6532125137753435  11123
2.6541765418779604  11498
2.655138434811382  9974
2.656098202012832  10967
2.6570558528571038  11668
2.6580113966571126  10434
2.658964842664435  11044
2.6599162000698504  11431
2.660865478003869  13021
2.661812685537261  9283
2.662757831681574  10960
2.663700925389648  11635
2.6646419755561257  12172
2.6655809910179533  11088
2.6665179805548807  10867
2.667452952889954  11014
2.66838591669  11577
2.6693168805661123  9989
2.670245853074124  11721
2.6711728427150834  9422
2.6720978579357175  12482
2.673020907128896  12788
2.673941998634088  10796
2.6748611407378116  12428
2.6757783416740852  11205
2.6766936096248664  10113
2.677606952720493  11963
2.678518379040114  12644
2.6794278966121188  10944
2.680335513414563  11633
2.681241237375587  11947
2.682145076373832  11483
2.6830470382388496  11561
2.683947130751512  11056
2.6848453616444123  11229
2.6857417386022635  10374
2.6866362692622934  10080
2.6875289612146345  11739
2.6884198220027105  12996
2.6893088591236203  9860
2.690196080028514  11296
2.6910814921229687  9992
2.69196510276736  10663
2.69284691927723  10234
2.693726948923647  11741
2.694605198933569  11581
2.6954816764901977  10890
2.696356388733332  10852
2.6972293427597176  11625
2.6981005456233897  10871
2.6989700043360187  11179
2.699837725867246  9805
2.7007037171450192  11685
2.7015679850559273  11498
2.7024305364455254  10513
2.7032913781186614  12126
2.7041505168397992  13078
2.705007959333336  11215
2.7058637122839193  11882
2.7067177823367587  9970
2.7075701760979363  9550
2.708420900134713  10041
2.709269960975831  11437
2.7101173651118162  12198
2.710963118995276  11922
2.711807229041191  10590
2.7126497016272113  10675
2.7134905430939424  10075
2.714329759745233  9763
2.7151673578484576  12843
2.716003343634799  11510
2.7168377232995247  10173
2.717670503002262  11564
2.718501688867274  10536
2.7193312869837265  10049
2.720159303405957  11455
2.7209857441537393  10006
2.7218106152125467  10966
2.722633922533812  11988
2.7234556720351857  10724
2.724275869600789  10973
2.725094521081469  11174
2.7259116322950483  10688
2.7267272090265724  11109
2.727541257028556  11249
2.7283537820212285  10360
2.72916478969277  13433
2.7299742856995555  12113
2.7307822756663893  11296
2.7315887651867388  10812
2.7323937598229686  11364
2.7331972651065692  10489
2.733999286538387  11348
2.734799829588847  9291
2.73559889969818  11290
2.7363965022766426  10964
2.7371926427047373  11720
2.737987326333431  11303
2.738780558484369  10819
2.739572344450092  12094
2.7403626894942437  11553
2.741151598851785  12085
2.741939077729199  11731
2.7427251313046983  12567
2.74350976472843  11898
2.7442929831226763  11685
2.7450747915820575  11828
2.745855195173729  11202
2.7466341989375787  11136
2.747411807886423  10209
2.7481880270062002  13220
2.7489628612561616  10993
2.749736315569061  10859
2.7505083948513462  11271
2.751279103983342  10963
2.7520484478194387  12051
2.7528164311882715  10398
2.7535830588929064  12129
2.754348335711019  11246
2.7551122663950713  12029
2.7558748556724915  10129
2.756636108245848  10396
2.7573960287930244  11083
2.75815462196739  10250
2.7589118923979736  11585
2.7596678446896306  11316
2.760422483423212  12086
2.7611758131557314  11333
2.761927838420529  12148
2.762678563727436  10207
2.7634279935629373  13075
2.7641761323903307  11124
2.7649229846498886  9731
2.765668554759014  11058
2.7664128471123997  11762
2.7671558660821804  10693
2.767897616018091  11766
2.7686381012476144  10925
2.7693773260761385  11079
2.7701152947871015  11541
2.7708520116421442  12710
2.7715874808812555  11517
2.77232170672292  12537
2.7730546933642626  13103
2.7737864449811935  11416
2.7745169657285498  10298
2.7752462597402365  10675
2.775974331129369  11922
2.776701183988411  12301
2.7774268223893115  10124
2.7781512503836434  11144
2.7788744720027396  11306
2.7795964912578244  11598
2.780317312140151  10085
2.7810369386211318  10569
2.781755374652469  11828
2.782472624166286  10371
2.7831886910752575  11579
2.783903579272735  11444
2.784617292632875  10502
2.785329835010767  9809
2.786041210242554  10113
2.7867514221455614  12492
2.787460474518415  11279
2.788168371141168  9334
2.788875115775417  11690
2.7895807121644256  11217
2.7902851640332416  10812
2.790988475088816  11493
2.791690649020118  12184
2.792391689498254  10904
2.79309160017658  11231
2.7937903846908188  10189
2.7944880466591697  10555
2.795184589682424  12057
2.7958800173440754  10836
2.7965743332104296  10701
2.7972675408307164  11158
2.797959643737196  11814
2.798650645445269  11946
2.7993405494535817  11308
2.8000293592441343  11517
2.800717078282385  11238
2.801403710017355  10342
2.802089257881733  10685
2.8027737252919755  10518
2.803457115648414  11084
2.8041394323353503  11194
2.8048206787211623  11231
2.8055008581584002  11106
2.806179973983887  10630
2.8068580295188172  11003
2.807535028068853  12652
2.808210972924222  11076
2.808885867359812  11364
2.8095597146352675  10873
2.8102325179950842  11033
2.8109042806687006  13045
2.8115750058705933  10033
2.812244696800369  11521
2.8129133566428557  11039
2.813580988568192  10965
2.81424759573192  10388
2.814913181275074  12120
2.815577748324267  9936
2.816241299991783  12276
2.8169038393756605  11751
2.8175653695597807  9849
2.8182258936139557  11325
2.8188854145940097  11890
2.8195439355418688  9928
2.82020145948564  10399
2.8208579894397  10388
2.821513528404773  11643
2.8221680793680175  11420
2.8228216453031045  10588
2.823474229170301  11159
2.824125833916549  11329
2.824776462475546  11617
2.8254261177678233  11792
2.8260748027008264  11072
2.826722520168992  10342
2.8273692730538253  10638
2.828015064223977  11606
2.82865989653532  10654
2.829303772831025  10768
2.829946695941636  10561
2.8305886686851442  10310
2.8312296938670634  11232
2.8318697742805017  11142
2.832508912706236  10296
2.833147111912785  10751
2.833784374656479  10420
2.8344207036815328  10094
2.835056101720116  11238
2.8356905714924254  11057
2.8363241157067516  11486
2.8369567370595505  9991
2.837588438235511  9579
2.8382192219076257  10726
2.838849090737255  11446
2.8394780473741985  10860
2.840106094456758  11967
2.8407332346118066  11838
2.841359470454855  12385
2.8419848045901137  12160
2.842609239610562  11592
2.8432327780980096  10221
2.843855422623161  9610
2.8444771757456815  11041
2.845098040014257  10663
2.8457180179666586  11719
2.846337112129805  11170
2.846955325019824  12043
2.847572659142112  9549
2.848189116991399  11818
2.8488047010518036  13151
2.8494194137968996  10534
2.850033257689769  11807
2.8506462351830666  11952
2.8512583487190755  10926
2.851869600729766  11894
2.8524799936368566  11104
2.8530895298518657  11286
2.8536982117761744  10834
2.8543060418010806  10507
2.8549130223078554  13160
2.8555191556678  10871
2.8561244442423  11675
2.8567288903828825  11171
2.8573324964312685  11765
2.857935264719429  11862
2.858537197569639  11148
2.859138297294531  12141
2.859738566197147  10263
2.8603380065709936  10933
2.8609366207000937  10121
2.8615344108590377  10692
2.862131379313037  11685
2.8627275283179747  12107
2.863322860120456  12832
2.8639173769578603  11071
2.864511081058392  10071
2.8651039746411278  10767
2.8656960599160706  12934
2.8662873390841948  11538
2.866877814337499  12273
2.8674674878590514  11407
2.8680563618230415  10338
2.8686444383948255  12015
2.8692317197309762  10461
2.869818207979328  11866
2.870403905279027  11499
2.8709888137605755  10811
2.8715729355458786  11434
2.8721562727482928  10616
2.8727388274726686  12459
2.873320601815399  11690
2.8739015978644615  10509
2.8744818176994666  10474
2.8750612633917  10794
2.8756399370041685  11468
2.876217840591642  12398
2.8767949762007006  10726
2.877371345869774  9606
2.8779469516291885  11062
2.8785217955012063  10862
2.8790958795000727  10200
2.8796692056320534  10851
2.88024177589548  12884
2.8808135922807914  11244
2.8813846567705728  10979
2.8819549713396007  11980
2.8825245379548803  10361
2.8830933585756897  11916
2.8836614351536176  12809
2.884228769632604  10595
2.884795363948981  10751
2.885361220031512  11175
2.885926339801431  12408
2.886490725172482  11499
2.8870543780509568  13003
2.887617300335736  11537
2.888179493918325  10840
2.8887409606828927  12610
2.88930170250631  10947
2.8898617212581885  12399
2.890421018800914  10328
2.890979596989689  10774
2.8915374576725643  11419
2.8920946026904804  11238
2.8926510338773004  11443
2.893206753059848  12173
2.8937617620579434  10453
2.8943160626844384  11324
2.8948696567452528  10632
2.895422546039408  11216
2.8959747323590648  11755
2.8965262174895554  10295
2.89707700320942  10913
2.8976270912904414  12283
2.8981764834976764  10079
2.8987251815894934  11510
2.8992731873176036  11628
2.8998205024270964  9606
2.9003671286564705  9323
2.900913067737669  11749
2.9014583213961123  11068
2.9020028913507296  11913
2.902546779313991  10501
2.9030899869919438  12458
2.9036325160842376  10646
2.9041743682841634  10915
2.904715545278681  10700
2.905256048748451  12387
2.9057958803678687  11508
2.906335041805091  11572
2.90687353472207  11498
2.907411360774586  11879
2.9079485216122722  11943
2.90848501887865  10786
2.909020854211156  11287
2.9095560292411755  10054
2.910090545594068  11095
2.910624404889201  11870
2.9111576087399764  10833
2.9116901587538613  12607
2.9122220565324155  11553
2.912753303671323  9734
2.9132839017604186  11360
2.9138138523837167  9999
2.9143431571194407  10707
2.9148718175400505  11663
2.91539983521227  10367
2.9159272116971158  10993
2.916453948549925  12336
2.9169800473203824  12479
2.9175055095525466  11606
2.9180303367848803  12669
2.9185545305502734  13276
2.9190780923760737  11424
2.919601023784111  12093
2.920123326290724  11572
2.9206450014067875  11744
2.921166050637739  11066
2.921686475483602  11251
2.9222062774390163  11623
2.92272545799326  10550
2.9232440186302764  10704
2.9237619608287004  11328
2.9242792860618816  12617
2.924795995797912  11626
2.9253120914996495  9582
2.9258275746247424  10822
2.926342446625655  12704
2.926856708949692  10248
2.9273703630390235  12042
2.9278834103307068  10492
2.9283958522567137  10881
2.928907690243953  10914
2.929418925714293  11576
2.929929560084588  11566
2.9304395947667  13390
2.930949031167523  11559
2.931457870689005  12987
2.931966114728173  12434
2.932473764677153  10654
2.932980821923198  11291
2.9334872878487053  11489
2.9339931638312424  9526
2.934498451243568  12364
2.935003151453655  9801
2.9355072658247128  10886
2.9360107957152097  12266
2.936513742478893  11915
2.9370161074648142  10963
2.937517892017347  11464
2.9380190974762104  11186
2.938519725176492  11567
2.9390197764486663  10885
2.9395192526186187  10081
2.9400181550076634  9265
2.940516484932567  12486
2.9410142437055695  11563
2.941511432634403  11154
2.942008053022313  11254
2.9425041061680806  10962
2.9429995933660407  11580
2.9434945159061026  9992
2.9439888750737717  10982
2.9444826721501687  12266
2.9449759084120477  10271
2.94546858513182  11279
2.9459607035775686  9777
2.946452265013073  12093
2.9469432706978256  12278
2.9474337218870508  11664
2.9479236198317262  11043
2.948412965778601  11488
2.9489017609702137  12053
2.949390006644913  10805
2.949877704036875  10456
2.950364854376123  10390
2.9508514588885464  10487
2.951337518795918  10329
2.951823035315912  10540
2.9523080096621253  10934
2.952792443044092  11985
2.9532763366673045  10282
2.9537596917332287  9632
2.9542425094393248  11347
2.954724790979063  10203
2.9552065375419416  11136
2.9556877503135057  9803
2.9561684304753633  11783
2.9566485792052033  10651
2.957128197676813  10615
2.957607287060095  10589
2.958085848521085  10106
2.9585638832219674  10449
2.9590413923210934  12650
2.9595183769729982  9780
2.959994838328416  13276
2.960470777534299  12314
2.960946195733831  12211
2.9614210940664485  11394
2.9618954736678504  12063
2.962369335670021  11764
2.9628426812012423  12154
2.9633155113861114  10891
2.963787827345555  13575
2.964259630196849  11375
2.9647309210536292  11211
2.965201701025912  12665
2.9656719712201065  12715
2.9661417327390325  10807
2.966610986681934  10977
2.967079734144497  10229
2.967547976218862  11704
2.968015713993642  11488
2.9684829485539352  9878
2.9689496809813427  12066
2.9694159123539814  12421
2.9698816437465  11423
2.9703468762300935  10852
2.9708116108725178  11852
2.971275848738105  9999
2.971739590887778  12554
2.9722028383790646  9830
2.972665592266111  12115
2.9731278535996988  10967
2.973589623427257  11259
2.9740509027928774  11150
2.9745116927373285  10909
2.974971994298069  11024
2.975431808509263  12447
2.975891136401793  10874
2.9763499790032735  12093
2.976808337338066  10231
2.977266212427293  12692
2.9777236052888476  11758
2.978180516937414  10433
2.9786369483844743  11197
2.979092900638326  11952
2.979548374704095  10020
2.9800033715837464  10554
2.9804578922761  10768
2.9809119377768436  10535
2.9813655090785445  11257
2.9818186071706636  10180
2.9822712330395684  10470
2.9827233876685453  10993
2.983175072037813  11170
2.9836262871245345  11939
2.984077033902831  10586
2.9845273133437926  11308
2.9849771264154934  10969
2.9854264740830017  12732
2.9858753573083936  10860
2.986323777050765  12377
2.9867717342662448  12313
2.9872192299080047  10537
2.9876662649262746  10898
2.988112840268352  12125
2.9885589568786157  11467
2.989004615698537  11569
2.9894498176666917  11112
2.989894563718773  11011
2.9903388547876015  11932
2.9907826918031377  10702
2.9912260756924947  11902
2.9916690073799486  12529
2.9921114877869495  12960
2.9925535178321354  12417
2.9929950984313414  10904
2.9934362304976116  10957
2.993876914941211  11243
2.9943171526696366  12933
2.9947569445876283  11473
2.9951962915971793  11085
2.99563519459755  10312
2.9960736544852753  11160
2.9965116721541785  11406
2.996949248495381  12289
2.997386384397313  9631
2.9978230807457256  10988
2.998259338423699  11106
2.998695158311656  11928
2.999130541287371  11248
2.9995654882259823  10566
3.0  10371
3.000434077479319  11930
3.0008677215312267  11272
3.0013009330204183  9885
3.0017337128090005  11535
3.002166061756508  12121
3.0025979807199086  11165
3.003029470553618  10615
3.0034605321095067  10573
3.0038911662369103  11138
3.0043213737826426  11552
3.004751155591001  10446
3.0051805125037805  10515
3.0056094453602804  10152
3.0060379549973173  11295
3.0064660422492318  11422
3.0068937079479006  11882
3.0073209529227447  10005
3.00774777800074  12313
3.0081741840064264  11407
3.0086001717619175  12082
3.0090257420869104  12150
3.009450895798694  9381
3.00987563371216  11192
3.010299956639812  10434
3.010723865391773  11403
3.0111473607757975  12186
3.0115704435972783  12677
3.011993114659257  11452
3.012415374762433  12382
3.012837224705172  12363
3.0132586652835167  11087
3.0136796972911926  12592
3.0141003215196207  11163
3.0145205387579237  11534
3.0149403497929366  10398
3.0153597554092144  10513
3.015778756389041  11496
3.016197353512439  11539
3.016615547557177  11691
3.0170333392987803  10602
3.017450729510536  10414
3.0178677189635055  11595
3.018284308426531  10255
3.0187004986662433  10582
3.019116290447073  10550
3.0195316845312554  11845
3.0199466816788423  11199
3.0203612826477078  11609
3.020775488193558  13680
3.0211892990699383  10837
3.021602716028242  10600
3.02201573981772  11496
3.0224283711854865  11041
3.022840610876528  9784
3.0232524596337114  11121
3.0236639181977933  10778
3.024074987307426  11675
3.024485667699167  10526
3.024895960107485  11648
3.0253058652647704  11112
3.025715383901341  11786
3.0261245167454502  11116
3.0265332645232967  13742
3.0269416279590295  11381
3.0273496077747564  10161
3.0277572046905536  10088
3.0281644194244697  10735
3.0285712526925375  10676
3.028977705208778  12188
3.0293837776852097  11032
3.029789470831856  11451
3.030194785356751  11869
3.030599721965951  11384
3.0310042813635367  12958
3.031408464251624  10852
3.0318122713303706  10329
3.0322157032979815  10272
3.03261876085072  13204
3.0330214446829107  11162
3.03342375548695  11518
3.03382569395331  11287
3.0342272607705505  10270
3.0346284566253203  12015
3.0350292822023683  11447
3.0354297381845483  8469
3.035829825252828  9766
3.0362295440862948  10688
3.036628895362161  10431
3.037027879755775  11758
3.037426497940624  9556
3.037824750588342  10286
3.0382226383687185  11211
3.038620161949703  11823
3.039017321997412  10220
3.0394141191761372  10893
3.0398105541483504  9876
3.0402066275747113  12157
3.040602340114073  11160
3.0409976924234905  11796
3.041392685158225  10965
3.041787318971752  12187
3.042181594515766  10226
3.0425755124401905  12044
3.0429690733931802  11573
3.0433622780211294  11761
3.0437551269686796  9841
3.044147620878723  11710
3.044539760392411  10931
3.04493154614916  14488
3.0453229787866576  11879
3.0457140589408676  11546
3.0461047872460387  10541
3.0464951643347082  12165
3.04688519083771  11693
3.0472748673841794  10636
3.04766419460156  11316
3.048053173115609  11890
3.0484418035504044  12303
3.04883008652835  12463
3.0492180226701815  11478
3.049605612594973  10782
3.0499928569201424  9697
3.050379756261458  10993
3.0507663112330423  11275
3.0511525224473814  11295
3.0515383905153275  10554
3.0519239160461065  10953
3.0523090996473234  9839
3.052693941924968  11519
3.0530784434834195  10544
3.053462604925455  9949
3.0538464268522527  11199
3.0542299098633974  12095
3.0546130545568877  10096
3.0549958615291417  11758
3.055378331375  11238
3.0557604646877348  11847
3.056142262059052  9807
3.0565237240791006  10902
3.0569048513364727  10320
3.0572856444182146  12030
3.0576661039098294  11571
3.0580462303952816  9447
3.058426024457005  12301
3.0588054866759067  10797
3.059184617631371  12467
3.0595634179012676  12307
3.059941888061955  11142
3.060320028688285  11203
3.060697840353612  10976
3.0610753236297916  11597
3.061452479087193  10634
3.061829307294699  13303
3.0622058088197126  11836
3.062581984228163  10067
3.0629578340845103  11439
3.0633333589517497  11289
3.0637085593914173  11736
3.064083435963596  10962
3.0644579892269186  11213
3.064832219738574  9620
3.065206128054312  10852
3.0655797147284485  11050
3.06595298031387  11859
3.0663259253620376  11708
3.0666985504229953  10712
3.0670708560453703  10295
3.0674428427763805  13356
3.0678145111618402  9948
3.0681858617461617  11902
3.068556895072363  11548
3.068927611682072  12236
3.0692980121155293  12063
3.0696680969115957  11105
3.070037866607755  11024
3.0704073217401198  8653
3.0707764628434346  12138
3.0711452904510828  9954
3.071513805095089  11010
3.0718820073061255  10346
3.072249897613515  11190
3.0726174765452368  9666
3.0729847446279304  13294
3.073351702386901  10041
3.0737183503461227  10529
3.074084689028244  12062
3.074450718954591  11289
3.074816440645175  9948
3.0751818546186915  11502
3.0755469613925306  10623
3.0759117614827773  10006
3.076276255404218  12356
3.076640443670342  11761
3.0770043267933502  11258
3.0773679052841563  11930
3.077731179652392  11267
3.0780941504064105  11577
3.0784568180532927  13056
3.0788191830988487  11525
3.0791812460476247  10706
3.079543007402906  9490
3.079904467666721  10270
3.0802656273398448  10668
3.0806264869218056  9085
3.080987046910887  11541
3.0813473078041325  12008
3.081707270097349  12003
3.082066934285113  10084
3.0824263008607717  10166
3.0827853703164503  11318
3.0831441431430524  10807
3.0835026198302673  12853
3.083860800866573  10806
3.0842186867392387  10494
3.084576277934331  9468
3.084933574936716  11101
3.085290578230065  11327
3.0856472882968564  11156
3.0860037056183818  11163
3.0863598306747484  11953
3.0867156639448825  10260
3.0870712059065353  9800
3.0874264570362855  13420
3.087781417809542  11916
3.0881360887005513  11535
3.0884904701823963  12120
3.088844562727004  12405
3.089198366805149  10294
3.089551882886454  10780
3.089905111439398  13088
3.090258052931316  10044
3.090610707828407  10332
3.0909630765957314  12652
3.091315159697223  11430
3.0916669575956846  11284
3.092018470752797  12433
3.0923696996291206  11907
3.0927206446840994  11088
3.0930713063760633  11147
3.093421685162235  11314
3.09377178149873  10829
3.0941215958405612  12349
3.094471128641645  11448
3.0948203803548  11029
3.095169351431755  10596
3.095518042323151  10087
3.0958664534785427  11521
3.0962145853464054  11314
3.0965624383741357  10917
3.0969100130080562  10309
3.09725730969342  11893
3.097604328874411  11622
3.09795107099415  12257
3.0982975364946976  12110
3.098643725817057  12105
3.0989896394011773  11525
3.0993352776859577  12244
3.09968064110925  11862
3.1000257301078626  12535
3.100370545117563  11679
3.1007150865730817  11868
3.1010593549081156  8943
3.101403350555331  10039
3.1017470739463664  10829
3.1020905255118367  10599
3.1024337056813365  12378
3.1027766148834415  9972
3.1031192535457137  10643
3.103461622094705  10803
3.103803720955957  12337
3.104145550554008  10612
3.104487111312395  14333
3.1048284036536553  11486
3.1051694279993316  10281
3.1055101847699738  10838
3.1058506743851435  11861
3.1061908972634154  12061
3.1065308538223815  11848
3.106870544478654  11921
3.1072099696478683  12283
3.1075491297446862  10847
3.1078880251827985  12660
3.1082266563749283  12569
3.1085650237328344  10508
3.1089031276673134  12390
3.109240968588203  10996
3.1095785469043866  11187
3.1099158630237933  10594
3.110252917353403  11767
3.110589710299249  10520
3.1109262422664203  12114
3.1112625136590655  11298
3.111598524880394  10751
3.1119342763326814  12387
3.1122697684172707  10581
3.1126050015345745  11545
3.11293997608408  9849
3.1132746924643504  11865
3.1136091510730277  11516
3.113943352306837  10835
3.1142772965615864  11865
3.114610984232173  10181
3.1149444157125847  11168
3.1152775913959014  10169
3.1156105116742996  9443
3.115943176939055  12401
3.116275587580544  12302
3.1166077439882485  11032
3.116939646550756  10339
3.1172712956557644  10525
3.117602691690084  11155
3.1179338350396413  10881
3.118264726089479  12664
3.118595365223762  11563
3.1189257528257768  11877
3.1192558892779365  11702
3.119585774961784  10911
3.119915410257991  11269
3.1202447955463652  14365
3.12057393120585  10524
3.1209028176145273  9903
3.1212314551496214  10616
3.1215598441875008  11014
3.121887985103681  11026
3.1222158782728267  11901
3.1225435240687545  12288
3.1228709228644354  10906
3.1231980750319988  10161
3.123524980942732  10727
3.123851640967086  10658
3.124178055474675  9823
3.1245042248342823  11637
3.1248301494138593  12392
3.12515582958053  12130
3.125481265700594  11138
3.125806458139527  11243
3.1261314072619846  10666
3.1264561134318045  11350
3.126780577012009  11968
3.1271047983648077  11566
3.127428777851599  11518
3.1277525158329733  9640
3.1280760126687155  11222
3.1283992687178066  10893
3.128722284338427  11144
3.1290450598879582  13220
3.1293675957229854  11034
3.129689892199301  12039
3.1300119496719043  11230
3.130333768495006  10298
3.130655349022031  10128
3.130976691605617  11214
3.131297796597623  10834
3.1316186643491255  9703
3.1319392952104246  11364
3.1322596895310446  8691
3.132579847659737  11113
3.132899769944483  11091
3.1332194567324945  11490
3.1335389083702174  9766
3.133858125203335  10973
3.1341771075767664  11685
3.1344958558346736  11734
3.13481437032046  10193
3.1351326513767748  12291
3.1354506993455136  10635
3.1357685145678222  10434
3.1360860973840974  10380
3.13640344813399  9682
3.1367205671564067  11194
3.1370374547895126  9547
3.137354111370733  12874
3.137670537236755  11150
3.137986732723532  11367
3.1383026981662816  9802
3.1386184338994925  9875
3.1389339402569236  12339
3.139249217571607  10607
3.13956426617585  12007
3.1398790864012365  9775
3.140193678578631  9864
3.1405080430381798  11725
3.1408221801093106  11325
3.141136090120739  13636
3.1414497734004674  11814
3.141763230275788  9180
3.1420764610732848  10839
3.142389466118836  10596
3.1427022457376155  10911
3.143014800254095  12019
3.143327129992046  9631
3.1436392352745433  9558
3.1439511164239633  11206
3.144262773761991  10530
3.144574207609616  10482
3.144885418287142  10095
3.1451964061141817  10045
3.1455071714096627  12580
3.1458177144918276  12427
3.146128035678238  10833
3.1464381352857744  10437
3.14674801363064  11837
3.1470576710283598  11209
3.1473671077937864  12997
3.1476763242410986  11304
3.147985320683805  11230
3.1482940974347455  11340
3.1486026548060932  10924
3.1489109931093564  11167
3.1492191126553797  11261
3.149527013754348  10895
3.149834696715785  10871
3.1501421618485588  11408
3.150449409460881  11781
3.150756439860309  11015
3.15106325335375  10870
3.1513698502474603  12143
3.151676230847048  11132
3.151982395457474  10539
3.1522883443830563  11198
3.15259407792747  12229
3.1528995963937474  10705
3.153204900084284  12807
3.1535099893008374  12027
3.153814864344529  11804
3.154119525515847  10635
3.154423973114647  11050
3.1547282074401557  9449
3.1550322287909704  11316
3.155336037465062  11286
3.1556396337597765  11594
3.1559430179718366  10225
3.1562461903973444  10919
3.1565491513317814  10771
3.156851901070011  11364
3.1571544399062814  11226
3.157456768134226  10366
3.1577588860468637  11733
3.158060793936605  9708
3.1583624920952498  12106
3.1586639808139894  11559
3.15896526038341  11277
3.159266331093494  10451
3.1595671932336202  11389
3.1598678470925665  10636
3.160168292958512  11705
3.1604685311190375  12375
3.1607685618611283  11311
3.1610683854711747  11281
3.161368002234975  9624
3.161667412437736  12091
3.161966616364075  12597
3.1622656142980214  12423
3.162564406523019  10966
3.162862993321926  12254
3.1631613749770184  11624
3.16345955176999  12341
3.163757523981956  10289
3.1640552918934515  9554
3.164352855784437  10196
3.1646502159342966  14342
3.1649473726218416  11929
3.1652443261253107  11384
3.165541076722373  10444
3.1658376246901283  11347
3.166133970305109  10418
3.166430113843283  10487
3.166726055580052  12399
3.1670217957902564  11278
3.167317334748176  11041
3.16761267272753  11864
3.16790781000148  10854
3.168202746842631  10341
3.1684974835230326  10275
3.1687920203141817  11238
3.1690863574870227  12277
3.1693804953119495  10515
3.1696744340588068  9894
3.1699681739968923  11474
3.1702617153949575  11083
3.1705550585212086  10981
3.170848203643309  11501
3.1711411510283822  11272
3.171433900943008  10642
3.171726453653231  10986
3.1720188094245563  10142
3.172310968521954  11803
3.17260293120986  11812
3.1728946977521764  10084
3.173186268412274  11022
3.1734776434529945  11669
3.17376882313665  11682
3.1740598077250253  9760
3.1743505974793798  11368
3.1746411926604483  12500
3.1749315935284423  11757
3.1752218003430523  10313
3.1755118133634475  12460
3.1758016328482794  11704
3.1760912590556813  11567
3.1763806922432702  12588
3.17666993266815  10999
3.176958980586908  10900
3.1772478362556233  11087
3.1775364999298623  11887
3.177824971864682  11230
3.1781132523146316  11443
3.178401341533755  11075
3.17868923977559  12822
3.1789769472931693  11342
3.1792644643390253  11453
3.1795517911651876  10069
3.179838928023187  12122
3.180125875164054  11728
3.180412632838324  10966
3.1806992012960347  11267
3.1809855807867304  11731
3.1812717715594614  11150
3.1815577738627865  10566
3.1818435879447726  9460
3.182129214052998  11009
3.182414652434554  10184
3.1826999033360424  10152
3.182984967003582  13747
3.1832698436828046  10667
3.1835545336188615  11509
3.1838390370564214  12864
3.184123354239671  11596
3.1844074854123203  11464
3.184691430817599  10054
3.184975190698261  10366
3.185258765296585  10931
3.185542154854375  11378
3.185825359612962  11553
3.1861083798132053  11865
3.186391215695493  9828
3.1866738674997452  11229
3.1869563354654122  11530
3.187238619831479  10729
3.187520720836463  11046
3.1878026387184195  12307
3.188084373714938  11459
3.188365926063148  10940
3.188647295999717  11097
3.1889284837608534  12392
3.189209489582306  10369
3.1894903136993675  10495
3.189770956346874  10193
3.190051417759206  11997
3.1903316981702914  10282
3.190611797813605  11384
3.1908917169221698  13751
3.1911714557285586  10404
3.1914510144648953  12059
3.1917303933628562  10520
3.1920095926536702  9801
3.1922886125681202  11474
3.1925674533365456  11545
3.192846115188842  9743
3.1931245983544616  11427
3.1934029030624176  11546
3.1936810295412816  10948
3.193958978019187  11944
3.1942367487238292  10537
3.194514341882467  11858
3.1947917577219247  11019
3.1950689964685903  11222
3.1953460583484197  11146
3.1956229435869368  11655
3.1958996524092336  10298
3.1961761850399735  10244
3.196452541703389  11702
3.196728722623287  12656
3.1970047280230456  10697
3.197280558125619  10150
3.1975562131535367  10907
3.197831693328903  11778
3.1981069988734014  12074
3.1983821300082944  11165
3.1986570869544226  12214
3.198931869932209  11817
3.1992064791616577  11023
3.199480914862356  10539
3.1997551772534747  11692
3.2000292665537704  12716
3.200303182981585  11106
3.2005769267548483  11982
3.2008504980910772  10744
3.2011238972073794  11107
3.2013971243204513  11006
3.2016701796465816  12143
3.20194306340165  11357
3.2022157758011316  10136
3.2024883170600935  10881
3.2027606873931997  11313
3.2030328870147105  11893
3.203304916138483  12253
3.2035767749779724  11001
3.2038484637462346  11051
3.2041199826559246  11954
3.2043913319193  10114
3.204662511748219  10900
3.204933522354145  13187
3.2052043639481447  11102
3.205475036740891  12376
3.205745540942662  9394
3.2060158767633444  11332
3.2062860444124324  10103
3.2065560440990297  11850
3.2068258760318495  10380
3.207095540419218  11335
3.2073650374690716  11424
3.2076343673889616  10336
3.2079035303860515  12041
3.2081725266671217  10586
3.208441356438567  12490
3.208710019906401  12750
3.2089785172762535  12408
3.2092468487533736  11431
3.2095150145426308  11136
3.209783014848515  9955
3.2100508498751372  10176
3.210318519826232  12680
3.2105860249051563  11178
3.210853365314893  10929
3.2111205412580492  10938
3.2113875529368587  10566
3.2116544005531824  10466
3.2119210843085093  10430
3.2121876044039577  9505
3.212453961040276  9295
3.2127201544178425  10694
3.212986184736668  11138
3.2132520521963968  11534
3.2135177569963047  11478
3.2137832993353044  9834
3.2140486794119414  10610
3.2143138974244  12466
3.214578953570499  11952
3.214843848047698  11892
3.215108581053093  11473
3.215373152783422  11648
3.215637563435062  11347
3.215901813204032  11335
3.216165902285993  11842
3.216429830876251  10239
3.2166935991697545  10275
3.216957207361097  10418
3.217220655644519  13040
3.2174839442139063  12313
3.2177470732627937  11356
3.218010042984363  9876
3.2182728535714475  11974
3.218535505216528  11247
3.2187979981117376  12765
3.219060332448861  11202
3.219322508419337  13278
3.2195845262142546  9757
3.219846386024361  12035
3.220108088040055  11194
3.2203696324513946  9886
3.220631019448092  10719
3.2208922492195193  12639
3.2211533219547053  11450
3.2214142378423385  11214
3.2216749970707688  10806
3.2219355998280053  12454
3.22219604630172  11688
3.222456336679247  9682
3.2227164711475833  11628
3.2229764498933915  11867
3.2232362731029975  11998
3.2234959409623944  10680
3.2237554536572413  11037
3.224014811372864  10870
3.2242740142942576  11072
3.2245330626060857  11386
3.2247919564926817  12527
3.225050696138049  9864
3.225309281725863  11468
3.225567713439471  9955
3.2258259914618934  11136
3.226084115975824  13234
3.226342087163631  11111
3.2265999052073573  12084
3.2268575702887237  11228
3.2271150825891253  11361
3.2273724422896364  11352
3.227629649571009  10136
3.2278867046136734  10596
3.2281436075977417  11033
3.228400358703005  11803
3.2286569581089353  11739
3.228913405994688  11386
3.229169702539101  10069
3.229425847920695  10454
3.229681842317676  9801
3.229937685907934  10811
3.230193378869046  11241
3.230448921378274  11691
3.230704313612569  10927
3.230959555748569  11480
3.231214647962601  9977
3.2314695904306814  9307
3.2317243833285163  10192
3.231979026831504  12101
3.2322335211147335  10936
3.232487866352986  11187
3.232742062720737  11397
3.2329961103921536  10113
3.2332500095411003  11278
3.2335037603411343  11301
3.2337573629655103  9671
3.2340108175871793  11976
3.2342641243787895  10951
3.2345172835126865  9609
3.2347702951609163  11807
3.2350231594952237  11556
3.2352758766870524  11433
3.2355284469075487  11912
3.2357808703275603  10701
3.236033147117636  10684
3.2362852774480286  11147
3.236537261488694  10869
3.2367890994092927  11041
3.237040791379191  11566
3.237292337567459  10178
3.2375437381428744  10314
3.2377949932739227  11044
3.2380461031287955  11457
3.238297067875394  10695
3.2385478876813276  10790
3.238798562713917  10174
3.2390490931401916  10398
3.2392994791268923  12579
3.239549720840473  11429
3.2397998184470986  10430
3.2400497721126476  13900
3.2402995820027125  11058
3.2405492482826  11024
3.240798771117331  11324
3.241048150671644  11184
3.2412973871099933  10957
3.2415464805965484  12160
3.241795431295199  10025
3.2420442393695508  10855
3.2422929049829308  10828
3.2425414282983844  11347
3.2427898094786767  10580
3.2430380486862944  10086
3.243286146083446  11181
3.243534101832062  11819
3.243781916093795  11470
3.244029589030022  12695
3.244277120801843  9656
3.244524511570084  9619
3.244771761495295  10561
3.245018870737753  11429
3.245265839457461  11236
3.24551266781415  11376
3.245759355967277  10867
3.246005904076029  11189
3.246252312299322  10557
3.246498580795801  11294
3.2467447097238415  10075
3.24699069924155  9833
3.247236549506764  10608
3.2474822606770544  11309
3.2477278329097232  10640
3.247973266361807  11192
3.248218561190075  11130
3.248463717551032  10515
3.2487087356009177  10405
3.2489536154957075  10890
3.249198357391113  12198
3.249442961442582  11947
3.2496874278053016  12295
3.249931756634195  11981
3.250175948083925  11251
3.250420002308894  12958
3.2506639194632436  10802
3.250907699700856  13263
3.2511513431753545  12025
3.2513948500401044  9200
3.251638220448212  10733
3.2518814545525276  11190
3.252124552505644  10366
3.2523675144598987  10447
3.252610340567373  12240
3.2528530309798933  10625
3.2530955858490316  10489
3.2533380053261065  11054
3.253580289562183  11100
3.2538224387080734  10702
3.254064452914338  10205
3.2543063323312857  11871
3.2545480771089736  11359
3.25478968739721  9599
3.2550311633455515  10588
3.255272505103306  10918
3.2555137128195333  12208
3.255754786643044  12025
3.255995726722402  11190
3.256236533205923  10921
3.256477206241677  11220
3.256717745977487  10707
3.256958152560932  12061
3.2571984261393445  10079
3.257438566859814  10841
3.2576785748691846  9815
3.2579184503140586  10479
3.2581581933407944  12238
3.258397804095509  10851
3.2586372827240764  11318
3.258876629372131  10259
3.2591158441850663  11295
3.2593549273080344  11253
3.2595938788859486  9884
3.2598326990634834  12190
3.2600713879850747  10540
3.26030994579492  12134
3.2605483726369795  11070
3.2607866686549762  9243
3.2610248339923973  11480
3.2612628687924934  12224
3.2615007731982804  11838
3.2617385473525378  10208
3.2619761913978125  10974
3.262213705476417  12395
3.2624510897304293  10456
3.2626883443016963  10296
3.2629254693318317  11029
3.2631624649622166  10648
3.263399331334002  11004
3.263636068588108  11633
3.2638726768652235  11751
3.2641091563058082  12058
3.2643455070500926  10534
3.2645817292380777  11064
3.2648178230095364  11768
3.2650537885040145  10431
3.26528962586083  11636
3.2655253352190736  9828
3.2657609167176105  11673
3.265996370495079  11381
3.266231696689893  11450
3.2664668954402414  11677
3.2667019668840878  11267
3.266936911159173  12442
3.2671717284030137  11625
3.267406418752904  10527
3.2676409823459154  11710
3.2678754193188975  10252
3.2681097298084785  12349
3.268343913951065  11511
3.268577971882843  10073
3.2688119037397803  11680
3.269045709657623  10932
3.2692793897718984  10224
3.2695129442179165  10836
3.269746373130767  11029
3.269979676645324  12314
3.2702128548962426  9860
3.2704459080179626  10190
3.2706788361447066  11166
3.2709116394104814  10428
3.2711443179490782  11105
3.2713768718940743  11060
3.271609301378832  11225
3.271841606536499  10441
3.27207378750001  8960
3.2723058444020863  9313
3.2725377773752373  11229
3.2727695865517594  11577
3.2730012720637376  10684
3.2732328340430454  9661
3.273464272621346  10902
3.273695587930092  12140
3.2739267801005254  10388
3.27415784926368  11271
3.274388795550379  11161
3.274619619091238  11968
3.274850320016665  10951
3.2750808984568587  11308
3.2753113545418118  9643
3.2755416884013098  12952
3.2757719001649312  9704
3.27600198996205  9686
3.2762319579218335  10758
3.2764618041732443  11887
3.27669152884504  10070
3.276921132065774  10138
3.277150613963797  9792
3.2773799746672547  10563
3.2776092143040914  10908
3.2778383330020473  11977
3.2780673308886628  10696
3.2782962080912736  11280
3.2785249647370174  9380
3.278753600952829  11383
3.278982116865443  12352
3.279210512601395  10842
3.2794387882870204  9935
3.2796669440484556  10991
3.279894980011638  10260
3.2801228963023075  10854
3.280350693046006  10948
3.2805783703680764  10220
3.280805928393667  11396
3.2810333672477277  10199
3.281260687055013  11926
3.2814878879400813  10281
3.281714970027296  11621
3.281941933440825  10737
3.2821687783046416  10402
3.2823955047425257  12396
3.2826221128780624  9942
3.282848602834645  10752
3.2830749747354715  10501
3.2833012287035497  10003
3.2835273648616936  9653
3.2837533833325265  11717
3.28397928423848  11093
3.284205067701794  12634
3.2844307338445193  10200
3.2846562827885157  10402
3.284881714655453  11390
3.285107029566812  10364
3.2853322276438846  11046
3.285557309007774  10221
3.285782273779395  10167
3.2860071220794747  9764
3.286231854028553  11660
3.286456469746983  9542
3.28668096935493  10370
3.286905352972375  10757
3.287129620719111  11042
3.2873537727147464  10074
3.2875778090787056  10053
3.287801729930226  12138
3.2880255353883627  10960
3.288249225571986  11136
3.2884728005997825  11296
3.288696260590256  9903
3.2889196056617265  11049
3.289142835932333  10157
3.2893659515200318  10782
3.2895889525425965  9692
3.2898118391176214  11127
3.290034611362518  10333
3.2902572693945182  11200
3.290479813330673  10426
3.2907022432878543  11632
3.2909245593827543  9378
3.2911467617318855  11008
3.291368850451583  10478
3.2915908256580013  9660
3.291812687467119  9846
3.2920344359947364  9634
3.292256071356476  10529
3.292477593667784  11135
3.29269900304393  9843
3.292920299600006  10993
3.2931414834509307  9860
3.2933625547114453  11015
3.2935835134961167  11086
3.2938043599193367  10795
3.2940250940953226  9923
3.2942457161381182  10767
3.294466226161593  10074
3.2946866242794433  11959
3.2949069106051923  10486
3.295127085252191  11197
3.295347148333618  10197
3.295567099962479  9354
3.295786940251609  11026
3.2960066693136723  10196
3.2962262872611605  11081
3.296445794206396  10853
3.296665190261531  10398
3.296884475538547  9877
3.2971036501492565  10154
3.2973227142053028  10485
3.2975416678181597  9988
3.297760511099134  9545
3.2979792441593623  10831
3.298197867109815  10761
3.2984163800612945  12773
3.2986347831244354  10626
3.298853076409707  10972
3.2990712600274095  9450
3.29928933408768  10474
3.2995072987004876  9965
3.2997251539756367  11844
3.299942900022767  10762
3.3001605369513523  10195
3.3003780648707024  10877
3.3005954838899636  12065
3.300812794118117  10081
3.3010299956639813  10049
3.3012470886362113  10204
3.3014640731433  9221
3.3016809492935764  8971
3.301897717195208  9854
3.302114376956201  10027
3.302330928684399  10860
3.3025473724874854  9528
3.3027637084729817  10405
3.3029799367482493  10756
3.303196057420489  10090
3.303412070596742  9859
3.30362797638389  10074
3.3038437748886547  8768
3.3040594662175993  11216
3.3042750504771283  10438
3.3044905277734875  10644
3.3047058982127653  10567
3.3049211619008916  10794
3.305136318943639  11439
3.305351369446624  10952
3.305566313515304  10055
3.3057811512549824  9647
3.3059958827708047  10852
3.3062105081677613  10219
3.3064250275506875  11468
3.3066394410242617  10194
3.3068537486930087  10528
3.3070679506612985  9182
3.307282047033346  9661
3.307496037913213  9655
3.307709923404807  9959
3.307923703611882  9119
3.3081373786380386  10362
3.308350948586726  9727
3.3085644135612386  10333
3.3087777736647213  9498
3.3089910290001643  10882
3.3092041796704077  9646
3.30941722577814  11937
3.3096301674258988  11243
3.3098430047160705  9768
3.3100557377508912  9083
3.3102683666324477  10385
3.3104808914626753  10063
3.3106933123433606  9865
3.3109056293761414  9315
3.311117842662506  9180
3.3113299523037933  9254
3.311541958401195  9492
3.311753861055754  9510
3.3119656603683665  10819
3.3121773564397787  9268
3.312388949370592  9861
3.3126004392612596  9828
3.312811826212088  10388
3.313023110323238  11198
3.313234291694724  10513
3.313445370426414  9455
3.3136563466180315  9238
3.3138672203691533  8783
3.3140779917792127  10074
3.3142886609474975  9185
3.3144992279731516  9654
3.314709692955174  9364
3.31492005599242  8775
3.315130317183602  10335
3.3153404766272883  9619
3.315550534421905  9725
3.3157604906657347  9746
3.315970345456918  10555
3.3161800988934527  9461
3.3163897510731952  9702
3.3165993020938607  9611
3.316808752053022  10256
3.3170181010481117  11163
3.31722734917642  9847
3.317436496535099  10070
3.3176455432211585  9376
3.317854489331469  11048
3.3180633349627615  10498
3.318272080211627  8971
3.3184807251745174  9614
3.318689269947746  10288
3.3188977146274867  9008
3.3191060593097763  9075
3.319314304090512  9413
3.3195224490654542  9314
3.3197304943302246  9940
3.3199384399803087  9245
3.3201462861110542  9900
3.3203540328176717  8512
3.3205616801952367  9728
3.3207692283386865  8770
3.3209766773428235  9145
3.3211840273023143  9648
3.321391278311689  9771
3.3215984304653436  9004
3.3218054838575393  10436
3.3220124385824006  9206
3.322219294733919  9491
3.3224260524059526  9742
3.3226327116922234  9727
3.322839272686321  9456
3.3230457354817013  10025
3.323252100171687  10083
3.3234583668494677  8908
3.3236645356081  8998
3.323870606540509  8491
3.3240765797394864  10891
3.3242824552976926  8122
3.3244882333076564  8690
3.3246939138617746  8823
3.3248994970523134  8895
3.3251049829714074  9866
3.325310371711061  9329
3.325515663363148  9966
3.325720858019412  9910
3.325925955771466  8319
3.3261309567107946  9422
3.326335860928751  9140
3.3265406685165617  9115
3.3267453795653217  8890
3.326949994165999  9686
3.3271545124094315  8632
3.3273589343863303  9682
3.327563260187278  8610
3.327767489902729  9667
3.3279716236230104  9971
3.3281756614383227  9583
3.3283796034387376  8960
3.328583449714202  7844
3.3287872003545345  9540
3.3289908554494287  8913
3.329194415088451  7894
3.329397879361043  8948
3.3296012483565187  8706
3.3298045221640695  9092
3.330007700872759  7730
3.330210784571528  8474
3.330413773349191  9415
3.3306166672944384  7368
3.330819466495837  8698
3.3310221710418286  8937
3.3312247810207323  8509
3.331427296520743  8263
3.3316297176299323  8764
3.331832044436249  8347
3.332034277027518  7838
3.3322364154914434  9554
3.3324384599156054  8517
3.3326404103874627  7757
3.3328422669943514  8349
3.3330440298234874  8867
3.3332456989619628  7987
3.3334472744967503  8115
3.3336487565147013  7955
3.333850145102545  8349
3.334051440346892  7981
3.334252642334231  8475
3.3344537511509307  8139
3.3346547668832414  8326
3.3348556896172914  8233
3.3350565194390915  8358
3.3352572564345317  8641
3.3354579006893843  6936
3.3356584522893016  8539
3.335858911319818  8346
3.336059277866349  7437
3.336259552014193  8137
3.3364597338485296  7840
3.3366598234544202  7293
3.336859820916809  7549
3.3370597263205246  9099
3.3372595397502756  7735
3.337459261290656  8036
3.3376588910261424  7925
3.3378584290410944  7823
3.3380578754197563  8361
3.3382572302462554  7925
3.3384564936046046  7911
3.3386556655787003  7378
3.338854746252323  8699
3.339053735709139  7616
3.3392526340327  7964
3.3394514413064407  7974
3.339650157613684  8130
3.339848783037637  7485
3.340047317661393  7412
3.3402457615679317  7372
3.3404441148401185  8064
3.3406423775607053  7462
3.3408405498123317  7212
3.341038631677523  7147
3.3412366232386925  7615
3.34143452457814  7699
3.3416323357780544  7486
3.3418300569205104  6809
3.3420276880874717  8114
3.3422252293607904  7788
3.342422680822206  6540
3.342620042553348  7054
3.342817314635733  7611
3.343014497150768  6545
3.3432115901797474  6829
3.3434085938038574  6471
3.343605508104172  7020
3.343802333161655  6988
3.3439990690571615  6909
3.344195715871435  6224
3.3443922736851106  7093
3.344588742578714  6595
3.344785122632661  6404
3.344981413927258  6381
3.345177616542704  6988
3.3453737305590883  7180
3.345569756056392  7241
3.345765693114488  6402
3.3459615418131414  6514
3.346157302232008  6503
3.346352974450639  6920
3.346548558548474  6550
3.346744054604849  7210
3.3469394626989906  6491
3.34713478291002  6491
3.3473300153169503  5619
3.3475251599986895  6755
3.347720217034038  6346
3.3479151865016914  6441
3.3481100684802376  6504
3.3483048630481607  6145
3.348499570283838  6032
3.348694190265541  6466
3.348888723071438  5787
3.34908316877959  6613
3.3492775274679554  5712
3.3494717992143856  5800
3.34966598409663  6473
3.3498600821923312  6253
3.3500540935790304  5935
3.3502480183341627  5742
3.350441856535061  6167
3.3506356082589543  5875
3.350829273582968  5523
3.3510228525841237  6336
3.351216345339342  5680
3.351409751925439  5292
3.351603072419129  5672
3.3517963068970236  6118
3.351989455435632  5724
3.3521825181113627  5423
3.35237549500052  5901
3.3525683861793087  5888
3.3527611917238307  5760
3.3529539117100877  5614
3.3531465462139796  5934
3.3533390953113047  5448
3.353531559077762  5468
3.353723937588949  5375
3.353916230920363  5197
3.3541084391474008  5052
3.35430056234536  5449
3.3544926005894364  5219
3.3546845539547285  5412
3.354876422516234  4860
3.3550682063488506  5101
3.3552599055273786  5234
3.3554515201265174  4579
3.355643050220869  4925
3.355834495884936  4650
3.3560258571931225  4786
3.3562171342197353  4845
3.3564083270389813  4679
3.356599435724971  4575
3.356790460351716  4674
3.3569814009931314  4793
3.3571722577230334  4216
3.3573630306151427  4227
3.3575537197430814  4526
3.3577443251803754  4182
3.357934847000454  4571
3.3581252852766488  4363
3.358315640082196  4217
3.3585059114902354  4134
3.3586960995738107  4047
3.358886204405869  4428
3.359076226059263  4320
3.3592661646067485  4053
3.3594560201209864  4368
3.359645792674543  4345
3.359835482339888  4069
3.3600250891893975  4153
3.3602146132953523  3988
3.3604040547299387  4149
3.360593413565249  3676
3.36078268987328  3809
3.3609718837259357  3478
3.361160995195026  3735
3.3613500243522663  3997
3.361538971269279  3394
3.361727836017593  3443
3.3619166186686433  3178
3.362105319293773  3246
3.362293937964231  3329
3.3624824747511743  3453
3.362670929725667  3221
3.36285930295868  3455
3.3630475945210936  3094
3.363235804483694  3373
3.3634239329171765  3175
3.3636119798921444  3152
3.3637999454791094  2944
3.3639878297484915  2855
3.3641756327706194  2811
3.3643633546157306  2829
3.364550995353972  2537
3.3647385550553985  2750
3.364926033789976  2664
3.3651134316275773  2559
3.3653007486379876  2603
3.3654879848909  2324
3.3656751404559175  2354
3.365862215402555  2235
3.3660492098002353  2533
3.366236123718293  2342
3.3664229572259727  2334
3.3666097103924297  2148
3.36679638328673  2068
3.3669829759778507  2277
3.367169488534681  2099
3.367355921026019  1993
3.3675422735205767  2017
3.3677285460869766  1859
3.3679147387937527  2137
3.3681008517093516  1771
3.368286884902131  1740
3.3684728384403617  1983
3.368658712392227  1628
3.3688445068258215  1632
3.3690302218091532  1698
3.369215857410143  1654
3.3694014136966244  1585
3.369586890736344  1617
3.369772288596963  1594
3.369957607346053  1461
3.370142847051102  1541
3.3703280077795106  1327
3.3705130895985924  1382
3.370698092575577  1335
3.370883016777606  1207
3.3710678622717363  1264
3.3712526291249394  1376
3.371437317404101  1284
3.3716219271760215  1160
3.371806458507416  961
3.371990911464915  1119
3.372175286115064  1011
3.3723595825243238  1158
3.3725438007590705  1011
3.3727279408855955  862
3.3729120029701067  1009
3.373095987078727  862
3.373279893277496  832
3.373463721632369  791
3.3736474722092176  845
3.3738311450738303  787
3.3740147402919116  839
3.374198257929083  792
3.374381698050882  717
3.374565060722765  663
3.374748346010104  640
3.3749315539781883  553
3.375114684692225  629
3.375297738217339  630
3.3754807146185724  583
3.3756636139608855  540
3.375846436309156  542
3.3760291817281805  523
3.376211850282673  588
3.3763944420372662  608
3.376576957056512  403
3.37675939540488  411
3.3769417571467586  418
3.377124042346456  457
3.377306251068199  389
3.3774883833761327  391
3.377670439334323  372
3.3778524190067545  393
3.3780343224573315  309
3.378216149749878  390
3.3783979009481375  301
3.378579576115775  315
3.3787611753163733  270
3.378942698613437  281
3.379124146070392  253
3.379305517750582  232
3.3794868137172736  230
3.379668034033654  231
3.37984917876283  180
3.380030247967831  247
3.380211241711606  216
3.3803921600570273  199
3.3805730030668872  168
3.3807537708039  183
3.380934463330702  185
3.3811150807098507  131
3.381295623003826  152
3.38147609027503  142
3.381656482585787  137
3.3818367999983434  100
3.3820170425748683  118
3.382197210377454  95
3.3823773034681137  84
3.3825573219087857  96
3.3827372657613304  92
3.382917135087531  117
3.3830969299490943  77
3.3832766504076504  81
3.383456296524753  60
3.3836358683618797  55
3.383815365980431  76
3.383994789441733  83
3.3841741388070337  69
3.384353414137506  55
3.3845326154942486  81
3.3847117429382823  49
3.3848907965305544  43
3.385069776331935  51
3.38524868240322  59
3.3854275148051305  45
3.385606273598312  53
3.3857849588433355  33
3.385963570600697  36
3.3861421089308186  30
3.386320573894046  27
3.386498965550653  21
3.3866772839608377  36
3.386855529184724  31
3.387033701282363  20
3.3872118003137306  24
3.387389826338729  14
3.387567779417189  23
3.3877456596088638  9
3.3879234669734366  15
3.3881012015705165  16
3.388278863459639  24
3.3884564527002667  9
3.388633969351789  7
3.3888114134735234  13
3.388988785124714  8
3.3891660843645326  8
3.389343311252078  14
3.3895204658463776  8
3.3896975482063856  9
3.3898745583909853  3
3.3900514964589874  6
3.3902283624691303  2
3.390405156480081  2
3.390581878550435  1
3.390758528738717  2
3.3909351071033793  4
3.3911116137028023  2
3.3912880485952974  1
3.3914644118391033  4
3.3916407034923877  3
3.3919930722597127  1
3.392345155361204  1
3.3925210899319325  2
3.392696953259666  2
3.3928727454020793  2
3.3930484664167784  1
