0.3010299956639812  11233
0.47712125471966244  5686
0.6020599913279624  3544
0.6989700043360189  3392
0.7781512503836436  3297
0.8450980400142568  3188
0.9030899869919435  1832
0.9542425094393249  1509
1.0  1726
1.0413926851582251  1204
1.0791812460476249  642
1.1139433523068367  515
1.146128035678238  519
1.1760912590556813  366
1.2041199826559248  172
1.2304489213782739  223
1.255272505103306  220
1.2787536009528289  70
1.3010299956639813  89
1.3222192947339193  12
1.3424226808222062  19
1.3617278360175928  16
