0.3010299956639812  14650
0.47712125471966244  9051
0.6020599913279624  6434
0.6989700043360189  4706
0.7781512503836436  3624
0.8450980400142568  3880
0.9030899869919435  4728
0.9542425094393249  3159
1.0  2956
1.0413926851582251  2209
1.0791812460476249  2558
1.1139433523068367  2465
1.146128035678238  1851
1.1760912590556813  1547
1.2041199826559248  1436
1.2304489213782739  1026
1.255272505103306  668
1.2787536009528289  631
1.3010299956639813  704
1.3222192947339193  466
1.3424226808222062  235
1.3617278360175928  283
1.380211241711606  242
1.3979400086720377  130
1.414973347970818  89
1.4313637641589874  92
1.4471580313422192  40
1.462397997898956  24
1.4771212547196624  30
1.4913616938342726  3
1.505149978319906  8
1.5314789170422551  7
1.5563025007672873  16
1.568201724066995  1
