0.3010299956639812  764767
0.47712125471966244  177606
0.6020599913279624  132578
0.6989700043360189  131728
0.7781512503836436  112153
0.8450980400142568  99894
0.9030899869919435  81790
0.9542425094393249  71101
1.0  56385
1.0413926851582251  42681
1.0791812460476249  34956
1.1139433523068367  26976
1.146128035678238  19195
1.1760912590556813  13770
1.2041199826559248  15144
1.2304489213782739  17115
1.255272505103306  8206
1.2787536009528289  11740
1.3010299956639813  8358
1.3222192947339193  8587
1.3424226808222062  6987
1.3617278360175928  8280
1.380211241711606  10799
1.3979400086720377  16905
1.414973347970818  12635
1.4313637641589874  14113
1.4471580313422192  11185
1.462397997898956  10109
1.4771212547196624  11484
1.4913616938342726  11251
1.505149978319906  8562
1.5185139398778875  13493
1.5314789170422551  7347
1.5440680443502757  12526
1.5563025007672873  12463
1.568201724066995  10383
1.5797835966168101  13215
1.591064607026499  9994
1.6020599913279623  4313
1.6127838567197355  15009
1.6232492903979006  10474
1.6334684555795864  8430
1.6434526764861874  8406
1.6532125137753437  12171
1.662757831681574  5971
1.6720978579357175  9753
1.6812412373755872  9005
1.6901960800285136  11684
1.6989700043360187  9465
1.7075701760979363  8959
1.7160033436347992  5680
1.724275869600789  8307
1.7323937598229686  9126
1.7403626894942439  8950
1.7481880270062005  8185
1.7558748556724915  13125
1.7634279935629373  8439
1.7708520116421442  11233
1.7781512503836436  4303
1.7853298350107671  10327
1.792391689498254  9013
1.7993405494535817  6360
1.806179973983887  8540
1.8129133566428555  5100
1.8195439355418688  7630
1.8260748027008264  8663
1.8325089127062364  6660
1.8388490907372552  5754
1.845098040014257  6195
1.8512583487190752  8547
1.8573324964312685  11865
1.863322860120456  9569
1.8692317197309762  11761
1.8750612633917  7430
1.8808135922807914  7320
1.8864907251724818  5742
1.8920946026904804  4927
1.8976270912904414  7311
1.9030899869919435  8262
1.9084850188786497  7074
1.9138138523837167  8928
1.919078092376074  8335
1.9242792860618816  6570
1.9294189257142926  9011
1.9344984512435677  6317
1.9395192526186185  6267
1.9444826721501687  10244
1.9493900066449128  4684
1.954242509439325  7763
1.9590413923210936  6426
1.9637878273455553  7113
1.968482948553935  8812
1.9731278535996986  6543
1.9777236052888478  4867
1.9822712330395684  6492
1.9867717342662448  8443
1.9912260756924949  8444
1.99563519459755  7906
2.0  3000
2.0043213737826426  7856
2.0086001717619175  5161
2.012837224705172  6349
2.0170333392987803  5739
2.0211892990699383  4768
2.0253058652647704  4138
2.0293837776852097  3797
2.03342375548695  5425
2.037426497940624  8551
2.041392685158225  6289
2.0453229787866576  6771
2.0492180226701815  5694
2.0530784434834195  8557
2.0569048513364727  5528
2.060697840353612  6015
2.0644579892269186  5116
2.0681858617461617  5032
2.0718820073061255  6303
2.0755469613925306  5816
2.0791812460476247  6603
2.0827853703164503  5135
2.0863598306747484  3644
2.089905111439398  6031
2.093421685162235  4450
2.0969100130080562  4625
2.100370545117563  3549
2.103803720955957  6451
2.1072099696478683  4904
2.110589710299249  4633
2.113943352306837  4237
2.1172712956557644  4511
2.12057393120585  3887
2.123851640967086  4508
2.1271047983648077  4568
2.130333768495006  4365
2.1335389083702174  3624
2.1367205671564067  4270
2.1398790864012365  2690
2.143014800254095  5020
2.146128035678238  3127
2.1492191126553797  3135
2.1522883443830563  5085
2.155336037465062  5333
2.1583624920952498  4858
2.161368002234975  4222
2.164352855784437  4770
2.167317334748176  4497
2.1702617153949575  3621
2.173186268412274  4919
2.1760912590556813  4503
2.1789769472931693  2980
2.1818435879447726  5533
2.184691430817599  4440
2.187520720836463  3325
2.1903316981702914  3779
2.1931245983544616  3320
2.1958996524092336  3307
2.1986570869544226  3256
2.2013971243204513  3877
2.2041199826559246  3303
2.2068258760318495  4623
2.2095150145426308  2909
2.2121876044039577  3554
2.214843848047698  3518
2.2174839442139063  3352
2.220108088040055  3238
2.2227164711475833  4212
2.225309281725863  2476
2.2278867046136734  2709
2.230448921378274  3006
2.2329961103921536  3828
2.2355284469075487  2576
2.2380461031287955  2762
2.2405492482826  2578
2.2430380486862944  2543
2.24551266781415  2737
2.247973266361807  3100
2.250420002308894  2487
2.2528530309798933  3266
2.255272505103306  2481
2.2576785748691846  1529
2.2600713879850747  3358
2.2624510897304293  2610
2.2648178230095364  3177
2.2671717284030137  1925
2.2695129442179165  1929
2.271841606536499  1859
2.27415784926368  2280
2.2764618041732443  2111
2.278753600952829  1556
2.2810333672477277  2482
2.2833012287035497  1560
2.285557309007774  1714
2.287801729930226  1938
2.290034611362518  1536
2.292256071356476  1835
2.294466226161593  1642
2.296665190261531  1632
2.298853076409707  1553
2.3010299956639813  1733
2.303196057420489  2084
2.305351369446624  2032
2.307496037913213  1777
2.3096301674258988  1235
2.311753861055754  1577
2.3138672203691533  1412
2.315970345456918  1649
2.3180633349627615  1523
2.3201462861110542  1825
2.322219294733919  1951
2.3242824552976926  1862
2.326335860928751  1434
2.3283796034387376  1138
2.330413773349191  1605
2.3324384599156054  1016
2.3344537511509307  1066
2.3364597338485296  967
2.3384564936046046  978
2.3404441148401185  889
2.342422680822206  1043
2.3443922736851106  864
2.346352974450639  872
2.3483048630481607  1080
2.3502480183341627  751
2.3521825181113627  1174
2.3541084391474008  1169
2.3560258571931225  1056
2.357934847000454  717
2.359835482339888  955
2.361727836017593  618
2.3636119798921444  540
2.3654879848909  821
2.367355921026019  484
2.369215857410143  753
2.3710678622717363  726
2.3729120029701067  491
2.374748346010104  670
2.376576957056512  618
2.3783979009481375  653
2.380211241711606  495
2.3820170425748683  510
2.383815365980431  536
2.385606273598312  350
2.387389826338729  534
2.3891660843645326  378
2.3909351071033793  449
2.392696953259666  500
2.3944516808262164  288
2.3961993470957363  572
2.3979400086720375  408
2.399673721481038  388
2.401400540781544  302
2.403120521175818  243
2.404833716619938  373
2.406540180433955  337
2.4082399653118496  231
2.4099331233312946  270
2.41161970596323  151
2.413299764081252  237
2.4149733479708178  222
2.416640507338281  267
2.4183012913197452  228
2.419955748489758  182
2.4216039268698313  265
2.423245873936808  256
2.424881636631067  163
2.4265112613645754  153
2.428134794028789  221
2.429752280002408  123
2.4313637641589874  151
2.432969290874406  116
2.4345689040341987  151
2.436162647040756  61
2.437750562820388  88
2.439332693830263  85
2.4409090820652177  71
2.4424797690644486  69
2.444044795918076  53
2.4456042032735974  57
2.4471580313422194  59
2.44870631990508  47
2.450249108319361  41
2.45178643552429  88
2.4533183400470375  57
2.45484486000851  40
2.456366033129043  22
2.4578818967339924  39
2.459392487759231  28
2.4608978427565478  61
2.462397997898956  16
2.4638929889859074  64
2.4653828514484184  24
2.4668676203541096  10
2.4683473304121573  26
2.469822015978163  12
2.4712917110589387  11
2.4727564493172123  19
2.4742162640762553  13
2.4756711883244296  20
2.4771212547196626  11
2.4785664955938436  3
2.4800069429571505  2
2.481442628502305  2
2.482873583608754  5
2.484299839346786  15
2.48572142648158  1
2.4885507165004443  2
2.4899584794248346  5
2.4913616938342726  4
2.4927603890268375  4
2.494154594018443  2
2.4983105537896004  1
2.5024271199844326  1
2.503790683057181  2
2.506505032404872  1
2.507855871695831  3
2.5118833609788744  1
