0.3010299956639812  158836
0.47712125471966244  117423
0.6020599913279624  103546
0.6989700043360189  112876
0.7781512503836436  84220
0.8450980400142568  77241
0.9030899869919435  84673
0.9542425094393249  84468
1.0  79610
1.0413926851582251  67093
1.0791812460476249  71978
1.1139433523068367  66615
1.146128035678238  61787
1.1760912590556813  56776
1.2041199826559248  54731
1.2304489213782739  46298
1.255272505103306  43722
1.2787536009528289  39414
1.3010299956639813  27791
1.3222192947339193  24111
1.3424226808222062  20088
1.3617278360175928  17481
1.380211241711606  11906
1.3979400086720377  10058
1.414973347970818  12550
1.4313637641589874  9141
1.4471580313422192  7075
1.462397997898956  8421
1.4771212547196624  6220
1.4913616938342726  5694
1.505149978319906  8384
1.5185139398778875  8814
1.5314789170422551  9054
1.5440680443502757  8575
1.5563025007672873  4849
1.568201724066995  12574
1.5797835966168101  7364
1.591064607026499  7555
1.6020599913279623  8465
1.6127838567197355  8074
1.6232492903979006  5383
1.6334684555795864  9313
1.6434526764861874  7999
1.6532125137753437  11553
1.662757831681574  9639
1.6720978579357175  7322
1.6812412373755872  6990
1.6901960800285136  5915
1.6989700043360187  7355
1.7075701760979363  9376
1.7160033436347992  5560
1.724275869600789  7959
1.7323937598229686  6198
1.7403626894942439  7632
1.7481880270062005  6383
1.7558748556724915  6899
1.7634279935629373  7495
1.7708520116421442  5827
1.7781512503836436  8667
1.7853298350107671  5854
1.792391689498254  9553
1.7993405494535817  6889
1.806179973983887  6354
1.8129133566428555  6226
1.8195439355418688  8139
1.8260748027008264  6946
1.8325089127062364  7074
1.8388490907372552  7112
1.845098040014257  8736
1.8512583487190752  7095
1.8573324964312685  7060
1.863322860120456  5481
1.8692317197309762  5115
1.8750612633917  10499
1.8808135922807914  8162
1.8864907251724818  7651
1.8920946026904804  8544
1.8976270912904414  7992
1.9030899869919435  7426
1.9084850188786497  7959
1.9138138523837167  10768
1.919078092376074  8312
1.9242792860618816  10427
1.9294189257142926  6315
1.9344984512435677  6611
1.9395192526186185  8170
1.9444826721501687  6306
1.9493900066449128  5670
1.954242509439325  6605
1.9590413923210936  10587
1.9637878273455553  9966
1.968482948553935  5681
1.9731278535996986  8595
1.9777236052888478  7427
1.9822712330395684  8880
1.9867717342662448  7231
1.9912260756924949  7185
1.99563519459755  6612
2.0  5496
2.0043213737826426  7329
2.0086001717619175  9450
2.012837224705172  8662
2.0170333392987803  7942
2.0211892990699383  7304
2.0253058652647704  11245
2.0293837776852097  5917
2.03342375548695  8485
2.037426497940624  7909
2.041392685158225  7128
2.0453229787866576  10065
2.0492180226701815  5483
2.0530784434834195  6166
2.0569048513364727  7826
2.060697840353612  7806
2.0644579892269186  4587
2.0681858617461617  9002
2.0718820073061255  10300
2.0755469613925306  7194
2.0791812460476247  9086
2.0827853703164503  8881
2.0863598306747484  6257
2.089905111439398  10702
2.093421685162235  6953
2.0969100130080562  7069
2.100370545117563  6265
2.103803720955957  9547
2.1072099696478683  9807
2.110589710299249  7048
2.113943352306837  5400
2.1172712956557644  6749
2.12057393120585  7791
2.123851640967086  8791
2.1271047983648077  7707
2.130333768495006  7530
2.1335389083702174  8285
2.1367205671564067  8621
2.1398790864012365  6582
2.143014800254095  8169
2.146128035678238  9595
2.1492191126553797  8505
2.1522883443830563  7131
2.155336037465062  6598
2.1583624920952498  5111
2.161368002234975  9728
2.164352855784437  6931
2.167317334748176  10474
2.1702617153949575  4782
2.173186268412274  10464
2.1760912590556813  7717
2.1789769472931693  7982
2.1818435879447726  4303
2.184691430817599  9373
2.187520720836463  8502
2.1903316981702914  7218
2.1931245983544616  7044
2.1958996524092336  11124
2.1986570869544226  7041
2.2013971243204513  10675
2.2041199826559246  7182
2.2068258760318495  7669
2.2095150145426308  5782
2.2121876044039577  7731
2.214843848047698  9424
2.2174839442139063  9823
2.220108088040055  8569
2.2227164711475833  6020
2.225309281725863  5967
2.2278867046136734  7268
2.230448921378274  8758
2.2329961103921536  9008
2.2355284469075487  5797
2.2380461031287955  8161
2.2405492482826  9388
2.2430380486862944  7496
2.24551266781415  8187
2.247973266361807  9258
2.250420002308894  7678
2.2528530309798933  7535
2.255272505103306  6339
2.2576785748691846  6332
2.2600713879850747  8505
2.2624510897304293  4825
2.2648178230095364  7081
2.2671717284030137  7304
2.2695129442179165  10701
2.271841606536499  10477
2.27415784926368  8273
2.2764618041732443  6180
2.278753600952829  4098
2.2810333672477277  6351
2.2833012287035497  7540
2.285557309007774  9000
2.287801729930226  7714
2.290034611362518  5872
2.292256071356476  7279
2.294466226161593  8786
2.296665190261531  7920
2.298853076409707  6259
2.3010299956639813  6550
2.303196057420489  8773
2.305351369446624  6605
2.307496037913213  8177
2.3096301674258988  7966
2.311753861055754  9851
2.3138672203691533  9477
2.315970345456918  5584
2.3180633349627615  6048
2.3201462861110542  8391
2.322219294733919  7808
2.3242824552976926  6370
2.326335860928751  7696
2.3283796034387376  6674
2.330413773349191  6822
2.3324384599156054  7164
2.3344537511509307  5832
2.3364597338485296  11114
2.3384564936046046  6918
2.3404441148401185  6130
2.342422680822206  7047
2.3443922736851106  9086
2.346352974450639  11813
2.3483048630481607  9858
2.3502480183341627  8591
2.3521825181113627  10190
2.3541084391474008  10933
2.3560258571931225  7037
2.357934847000454  7850
2.359835482339888  7324
2.361727836017593  4461
2.3636119798921444  10268
2.3654879848909  7394
2.367355921026019  8616
2.369215857410143  5694
2.3710678622717363  5499
2.3729120029701067  9795
2.374748346010104  7290
2.376576957056512  5373
2.3783979009481375  8555
2.380211241711606  8404
2.3820170425748683  7077
2.383815365980431  8406
2.385606273598312  7196
2.387389826338729  8252
2.3891660843645326  8935
2.3909351071033793  10009
2.392696953259666  5462
2.3944516808262164  7150
2.3961993470957363  8770
2.3979400086720375  7152
2.399673721481038  5708
2.401400540781544  6094
2.403120521175818  8121
2.404833716619938  7158
2.406540180433955  6687
2.4082399653118496  5767
2.4099331233312946  7040
2.41161970596323  8286
2.413299764081252  8301
2.4149733479708178  6968
2.416640507338281  7415
2.4183012913197452  6272
2.419955748489758  5522
2.4216039268698313  6070
2.423245873936808  6066
2.424881636631067  6364
2.4265112613645754  8517
2.428134794028789  6076
2.429752280002408  6614
2.4313637641589874  5768
2.432969290874406  8904
2.4345689040341987  5519
2.436162647040756  8909
2.437750562820388  9074
2.439332693830263  10604
2.4409090820652177  7983
2.4424797690644486  7202
2.444044795918076  8823
2.4456042032735974  4860
2.4471580313422194  7668
2.44870631990508  6231
2.450249108319361  6759
2.45178643552429  6974
2.4533183400470375  9381
2.45484486000851  6417
2.456366033129043  7924
2.4578818967339924  9491
2.459392487759231  6006
2.4608978427565478  5626
2.462397997898956  6142
2.4638929889859074  5292
2.4653828514484184  8177
2.4668676203541096  6817
2.4683473304121573  5831
2.469822015978163  7447
2.4712917110589387  5407
2.4727564493172123  10467
2.4742162640762553  5832
2.4756711883244296  5616
2.4771212547196626  8654
2.4785664955938436  8377
2.4800069429571505  5138
2.481442628502305  9220
2.482873583608754  5741
2.484299839346786  4348
2.48572142648158  6155
2.4871383754771865  5078
2.4885507165004443  5868
2.4899584794248346  7060
2.4913616938342726  6477
2.4927603890268375  7157
2.494154594018443  7140
2.4955443375464483  5194
2.496929648073215  5460
2.4983105537896004  8049
2.499687082618404  8284
2.5010592622177517  6080
2.5024271199844326  10558
2.503790683057181  5941
2.505149978319906  8666
2.506505032404872  7682
2.507855871695831  7000
2.509202522331103  6708
2.510545010206612  6201
2.5118833609788744  6410
2.513217600067939  7556
2.514547752660286  5379
2.515873843711679  4870
2.5171958979499744  7942
2.5185139398778875  7470
2.519827993775719  6752
2.5211380837040362  8264
2.5224442335063197  8849
2.5237464668115646  7030
2.525044807036845  5479
2.526339277389844  7472
2.5276299008713385  5664
2.5289167002776547  5450
2.530199698203082  7894
2.531478917042255  7226
2.5327543789924976  5073
2.534026106056135  5793
2.5352941200427703  7737
2.53655844257153  6119
2.537819095073274  8411
2.5390760987927767  6348
2.5403294747908736  8228
2.5415792439465807  6596
2.5428254269591797  6811
2.5440680443502757  7966
2.545307116465824  8168
2.546542663478131  6972
2.5477747053878224  6662
2.5490032620257876  8367
2.550228353055094  6708
2.5514499979728753  7599
2.552668216112193  8021
2.5538830266438746  5809
2.5550944485783194  5079
2.5563025007672873  8129
2.5575072019056577  7679
2.558708570533166  9685
2.5599066250361124  9438
2.561101383649056  7303
2.5622928644564746  7892
2.5634810853944106  5280
2.5646660642520893  5933
2.5658478186735176  8586
2.56702636615906  4904
2.568201724066995  6292
2.569373909615046  8384
2.5705429398818973  7597
2.571708831808688  7873
2.5728716022004803  8882
2.574031267727719  10778
2.575187844927661  5805
2.576341350205793  6761
2.5774917998372255  4310
2.578639209968072  7874
2.57978359661681  6283
2.5809249756756194  7799
2.582063362911709  8251
2.583198773968623  6667
2.584331224367531  6797
2.5854607295085006  5697
2.586587304671755  6507
2.5877109650189114  9142
2.5888317255942073  8239
2.5899496013257077  6354
2.591064607026499  5354
2.5921767573958667  5904
2.593286067020457  6337
2.5943925503754266  5489
2.595496221825574  6650
2.59659709562646  5217
2.597695185925512  6235
2.598790506763115  9119
2.5998830720736876  6613
2.6009728956867484  6204
2.6020599913279625  6731
2.603144372620182  6220
2.60422605308447  6507
2.6053050461411096  7490
2.606381365110605  6177
2.6074550232146687  8718
2.6085260335771943  6680
2.60959440922522  9472
2.61066016308988  6837
2.611723308007342  6373
2.6127838567197355  8589
2.6138418218760693  7467
2.6148972160331345  6085
2.615950051656401  6723
2.617000341120899  5970
2.6180480967120925  9684
2.6190933306267428  6237
2.6201360549737576  6293
2.621176281775035  7253
2.622214022966295  4798
2.6232492903979003  8190
2.6242820958356683  6572
2.625312450961674  5612
2.6263403673750423  5393
2.6273658565927325  6715
2.6283889300503116  6826
2.629409599102719  5576
2.630427875025024  7258
2.6314437690131722  6094
2.6324572921847245  8540
2.6334684555795866  6267
2.6344772701607315  7339
2.635483746814912  7539
2.6364878963533656  6927
2.637489729512511  6183
2.6384892569546374  6116
2.639486489268586  7488
2.640481436970422  6692
2.6414741105040997  5592
2.6424645202421213  5549
2.6434526764861874  9630
2.6444385894678386  5787
2.645422269349092  6735
2.6464037262230695  5758
2.6473829701146196  5512
2.6483600109809315  7479
2.649334858712142  6016
2.6503075231319366  4937
2.651278013998144  7321
2.6522463410033232  8352
2.6532125137753435  6932
2.6541765418779604  5967
2.655138434811382  5929
2.656098202012832  5878
2.6570558528571038  7648
2.6580113966571126  5248
2.658964842664435  6590
2.6599162000698504  7717
2.660865478003869  4928
2.661812685537261  5563
2.662757831681574  6596
2.663700925389648  6630
2.6646419755561257  7644
2.6655809910179533  6772
2.6665179805548807  6887
2.667452952889954  8580
2.66838591669  7935
2.6693168805661123  8385
2.670245853074124  6380
2.6711728427150834  5705
2.6720978579357175  7686
2.673020907128896  5160
2.673941998634088  7296
2.6748611407378116  7768
2.6757783416740852  6237
2.6766936096248664  4911
2.677606952720493  5686
2.678518379040114  7097
2.6794278966121188  6618
2.680335513414563  5583
2.681241237375587  6056
2.682145076373832  4995
2.6830470382388496  5772
2.683947130751512  6616
2.6848453616444123  6979
2.6857417386022635  7725
2.6866362692622934  5899
2.6875289612146345  5583
2.6884198220027105  8915
2.6893088591236203  4714
2.690196080028514  6962
2.6910814921229687  4947
2.69196510276736  7423
2.69284691927723  6649
2.693726948923647  6820
2.694605198933569  6392
2.6954816764901977  5502
2.696356388733332  5625
2.6972293427597176  6981
2.6981005456233897  6311
2.6989700043360187  6729
2.699837725867246  5856
2.7007037171450192  6943
2.7015679850559273  6469
2.7024305364455254  5995
2.7032913781186614  6303
2.7041505168397992  6637
2.705007959333336  5856
2.7058637122839193  6546
2.7067177823367587  6877
2.7075701760979363  8115
2.708420900134713  6427
2.709269960975831  7770
2.7101173651118162  5211
2.710963118995276  4121
2.711807229041191  5567
2.7126497016272113  5183
2.7134905430939424  5966
2.714329759745233  6674
2.7151673578484576  7035
2.716003343634799  6601
2.7168377232995247  5029
2.717670503002262  6534
2.718501688867274  4621
2.7193312869837265  4557
2.720159303405957  6413
2.7209857441537393  6503
2.7218106152125467  5342
2.722633922533812  7897
2.7234556720351857  3762
2.724275869600789  5472
2.725094521081469  5319
2.7259116322950483  6235
2.7267272090265724  4963
2.727541257028556  6611
2.7283537820212285  6109
2.72916478969277  5072
2.7299742856995555  5929
2.7307822756663893  4088
2.7315887651867388  6956
2.7323937598229686  5111
2.7331972651065692  5694
2.733999286538387  3811
2.734799829588847  7791
2.73559889969818  4905
2.7363965022766426  6137
2.7371926427047373  4505
2.737987326333431  6887
2.738780558484369  6738
2.739572344450092  5440
2.7403626894942437  5191
2.741151598851785  4374
2.741939077729199  6831
2.7427251313046983  4651
2.74350976472843  5070
2.7442929831226763  6126
2.7450747915820575  5784
2.745855195173729  4715
2.7466341989375787  5717
2.747411807886423  5163
2.7481880270062002  6187
2.7489628612561616  5819
2.749736315569061  4995
2.7505083948513462  3282
2.751279103983342  5080
2.7520484478194387  6511
2.7528164311882715  5219
2.7535830588929064  5792
2.754348335711019  4405
2.7551122663950713  5137
2.7558748556724915  4546
2.756636108245848  4595
2.7573960287930244  5254
2.75815462196739  4774
2.7589118923979736  5002
2.7596678446896306  5647
2.760422483423212  5091
2.7611758131557314  4347
2.761927838420529  4599
2.762678563727436  5409
2.7634279935629373  6312
2.7641761323903307  4776
2.7649229846498886  5184
2.765668554759014  6049
2.7664128471123997  3516
2.7671558660821804  4141
2.767897616018091  6165
2.7686381012476144  5690
2.7693773260761385  3936
2.7701152947871015  4574
2.7708520116421442  4488
2.7715874808812555  5498
2.77232170672292  6045
2.7730546933642626  4495
2.7737864449811935  5148
2.7745169657285498  4827
2.7752462597402365  3890
2.775974331129369  6054
2.776701183988411  4023
2.7774268223893115  5911
2.7781512503836434  4973
2.7788744720027396  4801
2.7795964912578244  5458
2.780317312140151  4825
2.7810369386211318  5423
2.781755374652469  4146
2.782472624166286  4913
2.7831886910752575  4578
2.783903579272735  5351
2.784617292632875  5543
2.785329835010767  5051
2.786041210242554  4442
2.7867514221455614  5308
2.787460474518415  3747
2.788168371141168  3951
2.788875115775417  5736
2.7895807121644256  4187
2.7902851640332416  4267
2.790988475088816  5540
2.791690649020118  4266
2.792391689498254  3962
2.79309160017658  4805
2.7937903846908188  5131
2.7944880466591697  4393
2.795184589682424  4218
2.7958800173440754  4399
2.7965743332104296  4340
2.7972675408307164  3751
2.797959643737196  4327
2.798650645445269  4310
2.7993405494535817  5311
2.8000293592441343  3766
2.800717078282385  4464
2.801403710017355  4960
2.802089257881733  5131
2.8027737252919755  5230
2.803457115648414  4467
2.8041394323353503  3642
2.8048206787211623  4437
2.8055008581584002  3254
2.806179973983887  4222
2.8068580295188172  3357
2.807535028068853  3601
2.808210972924222  3917
2.808885867359812  5479
2.8095597146352675  4318
2.8102325179950842  4492
2.8109042806687006  3587
2.8115750058705933  3605
2.812244696800369  3725
2.8129133566428557  4945
2.813580988568192  5623
2.81424759573192  3749
2.814913181275074  4196
2.815577748324267  3940
2.816241299991783  4528
2.8169038393756605  3958
2.8175653695597807  3449
2.8182258936139557  4766
2.8188854145940097  4533
2.8195439355418688  4294
2.82020145948564  3995
2.8208579894397  3757
2.821513528404773  3494
2.8221680793680175  4303
2.8228216453031045  4110
2.823474229170301  4701
2.824125833916549  4185
2.824776462475546  4529
2.8254261177678233  3869
2.8260748027008264  3262
2.826722520168992  3761
2.8273692730538253  3675
2.828015064223977  3728
2.82865989653532  3582
2.829303772831025  3777
2.829946695941636  4094
2.8305886686851442  3161
2.8312296938670634  4092
2.8318697742805017  4183
2.832508912706236  4137
2.833147111912785  2963
2.833784374656479  2937
2.8344207036815328  3665
2.835056101720116  3292
2.8356905714924254  2986
2.8363241157067516  3635
2.8369567370595505  3335
2.837588438235511  3235
2.8382192219076257  3393
2.838849090737255  3939
2.8394780473741985  3691
2.840106094456758  4167
2.8407332346118066  3517
2.841359470454855  3349
2.8419848045901137  3407
2.842609239610562  4112
2.8432327780980096  3275
2.843855422623161  3689
2.8444771757456815  3556
2.845098040014257  4129
2.8457180179666586  2710
2.846337112129805  3095
2.846955325019824  3053
2.847572659142112  3623
2.848189116991399  3212
2.8488047010518036  3218
2.8494194137968996  3016
2.850033257689769  4100
2.8506462351830666  3506
2.8512583487190755  3409
2.851869600729766  3095
2.8524799936368566  3057
2.8530895298518657  2252
2.8536982117761744  3014
2.8543060418010806  2639
2.8549130223078554  2879
2.8555191556678  2837
2.8561244442423  3001
2.8567288903828825  3124
2.8573324964312685  3099
2.857935264719429  3661
2.858537197569639  2884
2.859138297294531  3062
2.859738566197147  2824
2.8603380065709936  2867
2.8609366207000937  2896
2.8615344108590377  2406
2.862131379313037  2853
2.8627275283179747  2439
2.863322860120456  2756
2.8639173769578603  3021
2.864511081058392  2750
2.8651039746411278  2955
2.8656960599160706  2295
2.8662873390841948  2928
2.866877814337499  2336
2.8674674878590514  3162
2.8680563618230415  2577
2.8686444383948255  2414
2.8692317197309762  2639
2.869818207979328  2263
2.870403905279027  2325
2.8709888137605755  2501
2.8715729355458786  2026
2.8721562727482928  2989
2.8727388274726686  2831
2.873320601815399  2326
2.8739015978644615  2354
2.8744818176994666  2553
2.8750612633917  2373
2.8756399370041685  2267
2.876217840591642  2650
2.8767949762007006  2453
2.877371345869774  2372
2.8779469516291885  2239
2.8785217955012063  2658
2.8790958795000727  2483
2.8796692056320534  1894
2.88024177589548  2335
2.8808135922807914  2048
2.8813846567705728  1899
2.8819549713396007  2630
2.8825245379548803  2291
2.8830933585756897  2066
2.8836614351536176  2052
2.884228769632604  2052
2.884795363948981  2182
2.885361220031512  2479
2.885926339801431  2150
2.886490725172482  1974
2.8870543780509568  2142
2.887617300335736  2103
2.888179493918325  1955
2.8887409606828927  1650
2.88930170250631  1998
2.8898617212581885  1813
2.890421018800914  2007
2.890979596989689  1851
2.8915374576725643  1877
2.8920946026904804  1807
2.8926510338773004  1900
2.893206753059848  1672
2.8937617620579434  1605
2.8943160626844384  1669
2.8948696567452528  1778
2.895422546039408  1801
2.8959747323590648  1574
2.8965262174895554  1507
2.89707700320942  1674
2.8976270912904414  1542
2.8981764834976764  1573
2.8987251815894934  1419
2.8992731873176036  1622
2.8998205024270964  1458
2.9003671286564705  1373
2.900913067737669  1719
2.9014583213961123  1463
2.9020028913507296  1165
2.902546779313991  1442
2.9030899869919438  1360
2.9036325160842376  1303
2.9041743682841634  1039
2.904715545278681  1321
2.905256048748451  1171
2.9057958803678687  1197
2.906335041805091  1195
2.90687353472207  1122
2.907411360774586  986
2.9079485216122722  1028
2.90848501887865  978
2.909020854211156  899
2.9095560292411755  1190
2.910090545594068  1030
2.910624404889201  885
2.9111576087399764  825
2.9116901587538613  798
2.9122220565324155  809
2.912753303671323  846
2.9132839017604186  865
2.9138138523837167  713
2.9143431571194407  787
2.9148718175400505  771
2.91539983521227  680
2.9159272116971158  534
2.916453948549925  482
2.9169800473203824  570
2.9175055095525466  540
2.9180303367848803  560
2.9185545305502734  508
2.9190780923760737  422
2.919601023784111  522
2.920123326290724  420
2.9206450014067875  489
2.921166050637739  344
2.921686475483602  452
2.9222062774390163  468
2.92272545799326  395
2.9232440186302764  355
2.9237619608287004  362
2.9242792860618816  306
2.924795995797912  271
2.9253120914996495  353
2.9258275746247424  247
2.926342446625655  289
2.926856708949692  243
2.9273703630390235  277
2.9278834103307068  264
2.9283958522567137  189
2.928907690243953  226
2.929418925714293  196
2.929929560084588  235
2.9304395947667  154
2.930949031167523  154
2.931457870689005  144
2.931966114728173  164
2.932473764677153  155
2.932980821923198  109
2.9334872878487053  121
2.9339931638312424  117
2.934498451243568  137
2.935003151453655  55
2.9355072658247128  90
2.9360107957152097  74
2.936513742478893  96
2.9370161074648142  66
2.937517892017347  72
2.9380190974762104  67
2.938519725176492  36
2.9390197764486663  36
2.9395192526186187  49
2.9400181550076634  38
2.940516484932567  16
2.9410142437055695  39
2.941511432634403  44
2.942008053022313  30
2.9425041061680806  36
2.9429995933660407  20
2.9434945159061026  18
2.9439888750737717  17
2.9444826721501687  23
2.9449759084120477  10
2.94546858513182  9
2.9459607035775686  16
2.946452265013073  11
2.9469432706978256  4
2.9474337218870508  8
2.9479236198317262  14
2.948412965778601  10
2.9489017609702137  14
2.949390006644913  3
2.949877704036875  6
2.950364854376123  11
2.9508514588885464  4
2.951337518795918  11
2.951823035315912  3
2.9523080096621253  4
2.9537596917332287  2
2.9542425094393248  1
2.954724790979063  1
2.9552065375419416  3
2.9556877503135057  3
2.9566485792052033  1
2.957128197676813  6
2.957607287060095  3
2.958085848521085  5
2.9585638832219674  1
2.9590413923210934  3
2.9595183769729982  4
2.959994838328416  3
2.960470777534299  2
2.960946195733831  5
2.9614210940664485  1
2.9618954736678504  1
2.962369335670021  1
2.9628426812012423  1
2.9633155113861114  2
2.963787827345555  3
2.964259630196849  2
2.965201701025912  1
2.9661417327390325  1
2.967547976218862  1
2.9684829485539352  1
