0.3010299956639812  2733718
0.47712125471966244  1491820
0.6020599913279624  928019
0.6989700043360189  884983
0.7781512503836436  642511
0.8450980400142568  504241
0.9030899869919435  414968
0.9542425094393249  455162
1.0  442159
1.0413926851582251  358718
1.0791812460476249  332199
1.1139433523068367  278999
1.146128035678238  267128
1.1760912590556813  270092
1.2041199826559248  234583
1.2304489213782739  212556
1.255272505103306  208386
1.2787536009528289  185022
1.3010299956639813  169393
1.3222192947339193  148649
1.3424226808222062  124187
1.3617278360175928  127332
1.380211241711606  117968
1.3979400086720377  93643
1.414973347970818  75497
1.4313637641589874  65640
1.4471580313422192  58540
1.462397997898956  43976
1.4771212547196624  34429
1.4913616938342726  33915
1.505149978319906  28397
1.5185139398778875  26589
1.5314789170422551  21775
1.5440680443502757  19445
1.5563025007672873  17179
1.568201724066995  10330
1.5797835966168101  11166
1.591064607026499  13175
1.6020599913279623  17114
1.6127838567197355  10781
1.6232492903979006  11658
1.6334684555795864  26811
1.6434526764861874  15638
1.6532125137753437  26689
1.662757831681574  12402
1.6720978579357175  10652
1.6812412373755872  10754
1.6901960800285136  12861
1.6989700043360187  23939
1.7075701760979363  10033
1.7160033436347992  10957
1.724275869600789  12335
1.7323937598229686  19495
1.7403626894942439  23318
1.7481880270062005  6673
1.7558748556724915  16821
1.7634279935629373  12400
1.7708520116421442  17041
1.7781512503836436  17441
1.7853298350107671  10111
1.792391689498254  16010
1.7993405494535817  22405
1.806179973983887  13695
1.8129133566428555  9873
1.8195439355418688  12168
1.8260748027008264  13368
1.8325089127062364  9110
1.8388490907372552  17061
1.845098040014257  15197
1.8512583487190752  11432
1.8573324964312685  21193
1.863322860120456  11233
1.8692317197309762  17482
1.8750612633917  14337
1.8808135922807914  19023
1.8864907251724818  9476
1.8920946026904804  10397
1.8976270912904414  7693
1.9030899869919435  10953
1.9084850188786497  16600
1.9138138523837167  13799
1.919078092376074  16822
1.9242792860618816  11166
1.9294189257142926  13221
1.9344984512435677  11803
1.9395192526186185  16350
1.9444826721501687  10502
1.9493900066449128  19377
1.954242509439325  13712
1.9590413923210936  9965
1.9637878273455553  9513
1.968482948553935  24298
1.9731278535996986  18400
1.9777236052888478  7875
1.9822712330395684  13350
1.9867717342662448  18929
1.9912260756924949  9412
1.99563519459755  16894
2.0  24770
2.0043213737826426  9846
2.0086001717619175  11371
2.012837224705172  18896
2.0170333392987803  22266
2.0211892990699383  7701
2.0253058652647704  5749
2.0293837776852097  11079
2.03342375548695  10443
2.037426497940624  13431
2.041392685158225  12441
2.0453229787866576  10516
2.0492180226701815  13498
2.0530784434834195  11411
2.0569048513364727  11314
2.060697840353612  19971
2.0644579892269186  12006
2.0681858617461617  12290
2.0718820073061255  11042
2.0755469613925306  19549
2.0791812460476247  8870
2.0827853703164503  16298
2.0863598306747484  17457
2.089905111439398  21171
2.093421685162235  14288
2.0969100130080562  22551
2.100370545117563  9712
2.103803720955957  22652
2.1072099696478683  7738
2.110589710299249  11334
2.113943352306837  19318
2.1172712956557644  10534
2.12057393120585  10120
2.123851640967086  21615
2.1271047983648077  12115
2.130333768495006  10210
2.1335389083702174  14727
2.1367205671564067  12838
2.1398790864012365  17270
2.143014800254095  16114
2.146128035678238  26565
2.1492191126553797  9283
2.1522883443830563  14259
2.155336037465062  14437
2.1583624920952498  18255
2.161368002234975  18458
2.164352855784437  14100
2.167317334748176  9634
2.1702617153949575  14852
2.173186268412274  13457
2.1760912590556813  14708
2.1789769472931693  11025
2.1818435879447726  9531
2.184691430817599  10039
2.187520720836463  10644
2.1903316981702914  14755
2.1931245983544616  10789
2.1958996524092336  15764
2.1986570869544226  15411
2.2013971243204513  12070
2.2041199826559246  8206
2.2068258760318495  17197
2.2095150145426308  18626
2.2121876044039577  7412
2.214843848047698  8106
2.2174839442139063  19633
2.220108088040055  14710
2.2227164711475833  13554
2.225309281725863  18551
2.2278867046136734  15431
2.230448921378274  10806
2.2329961103921536  13141
2.2355284469075487  16755
2.2380461031287955  6657
2.2405492482826  12855
2.2430380486862944  17337
2.24551266781415  27057
2.247973266361807  9667
2.250420002308894  14416
2.2528530309798933  13651
2.255272505103306  13919
2.2576785748691846  11301
2.2600713879850747  11558
2.2624510897304293  11526
2.2648178230095364  11645
2.2671717284030137  10063
2.2695129442179165  14449
2.271841606536499  11208
2.27415784926368  17298
2.2764618041732443  14588
2.278753600952829  12854
2.2810333672477277  8646
2.2833012287035497  7204
2.285557309007774  15276
2.287801729930226  11650
2.290034611362518  6900
2.292256071356476  5596
2.294466226161593  14845
2.296665190261531  12594
2.298853076409707  17911
2.3010299956639813  19018
2.303196057420489  7829
2.305351369446624  11669
2.307496037913213  10579
2.3096301674258988  19553
2.311753861055754  13092
2.3138672203691533  16924
2.315970345456918  7925
2.3180633349627615  6258
2.3201462861110542  5627
2.322219294733919  13444
2.3242824552976926  14070
2.326335860928751  11465
2.3283796034387376  9674
2.330413773349191  8805
2.3324384599156054  15860
2.3344537511509307  9386
2.3364597338485296  12531
2.3384564936046046  9741
2.3404441148401185  14209
2.342422680822206  11713
2.3443922736851106  8396
2.346352974450639  8886
2.3483048630481607  8483
2.3502480183341627  7817
2.3521825181113627  10766
2.3541084391474008  15436
2.3560258571931225  8736
2.357934847000454  11923
2.359835482339888  9464
2.361727836017593  13494
2.3636119798921444  16198
2.3654879848909  5670
2.367355921026019  11412
2.369215857410143  14446
2.3710678622717363  16814
2.3729120029701067  12591
2.374748346010104  12630
2.376576957056512  13916
2.3783979009481375  18426
2.380211241711606  14556
2.3820170425748683  9656
2.383815365980431  6429
2.385606273598312  19830
2.387389826338729  13341
2.3891660843645326  13549
2.3909351071033793  11609
2.392696953259666  12933
2.3944516808262164  14047
2.3961993470957363  10817
2.3979400086720375  20259
2.399673721481038  11189
2.401400540781544  8832
2.403120521175818  11125
2.404833716619938  14237
2.406540180433955  11898
2.4082399653118496  9416
2.4099331233312946  12968
2.41161970596323  6482
2.413299764081252  12370
2.4149733479708178  13733
2.416640507338281  12826
2.4183012913197452  7719
2.419955748489758  17588
2.4216039268698313  10990
2.423245873936808  11595
2.424881636631067  13529
2.4265112613645754  12628
2.428134794028789  11875
2.429752280002408  9304
2.4313637641589874  12679
2.432969290874406  14584
2.4345689040341987  11526
2.436162647040756  7475
2.437750562820388  11596
2.439332693830263  10078
2.4409090820652177  11783
2.4424797690644486  15010
2.444044795918076  7908
2.4456042032735974  16058
2.4471580313422194  10680
2.44870631990508  10155
2.450249108319361  9295
2.45178643552429  5681
2.4533183400470375  6797
2.45484486000851  9239
2.456366033129043  13244
2.4578818967339924  16196
2.459392487759231  16417
2.4608978427565478  11906
2.462397997898956  15260
2.4638929889859074  13912
2.4653828514484184  12077
2.4668676203541096  10330
2.4683473304121573  9805
2.469822015978163  18383
2.4712917110589387  11223
2.4727564493172123  20170
2.4742162640762553  9461
2.4756711883244296  13376
2.4771212547196626  8711
2.4785664955938436  10421
2.4800069429571505  9299
2.481442628502305  7612
2.482873583608754  11934
2.484299839346786  11074
2.48572142648158  12612
2.4871383754771865  10293
2.4885507165004443  9649
2.4899584794248346  14627
2.4913616938342726  14182
2.4927603890268375  14928
2.494154594018443  17025
2.4955443375464483  10563
2.496929648073215  12517
2.4983105537896004  13829
2.499687082618404  18830
2.5010592622177517  7332
2.5024271199844326  13354
2.503790683057181  9208
2.505149978319906  11358
2.506505032404872  11813
2.507855871695831  18627
2.509202522331103  11237
2.510545010206612  8014
2.5118833609788744  9300
2.513217600067939  6727
2.514547752660286  11352
2.515873843711679  10908
2.5171958979499744  12737
2.5185139398778875  7862
2.519827993775719  11406
2.5211380837040362  8457
2.5224442335063197  12777
2.5237464668115646  6303
2.525044807036845  12729
2.526339277389844  6519
2.5276299008713385  6933
2.5289167002776547  13999
2.530199698203082  12747
2.531478917042255  6708
2.5327543789924976  12790
2.534026106056135  8361
2.5352941200427703  6859
2.53655844257153  5508
2.537819095073274  11083
2.5390760987927767  16607
2.5403294747908736  4615
2.5415792439465807  5039
2.5428254269591797  11762
2.5440680443502757  8542
2.545307116465824  9233
2.546542663478131  7991
2.5477747053878224  11834
2.5490032620257876  12508
2.550228353055094  8797
2.5514499979728753  5829
2.552668216112193  10646
2.5538830266438746  10316
2.5550944485783194  14444
2.5563025007672873  9198
2.5575072019056577  6831
2.558708570533166  12665
2.5599066250361124  11173
2.561101383649056  21198
2.5622928644564746  7405
2.5634810853944106  10147
2.5646660642520893  10391
2.5658478186735176  10061
2.56702636615906  19342
2.568201724066995  5782
2.569373909615046  13766
2.5705429398818973  14969
2.571708831808688  12020
2.5728716022004803  7251
2.574031267727719  11096
2.575187844927661  10035
2.576341350205793  9313
2.5774917998372255  11156
2.578639209968072  10058
2.57978359661681  15026
2.5809249756756194  7025
2.582063362911709  15926
2.583198773968623  16930
2.584331224367531  15241
2.5854607295085006  8045
2.586587304671755  6165
2.5877109650189114  8841
2.5888317255942073  13304
2.5899496013257077  12496
2.591064607026499  12666
2.5921767573958667  4959
2.593286067020457  8786
2.5943925503754266  10274
2.595496221825574  6819
2.59659709562646  11596
2.597695185925512  7850
2.598790506763115  12531
2.5998830720736876  10094
2.6009728956867484  11106
2.6020599913279625  9322
2.603144372620182  6816
2.60422605308447  13963
2.6053050461411096  7633
2.606381365110605  13081
2.6074550232146687  17784
2.6085260335771943  9385
2.60959440922522  17015
2.61066016308988  10315
2.611723308007342  10433
2.6127838567197355  8764
2.6138418218760693  9785
2.6148972160331345  11793
2.615950051656401  12421
2.617000341120899  6121
2.6180480967120925  10205
2.6190933306267428  11722
2.6201360549737576  7274
2.621176281775035  3704
2.622214022966295  15305
2.6232492903979003  6994
2.6242820958356683  11379
2.625312450961674  7534
2.6263403673750423  9722
2.6273658565927325  7643
2.6283889300503116  12891
2.629409599102719  10230
2.630427875025024  10031
2.6314437690131722  15786
2.6324572921847245  12692
2.6334684555795866  14095
2.6344772701607315  10459
2.635483746814912  8506
2.6364878963533656  9430
2.637489729512511  9844
2.6384892569546374  7642
2.639486489268586  14820
2.640481436970422  6064
2.6414741105040997  15061
2.6424645202421213  13418
2.6434526764861874  13155
2.6444385894678386  13438
2.645422269349092  14177
2.6464037262230695  11477
2.6473829701146196  7716
2.6483600109809315  4488
2.649334858712142  11744
2.6503075231319366  12756
2.651278013998144  11720
2.6522463410033232  12114
2.6532125137753435  12756
2.6541765418779604  12011
2.655138434811382  15697
2.656098202012832  9420
2.6570558528571038  6656
2.6580113966571126  10853
2.658964842664435  10511
2.6599162000698504  14878
2.660865478003869  10703
2.661812685537261  6907
2.662757831681574  7481
2.663700925389648  9371
2.6646419755561257  10824
2.6655809910179533  13711
2.6665179805548807  9814
2.667452952889954  6076
2.66838591669  12787
2.6693168805661123  14996
2.670245853074124  7178
2.6711728427150834  10747
2.6720978579357175  10740
2.673020907128896  10800
2.673941998634088  5137
2.6748611407378116  12682
2.6757783416740852  4661
2.6766936096248664  6406
2.677606952720493  7931
2.678518379040114  14629
2.6794278966121188  12490
2.680335513414563  5928
2.681241237375587  9212
2.682145076373832  11078
2.6830470382388496  8520
2.683947130751512  5262
2.6848453616444123  11071
2.6857417386022635  10226
2.6866362692622934  11793
2.6875289612146345  7547
2.6884198220027105  10422
2.6893088591236203  8249
2.690196080028514  7653
2.6910814921229687  8465
2.69196510276736  7746
2.69284691927723  13022
2.693726948923647  12910
2.694605198933569  8763
2.6954816764901977  15732
2.696356388733332  10772
2.6972293427597176  12576
2.6981005456233897  10998
2.6989700043360187  10252
2.699837725867246  6113
2.7007037171450192  10529
2.7015679850559273  11604
2.7024305364455254  11796
2.7032913781186614  6917
2.7041505168397992  8637
2.705007959333336  9033
2.7058637122839193  14572
2.7067177823367587  12577
2.7075701760979363  8985
2.708420900134713  8805
2.709269960975831  8578
2.7101173651118162  7542
2.710963118995276  11819
2.711807229041191  12760
2.7126497016272113  6208
2.7134905430939424  14746
2.714329759745233  9953
2.7151673578484576  14606
2.716003343634799  6482
2.7168377232995247  8611
2.717670503002262  8222
2.718501688867274  6321
2.7193312869837265  9805
2.720159303405957  9528
2.7209857441537393  9650
2.7218106152125467  11575
2.722633922533812  12085
2.7234556720351857  4375
2.724275869600789  7917
2.725094521081469  14617
2.7259116322950483  8878
2.7267272090265724  9655
2.727541257028556  13569
2.7283537820212285  9023
2.72916478969277  10008
2.7299742856995555  9916
2.7307822756663893  7609
2.7315887651867388  12299
2.7323937598229686  7992
2.7331972651065692  8942
2.733999286538387  7247
2.734799829588847  6400
2.73559889969818  6851
2.7363965022766426  12464
2.7371926427047373  13209
2.737987326333431  9525
2.738780558484369  9894
2.739572344450092  9801
2.7403626894942437  6359
2.741151598851785  11854
2.741939077729199  10265
2.7427251313046983  12678
2.74350976472843  11606
2.7442929831226763  11572
2.7450747915820575  5861
2.745855195173729  13570
2.7466341989375787  17135
2.747411807886423  7877
2.7481880270062002  5553
2.7489628612561616  12486
2.749736315569061  10156
2.7505083948513462  15305
2.751279103983342  10055
2.7520484478194387  5806
2.7528164311882715  10493
2.7535830588929064  11007
2.754348335711019  14751
2.7551122663950713  9614
2.7558748556724915  4782
2.756636108245848  10501
2.7573960287930244  7966
2.75815462196739  9054
2.7589118923979736  8810
2.7596678446896306  7076
2.760422483423212  6758
2.7611758131557314  12296
2.761927838420529  5726
2.762678563727436  11117
2.7634279935629373  5274
2.7641761323903307  8558
2.7649229846498886  7490
2.765668554759014  8640
2.7664128471123997  13454
2.7671558660821804  8137
2.767897616018091  8319
2.7686381012476144  9927
2.7693773260761385  5107
2.7701152947871015  7709
2.7708520116421442  9376
2.7715874808812555  10927
2.77232170672292  8779
2.7730546933642626  9513
2.7737864449811935  14081
2.7745169657285498  8229
2.7752462597402365  6053
2.775974331129369  6486
2.776701183988411  10371
2.7774268223893115  10048
2.7781512503836434  6817
2.7788744720027396  5714
2.7795964912578244  11352
2.780317312140151  6163
2.7810369386211318  6682
2.781755374652469  9030
2.782472624166286  6738
2.7831886910752575  13015
2.783903579272735  6223
2.784617292632875  7200
2.785329835010767  8862
2.786041210242554  6952
2.7867514221455614  12530
2.787460474518415  9853
2.788168371141168  9248
2.788875115775417  4036
2.7895807121644256  7551
2.7902851640332416  8405
2.790988475088816  7861
2.791690649020118  7844
2.792391689498254  10831
2.79309160017658  9742
2.7937903846908188  9435
2.7944880466591697  9636
2.795184589682424  6077
2.7958800173440754  6445
2.7965743332104296  6103
2.7972675408307164  9193
2.797959643737196  9340
2.798650645445269  6405
2.7993405494535817  10851
2.8000293592441343  12231
2.800717078282385  7619
2.801403710017355  7705
2.802089257881733  10773
2.8027737252919755  5764
2.803457115648414  10548
2.8041394323353503  7488
2.8048206787211623  5894
2.8055008581584002  5996
2.806179973983887  8926
2.8068580295188172  10553
2.807535028068853  6097
2.808210972924222  10413
2.808885867359812  10633
2.8095597146352675  8458
2.8102325179950842  7962
2.8109042806687006  6194
2.8115750058705933  11823
2.812244696800369  12226
2.8129133566428557  8989
2.813580988568192  8437
2.81424759573192  7737
2.814913181275074  12202
2.815577748324267  11200
2.816241299991783  9836
2.8169038393756605  7858
2.8175653695597807  14154
2.8182258936139557  6646
2.8188854145940097  8944
2.8195439355418688  6815
2.82020145948564  11636
2.8208579894397  12641
2.821513528404773  5731
2.8221680793680175  10713
2.8228216453031045  8511
2.823474229170301  12668
2.824125833916549  6453
2.824776462475546  6538
2.8254261177678233  4224
2.8260748027008264  5120
2.826722520168992  10057
2.8273692730538253  9520
2.828015064223977  7152
2.82865989653532  8985
2.829303772831025  11015
2.829946695941636  5450
2.8305886686851442  7205
2.8312296938670634  4236
2.8318697742805017  7304
2.832508912706236  10298
2.833147111912785  7028
2.833784374656479  5713
2.8344207036815328  10590
2.835056101720116  6562
2.8356905714924254  11053
2.8363241157067516  6545
2.8369567370595505  8413
2.837588438235511  8136
2.8382192219076257  7866
2.838849090737255  6187
2.8394780473741985  9657
2.840106094456758  12579
2.8407332346118066  6196
2.841359470454855  7710
2.8419848045901137  4990
2.842609239610562  9698
2.8432327780980096  5078
2.843855422623161  6685
2.8444771757456815  7834
2.845098040014257  6625
2.8457180179666586  9342
2.846337112129805  8329
2.846955325019824  8389
2.847572659142112  5481
2.848189116991399  8023
2.8488047010518036  8736
2.8494194137968996  13193
2.850033257689769  7492
2.8506462351830666  7546
2.8512583487190755  5124
2.851869600729766  5804
2.8524799936368566  7202
2.8530895298518657  5504
2.8536982117761744  5781
2.8543060418010806  7507
2.8549130223078554  9950
2.8555191556678  11024
2.8561244442423  8750
2.8567288903828825  3614
2.8573324964312685  6660
2.857935264719429  8507
2.858537197569639  7817
2.859138297294531  10747
2.859738566197147  8592
2.8603380065709936  5396
2.8609366207000937  6166
2.8615344108590377  7818
2.862131379313037  7616
2.8627275283179747  8979
2.863322860120456  7427
2.8639173769578603  6711
2.864511081058392  6877
2.8651039746411278  6066
2.8656960599160706  6833
2.8662873390841948  11035
2.866877814337499  8331
2.8674674878590514  8245
2.8680563618230415  10502
2.8686444383948255  7048
2.8692317197309762  8114
2.869818207979328  5132
2.870403905279027  9789
2.8709888137605755  9876
2.8715729355458786  6152
2.8721562727482928  9211
2.8727388274726686  6569
2.873320601815399  6513
2.8739015978644615  8388
2.8744818176994666  8115
2.8750612633917  6515
2.8756399370041685  8561
2.876217840591642  8080
2.8767949762007006  6720
2.877371345869774  9252
2.8779469516291885  8556
2.8785217955012063  5384
2.8790958795000727  5020
2.8796692056320534  7697
2.88024177589548  8146
2.8808135922807914  7894
2.8813846567705728  6218
2.8819549713396007  9848
2.8825245379548803  8733
2.8830933585756897  5503
2.8836614351536176  4982
2.884228769632604  9223
2.884795363948981  9381
2.885361220031512  10431
2.885926339801431  8603
2.886490725172482  5294
2.8870543780509568  9320
2.887617300335736  10209
2.888179493918325  6889
2.8887409606828927  6432
2.88930170250631  9307
2.8898617212581885  8734
2.890421018800914  6038
2.890979596989689  8285
2.8915374576725643  5477
2.8920946026904804  4544
2.8926510338773004  5973
2.893206753059848  9039
2.8937617620579434  6072
2.8943160626844384  5087
2.8948696567452528  9134
2.895422546039408  8026
2.8959747323590648  7764
2.8965262174895554  7684
2.89707700320942  7259
2.8976270912904414  6467
2.8981764834976764  5177
2.8987251815894934  5294
2.8992731873176036  8437
2.8998205024270964  5494
2.9003671286564705  5157
2.900913067737669  8366
2.9014583213961123  6787
2.9020028913507296  5371
2.902546779313991  5989
2.9030899869919438  9523
2.9036325160842376  5945
2.9041743682841634  7013
2.904715545278681  4491
2.905256048748451  7875
2.9057958803678687  6182
2.906335041805091  7389
2.90687353472207  7857
2.907411360774586  5176
2.9079485216122722  6554
2.90848501887865  5357
2.909020854211156  9193
2.9095560292411755  5277
2.910090545594068  5452
2.910624404889201  6126
2.9111576087399764  6949
2.9116901587538613  7271
2.9122220565324155  5598
2.912753303671323  8069
2.9132839017604186  6001
2.9138138523837167  7299
2.9143431571194407  10331
2.9148718175400505  5624
2.91539983521227  5450
2.9159272116971158  7675
2.916453948549925  5531
2.9169800473203824  5885
2.9175055095525466  6169
2.9180303367848803  5587
2.9185545305502734  10853
2.9190780923760737  6941
2.919601023784111  6487
2.920123326290724  5290
2.9206450014067875  6479
2.921166050637739  6113
2.921686475483602  8312
2.9222062774390163  5797
2.92272545799326  5282
2.9232440186302764  9722
2.9237619608287004  6654
2.9242792860618816  6509
2.924795995797912  6369
2.9253120914996495  5455
2.9258275746247424  4608
2.926342446625655  7358
2.926856708949692  4563
2.9273703630390235  6156
2.9278834103307068  8656
2.9283958522567137  7019
2.928907690243953  5923
2.929418925714293  5038
2.929929560084588  8889
2.9304395947667  6074
2.930949031167523  8092
2.931457870689005  5848
2.931966114728173  5477
2.932473764677153  5571
2.932980821923198  6044
2.9334872878487053  6832
2.9339931638312424  7226
2.934498451243568  6100
2.935003151453655  4755
2.9355072658247128  10982
2.9360107957152097  6150
2.936513742478893  5869
2.9370161074648142  4456
2.937517892017347  6568
2.9380190974762104  6986
2.938519725176492  7950
2.9390197764486663  7177
2.9395192526186187  5925
2.9400181550076634  6343
2.940516484932567  4553
2.9410142437055695  6784
2.941511432634403  7240
2.942008053022313  6250
2.9425041061680806  7692
2.9429995933660407  6840
2.9434945159061026  4899
2.9439888750737717  4892
2.9444826721501687  8979
2.9449759084120477  5435
2.94546858513182  5279
2.9459607035775686  6541
2.946452265013073  4242
2.9469432706978256  6295
2.9474337218870508  7696
2.9479236198317262  5867
2.948412965778601  6423
2.9489017609702137  6889
2.949390006644913  7292
2.949877704036875  4441
2.950364854376123  6446
2.9508514588885464  4397
2.951337518795918  6109
2.951823035315912  5926
2.9523080096621253  5033
2.952792443044092  4717
2.9532763366673045  5288
2.9537596917332287  5036
2.9542425094393248  5333
2.954724790979063  6945
2.9552065375419416  5421
2.9556877503135057  7743
2.9561684304753633  5384
2.9566485792052033  8746
2.957128197676813  7951
2.957607287060095  4795
2.958085848521085  4456
2.9585638832219674  7074
2.9590413923210934  5375
2.9595183769729982  5862
2.959994838328416  5033
2.960470777534299  8323
2.960946195733831  4787
2.9614210940664485  5016
2.9618954736678504  5408
2.962369335670021  3268
2.9628426812012423  7236
2.9633155113861114  5980
2.963787827345555  6249
2.964259630196849  4964
2.9647309210536292  6673
2.965201701025912  7246
2.9656719712201065  4173
2.9661417327390325  3768
2.966610986681934  5430
2.967079734144497  4267
2.967547976218862  5802
2.968015713993642  4406
2.9684829485539352  5423
2.9689496809813427  4655
2.9694159123539814  5126
2.9698816437465  4587
2.9703468762300935  7100
2.9708116108725178  6435
2.971275848738105  5554
2.971739590887778  8169
2.9722028383790646  4549
2.972665592266111  5258
2.9731278535996988  4667
2.973589623427257  4907
2.9740509027928774  6044
2.9745116927373285  5558
2.974971994298069  5094
2.975431808509263  5896
2.975891136401793  6051
2.9763499790032735  6182
2.976808337338066  5239
2.977266212427293  5382
2.9777236052888476  4953
2.978180516937414  5926
2.9786369483844743  5607
2.979092900638326  6344
2.979548374704095  6022
2.9800033715837464  6108
2.9804578922761  5199
2.9809119377768436  5007
2.9813655090785445  5219
2.9818186071706636  5230
2.9822712330395684  4665
2.9827233876685453  5655
2.983175072037813  4232
2.9836262871245345  6078
2.984077033902831  5326
2.9845273133437926  6076
2.9849771264154934  5979
2.9854264740830017  7017
2.9858753573083936  4858
2.986323777050765  5107
2.9867717342662448  5958
2.9872192299080047  5298
2.9876662649262746  5139
2.988112840268352  3835
2.9885589568786157  6098
2.989004615698537  4151
2.9894498176666917  3980
2.989894563718773  5910
2.9903388547876015  6873
2.9907826918031377  4539
2.9912260756924947  6536
2.9916690073799486  4577
2.9921114877869495  5939
2.9925535178321354  3985
2.9929950984313414  4325
2.9934362304976116  5136
2.993876914941211  5090
2.9943171526696366  5312
2.9947569445876283  4370
2.9951962915971793  4617
2.99563519459755  4702
2.9960736544852753  5601
2.9965116721541785  4648
2.996949248495381  5172
2.997386384397313  4676
2.9978230807457256  5972
2.998259338423699  5944
2.998695158311656  6231
2.999130541287371  5685
2.9995654882259823  4599
3.0  5460
3.000434077479319  5436
3.0008677215312267  4837
3.0013009330204183  5402
3.0017337128090005  3987
3.002166061756508  4607
3.0025979807199086  4064
3.003029470553618  6123
3.0034605321095067  4380
3.0038911662369103  5142
3.0043213737826426  3951
3.004751155591001  4577
3.0051805125037805  4476
3.0056094453602804  7240
3.0060379549973173  5160
3.0064660422492318  5344
3.0068937079479006  3536
3.0073209529227447  5398
3.00774777800074  5331
3.0081741840064264  4111
3.0086001717619175  4838
3.0090257420869104  5803
3.009450895798694  5509
3.00987563371216  4035
3.010299956639812  5106
3.010723865391773  5488
3.0111473607757975  5033
3.0115704435972783  4237
3.011993114659257  3752
3.012415374762433  4176
3.012837224705172  4836
3.0132586652835167  5141
3.0136796972911926  3941
3.0141003215196207  3876
3.0145205387579237  4193
3.0149403497929366  5099
3.0153597554092144  3682
3.015778756389041  5431
3.016197353512439  4238
3.016615547557177  3973
3.0170333392987803  5277
3.017450729510536  3784
3.0178677189635055  4776
3.018284308426531  5095
3.0187004986662433  3794
3.019116290447073  5471
3.0195316845312554  5370
3.0199466816788423  4792
3.0203612826477078  4169
3.020775488193558  3655
3.0211892990699383  3541
3.021602716028242  4533
3.02201573981772  5804
3.0224283711854865  3713
3.022840610876528  3617
3.0232524596337114  5100
3.0236639181977933  5086
3.024074987307426  4090
3.024485667699167  5054
3.024895960107485  4584
3.0253058652647704  4333
3.025715383901341  5932
3.0261245167454502  4932
3.0265332645232967  5051
3.0269416279590295  3812
3.0273496077747564  3135
3.0277572046905536  3628
3.0281644194244697  4288
3.0285712526925375  4808
3.028977705208778  5433
3.0293837776852097  4498
3.029789470831856  3943
3.030194785356751  3906
3.030599721965951  4727
3.0310042813635367  4548
3.031408464251624  5123
3.0318122713303706  4179
3.0322157032979815  4715
3.03261876085072  3843
3.0330214446829107  4198
3.03342375548695  2828
3.03382569395331  4273
3.0342272607705505  3929
3.0346284566253203  4953
3.0350292822023683  3509
3.0354297381845483  5094
3.035829825252828  4448
3.0362295440862948  4996
3.036628895362161  3259
3.037027879755775  4347
3.037426497940624  5001
3.037824750588342  5068
3.0382226383687185  4422
3.038620161949703  3970
3.039017321997412  4470
3.0394141191761372  4533
3.0398105541483504  4367
3.0402066275747113  4291
3.040602340114073  3476
3.0409976924234905  4234
3.041392685158225  5068
3.041787318971752  3854
3.042181594515766  4527
3.0425755124401905  4508
3.0429690733931802  4706
3.0433622780211294  3489
3.0437551269686796  4448
3.044147620878723  3815
3.044539760392411  4352
3.04493154614916  3687
3.0453229787866576  4321
3.0457140589408676  4499
3.0461047872460387  4181
3.0464951643347082  3657
3.04688519083771  2903
3.0472748673841794  3829
3.04766419460156  3407
3.048053173115609  3641
3.0484418035504044  4037
3.04883008652835  2808
3.0492180226701815  4372
3.049605612594973  4837
3.0499928569201424  4992
3.050379756261458  3925
3.0507663112330423  3183
3.0511525224473814  3610
3.0515383905153275  4075
3.0519239160461065  3116
3.0523090996473234  3235
3.052693941924968  4478
3.0530784434834195  3930
3.053462604925455  3889
3.0538464268522527  3681
3.0542299098633974  3457
3.0546130545568877  4044
3.0549958615291417  3744
3.055378331375  3674
3.0557604646877348  3507
3.056142262059052  3503
3.0565237240791006  3112
3.0569048513364727  3790
3.0572856444182146  3569
3.0576661039098294  3359
3.0580462303952816  3385
3.058426024457005  4207
3.0588054866759067  3264
3.059184617631371  3985
3.0595634179012676  4565
3.059941888061955  3869
3.060320028688285  3633
3.060697840353612  3649
3.0610753236297916  4131
3.061452479087193  3468
3.061829307294699  4042
3.0622058088197126  2962
3.062581984228163  3662
3.0629578340845103  3989
3.0633333589517497  3620
3.0637085593914173  2650
3.064083435963596  3040
3.0644579892269186  4065
3.064832219738574  3071
3.065206128054312  3769
3.0655797147284485  2849
3.06595298031387  3440
3.0663259253620376  3118
3.0666985504229953  3541
3.0670708560453703  3170
3.0674428427763805  3247
3.0678145111618402  4373
3.0681858617461617  3966
3.068556895072363  3578
3.068927611682072  3786
3.0692980121155293  2885
3.0696680969115957  3499
3.070037866607755  3043
3.0704073217401198  4099
3.0707764628434346  3421
3.0711452904510828  3813
3.071513805095089  2992
3.0718820073061255  3483
3.072249897613515  3235
3.0726174765452368  2979
3.0729847446279304  3515
3.073351702386901  3400
3.0737183503461227  2830
3.074084689028244  3385
3.074450718954591  3344
3.074816440645175  3737
3.0751818546186915  3659
3.0755469613925306  3304
3.0759117614827773  2537
3.076276255404218  3464
3.076640443670342  2580
3.0770043267933502  3458
3.0773679052841563  3547
3.077731179652392  2797
3.0780941504064105  3391
3.0784568180532927  3393
3.0788191830988487  2909
3.0791812460476247  3445
3.079543007402906  3063
3.079904467666721  2857
3.0802656273398448  3642
3.0806264869218056  3431
3.080987046910887  3068
3.0813473078041325  2575
3.081707270097349  3295
3.082066934285113  3822
3.0824263008607717  3101
3.0827853703164503  3652
3.0831441431430524  3351
3.0835026198302673  2759
3.083860800866573  3738
3.0842186867392387  2929
3.084576277934331  3238
3.084933574936716  2835
3.085290578230065  3275
3.0856472882968564  3100
3.0860037056183818  3809
3.0863598306747484  2748
3.0867156639448825  3072
3.0870712059065353  3363
3.0874264570362855  3907
3.087781417809542  2806
3.0881360887005513  3278
3.0884904701823963  2812
3.088844562727004  2791
3.089198366805149  3580
3.089551882886454  3121
3.089905111439398  2894
3.090258052931316  3031
3.090610707828407  3236
3.0909630765957314  3373
3.091315159697223  3278
3.0916669575956846  2877
3.092018470752797  2638
3.0923696996291206  2956
3.0927206446840994  3458
3.0930713063760633  3186
3.093421685162235  2658
3.09377178149873  2259
3.0941215958405612  2658
3.094471128641645  2168
3.0948203803548  3231
3.095169351431755  2715
3.095518042323151  2839
3.0958664534785427  2399
3.0962145853464054  2796
3.0965624383741357  2676
3.0969100130080562  2713
3.09725730969342  2531
3.097604328874411  3089
3.09795107099415  3190
3.0982975364946976  2506
3.098643725817057  2729
3.0989896394011773  2413
3.0993352776859577  2510
3.09968064110925  2321
3.1000257301078626  2499
3.100370545117563  2646
3.1007150865730817  2830
3.1010593549081156  3122
3.101403350555331  2654
3.1017470739463664  2927
3.1020905255118367  2715
3.1024337056813365  2558
3.1027766148834415  2739
3.1031192535457137  2108
3.103461622094705  2408
3.103803720955957  2443
3.104145550554008  2425
3.104487111312395  2286
3.1048284036536553  2306
3.1051694279993316  2460
3.1055101847699738  2515
3.1058506743851435  2400
3.1061908972634154  2259
3.1065308538223815  2554
3.106870544478654  2333
3.1072099696478683  2733
3.1075491297446862  2209
3.1078880251827985  2378
3.1082266563749283  2280
3.1085650237328344  2622
3.1089031276673134  2560
3.109240968588203  2155
3.1095785469043866  2311
3.1099158630237933  2409
3.110252917353403  2075
3.110589710299249  2664
3.1109262422664203  2319
3.1112625136590655  2143
3.111598524880394  2790
3.1119342763326814  2088
3.1122697684172707  2677
3.1126050015345745  2251
3.11293997608408  2364
3.1132746924643504  2355
3.1136091510730277  2347
3.113943352306837  2099
3.1142772965615864  2212
3.114610984232173  2165
3.1149444157125847  1920
3.1152775913959014  2400
3.1156105116742996  1994
3.115943176939055  2174
3.116275587580544  2527
3.1166077439882485  2522
3.116939646550756  2052
3.1172712956557644  2082
3.117602691690084  2130
3.1179338350396413  2011
3.118264726089479  1881
3.118595365223762  2457
3.1189257528257768  2112
3.1192558892779365  1960
3.119585774961784  1991
3.119915410257991  2182
3.1202447955463652  1802
3.12057393120585  1927
3.1209028176145273  1765
3.1212314551496214  1928
3.1215598441875008  1881
3.121887985103681  1779
3.1222158782728267  1848
3.1225435240687545  1880
3.1228709228644354  1846
3.1231980750319988  1780
3.123524980942732  2066
3.123851640967086  1767
3.124178055474675  1866
3.1245042248342823  1836
3.1248301494138593  1638
3.12515582958053  1774
3.125481265700594  2076
3.125806458139527  1628
3.1261314072619846  1793
3.1264561134318045  1702
3.126780577012009  1609
3.1271047983648077  1554
3.127428777851599  1794
3.1277525158329733  1549
3.1280760126687155  1539
3.1283992687178066  1767
3.128722284338427  1658
3.1290450598879582  1797
3.1293675957229854  1681
3.129689892199301  1401
3.1300119496719043  1641
3.130333768495006  1463
3.130655349022031  1459
3.130976691605617  1528
3.131297796597623  1587
3.1316186643491255  1427
3.1319392952104246  1485
3.1322596895310446  1460
3.132579847659737  1448
3.132899769944483  1293
3.1332194567324945  1293
3.1335389083702174  1384
3.133858125203335  1219
3.1341771075767664  1261
3.1344958558346736  1306
3.13481437032046  1216
3.1351326513767748  1251
3.1354506993455136  1161
3.1357685145678222  1318
3.1360860973840974  1191
3.13640344813399  1207
3.1367205671564067  1051
3.1370374547895126  1156
3.137354111370733  1103
3.137670537236755  1118
3.137986732723532  1238
3.1383026981662816  1067
3.1386184338994925  895
3.1389339402569236  1093
3.139249217571607  1020
3.13956426617585  887
3.1398790864012365  933
3.140193678578631  882
3.1405080430381798  867
3.1408221801093106  899
3.141136090120739  916
3.1414497734004674  889
3.141763230275788  836
3.1420764610732848  758
3.142389466118836  845
3.1427022457376155  757
3.143014800254095  722
3.143327129992046  659
3.1436392352745433  577
3.1439511164239633  709
3.144262773761991  652
3.144574207609616  712
3.144885418287142  623
3.1451964061141817  633
3.1455071714096627  570
3.1458177144918276  569
3.146128035678238  504
3.1464381352857744  554
3.14674801363064  517
3.1470576710283598  481
3.1473671077937864  464
3.1476763242410986  463
3.147985320683805  476
3.1482940974347455  453
3.1486026548060932  429
3.1489109931093564  329
3.1492191126553797  393
3.149527013754348  358
3.149834696715785  318
3.1501421618485588  444
3.150449409460881  326
3.150756439860309  419
3.15106325335375  264
3.1513698502474603  322
3.151676230847048  319
3.151982395457474  286
3.1522883443830563  299
3.15259407792747  217
3.1528995963937474  295
3.153204900084284  297
3.1535099893008374  178
3.153814864344529  207
3.154119525515847  227
3.154423973114647  227
3.1547282074401557  184
3.1550322287909704  193
3.155336037465062  198
3.1556396337597765  144
3.1559430179718366  125
3.1562461903973444  145
3.1565491513317814  103
3.156851901070011  94
3.1571544399062814  104
3.157456768134226  102
3.1577588860468637  110
3.158060793936605  118
3.1583624920952498  107
3.1586639808139894  93
3.15896526038341  114
3.159266331093494  103
3.1595671932336202  93
3.1598678470925665  90
3.160168292958512  70
3.1604685311190375  92
3.1607685618611283  57
3.1610683854711747  53
3.161368002234975  28
3.161667412437736  58
3.161966616364075  44
3.1622656142980214  36
3.162564406523019  33
3.162862993321926  42
3.1631613749770184  26
3.16345955176999  38
3.163757523981956  36
3.1640552918934515  21
3.164352855784437  26
3.1646502159342966  27
3.1649473726218416  10
3.1652443261253107  12
3.165541076722373  15
3.1658376246901283  9
3.166133970305109  15
3.166430113843283  11
3.166726055580052  7
3.1670217957902564  7
3.167317334748176  5
3.16761267272753  4
3.16790781000148  8
3.168202746842631  8
3.1684974835230326  7
3.1687920203141817  5
3.1690863574870227  1
3.1693804953119495  4
3.1696744340588068  5
3.1699681739968923  3
3.1702617153949575  2
3.1705550585212086  5
3.1711411510283822  1
3.171433900943008  3
3.171726453653231  1
3.172310968521954  2
3.17260293120986  1
3.1743505974793798  1
3.1763806922432702  1
3.178401341533755  1
3.17868923977559  7
3.1792644643390253  2
3.1812717715594614  3
3.1818435879447726  1
3.182129214052998  1
3.1826999033360424  1
3.1832698436828046  2
