0.3010299956639812  183615
0.47712125471966244  158685
0.6020599913279624  156753
0.6989700043360189  113143
0.7781512503836436  101743
0.8450980400142568  111880
0.9030899869919435  93150
0.9542425094393249  102791
1.0  90707
1.0413926851582251  92741
1.0791812460476249  94551
1.1139433523068367  70838
1.146128035678238  69585
1.1760912590556813  67112
1.2041199826559248  53930
1.2304489213782739  48508
1.255272505103306  38405
1.2787536009528289  37448
1.3010299956639813  28730
1.3222192947339193  24933
1.3424226808222062  17905
1.3617278360175928  17018
1.380211241711606  14056
1.3979400086720377  12566
1.414973347970818  14989
1.4313637641589874  8319
1.4471580313422192  9033
1.462397997898956  7612
1.4771212547196624  9515
1.4913616938342726  7282
1.505149978319906  7624
1.5185139398778875  8356
1.5314789170422551  6202
1.5440680443502757  7957
1.5563025007672873  7016
1.568201724066995  9006
1.5797835966168101  6898
1.591064607026499  7570
1.6020599913279623  6495
1.6127838567197355  6681
1.6232492903979006  10833
1.6334684555795864  8135
1.6434526764861874  11531
1.6532125137753437  12225
1.662757831681574  7826
1.6720978579357175  7407
1.6812412373755872  9093
1.6901960800285136  10993
1.6989700043360187  11953
1.7075701760979363  7358
1.7160033436347992  8400
1.724275869600789  9679
1.7323937598229686  12867
1.7403626894942439  11632
1.7481880270062005  7728
1.7558748556724915  7832
1.7634279935629373  8851
1.7708520116421442  7145
1.7781512503836436  9710
1.7853298350107671  7431
1.792391689498254  4433
1.7993405494535817  9660
1.806179973983887  6572
1.8129133566428555  8230
1.8195439355418688  8415
1.8260748027008264  7984
1.8325089127062364  8905
1.8388490907372552  7872
1.845098040014257  8754
1.8512583487190752  7977
1.8573324964312685  7815
1.863322860120456  5584
1.8692317197309762  6873
1.8750612633917  12664
1.8808135922807914  8444
1.8864907251724818  7541
1.8920946026904804  12737
1.8976270912904414  8199
1.9030899869919435  10238
1.9084850188786497  7729
1.9138138523837167  5886
1.919078092376074  6239
1.9242792860618816  13074
1.9294189257142926  7784
1.9344984512435677  6865
1.9395192526186185  6007
1.9444826721501687  11782
1.9493900066449128  7514
1.954242509439325  6375
1.9590413923210936  4912
1.9637878273455553  8239
1.968482948553935  7999
1.9731278535996986  6030
1.9777236052888478  6342
1.9822712330395684  7626
1.9867717342662448  7089
1.9912260756924949  6541
1.99563519459755  6970
2.0  5701
2.0043213737826426  10765
2.0086001717619175  5706
2.012837224705172  7261
2.0170333392987803  4950
2.0211892990699383  8327
2.0253058652647704  9317
2.0293837776852097  5157
2.03342375548695  10132
2.037426497940624  8591
2.041392685158225  9350
2.0453229787866576  9313
2.0492180226701815  8517
2.0530784434834195  9028
2.0569048513364727  6562
2.060697840353612  5515
2.0644579892269186  7557
2.0681858617461617  7470
2.0718820073061255  9977
2.0755469613925306  11235
2.0791812460476247  10647
2.0827853703164503  8271
2.0863598306747484  8918
2.089905111439398  7812
2.093421685162235  7866
2.0969100130080562  10159
2.100370545117563  6352
2.103803720955957  6834
2.1072099696478683  8878
2.110589710299249  5930
2.113943352306837  10203
2.1172712956557644  5716
2.12057393120585  7948
2.123851640967086  7821
2.1271047983648077  5648
2.130333768495006  5245
2.1335389083702174  6819
2.1367205671564067  7233
2.1398790864012365  6972
2.143014800254095  10453
2.146128035678238  11823
2.1492191126553797  6363
2.1522883443830563  7399
2.155336037465062  5942
2.1583624920952498  5219
2.161368002234975  7573
2.164352855784437  8391
2.167317334748176  4772
2.1702617153949575  8911
2.173186268412274  7504
2.1760912590556813  5900
2.1789769472931693  4498
2.1818435879447726  7233
2.184691430817599  10687
2.187520720836463  7523
2.1903316981702914  8619
2.1931245983544616  7860
2.1958996524092336  7535
2.1986570869544226  8209
2.2013971243204513  6954
2.2041199826559246  12029
2.2068258760318495  7321
2.2095150145426308  7668
2.2121876044039577  6333
2.214843848047698  9859
2.2174839442139063  8439
2.220108088040055  5272
2.2227164711475833  9690
2.225309281725863  6507
2.2278867046136734  6343
2.230448921378274  6950
2.2329961103921536  7407
2.2355284469075487  8296
2.2380461031287955  6772
2.2405492482826  8741
2.2430380486862944  7195
2.24551266781415  8388
2.247973266361807  6466
2.250420002308894  7887
2.2528530309798933  6576
2.255272505103306  6634
2.2576785748691846  9759
2.2600713879850747  7635
2.2624510897304293  8715
2.2648178230095364  6103
2.2671717284030137  6037
2.2695129442179165  8384
2.271841606536499  9510
2.27415784926368  5725
2.2764618041732443  5224
2.278753600952829  5735
2.2810333672477277  11994
2.2833012287035497  8107
2.285557309007774  8432
2.287801729930226  9337
2.290034611362518  7481
2.292256071356476  9354
2.294466226161593  10463
2.296665190261531  5036
2.298853076409707  3868
2.3010299956639813  7572
2.303196057420489  6327
2.305351369446624  7608
2.307496037913213  6831
2.3096301674258988  6863
2.311753861055754  8347
2.3138672203691533  9564
2.315970345456918  7222
2.3180633349627615  7286
2.3201462861110542  8532
2.322219294733919  8364
2.3242824552976926  8214
2.326335860928751  7952
2.3283796034387376  5574
2.330413773349191  7273
2.3324384599156054  8817
2.3344537511509307  6967
2.3364597338485296  5886
2.3384564936046046  6496
2.3404441148401185  7626
2.342422680822206  11459
2.3443922736851106  7309
2.346352974450639  8746
2.3483048630481607  6120
2.3502480183341627  6768
2.3521825181113627  7276
2.3541084391474008  5565
2.3560258571931225  5257
2.357934847000454  7736
2.359835482339888  8295
2.361727836017593  7863
2.3636119798921444  5011
2.3654879848909  9153
2.367355921026019  6045
2.369215857410143  5750
2.3710678622717363  9878
2.3729120029701067  6636
2.374748346010104  8819
2.376576957056512  4152
2.3783979009481375  6623
2.380211241711606  8052
2.3820170425748683  10468
2.383815365980431  6422
2.385606273598312  8863
2.387389826338729  7758
2.3891660843645326  10456
2.3909351071033793  4805
2.392696953259666  8885
2.3944516808262164  8429
2.3961993470957363  12585
2.3979400086720375  4964
2.399673721481038  8184
2.401400540781544  7372
2.403120521175818  7738
2.404833716619938  10568
2.406540180433955  7693
2.4082399653118496  6105
2.4099331233312946  8046
2.41161970596323  6718
2.413299764081252  8064
2.4149733479708178  7012
2.416640507338281  9606
2.4183012913197452  9746
2.419955748489758  6662
2.4216039268698313  8041
2.423245873936808  8921
2.424881636631067  8660
2.4265112613645754  5507
2.428134794028789  8036
2.429752280002408  9076
2.4313637641589874  7020
2.432969290874406  5378
2.4345689040341987  7919
2.436162647040756  6067
2.437750562820388  6217
2.439332693830263  9097
2.4409090820652177  7597
2.4424797690644486  8115
2.444044795918076  10133
2.4456042032735974  12628
2.4471580313422194  8361
2.44870631990508  8299
2.450249108319361  7493
2.45178643552429  7917
2.4533183400470375  9250
2.45484486000851  6363
2.456366033129043  10189
2.4578818967339924  5268
2.459392487759231  5548
2.4608978427565478  7698
2.462397997898956  7697
2.4638929889859074  6330
2.4653828514484184  6594
2.4668676203541096  6931
2.4683473304121573  7607
2.469822015978163  5664
2.4712917110589387  7961
2.4727564493172123  9059
2.4742162640762553  6298
2.4756711883244296  8941
2.4771212547196626  6099
2.4785664955938436  9957
2.4800069429571505  5896
2.481442628502305  5699
2.482873583608754  8048
2.484299839346786  6007
2.48572142648158  7275
2.4871383754771865  10801
2.4885507165004443  8075
2.4899584794248346  7654
2.4913616938342726  7874
2.4927603890268375  6230
2.494154594018443  7360
2.4955443375464483  5802
2.496929648073215  6446
2.4983105537896004  5917
2.499687082618404  5990
2.5010592622177517  3821
2.5024271199844326  5739
2.503790683057181  5824
2.505149978319906  7900
2.506505032404872  7420
2.507855871695831  4959
2.509202522331103  7047
2.510545010206612  8351
2.5118833609788744  7758
2.513217600067939  7724
2.514547752660286  7482
2.515873843711679  6641
2.5171958979499744  6244
2.5185139398778875  8199
2.519827993775719  6049
2.5211380837040362  5669
2.5224442335063197  8336
2.5237464668115646  5317
2.525044807036845  6002
2.526339277389844  4941
2.5276299008713385  6511
2.5289167002776547  7322
2.530199698203082  6479
2.531478917042255  4669
2.5327543789924976  5827
2.534026106056135  5840
2.5352941200427703  8545
2.53655844257153  5800
2.537819095073274  7072
2.5390760987927767  7105
2.5403294747908736  4502
2.5415792439465807  6925
2.5428254269591797  6897
2.5440680443502757  4032
2.545307116465824  8794
2.546542663478131  7073
2.5477747053878224  8339
2.5490032620257876  6950
2.550228353055094  6472
2.5514499979728753  6773
2.552668216112193  5984
2.5538830266438746  6562
2.5550944485783194  9187
2.5563025007672873  8075
2.5575072019056577  7696
2.558708570533166  6524
2.5599066250361124  6626
2.561101383649056  5266
2.5622928644564746  6712
2.5634810853944106  5504
2.5646660642520893  5712
2.5658478186735176  7656
2.56702636615906  6565
2.568201724066995  6433
2.569373909615046  6757
2.5705429398818973  8498
2.571708831808688  6607
2.5728716022004803  7289
2.574031267727719  5119
2.575187844927661  7345
2.576341350205793  7794
2.5774917998372255  5085
2.578639209968072  7059
2.57978359661681  5899
2.5809249756756194  6848
2.582063362911709  6891
2.583198773968623  9452
2.584331224367531  7584
2.5854607295085006  6929
2.586587304671755  6931
2.5877109650189114  5987
2.5888317255942073  7377
2.5899496013257077  6981
2.591064607026499  5278
2.5921767573958667  5202
2.593286067020457  4320
2.5943925503754266  4355
2.595496221825574  8035
2.59659709562646  5313
2.597695185925512  5121
2.598790506763115  5731
2.5998830720736876  5854
2.6009728956867484  5573
2.6020599913279625  7645
2.603144372620182  5423
2.60422605308447  4591
2.6053050461411096  7482
2.606381365110605  8089
2.6074550232146687  6161
2.6085260335771943  5438
2.60959440922522  5485
2.61066016308988  7478
2.611723308007342  5318
2.6127838567197355  6049
2.6138418218760693  6698
2.6148972160331345  7643
2.615950051656401  6442
2.617000341120899  6112
2.6180480967120925  5686
2.6190933306267428  4967
2.6201360549737576  8007
2.621176281775035  5365
2.622214022966295  7530
2.6232492903979003  8213
2.6242820958356683  6613
2.625312450961674  4565
2.6263403673750423  5077
2.6273658565927325  7103
2.6283889300503116  5521
2.629409599102719  7573
2.630427875025024  6208
2.6314437690131722  4887
2.6324572921847245  6176
2.6334684555795866  4953
2.6344772701607315  5905
2.635483746814912  6665
2.6364878963533656  6154
2.637489729512511  7865
2.6384892569546374  4182
2.639486489268586  6653
2.640481436970422  6501
2.6414741105040997  4254
2.6424645202421213  5623
2.6434526764861874  7086
2.6444385894678386  5274
2.645422269349092  7387
2.6464037262230695  7414
2.6473829701146196  5245
2.6483600109809315  6057
2.649334858712142  6328
2.6503075231319366  7084
2.651278013998144  4902
2.6522463410033232  5566
2.6532125137753435  4691
2.6541765418779604  6288
2.655138434811382  5428
2.656098202012832  7695
2.6570558528571038  6143
2.6580113966571126  5798
2.658964842664435  4896
2.6599162000698504  5172
2.660865478003869  5813
2.661812685537261  7717
2.662757831681574  6277
2.663700925389648  4716
2.6646419755561257  5582
2.6655809910179533  7126
2.6665179805548807  7058
2.667452952889954  7192
2.66838591669  5474
2.6693168805661123  4842
2.670245853074124  7122
2.6711728427150834  7149
2.6720978579357175  5080
2.673020907128896  5928
2.673941998634088  6711
2.6748611407378116  7233
2.6757783416740852  4892
2.6766936096248664  6835
2.677606952720493  5200
2.678518379040114  6667
2.6794278966121188  5469
2.680335513414563  3805
2.681241237375587  7693
2.682145076373832  6584
2.6830470382388496  5184
2.683947130751512  5735
2.6848453616444123  6822
2.6857417386022635  5989
2.6866362692622934  5844
2.6875289612146345  6571
2.6884198220027105  4927
2.6893088591236203  6245
2.690196080028514  3375
2.6910814921229687  5047
2.69196510276736  5280
2.69284691927723  5710
2.693726948923647  5438
2.694605198933569  6538
2.6954816764901977  4700
2.696356388733332  5511
2.6972293427597176  5317
2.6981005456233897  4904
2.6989700043360187  6131
2.699837725867246  5970
2.7007037171450192  4994
2.7015679850559273  6283
2.7024305364455254  4889
2.7032913781186614  5275
2.7041505168397992  6159
2.705007959333336  4531
2.7058637122839193  4693
2.7067177823367587  4071
2.7075701760979363  3636
2.708420900134713  6341
2.709269960975831  5765
2.7101173651118162  5878
2.710963118995276  6938
2.711807229041191  5419
2.7126497016272113  6723
2.7134905430939424  5246
2.714329759745233  4389
2.7151673578484576  4215
2.716003343634799  4492
2.7168377232995247  5601
2.717670503002262  3937
2.718501688867274  5866
2.7193312869837265  5088
2.720159303405957  4839
2.7209857441537393  5806
2.7218106152125467  3778
2.722633922533812  5085
2.7234556720351857  4223
2.724275869600789  5833
2.725094521081469  4874
2.7259116322950483  4215
2.7267272090265724  5274
2.727541257028556  4217
2.7283537820212285  4307
2.72916478969277  5360
2.7299742856995555  5288
2.7307822756663893  4850
2.7315887651867388  4494
2.7323937598229686  5840
2.7331972651065692  5761
2.733999286538387  5056
2.734799829588847  4098
2.73559889969818  4669
2.7363965022766426  4620
2.7371926427047373  5763
2.737987326333431  6109
2.738780558484369  4484
2.739572344450092  4498
2.7403626894942437  4703
2.741151598851785  5234
2.741939077729199  5171
2.7427251313046983  4806
2.74350976472843  4561
2.7442929831226763  4566
2.7450747915820575  4938
2.745855195173729  4386
2.7466341989375787  4021
2.747411807886423  4244
2.7481880270062002  3547
2.7489628612561616  5656
2.749736315569061  5753
2.7505083948513462  4310
2.751279103983342  4314
2.7520484478194387  4743
2.7528164311882715  4540
2.7535830588929064  3827
2.754348335711019  4934
2.7551122663950713  5990
2.7558748556724915  5235
2.756636108245848  4460
2.7573960287930244  5633
2.75815462196739  4101
2.7589118923979736  5237
2.7596678446896306  5006
2.760422483423212  4355
2.7611758131557314  4596
2.761927838420529  4317
2.762678563727436  4591
2.7634279935629373  5250
2.7641761323903307  4220
2.7649229846498886  4214
2.765668554759014  3978
2.7664128471123997  4554
2.7671558660821804  3191
2.767897616018091  3708
2.7686381012476144  4010
2.7693773260761385  3603
2.7701152947871015  4460
2.7708520116421442  3673
2.7715874808812555  2996
2.77232170672292  4969
2.7730546933642626  5007
2.7737864449811935  4370
2.7745169657285498  4227
2.7752462597402365  5099
2.775974331129369  5107
2.776701183988411  4883
2.7774268223893115  5300
2.7781512503836434  3749
2.7788744720027396  4854
2.7795964912578244  3627
2.780317312140151  3791
2.7810369386211318  4827
2.781755374652469  3852
2.782472624166286  3548
2.7831886910752575  4676
2.783903579272735  4392
2.784617292632875  3328
2.785329835010767  3293
2.786041210242554  4178
2.7867514221455614  4181
2.787460474518415  4800
2.788168371141168  4577
2.788875115775417  4874
2.7895807121644256  4383
2.7902851640332416  3607
2.790988475088816  3974
2.791690649020118  3935
2.792391689498254  3207
2.79309160017658  3778
2.7937903846908188  4497
2.7944880466591697  3281
2.795184589682424  3984
2.7958800173440754  3623
2.7965743332104296  3716
2.7972675408307164  4589
2.797959643737196  4226
2.798650645445269  3761
2.7993405494535817  3687
2.8000293592441343  3741
2.800717078282385  3188
2.801403710017355  3778
2.802089257881733  3799
2.8027737252919755  3293
2.803457115648414  3657
2.8041394323353503  3991
2.8048206787211623  3345
2.8055008581584002  3818
2.806179973983887  2916
2.8068580295188172  3541
2.807535028068853  3646
2.808210972924222  3225
2.808885867359812  3223
2.8095597146352675  3641
2.8102325179950842  3571
2.8109042806687006  4271
2.8115750058705933  3470
2.812244696800369  3386
2.8129133566428557  3855
2.813580988568192  3314
2.81424759573192  3676
2.814913181275074  3229
2.815577748324267  3315
2.816241299991783  4286
2.8169038393756605  3160
2.8175653695597807  3172
2.8182258936139557  3432
2.8188854145940097  3141
2.8195439355418688  2282
2.82020145948564  3609
2.8208579894397  3369
2.821513528404773  3401
2.8221680793680175  3254
2.8228216453031045  3503
2.823474229170301  3081
2.824125833916549  3120
2.824776462475546  3938
2.8254261177678233  3191
2.8260748027008264  3944
2.826722520168992  3114
2.8273692730538253  2853
2.828015064223977  2538
2.82865989653532  3165
2.829303772831025  2828
2.829946695941636  3258
2.8305886686851442  2583
2.8312296938670634  3132
2.8318697742805017  2551
2.832508912706236  2969
2.833147111912785  3012
2.833784374656479  3154
2.8344207036815328  3756
2.835056101720116  3066
2.8356905714924254  2706
2.8363241157067516  2674
2.8369567370595505  2885
2.837588438235511  3240
2.8382192219076257  2204
2.838849090737255  2578
2.8394780473741985  2693
2.840106094456758  3039
2.8407332346118066  2355
2.841359470454855  2812
2.8419848045901137  2613
2.842609239610562  2303
2.8432327780980096  2592
2.843855422623161  2864
2.8444771757456815  1895
2.845098040014257  3284
2.8457180179666586  2450
2.846337112129805  2570
2.846955325019824  2462
2.847572659142112  2568
2.848189116991399  2531
2.8488047010518036  2676
2.8494194137968996  2452
2.850033257689769  2524
2.8506462351830666  2948
2.8512583487190755  2188
2.851869600729766  2278
2.8524799936368566  2300
2.8530895298518657  2214
2.8536982117761744  2321
2.8543060418010806  2480
2.8549130223078554  2657
2.8555191556678  1912
2.8561244442423  2644
2.8567288903828825  2157
2.8573324964312685  2038
2.857935264719429  2021
2.858537197569639  2024
2.859138297294531  2255
2.859738566197147  2265
2.8603380065709936  1702
2.8609366207000937  2256
2.8615344108590377  2308
2.862131379313037  2034
2.8627275283179747  1950
2.863322860120456  1872
2.8639173769578603  2528
2.864511081058392  1712
2.8651039746411278  1583
2.8656960599160706  1923
2.8662873390841948  1923
2.866877814337499  1956
2.8674674878590514  1934
2.8680563618230415  1821
2.8686444383948255  1984
2.8692317197309762  1739
2.869818207979328  1713
2.870403905279027  1963
2.8709888137605755  1914
2.8715729355458786  1538
2.8721562727482928  1996
2.8727388274726686  1920
2.873320601815399  2092
2.8739015978644615  1883
2.8744818176994666  1664
2.8750612633917  1745
2.8756399370041685  2082
2.876217840591642  1563
2.8767949762007006  1842
2.877371345869774  1449
2.8779469516291885  1743
2.8785217955012063  1331
2.8790958795000727  1440
2.8796692056320534  1425
2.88024177589548  1440
2.8808135922807914  1226
2.8813846567705728  1406
2.8819549713396007  1260
2.8825245379548803  1355
2.8830933585756897  1474
2.8836614351536176  1612
2.884228769632604  1379
2.884795363948981  1165
2.885361220031512  1286
2.885926339801431  1189
2.886490725172482  1229
2.8870543780509568  1128
2.887617300335736  1258
2.888179493918325  1013
2.8887409606828927  1273
2.88930170250631  1063
2.8898617212581885  815
2.890421018800914  966
2.890979596989689  937
2.8915374576725643  836
2.8920946026904804  898
2.8926510338773004  871
2.893206753059848  821
2.8937617620579434  813
2.8943160626844384  772
2.8948696567452528  741
2.895422546039408  832
2.8959747323590648  731
2.8965262174895554  639
2.89707700320942  602
2.8976270912904414  722
2.8981764834976764  596
2.8987251815894934  624
2.8992731873176036  468
2.8998205024270964  677
2.9003671286564705  545
2.900913067737669  519
2.9014583213961123  451
2.9020028913507296  516
2.902546779313991  443
2.9030899869919438  445
2.9036325160842376  362
2.9041743682841634  444
2.904715545278681  451
2.905256048748451  404
2.9057958803678687  331
2.906335041805091  328
2.90687353472207  315
2.907411360774586  293
2.9079485216122722  267
2.90848501887865  301
2.909020854211156  272
2.9095560292411755  315
2.910090545594068  185
2.910624404889201  202
2.9111576087399764  209
2.9116901587538613  172
2.9122220565324155  184
2.912753303671323  195
2.9132839017604186  134
2.9138138523837167  118
2.9143431571194407  139
2.9148718175400505  99
2.91539983521227  139
2.9159272116971158  123
2.916453948549925  76
2.9169800473203824  114
2.9175055095525466  101
2.9180303367848803  92
2.9185545305502734  91
2.9190780923760737  73
2.919601023784111  56
2.920123326290724  75
2.9206450014067875  50
2.921166050637739  53
2.921686475483602  96
2.9222062774390163  43
2.92272545799326  62
2.9232440186302764  56
2.9237619608287004  28
2.9242792860618816  49
2.924795995797912  32
2.9253120914996495  33
2.9258275746247424  23
2.926342446625655  27
2.926856708949692  38
2.9273703630390235  21
2.9278834103307068  18
2.9283958522567137  20
2.928907690243953  5
2.929418925714293  28
2.929929560084588  16
2.9304395947667  13
2.930949031167523  21
2.931457870689005  7
2.931966114728173  12
2.932473764677153  12
2.932980821923198  2
2.9334872878487053  8
2.9339931638312424  7
2.934498451243568  4
2.935003151453655  2
2.9360107957152097  7
2.936513742478893  4
2.9370161074648142  3
2.937517892017347  3
2.9380190974762104  4
2.9390197764486663  1
2.9395192526186187  7
2.940516484932567  4
2.941511432634403  4
2.9425041061680806  10
2.9444826721501687  2
2.9449759084120477  3
2.9469432706978256  2
2.9474337218870508  1
2.9508514588885464  2
2.951337518795918  3
2.951823035315912  3
2.952792443044092  2
2.9542425094393248  1
