0.3010299956639812  3841
0.47712125471966244  3795
0.6020599913279624  4050
0.6989700043360189  3697
0.7781512503836436  4038
0.8450980400142568  3671
0.9030899869919435  3883
0.9542425094393249  3626
1.0  3800
1.0413926851582251  3658
1.0791812460476249  3821
1.1139433523068367  3864
1.146128035678238  3601
1.1760912590556813  3886
1.2041199826559248  3974
1.2304489213782739  3837
1.255272505103306  4067
1.2787536009528289  3780
1.3010299956639813  3744
1.3222192947339193  3333
1.3424226808222062  3538
1.3617278360175928  3339
1.380211241711606  3362
1.3979400086720377  2950
1.414973347970818  2955
1.4313637641589874  2776
1.4471580313422192  2843
1.462397997898956  2526
1.4771212547196624  2642
1.4913616938342726  2595
1.505149978319906  2634
1.5185139398778875  2565
1.5314789170422551  2637
1.5440680443502757  2605
1.5563025007672873  2578
1.568201724066995  2322
1.5797835966168101  2585
1.591064607026499  2522
1.6020599913279623  2570
1.6127838567197355  2480
1.6232492903979006  2727
1.6334684555795864  2486
1.6434526764861874  2653
1.6532125137753437  2682
1.662757831681574  2467
1.6720978579357175  2386
1.6812412373755872  2390
1.6901960800285136  2497
1.6989700043360187  2671
1.7075701760979363  2704
1.7160033436347992  2524
1.724275869600789  2744
1.7323937598229686  2553
1.7403626894942439  2685
1.7481880270062005  2762
1.7558748556724915  2451
1.7634279935629373  2620
1.7708520116421442  2916
1.7781512503836436  2625
1.7853298350107671  2723
1.792391689498254  2612
1.7993405494535817  2809
1.806179973983887  2528
1.8129133566428555  2618
1.8195439355418688  2649
1.8260748027008264  2656
1.8325089127062364  2582
1.8388490907372552  2394
1.845098040014257  2450
1.8512583487190752  2486
1.8573324964312685  2243
1.863322860120456  2668
1.8692317197309762  2624
1.8750612633917  2387
1.8808135922807914  2621
1.8864907251724818  2575
1.8920946026904804  2673
1.8976270912904414  2597
1.9030899869919435  2616
1.9084850188786497  2346
1.9138138523837167  2675
1.919078092376074  2484
1.9242792860618816  2714
1.9294189257142926  2494
1.9344984512435677  2828
1.9395192526186185  2571
1.9444826721501687  2592
1.9493900066449128  2591
1.954242509439325  2386
1.9590413923210936  2655
1.9637878273455553  2822
1.968482948553935  2543
1.9731278535996986  2581
1.9777236052888478  2630
1.9822712330395684  2498
1.9867717342662448  2436
1.9912260756924949  2607
1.99563519459755  2401
2.0  2761
2.0043213737826426  2700
2.0086001717619175  2546
2.012837224705172  2711
2.0170333392987803  2486
2.0211892990699383  2561
2.0253058652647704  2834
2.0293837776852097  2569
2.03342375548695  2661
2.037426497940624  2460
2.041392685158225  2482
2.0453229787866576  2626
2.0492180226701815  2759
2.0530784434834195  2283
2.0569048513364727  2501
2.060697840353612  2441
2.0644579892269186  2553
2.0681858617461617  2791
2.0718820073061255  2710
2.0755469613925306  2500
2.0791812460476247  2632
2.0827853703164503  2515
2.0863598306747484  2601
2.089905111439398  2569
2.093421685162235  2557
2.0969100130080562  2836
2.100370545117563  2542
2.103803720955957  2656
2.1072099696478683  2648
2.110589710299249  2645
2.113943352306837  2319
2.1172712956557644  2592
2.12057393120585  2632
2.123851640967086  2827
2.1271047983648077  2619
2.130333768495006  2424
2.1335389083702174  2681
2.1367205671564067  2634
2.1398790864012365  2580
2.143014800254095  2830
2.146128035678238  2561
2.1492191126553797  2592
2.1522883443830563  2568
2.155336037465062  2636
2.1583624920952498  2640
2.161368002234975  2553
2.164352855784437  2761
2.167317334748176  2492
2.1702617153949575  2740
2.173186268412274  2546
2.1760912590556813  2731
2.1789769472931693  2653
2.1818435879447726  2536
2.184691430817599  2799
2.187520720836463  2824
2.1903316981702914  2493
2.1931245983544616  2640
2.1958996524092336  2571
2.1986570869544226  2609
2.2013971243204513  2492
2.2041199826559246  2729
2.2068258760318495  2566
2.2095150145426308  2342
2.2121876044039577  2330
2.214843848047698  2525
2.2174839442139063  2430
2.220108088040055  2734
2.2227164711475833  2451
2.225309281725863  2591
2.2278867046136734  2715
2.230448921378274  2621
2.2329961103921536  2740
2.2355284469075487  2536
2.2380461031287955  2566
2.2405492482826  2583
2.2430380486862944  2465
2.24551266781415  2272
2.247973266361807  2642
2.250420002308894  2387
2.2528530309798933  2834
2.255272505103306  2475
2.2576785748691846  2329
2.2600713879850747  2708
2.2624510897304293  2528
2.2648178230095364  2594
2.2671717284030137  2532
2.2695129442179165  2535
2.271841606536499  2602
2.27415784926368  2642
2.2764618041732443  2393
2.278753600952829  2472
2.2810333672477277  2684
2.2833012287035497  2544
2.285557309007774  2520
2.287801729930226  2387
2.290034611362518  2837
2.292256071356476  2553
2.294466226161593  2497
2.296665190261531  2664
2.298853076409707  2648
2.3010299956639813  2508
2.303196057420489  2449
2.305351369446624  2652
2.307496037913213  2545
2.3096301674258988  2542
2.311753861055754  2621
2.3138672203691533  2637
2.315970345456918  2588
2.3180633349627615  2784
2.3201462861110542  2508
2.322219294733919  2442
2.3242824552976926  2635
2.326335860928751  2408
2.3283796034387376  2500
2.330413773349191  2524
2.3324384599156054  2593
2.3344537511509307  2511
2.3364597338485296  2314
2.3384564936046046  2593
2.3404441148401185  2465
2.342422680822206  2526
2.3443922736851106  2623
2.346352974450639  2578
2.3483048630481607  2606
2.3502480183341627  2633
2.3521825181113627  2629
2.3541084391474008  2621
2.3560258571931225  2586
2.357934847000454  2565
2.359835482339888  2618
2.361727836017593  2625
2.3636119798921444  2730
2.3654879848909  2537
2.367355921026019  2547
2.369215857410143  2578
2.3710678622717363  2808
2.3729120029701067  2496
2.374748346010104  2679
2.376576957056512  2839
2.3783979009481375  2599
2.380211241711606  2543
2.3820170425748683  2586
2.383815365980431  2609
2.385606273598312  2600
2.387389826338729  2552
2.3891660843645326  2474
2.3909351071033793  2663
2.392696953259666  2595
2.3944516808262164  2665
2.3961993470957363  2359
2.3979400086720375  2436
2.399673721481038  2515
2.401400540781544  2593
2.403120521175818  2571
2.404833716619938  2648
2.406540180433955  2566
2.4082399653118496  2731
2.4099331233312946  2506
2.41161970596323  2556
2.413299764081252  2450
2.4149733479708178  2500
2.416640507338281  2559
2.4183012913197452  2698
2.419955748489758  2530
2.4216039268698313  2589
2.423245873936808  2344
2.424881636631067  2556
2.4265112613645754  2445
2.428134794028789  2643
2.429752280002408  2577
2.4313637641589874  2628
2.432969290874406  2487
2.4345689040341987  2566
2.436162647040756  2654
2.437750562820388  2506
2.439332693830263  2660
2.4409090820652177  2454
2.4424797690644486  2800
2.444044795918076  2698
2.4456042032735974  2442
2.4471580313422194  2745
2.44870631990508  2502
2.450249108319361  2590
2.45178643552429  2628
2.4533183400470375  2752
2.45484486000851  2552
2.456366033129043  2593
2.4578818967339924  2511
2.459392487759231  2629
2.4608978427565478  2501
2.462397997898956  2647
2.4638929889859074  2542
2.4653828514484184  2389
2.4668676203541096  2593
2.4683473304121573  2524
2.469822015978163  2654
2.4712917110589387  2630
2.4727564493172123  2609
2.4742162640762553  2756
2.4756711883244296  2348
2.4771212547196626  2629
2.4785664955938436  2800
2.4800069429571505  2642
2.481442628502305  2681
2.482873583608754  2577
2.484299839346786  2453
2.48572142648158  2606
2.4871383754771865  2444
2.4885507165004443  2541
2.4899584794248346  2641
2.4913616938342726  2721
2.4927603890268375  2676
2.494154594018443  2717
2.4955443375464483  2640
2.496929648073215  2741
2.4983105537896004  2676
2.499687082618404  2470
2.5010592622177517  2618
2.5024271199844326  2320
2.503790683057181  2691
2.505149978319906  2646
2.506505032404872  2774
2.507855871695831  2731
2.509202522331103  2583
2.510545010206612  2549
2.5118833609788744  2514
2.513217600067939  2699
2.514547752660286  2509
2.515873843711679  2599
2.5171958979499744  2505
2.5185139398778875  2789
2.519827993775719  2669
2.5211380837040362  2526
2.5224442335063197  2411
2.5237464668115646  2480
2.525044807036845  2673
2.526339277389844  2787
2.5276299008713385  2500
2.5289167002776547  2734
2.530199698203082  2504
2.531478917042255  2466
2.5327543789924976  2517
2.534026106056135  2447
2.5352941200427703  2540
2.53655844257153  2480
2.537819095073274  2376
2.5390760987927767  2492
2.5403294747908736  2405
2.5415792439465807  2546
2.5428254269591797  2575
2.5440680443502757  2658
2.545307116465824  2768
2.546542663478131  2559
2.5477747053878224  2754
2.5490032620257876  2805
2.550228353055094  2454
2.5514499979728753  2463
2.552668216112193  2496
2.5538830266438746  2709
2.5550944485783194  2509
2.5563025007672873  2492
2.5575072019056577  2627
2.558708570533166  2371
2.5599066250361124  2989
2.561101383649056  2767
2.5622928644564746  2393
2.5634810853944106  2613
2.5646660642520893  2439
2.5658478186735176  2473
2.56702636615906  2452
2.568201724066995  2350
2.569373909615046  2489
2.5705429398818973  2666
2.571708831808688  2416
2.5728716022004803  2359
2.574031267727719  2557
2.575187844927661  2790
2.576341350205793  2339
2.5774917998372255  2449
2.578639209968072  2759
2.57978359661681  2604
2.5809249756756194  2439
2.582063362911709  2513
2.583198773968623  2483
2.584331224367531  2688
2.5854607295085006  2574
2.586587304671755  2761
2.5877109650189114  2471
2.5888317255942073  2636
2.5899496013257077  2531
2.591064607026499  2599
2.5921767573958667  2434
2.593286067020457  2651
2.5943925503754266  2582
2.595496221825574  2657
2.59659709562646  2635
2.597695185925512  2617
2.598790506763115  2501
2.5998830720736876  2506
2.6009728956867484  2529
2.6020599913279625  2959
2.603144372620182  2687
2.60422605308447  2572
2.6053050461411096  2595
2.606381365110605  2520
2.6074550232146687  2695
2.6085260335771943  2787
2.60959440922522  2554
2.61066016308988  2684
2.611723308007342  2709
2.6127838567197355  2575
2.6138418218760693  2592
2.6148972160331345  2667
2.615950051656401  2424
2.617000341120899  2724
2.6180480967120925  2706
2.6190933306267428  2563
2.6201360549737576  2429
2.621176281775035  2568
2.622214022966295  2441
2.6232492903979003  2448
2.6242820958356683  2666
2.625312450961674  2429
2.6263403673750423  2776
2.6273658565927325  2512
2.6283889300503116  2571
2.629409599102719  2624
2.630427875025024  2506
2.6314437690131722  2598
2.6324572921847245  2723
2.6334684555795866  2359
2.6344772701607315  2663
2.635483746814912  2749
2.6364878963533656  2538
2.637489729512511  2338
2.6384892569546374  2269
2.639486489268586  2552
2.640481436970422  2669
2.6414741105040997  2664
2.6424645202421213  2434
2.6434526764861874  2636
2.6444385894678386  2479
2.645422269349092  2569
2.6464037262230695  2497
2.6473829701146196  2423
2.6483600109809315  2358
2.649334858712142  2642
2.6503075231319366  2563
2.651278013998144  2565
2.6522463410033232  2245
2.6532125137753435  2624
2.6541765418779604  2718
2.655138434811382  2545
2.656098202012832  2607
2.6570558528571038  2600
2.6580113966571126  2415
2.658964842664435  2479
2.6599162000698504  2681
2.660865478003869  2367
2.661812685537261  2465
2.662757831681574  2456
2.663700925389648  2536
2.6646419755561257  2677
2.6655809910179533  2623
2.6665179805548807  2581
2.667452952889954  2613
2.66838591669  2823
2.6693168805661123  2617
2.670245853074124  2574
2.6711728427150834  2634
2.6720978579357175  2465
2.673020907128896  2809
2.673941998634088  2460
2.6748611407378116  2462
2.6757783416740852  2633
2.6766936096248664  3017
2.677606952720493  2661
2.678518379040114  2645
2.6794278966121188  2597
2.680335513414563  2533
2.681241237375587  2629
2.682145076373832  2518
2.6830470382388496  2594
2.683947130751512  2634
2.6848453616444123  2778
2.6857417386022635  2741
2.6866362692622934  2585
2.6875289612146345  2641
2.6884198220027105  2467
2.6893088591236203  2667
2.690196080028514  2543
2.6910814921229687  2547
2.69196510276736  2524
2.69284691927723  2458
2.693726948923647  2613
2.694605198933569  2645
2.6954816764901977  2365
2.696356388733332  2642
2.6972293427597176  2605
2.6981005456233897  2741
2.6989700043360187  2389
2.699837725867246  2623
2.7007037171450192  2434
2.7015679850559273  2380
2.7024305364455254  2561
2.7032913781186614  2516
2.7041505168397992  2609
2.705007959333336  2748
2.7058637122839193  2609
2.7067177823367587  2617
2.7075701760979363  2742
2.708420900134713  2669
2.709269960975831  2664
2.7101173651118162  2594
2.710963118995276  2527
2.711807229041191  2631
2.7126497016272113  2420
2.7134905430939424  2575
2.714329759745233  2548
2.7151673578484576  2824
2.716003343634799  2358
2.7168377232995247  2426
2.717670503002262  2663
2.718501688867274  2465
2.7193312869837265  2761
2.720159303405957  2555
2.7209857441537393  2578
2.7218106152125467  2663
2.722633922533812  2621
2.7234556720351857  2632
2.724275869600789  2595
2.725094521081469  2463
2.7259116322950483  2657
2.7267272090265724  2650
2.727541257028556  2555
2.7283537820212285  2543
2.72916478969277  2707
2.7299742856995555  2580
2.7307822756663893  2501
2.7315887651867388  2515
2.7323937598229686  2506
2.7331972651065692  2687
2.733999286538387  2672
2.734799829588847  2672
2.73559889969818  2317
2.7363965022766426  2550
2.7371926427047373  2384
2.737987326333431  2614
2.738780558484369  2400
2.739572344450092  2607
2.7403626894942437  2508
2.741151598851785  2731
2.741939077729199  2522
2.7427251313046983  2624
2.74350976472843  2568
2.7442929831226763  2613
2.7450747915820575  2564
2.745855195173729  2472
2.7466341989375787  2534
2.747411807886423  2768
2.7481880270062002  2706
2.7489628612561616  2627
2.749736315569061  2701
2.7505083948513462  2555
2.751279103983342  2343
2.7520484478194387  2370
2.7528164311882715  2610
2.7535830588929064  2405
2.754348335711019  2753
2.7551122663950713  2525
2.7558748556724915  2514
2.756636108245848  2449
2.7573960287930244  2642
2.75815462196739  2530
2.7589118923979736  2725
2.7596678446896306  2505
2.760422483423212  2581
2.7611758131557314  2592
2.761927838420529  2661
2.762678563727436  2512
2.7634279935629373  2403
2.7641761323903307  2678
2.7649229846498886  2740
2.765668554759014  2786
2.7664128471123997  2789
2.7671558660821804  2673
2.767897616018091  2663
2.7686381012476144  2779
2.7693773260761385  2661
2.7701152947871015  2570
2.7708520116421442  2513
2.7715874808812555  2688
2.77232170672292  2682
2.7730546933642626  2579
2.7737864449811935  2473
2.7745169657285498  2450
2.7752462597402365  2470
2.775974331129369  2506
2.776701183988411  2687
2.7774268223893115  2607
2.7781512503836434  2586
2.7788744720027396  2582
2.7795964912578244  2574
2.780317312140151  2706
2.7810369386211318  2344
2.781755374652469  2546
2.782472624166286  2559
2.7831886910752575  2398
2.783903579272735  2584
2.784617292632875  2458
2.785329835010767  2568
2.786041210242554  2439
2.7867514221455614  2651
2.787460474518415  2612
2.788168371141168  2557
2.788875115775417  2513
2.7895807121644256  2594
2.7902851640332416  2466
2.790988475088816  2601
2.791690649020118  2670
2.792391689498254  2533
2.79309160017658  2539
2.7937903846908188  2588
2.7944880466591697  2672
2.795184589682424  2468
2.7958800173440754  2536
2.7965743332104296  2556
2.7972675408307164  2566
2.797959643737196  2394
2.798650645445269  2573
2.7993405494535817  2624
2.8000293592441343  2762
2.800717078282385  2430
2.801403710017355  2518
2.802089257881733  2740
2.8027737252919755  2697
2.803457115648414  2526
2.8041394323353503  2544
2.8048206787211623  2464
2.8055008581584002  2707
2.806179973983887  2524
2.8068580295188172  2573
2.807535028068853  2503
2.808210972924222  2626
2.808885867359812  2366
2.8095597146352675  2432
2.8102325179950842  2632
2.8109042806687006  2614
2.8115750058705933  2487
2.812244696800369  2605
2.8129133566428557  2694
2.813580988568192  2577
2.81424759573192  2479
2.814913181275074  2507
2.815577748324267  2631
2.816241299991783  2518
2.8169038393756605  2591
2.8175653695597807  2794
2.8182258936139557  2533
2.8188854145940097  2735
2.8195439355418688  2469
2.82020145948564  2583
2.8208579894397  2533
2.821513528404773  2626
2.8221680793680175  2555
2.8228216453031045  2462
2.823474229170301  2556
2.824125833916549  2696
2.824776462475546  2584
2.8254261177678233  2629
2.8260748027008264  2559
2.826722520168992  2440
2.8273692730538253  2815
2.828015064223977  2633
2.82865989653532  2528
2.829303772831025  2562
2.829946695941636  2645
2.8305886686851442  2553
2.8312296938670634  2331
2.8318697742805017  2565
2.832508912706236  2606
2.833147111912785  2763
2.833784374656479  2620
2.8344207036815328  2463
2.835056101720116  2472
2.8356905714924254  2403
2.8363241157067516  2622
2.8369567370595505  2432
2.837588438235511  2630
2.8382192219076257  2945
2.838849090737255  2711
2.8394780473741985  2799
2.840106094456758  2435
2.8407332346118066  2811
2.841359470454855  2666
2.8419848045901137  2679
2.842609239610562  2663
2.8432327780980096  2565
2.843855422623161  2674
2.8444771757456815  2589
2.845098040014257  2690
2.8457180179666586  2481
2.846337112129805  2577
2.846955325019824  2600
2.847572659142112  2590
2.848189116991399  2513
2.8488047010518036  2646
2.8494194137968996  2710
2.850033257689769  2628
2.8506462351830666  2572
2.8512583487190755  2642
2.851869600729766  2495
2.8524799936368566  2601
2.8530895298518657  2500
2.8536982117761744  2392
2.8543060418010806  2654
2.8549130223078554  2746
2.8555191556678  2742
2.8561244442423  2560
2.8567288903828825  2471
2.8573324964312685  2514
2.857935264719429  2607
2.858537197569639  2792
2.859138297294531  2694
2.859738566197147  2586
2.8603380065709936  2269
2.8609366207000937  2666
2.8615344108590377  2770
2.862131379313037  2527
2.8627275283179747  2693
2.863322860120456  2434
2.8639173769578603  2530
2.864511081058392  2494
2.8651039746411278  2664
2.8656960599160706  2491
2.8662873390841948  2710
2.866877814337499  2721
2.8674674878590514  2450
2.8680563618230415  2466
2.8686444383948255  2490
2.8692317197309762  2540
2.869818207979328  2730
2.870403905279027  2693
2.8709888137605755  2582
2.8715729355458786  2575
2.8721562727482928  2529
2.8727388274726686  2532
2.873320601815399  2596
2.8739015978644615  2464
2.8744818176994666  2564
2.8750612633917  2664
2.8756399370041685  2698
2.876217840591642  2598
2.8767949762007006  2510
2.877371345869774  2583
2.8779469516291885  2383
2.8785217955012063  2512
2.8790958795000727  2793
2.8796692056320534  2635
2.88024177589548  2579
2.8808135922807914  2592
2.8813846567705728  2565
2.8819549713396007  2458
2.8825245379548803  2456
2.8830933585756897  2481
2.8836614351536176  2546
2.884228769632604  2652
2.884795363948981  2488
2.885361220031512  2625
2.885926339801431  2429
2.886490725172482  2486
2.8870543780509568  2674
2.887617300335736  2538
2.888179493918325  2506
2.8887409606828927  2716
2.88930170250631  2585
2.8898617212581885  2497
2.890421018800914  2721
2.890979596989689  2676
2.8915374576725643  2694
2.8920946026904804  2701
2.8926510338773004  2587
2.893206753059848  2576
2.8937617620579434  2663
2.8943160626844384  2648
2.8948696567452528  2757
2.895422546039408  2584
2.8959747323590648  2682
2.8965262174895554  2422
2.89707700320942  2788
2.8976270912904414  2663
2.8981764834976764  2694
2.8987251815894934  2546
2.8992731873176036  2642
2.8998205024270964  2544
2.9003671286564705  2418
2.900913067737669  2523
2.9014583213961123  2627
2.9020028913507296  2663
2.902546779313991  2556
2.9030899869919438  2855
2.9036325160842376  2680
2.9041743682841634  2630
2.904715545278681  2590
2.905256048748451  2576
2.9057958803678687  2484
2.906335041805091  2192
2.90687353472207  2655
2.907411360774586  2602
2.9079485216122722  2738
2.90848501887865  2642
2.909020854211156  2687
2.9095560292411755  2600
2.910090545594068  2542
2.910624404889201  2349
2.9111576087399764  2560
2.9116901587538613  2434
2.9122220565324155  2551
2.912753303671323  2571
2.9132839017604186  2398
2.9138138523837167  2491
2.9143431571194407  2649
2.9148718175400505  2594
2.91539983521227  2780
2.9159272116971158  2575
2.916453948549925  2638
2.9169800473203824  2629
2.9175055095525466  2436
2.9180303367848803  2546
2.9185545305502734  2489
2.9190780923760737  2637
2.919601023784111  2519
2.920123326290724  2703
2.9206450014067875  2663
2.921166050637739  2525
2.921686475483602  2338
2.9222062774390163  2808
2.92272545799326  2526
2.9232440186302764  2644
2.9237619608287004  2751
2.9242792860618816  2526
2.924795995797912  2608
2.9253120914996495  2454
2.9258275746247424  2565
2.926342446625655  2435
2.926856708949692  2570
2.9273703630390235  2580
2.9278834103307068  2438
2.9283958522567137  2694
2.928907690243953  2444
2.929418925714293  2531
2.929929560084588  2720
2.9304395947667  2396
2.930949031167523  2809
2.931457870689005  2659
2.931966114728173  2413
2.932473764677153  2602
2.932980821923198  2738
2.9334872878487053  2515
2.9339931638312424  2758
2.934498451243568  2424
2.935003151453655  2618
2.9355072658247128  2578
2.9360107957152097  2559
2.936513742478893  2661
2.9370161074648142  2619
2.937517892017347  2498
2.9380190974762104  2739
2.938519725176492  2543
2.9390197764486663  2844
2.9395192526186187  2566
2.9400181550076634  2511
2.940516484932567  2671
2.9410142437055695  2445
2.941511432634403  2617
2.942008053022313  2517
2.9425041061680806  2619
2.9429995933660407  2603
2.9434945159061026  2559
2.9439888750737717  2435
2.9444826721501687  2567
2.9449759084120477  2596
2.94546858513182  2746
2.9459607035775686  2562
2.946452265013073  2580
2.9469432706978256  2464
2.9474337218870508  2508
2.9479236198317262  2576
2.948412965778601  2692
2.9489017609702137  2594
2.949390006644913  2500
2.949877704036875  2598
2.950364854376123  2566
2.9508514588885464  2449
2.951337518795918  2627
2.951823035315912  2441
2.9523080096621253  2509
2.952792443044092  2690
2.9532763366673045  2536
2.9537596917332287  2667
2.9542425094393248  2559
2.954724790979063  2460
2.9552065375419416  2661
2.9556877503135057  2744
2.9561684304753633  2626
2.9566485792052033  2586
2.957128197676813  2497
2.957607287060095  2542
2.958085848521085  2619
2.9585638832219674  2698
2.9590413923210934  2506
2.9595183769729982  2661
2.959994838328416  2684
2.960470777534299  2384
2.960946195733831  2707
2.9614210940664485  2417
2.9618954736678504  2451
2.962369335670021  2379
2.9628426812012423  2486
2.9633155113861114  2623
2.963787827345555  2533
2.964259630196849  2587
2.9647309210536292  2660
2.965201701025912  2549
2.9656719712201065  2864
2.9661417327390325  2582
2.966610986681934  2460
2.967079734144497  2503
2.967547976218862  2379
2.968015713993642  2888
2.9684829485539352  2671
2.9689496809813427  2630
2.9694159123539814  2574
2.9698816437465  2632
2.9703468762300935  2656
2.9708116108725178  2466
2.971275848738105  2773
2.971739590887778  2535
2.9722028383790646  2764
2.972665592266111  2711
2.9731278535996988  2597
2.973589623427257  2454
2.9740509027928774  2625
2.9745116927373285  2386
2.974971994298069  2533
2.975431808509263  2616
2.975891136401793  2738
2.9763499790032735  2494
2.976808337338066  2565
2.977266212427293  2438
2.9777236052888476  2435
2.978180516937414  2335
2.9786369483844743  2522
2.979092900638326  2396
2.979548374704095  2373
2.9800033715837464  2548
2.9804578922761  2694
2.9809119377768436  2489
2.9813655090785445  2633
2.9818186071706636  2731
2.9822712330395684  2744
2.9827233876685453  2693
2.983175072037813  2618
2.9836262871245345  2446
2.984077033902831  2588
2.9845273133437926  2475
2.9849771264154934  2608
2.9854264740830017  2572
2.9858753573083936  2564
2.986323777050765  2549
2.9867717342662448  2518
2.9872192299080047  2918
2.9876662649262746  2787
2.988112840268352  2643
2.9885589568786157  2621
2.989004615698537  2458
2.9894498176666917  2635
2.989894563718773  2574
2.9903388547876015  2438
2.9907826918031377  2497
2.9912260756924947  2659
2.9916690073799486  2562
2.9921114877869495  2705
2.9925535178321354  2525
2.9929950984313414  2642
2.9934362304976116  2535
2.993876914941211  2639
2.9943171526696366  2573
2.9947569445876283  2454
2.9951962915971793  2407
2.99563519459755  2631
2.9960736544852753  2613
2.9965116721541785  2591
2.996949248495381  2557
2.997386384397313  2350
2.9978230807457256  2689
2.998259338423699  2533
2.998695158311656  2686
2.999130541287371  2741
2.9995654882259823  2448
3.0  2613
3.000434077479319  2534
3.0008677215312267  2571
3.0013009330204183  2675
3.0017337128090005  2634
3.002166061756508  2410
3.0025979807199086  2376
3.003029470553618  2615
3.0034605321095067  2502
3.0038911662369103  2448
3.0043213737826426  2678
3.004751155591001  2500
3.0051805125037805  2581
3.0056094453602804  2555
3.0060379549973173  2689
3.0064660422492318  2494
3.0068937079479006  2554
3.0073209529227447  2869
3.00774777800074  2529
3.0081741840064264  2581
3.0086001717619175  2623
3.0090257420869104  2464
3.009450895798694  2336
3.00987563371216  2642
3.010299956639812  2547
3.010723865391773  2563
3.0111473607757975  2645
3.0115704435972783  2587
3.011993114659257  2656
3.012415374762433  2438
3.012837224705172  2709
3.0132586652835167  2605
3.0136796972911926  2636
3.0141003215196207  2583
3.0145205387579237  2532
3.0149403497929366  2918
3.0153597554092144  2553
3.015778756389041  2446
3.016197353512439  2728
3.016615547557177  2671
3.0170333392987803  2439
3.017450729510536  2416
3.0178677189635055  2763
3.018284308426531  2504
3.0187004986662433  2544
3.019116290447073  2484
3.0195316845312554  2660
3.0199466816788423  2660
3.0203612826477078  2644
3.020775488193558  2612
3.0211892990699383  2410
3.021602716028242  2758
3.02201573981772  2667
3.0224283711854865  2659
3.022840610876528  2441
3.0232524596337114  2513
3.0236639181977933  2618
3.024074987307426  2358
3.024485667699167  2849
3.024895960107485  2624
3.0253058652647704  2889
3.025715383901341  2524
3.0261245167454502  2543
3.0265332645232967  2562
3.0269416279590295  2303
3.0273496077747564  2803
3.0277572046905536  2479
3.0281644194244697  2640
3.0285712526925375  2458
3.028977705208778  2463
3.0293837776852097  2491
3.029789470831856  2602
3.030194785356751  2403
3.030599721965951  2628
3.0310042813635367  2615
3.031408464251624  2464
3.0318122713303706  2667
3.0322157032979815  2498
3.03261876085072  2629
3.0330214446829107  2607
3.03342375548695  2806
3.03382569395331  2754
3.0342272607705505  2460
3.0346284566253203  2639
3.0350292822023683  2326
3.0354297381845483  2776
3.035829825252828  2654
3.0362295440862948  2503
3.036628895362161  2400
3.037027879755775  2564
3.037426497940624  2550
3.037824750588342  2599
3.0382226383687185  2614
3.038620161949703  2583
3.039017321997412  2583
3.0394141191761372  2640
3.0398105541483504  2346
3.0402066275747113  2661
3.040602340114073  2696
3.0409976924234905  2498
3.041392685158225  2745
3.041787318971752  2508
3.042181594515766  2367
3.0425755124401905  2507
3.0429690733931802  2693
3.0433622780211294  2723
3.0437551269686796  2585
3.044147620878723  2495
3.044539760392411  2418
3.04493154614916  2509
3.0453229787866576  2677
3.0457140589408676  2640
3.0461047872460387  2588
3.0464951643347082  2699
3.04688519083771  2409
3.0472748673841794  2550
3.04766419460156  2589
3.048053173115609  2608
3.0484418035504044  2555
3.04883008652835  2498
3.0492180226701815  2663
3.049605612594973  2570
3.0499928569201424  2779
3.050379756261458  2622
3.0507663112330423  2742
3.0511525224473814  2599
3.0515383905153275  2666
3.0519239160461065  2496
3.0523090996473234  2415
3.052693941924968  2671
3.0530784434834195  2678
3.053462604925455  2550
3.0538464268522527  2392
3.0542299098633974  2620
3.0546130545568877  2652
3.0549958615291417  2471
3.055378331375  2451
3.0557604646877348  2445
3.056142262059052  2535
3.0565237240791006  2789
3.0569048513364727  2400
3.0572856444182146  2480
3.0576661039098294  2495
3.0580462303952816  2658
3.058426024457005  2705
3.0588054866759067  2428
3.059184617631371  2684
3.0595634179012676  2500
3.059941888061955  2666
3.060320028688285  2657
3.060697840353612  2470
3.0610753236297916  2598
3.061452479087193  2525
3.061829307294699  2413
3.0622058088197126  2891
3.062581984228163  2668
3.0629578340845103  2587
3.0633333589517497  2670
3.0637085593914173  2432
3.064083435963596  2650
3.0644579892269186  2547
3.064832219738574  2567
3.065206128054312  2733
3.0655797147284485  2764
3.06595298031387  2599
3.0663259253620376  2654
3.0666985504229953  2519
3.0670708560453703  2727
3.0674428427763805  2854
3.0678145111618402  2482
3.0681858617461617  2646
3.068556895072363  2565
3.068927611682072  2447
3.0692980121155293  2830
3.0696680969115957  2483
3.070037866607755  2472
3.0704073217401198  2601
3.0707764628434346  2573
3.0711452904510828  2664
3.071513805095089  2676
3.0718820073061255  2514
3.072249897613515  2427
3.0726174765452368  2592
3.0729847446279304  2553
3.073351702386901  2493
3.0737183503461227  2435
3.074084689028244  2463
3.074450718954591  2513
3.074816440645175  2472
3.0751818546186915  2594
3.0755469613925306  2789
3.0759117614827773  2384
3.076276255404218  2720
3.076640443670342  2492
3.0770043267933502  2596
3.0773679052841563  2436
3.077731179652392  2625
3.0780941504064105  2681
3.0784568180532927  2511
3.0788191830988487  2730
3.0791812460476247  2634
3.079543007402906  2653
3.079904467666721  2362
3.0802656273398448  2805
3.0806264869218056  2793
3.080987046910887  2442
3.0813473078041325  2426
3.081707270097349  2628
3.082066934285113  2495
3.0824263008607717  2590
3.0827853703164503  2560
3.0831441431430524  2476
3.0835026198302673  2426
3.083860800866573  2388
3.0842186867392387  2354
3.084576277934331  2325
3.084933574936716  2557
3.085290578230065  2719
3.0856472882968564  2487
3.0860037056183818  2470
3.0863598306747484  2525
3.0867156639448825  2608
3.0870712059065353  2582
3.0874264570362855  2678
3.087781417809542  2597
3.0881360887005513  2593
3.0884904701823963  2593
3.088844562727004  2592
3.089198366805149  2745
3.089551882886454  2433
3.089905111439398  2325
3.090258052931316  2532
3.090610707828407  2621
3.0909630765957314  2305
3.091315159697223  2647
3.0916669575956846  2438
3.092018470752797  2605
3.0923696996291206  2527
3.0927206446840994  2637
3.0930713063760633  2748
3.093421685162235  2677
3.09377178149873  2623
3.0941215958405612  2431
3.094471128641645  2513
3.0948203803548  2836
3.095169351431755  2460
3.095518042323151  2659
3.0958664534785427  2481
3.0962145853464054  2532
3.0965624383741357  2494
3.0969100130080562  2635
3.09725730969342  2625
3.097604328874411  2711
3.09795107099415  2430
3.0982975364946976  2485
3.098643725817057  2615
3.0989896394011773  2441
3.0993352776859577  2921
3.09968064110925  2644
3.1000257301078626  2662
3.100370545117563  2809
3.1007150865730817  2760
3.1010593549081156  2591
3.101403350555331  2583
3.1017470739463664  2784
3.1020905255118367  2539
3.1024337056813365  2457
3.1027766148834415  2526
3.1031192535457137  2581
3.103461622094705  2517
3.103803720955957  2584
3.104145550554008  2716
3.104487111312395  2543
3.1048284036536553  2519
3.1051694279993316  2486
3.1055101847699738  2711
3.1058506743851435  2653
3.1061908972634154  2405
3.1065308538223815  2660
3.106870544478654  2653
3.1072099696478683  2680
3.1075491297446862  2535
3.1078880251827985  2458
3.1082266563749283  2632
3.1085650237328344  2725
3.1089031276673134  2517
3.109240968588203  2755
3.1095785469043866  2882
3.1099158630237933  2608
3.110252917353403  2683
3.110589710299249  2626
3.1109262422664203  2642
3.1112625136590655  2636
3.111598524880394  2648
3.1119342763326814  2603
3.1122697684172707  2545
3.1126050015345745  2768
3.11293997608408  2525
3.1132746924643504  2654
3.1136091510730277  2600
3.113943352306837  2505
3.1142772965615864  2563
3.114610984232173  2478
3.1149444157125847  2630
3.1152775913959014  2688
3.1156105116742996  2620
3.115943176939055  2614
3.116275587580544  2630
3.1166077439882485  2585
3.116939646550756  2869
3.1172712956557644  2632
3.117602691690084  2504
3.1179338350396413  2655
3.118264726089479  2474
3.118595365223762  2509
3.1189257528257768  2622
3.1192558892779365  2524
3.119585774961784  2691
3.119915410257991  2395
3.1202447955463652  2577
3.12057393120585  2645
3.1209028176145273  2550
3.1212314551496214  2522
3.1215598441875008  2563
3.121887985103681  2653
3.1222158782728267  2462
3.1225435240687545  2508
3.1228709228644354  2604
3.1231980750319988  2759
3.123524980942732  2622
3.123851640967086  2872
3.124178055474675  2424
3.1245042248342823  2569
3.1248301494138593  2582
3.12515582958053  2495
3.125481265700594  2624
3.125806458139527  2478
3.1261314072619846  2619
3.1264561134318045  2515
3.126780577012009  2670
3.1271047983648077  2396
3.127428777851599  2289
3.1277525158329733  2556
3.1280760126687155  2559
3.1283992687178066  2846
3.128722284338427  2632
3.1290450598879582  2533
3.1293675957229854  2509
3.129689892199301  2662
3.1300119496719043  2593
3.130333768495006  2794
3.130655349022031  2669
3.130976691605617  2604
3.131297796597623  2495
3.1316186643491255  2605
3.1319392952104246  2528
3.1322596895310446  2586
3.132579847659737  2376
3.132899769944483  2539
3.1332194567324945  2535
3.1335389083702174  2515
3.133858125203335  2511
3.1341771075767664  2639
3.1344958558346736  2558
3.13481437032046  2854
3.1351326513767748  2500
3.1354506993455136  2695
3.1357685145678222  2781
3.1360860973840974  2340
3.13640344813399  2841
3.1367205671564067  2590
3.1370374547895126  2523
3.137354111370733  2501
3.137670537236755  2468
3.137986732723532  2472
3.1383026981662816  2537
3.1386184338994925  2457
3.1389339402569236  2488
3.139249217571607  2583
3.13956426617585  2333
3.1398790864012365  2493
3.140193678578631  2412
3.1405080430381798  2671
3.1408221801093106  2605
3.141136090120739  2668
3.1414497734004674  2465
3.141763230275788  2615
3.1420764610732848  2595
3.142389466118836  2541
3.1427022457376155  2473
3.143014800254095  2376
3.143327129992046  2537
3.1436392352745433  2502
3.1439511164239633  2637
3.144262773761991  2587
3.144574207609616  2386
3.144885418287142  2351
3.1451964061141817  2367
3.1455071714096627  2418
3.1458177144918276  2346
3.146128035678238  2403
3.1464381352857744  2410
3.14674801363064  2438
3.1470576710283598  2487
3.1473671077937864  2369
3.1476763242410986  2250
3.147985320683805  2375
3.1482940974347455  2328
3.1486026548060932  2314
3.1489109931093564  2418
3.1492191126553797  2233
3.149527013754348  2316
3.149834696715785  2293
3.1501421618485588  2286
3.150449409460881  2396
3.150756439860309  2344
3.15106325335375  2339
3.1513698502474603  2250
3.151676230847048  2440
3.151982395457474  2223
3.1522883443830563  2170
3.15259407792747  2293
3.1528995963937474  2292
3.153204900084284  2270
3.1535099893008374  2222
3.153814864344529  2076
3.154119525515847  2313
3.154423973114647  2240
3.1547282074401557  2127
3.1550322287909704  2057
3.155336037465062  2105
3.1556396337597765  1936
3.1559430179718366  2097
3.1562461903973444  2181
3.1565491513317814  2184
3.156851901070011  1872
3.1571544399062814  1890
3.157456768134226  1982
3.1577588860468637  2110
3.158060793936605  1992
3.1583624920952498  1884
3.1586639808139894  1860
3.15896526038341  1717
3.159266331093494  1813
3.1595671932336202  1806
3.1598678470925665  1893
3.160168292958512  1790
3.1604685311190375  1768
3.1607685618611283  1770
3.1610683854711747  1578
3.161368002234975  1646
3.161667412437736  1563
3.161966616364075  1653
3.1622656142980214  1604
3.162564406523019  1625
3.162862993321926  1432
3.1631613749770184  1406
3.16345955176999  1430
3.163757523981956  1420
3.1640552918934515  1460
3.164352855784437  1453
3.1646502159342966  1305
3.1649473726218416  1372
3.1652443261253107  1311
3.165541076722373  1216
3.1658376246901283  1260
3.166133970305109  1152
3.166430113843283  1186
3.166726055580052  1158
3.1670217957902564  1231
3.167317334748176  1075
3.16761267272753  1050
3.16790781000148  1015
3.168202746842631  984
3.1684974835230326  1059
3.1687920203141817  920
3.1690863574870227  845
3.1693804953119495  800
3.1696744340588068  868
3.1699681739968923  824
3.1702617153949575  743
3.1705550585212086  730
3.170848203643309  659
3.1711411510283822  625
3.171433900943008  733
3.171726453653231  581
3.1720188094245563  599
3.172310968521954  567
3.17260293120986  612
3.1728946977521764  533
3.173186268412274  573
3.1734776434529945  486
3.17376882313665  445
3.1740598077250253  416
3.1743505974793798  411
3.1746411926604483  387
3.1749315935284423  356
3.1752218003430523  333
3.1755118133634475  354
3.1758016328482794  372
3.1760912590556813  325
3.1763806922432702  300
3.17666993266815  287
3.176958980586908  254
3.1772478362556233  273
3.1775364999298623  243
3.177824971864682  256
3.1781132523146316  220
3.178401341533755  209
3.17868923977559  180
3.1789769472931693  163
3.1792644643390253  171
3.1795517911651876  159
3.179838928023187  140
3.180125875164054  142
3.180412632838324  130
3.1806992012960347  125
3.1809855807867304  98
3.1812717715594614  95
3.1815577738627865  87
3.1818435879447726  85
3.182129214052998  69
3.182414652434554  74
3.1826999033360424  68
3.182984967003582  67
3.1832698436828046  47
3.1835545336188615  35
3.1838390370564214  44
3.184123354239671  45
3.1844074854123203  34
3.184691430817599  27
3.184975190698261  30
3.185258765296585  20
3.185542154854375  21
3.185825359612962  19
3.1861083798132053  18
3.186391215695493  17
3.1866738674997452  13
3.1869563354654122  17
3.187238619831479  14
3.187520720836463  12
3.1878026387184195  9
3.188084373714938  8
3.188365926063148  10
3.188647295999717  3
3.1889284837608534  2
3.189209489582306  2
3.1894903136993675  1
3.190051417759206  1
3.190611797813605  1
3.1908917169221698  1
3.1911714557285586  1
3.1914510144648953  1
