0.3010299956639812  30578
0.47712125471966244  25201
0.6020599913279624  26303
0.6989700043360189  29194
0.7781512503836436  26769
0.8450980400142568  26610
0.9030899869919435  25832
0.9542425094393249  24167
1.0  30275
1.0413926851582251  23503
1.0791812460476249  25938
1.1139433523068367  25547
1.146128035678238  25528
1.1760912590556813  26366
1.2041199826559248  23361
1.2304489213782739  25614
1.255272505103306  20259
1.2787536009528289  25914
1.3010299956639813  20160
1.3222192947339193  20981
1.3424226808222062  17191
1.3617278360175928  13050
1.380211241711606  12120
1.3979400086720377  8070
1.414973347970818  7982
1.4313637641589874  6978
1.4471580313422192  6438
1.462397997898956  6799
1.4771212547196624  5536
1.4913616938342726  5781
1.505149978319906  4881
1.5185139398778875  5079
1.5314789170422551  6193
1.5440680443502757  5835
1.5563025007672873  6996
1.568201724066995  5805
1.5797835966168101  6028
1.591064607026499  6425
1.6020599913279623  5768
1.6127838567197355  5808
1.6232492903979006  5526
1.6334684555795864  5549
1.6434526764861874  7039
1.6532125137753437  5625
1.662757831681574  5234
1.6720978579357175  6718
1.6812412373755872  7149
1.6901960800285136  6199
1.6989700043360187  6797
1.7075701760979363  5885
1.7160033436347992  5228
1.724275869600789  6013
1.7323937598229686  6443
1.7403626894942439  5099
1.7481880270062005  4685
1.7558748556724915  6513
1.7634279935629373  5453
1.7708520116421442  6702
1.7781512503836436  6880
1.7853298350107671  6226
1.792391689498254  7005
1.7993405494535817  5957
1.806179973983887  6313
1.8129133566428555  5343
1.8195439355418688  5660
1.8260748027008264  6007
1.8325089127062364  6983
1.8388490907372552  6170
1.845098040014257  6503
1.8512583487190752  6925
1.8573324964312685  4881
1.863322860120456  5408
1.8692317197309762  5882
1.8750612633917  6198
1.8808135922807914  5484
1.8864907251724818  6161
1.8920946026904804  5464
1.8976270912904414  6169
1.9030899869919435  6766
1.9084850188786497  5466
1.9138138523837167  5631
1.919078092376074  5713
1.9242792860618816  5174
1.9294189257142926  5679
1.9344984512435677  5092
1.9395192526186185  6394
1.9444826721501687  4748
1.9493900066449128  5644
1.954242509439325  4849
1.9590413923210936  5985
1.9637878273455553  6208
1.968482948553935  6182
1.9731278535996986  7018
1.9777236052888478  7644
1.9822712330395684  4353
1.9867717342662448  6178
1.9912260756924949  5565
1.99563519459755  6889
2.0  5242
2.0043213737826426  6183
2.0086001717619175  5396
2.012837224705172  5982
2.0170333392987803  6511
2.0211892990699383  6042
2.0253058652647704  5880
2.0293837776852097  4824
2.03342375548695  6099
2.037426497940624  5888
2.041392685158225  6093
2.0453229787866576  4658
2.0492180226701815  6726
2.0530784434834195  5769
2.0569048513364727  6450
2.060697840353612  5084
2.0644579892269186  5502
2.0681858617461617  6195
2.0718820073061255  5788
2.0755469613925306  6925
2.0791812460476247  4961
2.0827853703164503  7227
2.0863598306747484  5624
2.089905111439398  5306
2.093421685162235  6727
2.0969100130080562  6012
2.100370545117563  6425
2.103803720955957  6265
2.1072099696478683  5786
2.110589710299249  4615
2.113943352306837  4644
2.1172712956557644  5089
2.12057393120585  4867
2.123851640967086  6534
2.1271047983648077  6646
2.130333768495006  5104
2.1335389083702174  5866
2.1367205671564067  6750
2.1398790864012365  6080
2.143014800254095  5365
2.146128035678238  6453
2.1492191126553797  5330
2.1522883443830563  5233
2.155336037465062  6562
2.1583624920952498  5708
2.161368002234975  6220
2.164352855784437  6196
2.167317334748176  6272
2.1702617153949575  5714
2.173186268412274  5396
2.1760912590556813  7096
2.1789769472931693  5337
2.1818435879447726  5070
2.184691430817599  5108
2.187520720836463  5559
2.1903316981702914  5371
2.1931245983544616  5250
2.1958996524092336  5929
2.1986570869544226  5094
2.2013971243204513  6191
2.2041199826559246  4768
2.2068258760318495  5096
2.2095150145426308  5925
2.2121876044039577  5406
2.214843848047698  6684
2.2174839442139063  7271
2.220108088040055  5945
2.2227164711475833  5359
2.225309281725863  5046
2.2278867046136734  6695
2.230448921378274  4811
2.2329961103921536  4635
2.2355284469075487  5675
2.2380461031287955  6397
2.2405492482826  6235
2.2430380486862944  5228
2.24551266781415  6896
2.247973266361807  5354
2.250420002308894  5095
2.2528530309798933  6098
2.255272505103306  5675
2.2576785748691846  4747
2.2600713879850747  6477
2.2624510897304293  4276
2.2648178230095364  5393
2.2671717284030137  5107
2.2695129442179165  4674
2.271841606536499  6667
2.27415784926368  5268
2.2764618041732443  4684
2.278753600952829  5958
2.2810333672477277  5037
2.2833012287035497  5999
2.285557309007774  6152
2.287801729930226  5573
2.290034611362518  5301
2.292256071356476  5792
2.294466226161593  6025
2.296665190261531  6293
2.298853076409707  4932
2.3010299956639813  6541
2.303196057420489  5550
2.305351369446624  7129
2.307496037913213  6347
2.3096301674258988  6668
2.311753861055754  4714
2.3138672203691533  5944
2.315970345456918  5866
2.3180633349627615  5390
2.3201462861110542  6028
2.322219294733919  5265
2.3242824552976926  6858
2.326335860928751  6964
2.3283796034387376  5520
2.330413773349191  4885
2.3324384599156054  5628
2.3344537511509307  5486
2.3364597338485296  6525
2.3384564936046046  5235
2.3404441148401185  6692
2.342422680822206  5393
2.3443922736851106  6039
2.346352974450639  5210
2.3483048630481607  5748
2.3502480183341627  4678
2.3521825181113627  5630
2.3541084391474008  6323
2.3560258571931225  5188
2.357934847000454  5077
2.359835482339888  4967
2.361727836017593  4756
2.3636119798921444  6056
2.3654879848909  8219
2.367355921026019  6436
2.369215857410143  6733
2.3710678622717363  5661
2.3729120029701067  5898
2.374748346010104  5367
2.376576957056512  6681
2.3783979009481375  5469
2.380211241711606  7825
2.3820170425748683  4659
2.383815365980431  5499
2.385606273598312  6509
2.387389826338729  5819
2.3891660843645326  5912
2.3909351071033793  6349
2.392696953259666  6717
2.3944516808262164  6263
2.3961993470957363  5176
2.3979400086720375  6647
2.399673721481038  6715
2.401400540781544  4864
2.403120521175818  5069
2.404833716619938  5444
2.406540180433955  5806
2.4082399653118496  5087
2.4099331233312946  5649
2.41161970596323  5776
2.413299764081252  4503
2.4149733479708178  6044
2.416640507338281  7299
2.4183012913197452  4850
2.419955748489758  6692
2.4216039268698313  6315
2.423245873936808  6218
2.424881636631067  5625
2.4265112613645754  6306
2.428134794028789  5722
2.429752280002408  5976
2.4313637641589874  6326
2.432969290874406  5429
2.4345689040341987  6229
2.436162647040756  6443
2.437750562820388  5784
2.439332693830263  5696
2.4409090820652177  6681
2.4424797690644486  5255
2.444044795918076  5542
2.4456042032735974  7172
2.4471580313422194  6792
2.44870631990508  6433
2.450249108319361  7153
2.45178643552429  6053
2.4533183400470375  4914
2.45484486000851  5497
2.456366033129043  5948
2.4578818967339924  5201
2.459392487759231  7616
2.4608978427565478  6483
2.462397997898956  6871
2.4638929889859074  6239
2.4653828514484184  5678
2.4668676203541096  5350
2.4683473304121573  5526
2.469822015978163  5384
2.4712917110589387  5626
2.4727564493172123  5519
2.4742162640762553  6634
2.4756711883244296  4943
2.4771212547196626  7048
2.4785664955938436  5413
2.4800069429571505  5977
2.481442628502305  6531
2.482873583608754  5921
2.484299839346786  6211
2.48572142648158  5919
2.4871383754771865  6550
2.4885507165004443  6752
2.4899584794248346  5292
2.4913616938342726  6489
2.4927603890268375  5229
2.494154594018443  5853
2.4955443375464483  5240
2.496929648073215  7577
2.4983105537896004  6699
2.499687082618404  5816
2.5010592622177517  5783
2.5024271199844326  6128
2.503790683057181  6046
2.505149978319906  5520
2.506505032404872  6853
2.507855871695831  5497
2.509202522331103  5947
2.510545010206612  5436
2.5118833609788744  5333
2.513217600067939  5768
2.514547752660286  5299
2.515873843711679  6244
2.5171958979499744  5850
2.5185139398778875  6346
2.519827993775719  4890
2.5211380837040362  5295
2.5224442335063197  5347
2.5237464668115646  6241
2.525044807036845  7434
2.526339277389844  5452
2.5276299008713385  6357
2.5289167002776547  6198
2.530199698203082  5321
2.531478917042255  5925
2.5327543789924976  6099
2.534026106056135  4841
2.5352941200427703  6228
2.53655844257153  6233
2.537819095073274  5350
2.5390760987927767  5207
2.5403294747908736  5135
2.5415792439465807  4861
2.5428254269591797  5254
2.5440680443502757  4843
2.545307116465824  5756
2.546542663478131  5965
2.5477747053878224  4953
2.5490032620257876  5031
2.550228353055094  5898
2.5514499979728753  6577
2.552668216112193  5778
2.5538830266438746  5179
2.5550944485783194  6065
2.5563025007672873  6677
2.5575072019056577  5109
2.558708570533166  6287
2.5599066250361124  6163
2.561101383649056  6068
2.5622928644564746  6700
2.5634810853944106  5863
2.5646660642520893  6009
2.5658478186735176  5750
2.56702636615906  6648
2.568201724066995  5224
2.569373909615046  5180
2.5705429398818973  6679
2.571708831808688  5162
2.5728716022004803  6874
2.574031267727719  7084
2.575187844927661  5584
2.576341350205793  4943
2.5774917998372255  4799
2.578639209968072  5917
2.57978359661681  5894
2.5809249756756194  5464
2.582063362911709  5046
2.583198773968623  5582
2.584331224367531  5474
2.5854607295085006  6144
2.586587304671755  6360
2.5877109650189114  4848
2.5888317255942073  6436
2.5899496013257077  6160
2.591064607026499  6469
2.5921767573958667  5834
2.593286067020457  4382
2.5943925503754266  5149
2.595496221825574  5563
2.59659709562646  5165
2.597695185925512  5366
2.598790506763115  4582
2.5998830720736876  5954
2.6009728956867484  6006
2.6020599913279625  5876
2.603144372620182  7451
2.60422605308447  5653
2.6053050461411096  6801
2.606381365110605  6806
2.6074550232146687  5898
2.6085260335771943  5392
2.60959440922522  6843
2.61066016308988  7104
2.611723308007342  6152
2.6127838567197355  6136
2.6138418218760693  5341
2.6148972160331345  6292
2.615950051656401  5292
2.617000341120899  5238
2.6180480967120925  6179
2.6190933306267428  5903
2.6201360549737576  6173
2.621176281775035  5745
2.622214022966295  6614
2.6232492903979003  5088
2.6242820958356683  6089
2.625312450961674  6135
2.6263403673750423  6053
2.6273658565927325  5548
2.6283889300503116  5908
2.629409599102719  5575
2.630427875025024  5729
2.6314437690131722  6423
2.6324572921847245  6159
2.6334684555795866  5443
2.6344772701607315  4862
2.635483746814912  6083
2.6364878963533656  4688
2.637489729512511  5832
2.6384892569546374  5107
2.639486489268586  6054
2.640481436970422  5591
2.6414741105040997  6304
2.6424645202421213  5939
2.6434526764861874  6009
2.6444385894678386  5570
2.645422269349092  5600
2.6464037262230695  5763
2.6473829701146196  6044
2.6483600109809315  6063
2.649334858712142  5660
2.6503075231319366  4489
2.651278013998144  6138
2.6522463410033232  5551
2.6532125137753435  5694
2.6541765418779604  5479
2.655138434811382  6793
2.656098202012832  4969
2.6570558528571038  5404
2.6580113966571126  5342
2.658964842664435  6129
2.6599162000698504  5481
2.660865478003869  6016
2.661812685537261  5639
2.662757831681574  5407
2.663700925389648  5984
2.6646419755561257  5518
2.6655809910179533  5668
2.6665179805548807  6186
2.667452952889954  6520
2.66838591669  6361
2.6693168805661123  6194
2.670245853074124  6451
2.6711728427150834  6504
2.6720978579357175  6177
2.673020907128896  5439
2.673941998634088  6059
2.6748611407378116  4751
2.6757783416740852  5317
2.6766936096248664  5987
2.677606952720493  6170
2.678518379040114  6959
2.6794278966121188  6166
2.680335513414563  5028
2.681241237375587  6421
2.682145076373832  5183
2.6830470382388496  5823
2.683947130751512  5436
2.6848453616444123  5227
2.6857417386022635  5180
2.6866362692622934  5220
2.6875289612146345  5215
2.6884198220027105  5236
2.6893088591236203  5413
2.690196080028514  6065
2.6910814921229687  5836
2.69196510276736  5270
2.69284691927723  5945
2.693726948923647  6037
2.694605198933569  5390
2.6954816764901977  5785
2.696356388733332  5560
2.6972293427597176  4951
2.6981005456233897  5978
2.6989700043360187  6030
2.699837725867246  6696
2.7007037171450192  5187
2.7015679850559273  6110
2.7024305364455254  5818
2.7032913781186614  5411
2.7041505168397992  5076
2.705007959333336  6159
2.7058637122839193  6447
2.7067177823367587  5618
2.7075701760979363  5440
2.708420900134713  4680
2.709269960975831  4852
2.7101173651118162  5683
2.710963118995276  5490
2.711807229041191  5705
2.7126497016272113  5729
2.7134905430939424  7168
2.714329759745233  4761
2.7151673578484576  5568
2.716003343634799  6223
2.7168377232995247  6220
2.717670503002262  7665
2.718501688867274  5751
2.7193312869837265  5190
2.720159303405957  5252
2.7209857441537393  4980
2.7218106152125467  7279
2.722633922533812  5376
2.7234556720351857  5826
2.724275869600789  5542
2.725094521081469  6858
2.7259116322950483  6124
2.7267272090265724  6258
2.727541257028556  6513
2.7283537820212285  6632
2.72916478969277  6002
2.7299742856995555  4834
2.7307822756663893  5654
2.7315887651867388  6565
2.7323937598229686  5852
2.7331972651065692  6605
2.733999286538387  6090
2.734799829588847  5602
2.73559889969818  5330
2.7363965022766426  5061
2.7371926427047373  7114
2.737987326333431  6249
2.738780558484369  5034
2.739572344450092  6111
2.7403626894942437  4549
2.741151598851785  6193
2.741939077729199  5721
2.7427251313046983  6203
2.74350976472843  6809
2.7442929831226763  5754
2.7450747915820575  5935
2.745855195173729  6002
2.7466341989375787  5469
2.747411807886423  7862
2.7481880270062002  5375
2.7489628612561616  4555
2.749736315569061  6825
2.7505083948513462  6705
2.751279103983342  6060
2.7520484478194387  6308
2.7528164311882715  5879
2.7535830588929064  6868
2.754348335711019  5967
2.7551122663950713  5727
2.7558748556724915  6604
2.756636108245848  5512
2.7573960287930244  5130
2.75815462196739  5722
2.7589118923979736  7783
2.7596678446896306  6065
2.760422483423212  6722
2.7611758131557314  5438
2.761927838420529  5206
2.762678563727436  4651
2.7634279935629373  5611
2.7641761323903307  6282
2.7649229846498886  5417
2.765668554759014  6176
2.7664128471123997  6054
2.7671558660821804  5272
2.767897616018091  5019
2.7686381012476144  7125
2.7693773260761385  6592
2.7701152947871015  5824
2.7708520116421442  6439
2.7715874808812555  5734
2.77232170672292  5899
2.7730546933642626  6459
2.7737864449811935  5226
2.7745169657285498  6840
2.7752462597402365  4801
2.775974331129369  5764
2.776701183988411  6509
2.7774268223893115  5802
2.7781512503836434  6274
2.7788744720027396  5921
2.7795964912578244  7651
2.780317312140151  5207
2.7810369386211318  6071
2.781755374652469  5870
2.782472624166286  6722
2.7831886910752575  7137
2.783903579272735  5436
2.784617292632875  6094
2.785329835010767  4491
2.786041210242554  6890
2.7867514221455614  5325
2.787460474518415  5910
2.788168371141168  5610
2.788875115775417  5092
2.7895807121644256  6793
2.7902851640332416  5240
2.790988475088816  5789
2.791690649020118  5764
2.792391689498254  6888
2.79309160017658  5483
2.7937903846908188  5424
2.7944880466591697  6448
2.795184589682424  5982
2.7958800173440754  5324
2.7965743332104296  4978
2.7972675408307164  6092
2.797959643737196  5563
2.798650645445269  6591
2.7993405494535817  5699
2.8000293592441343  5822
2.800717078282385  7907
2.801403710017355  6409
2.802089257881733  6713
2.8027737252919755  6497
2.803457115648414  6063
2.8041394323353503  6382
2.8048206787211623  5853
2.8055008581584002  6499
2.806179973983887  5663
2.8068580295188172  6248
2.807535028068853  6174
2.808210972924222  6375
2.808885867359812  5751
2.8095597146352675  5550
2.8102325179950842  4432
2.8109042806687006  5656
2.8115750058705933  6990
2.812244696800369  5580
2.8129133566428557  6894
2.813580988568192  5699
2.81424759573192  5645
2.814913181275074  7240
2.815577748324267  5413
2.816241299991783  5079
2.8169038393756605  5164
2.8175653695597807  5352
2.8182258936139557  5921
2.8188854145940097  4604
2.8195439355418688  6091
2.82020145948564  6422
2.8208579894397  5020
2.821513528404773  7158
2.8221680793680175  5419
2.8228216453031045  6336
2.823474229170301  6664
2.824125833916549  5880
2.824776462475546  5811
2.8254261177678233  6377
2.8260748027008264  5543
2.826722520168992  6241
2.8273692730538253  5513
2.828015064223977  5161
2.82865989653532  5509
2.829303772831025  5741
2.829946695941636  5238
2.8305886686851442  7289
2.8312296938670634  6958
2.8318697742805017  5605
2.832508912706236  5893
2.833147111912785  4760
2.833784374656479  4025
2.8344207036815328  5826
2.835056101720116  6189
2.8356905714924254  5878
2.8363241157067516  5141
2.8369567370595505  6526
2.837588438235511  6250
2.8382192219076257  6217
2.838849090737255  5168
2.8394780473741985  5000
2.840106094456758  5522
2.8407332346118066  5920
2.841359470454855  6340
2.8419848045901137  5860
2.842609239610562  5426
2.8432327780980096  6523
2.843855422623161  5408
2.8444771757456815  5351
2.845098040014257  5537
2.8457180179666586  5683
2.846337112129805  5114
2.846955325019824  5537
2.847572659142112  4741
2.848189116991399  5741
2.8488047010518036  4958
2.8494194137968996  4640
2.850033257689769  5381
2.8506462351830666  5181
2.8512583487190755  5585
2.851869600729766  5065
2.8524799936368566  5219
2.8530895298518657  5451
2.8536982117761744  4687
2.8543060418010806  6036
2.8549130223078554  6160
2.8555191556678  6139
2.8561244442423  6935
2.8567288903828825  5491
2.8573324964312685  6059
2.857935264719429  5338
2.858537197569639  4936
2.859138297294531  6303
2.859738566197147  5324
2.8603380065709936  5829
2.8609366207000937  5056
2.8615344108590377  5591
2.862131379313037  6247
2.8627275283179747  4635
2.863322860120456  6094
2.8639173769578603  5212
2.864511081058392  4258
2.8651039746411278  5424
2.8656960599160706  4698
2.8662873390841948  6486
2.866877814337499  6431
2.8674674878590514  4715
2.8680563618230415  4808
2.8686444383948255  5161
2.8692317197309762  5457
2.869818207979328  6133
2.870403905279027  5136
2.8709888137605755  5120
2.8715729355458786  5585
2.8721562727482928  5134
2.8727388274726686  5538
2.873320601815399  5586
2.8739015978644615  5158
2.8744818176994666  5670
2.8750612633917  5364
2.8756399370041685  6176
2.876217840591642  5157
2.8767949762007006  5759
2.877371345869774  5035
2.8779469516291885  5431
2.8785217955012063  5927
2.8790958795000727  5355
2.8796692056320534  5610
2.88024177589548  5484
2.8808135922807914  4979
2.8813846567705728  5327
2.8819549713396007  5996
2.8825245379548803  5610
2.8830933585756897  5564
2.8836614351536176  4508
2.884228769632604  5102
2.884795363948981  5401
2.885361220031512  4944
2.885926339801431  5487
2.886490725172482  4598
2.8870543780509568  5474
2.887617300335736  4838
2.888179493918325  5897
2.8887409606828927  5470
2.88930170250631  4998
2.8898617212581885  4755
2.890421018800914  5974
2.890979596989689  4914
2.8915374576725643  6325
2.8920946026904804  5070
2.8926510338773004  6300
2.893206753059848  5611
2.8937617620579434  5302
2.8943160626844384  4932
2.8948696567452528  4700
2.895422546039408  6152
2.8959747323590648  4958
2.8965262174895554  5167
2.89707700320942  5067
2.8976270912904414  5073
2.8981764834976764  4447
2.8987251815894934  6226
2.8992731873176036  4862
2.8998205024270964  5136
2.9003671286564705  4768
2.900913067737669  6038
2.9014583213961123  4134
2.9020028913507296  5207
2.902546779313991  4114
2.9030899869919438  4679
2.9036325160842376  5827
2.9041743682841634  4757
2.904715545278681  4856
2.905256048748451  5345
2.9057958803678687  4591
2.906335041805091  4982
2.90687353472207  4438
2.907411360774586  4402
2.9079485216122722  4335
2.90848501887865  5511
2.909020854211156  5227
2.9095560292411755  4366
2.910090545594068  4863
2.910624404889201  5181
2.9111576087399764  4913
2.9116901587538613  4946
2.9122220565324155  6336
2.912753303671323  6164
2.9132839017604186  5545
2.9138138523837167  5143
2.9143431571194407  5161
2.9148718175400505  5894
2.91539983521227  5153
2.9159272116971158  5401
2.916453948549925  5427
2.9169800473203824  5035
2.9175055095525466  6410
2.9180303367848803  4648
2.9185545305502734  5717
2.9190780923760737  5406
2.919601023784111  4713
2.920123326290724  4766
2.9206450014067875  4844
2.921166050637739  5099
2.921686475483602  4600
2.9222062774390163  5245
2.92272545799326  5505
2.9232440186302764  4784
2.9237619608287004  4892
2.9242792860618816  4923
2.924795995797912  4753
2.9253120914996495  4595
2.9258275746247424  5314
2.926342446625655  5477
2.926856708949692  4909
2.9273703630390235  4889
2.9278834103307068  5432
2.9283958522567137  5235
2.928907690243953  4709
2.929418925714293  4512
2.929929560084588  4644
2.9304395947667  4508
2.930949031167523  4513
2.931457870689005  4633
2.931966114728173  5084
2.932473764677153  4119
2.932980821923198  4559
2.9334872878487053  4267
2.9339931638312424  3952
2.934498451243568  4448
2.935003151453655  4119
2.9355072658247128  4481
2.9360107957152097  4344
2.936513742478893  4843
2.9370161074648142  4693
2.937517892017347  4799
2.9380190974762104  4210
2.938519725176492  5163
2.9390197764486663  4937
2.9395192526186187  4510
2.9400181550076634  4881
2.940516484932567  4443
2.9410142437055695  4396
2.941511432634403  4312
2.942008053022313  4472
2.9425041061680806  4752
2.9429995933660407  4130
2.9434945159061026  4730
2.9439888750737717  4538
2.9444826721501687  4327
2.9449759084120477  4901
2.94546858513182  4297
2.9459607035775686  4552
2.946452265013073  3798
2.9469432706978256  4284
2.9474337218870508  3845
2.9479236198317262  4214
2.948412965778601  4329
2.9489017609702137  4201
2.949390006644913  4588
2.949877704036875  3720
2.950364854376123  4249
2.9508514588885464  4163
2.951337518795918  4146
2.951823035315912  4282
2.9523080096621253  4608
2.952792443044092  3736
2.9532763366673045  4046
2.9537596917332287  4203
2.9542425094393248  4420
2.954724790979063  4203
2.9552065375419416  3664
2.9556877503135057  3578
2.9561684304753633  3684
2.9566485792052033  4336
2.957128197676813  4111
2.957607287060095  4133
2.958085848521085  3976
2.9585638832219674  3940
2.9590413923210934  3971
2.9595183769729982  3720
2.959994838328416  4109
2.960470777534299  3865
2.960946195733831  4302
2.9614210940664485  3277
2.9618954736678504  3592
2.962369335670021  3869
2.9628426812012423  3597
2.9633155113861114  3428
2.963787827345555  3467
2.964259630196849  4125
2.9647309210536292  3181
2.965201701025912  3380
2.9656719712201065  3661
2.9661417327390325  3661
2.966610986681934  3497
2.967079734144497  3846
2.967547976218862  3261
2.968015713993642  3600
2.9684829485539352  3336
2.9689496809813427  3613
2.9694159123539814  3407
2.9698816437465  3421
2.9703468762300935  3475
2.9708116108725178  3030
2.971275848738105  3588
2.971739590887778  3264
2.9722028383790646  3598
2.972665592266111  3328
2.9731278535996988  3404
2.973589623427257  3228
2.9740509027928774  2834
2.9745116927373285  3427
2.974971994298069  2856
2.975431808509263  3383
2.975891136401793  2926
2.9763499790032735  3214
2.976808337338066  3057
2.977266212427293  2895
2.9777236052888476  3408
2.978180516937414  3247
2.9786369483844743  3400
2.979092900638326  2821
2.979548374704095  2762
2.9800033715837464  2585
2.9804578922761  3119
2.9809119377768436  2830
2.9813655090785445  2659
2.9818186071706636  2685
2.9822712330395684  2886
2.9827233876685453  2891
2.983175072037813  2997
2.9836262871245345  2517
2.984077033902831  2382
2.9845273133437926  2267
2.9849771264154934  2554
2.9854264740830017  2744
2.9858753573083936  2328
2.986323777050765  2215
2.9867717342662448  2506
2.9872192299080047  2503
2.9876662649262746  2310
2.988112840268352  2410
2.9885589568786157  2383
2.989004615698537  2188
2.9894498176666917  2309
2.989894563718773  2172
2.9903388547876015  2019
2.9907826918031377  2116
2.9912260756924947  1966
2.9916690073799486  2193
2.9921114877869495  2077
2.9925535178321354  1774
2.9929950984313414  2279
2.9934362304976116  1645
2.993876914941211  1895
2.9943171526696366  1662
2.9947569445876283  1957
2.9951962915971793  1821
2.99563519459755  1550
2.9960736544852753  1711
2.9965116721541785  1707
2.996949248495381  1574
2.997386384397313  1564
2.9978230807457256  1528
2.998259338423699  1365
2.998695158311656  1550
2.999130541287371  1370
2.9995654882259823  1412
3.0  1381
3.000434077479319  1369
3.0008677215312267  1229
3.0013009330204183  1313
3.0017337128090005  1162
3.002166061756508  1120
3.0025979807199086  1104
3.003029470553618  1036
3.0034605321095067  1111
3.0038911662369103  1127
3.0043213737826426  1074
3.004751155591001  934
3.0051805125037805  902
3.0056094453602804  972
3.0060379549973173  848
3.0064660422492318  852
3.0068937079479006  897
3.0073209529227447  781
3.00774777800074  804
3.0081741840064264  714
3.0086001717619175  638
3.0090257420869104  711
3.009450895798694  645
3.00987563371216  659
3.010299956639812  587
3.010723865391773  594
3.0111473607757975  591
3.0115704435972783  586
3.011993114659257  540
3.012415374762433  499
3.012837224705172  380
3.0132586652835167  479
3.0136796972911926  449
3.0141003215196207  425
3.0145205387579237  373
3.0149403497929366  320
3.0153597554092144  329
3.015778756389041  339
3.016197353512439  322
3.016615547557177  289
3.0170333392987803  282
3.017450729510536  282
3.0178677189635055  200
3.018284308426531  302
3.0187004986662433  240
3.019116290447073  238
3.0195316845312554  238
3.0199466816788423  172
3.0203612826477078  183
3.020775488193558  165
3.0211892990699383  122
3.021602716028242  176
3.02201573981772  141
3.0224283711854865  137
3.022840610876528  143
3.0232524596337114  143
3.0236639181977933  131
3.024074987307426  131
3.024485667699167  96
3.024895960107485  61
3.0253058652647704  55
3.025715383901341  86
3.0261245167454502  95
3.0265332645232967  55
3.0269416279590295  51
3.0273496077747564  42
3.0277572046905536  47
3.0281644194244697  53
3.0285712526925375  44
3.028977705208778  51
3.0293837776852097  45
3.029789470831856  36
3.030194785356751  27
3.030599721965951  37
3.0310042813635367  21
3.031408464251624  20
3.0318122713303706  17
3.0322157032979815  18
3.03261876085072  23
3.0330214446829107  28
3.03342375548695  19
3.03382569395331  16
3.0342272607705505  30
3.0346284566253203  8
3.0350292822023683  17
3.0354297381845483  8
3.035829825252828  10
3.0362295440862948  8
3.036628895362161  7
3.037027879755775  6
3.037426497940624  4
3.037824750588342  13
3.0382226383687185  10
3.038620161949703  6
3.039017321997412  1
3.0394141191761372  5
3.0398105541483504  5
3.0402066275747113  3
3.040602340114073  3
3.0409976924234905  2
3.041392685158225  3
3.042181594515766  1
3.0425755124401905  1
3.0429690733931802  1
3.0433622780211294  1
3.0437551269686796  1
3.044147620878723  1
3.044539760392411  1
