0.3010299956639812  12413
0.47712125471966244  12054
0.6020599913279624  11958
0.6989700043360189  11711
0.7781512503836436  12146
0.8450980400142568  12556
0.9030899869919435  11908
0.9542425094393249  11670
1.0  12099
1.0413926851582251  11761
1.0791812460476249  12216
1.1139433523068367  12121
1.146128035678238  12021
1.1760912590556813  12123
1.2041199826559248  12716
1.2304489213782739  12028
1.255272505103306  11548
1.2787536009528289  12349
1.3010299956639813  12293
1.3222192947339193  12069
1.3424226808222062  12127
1.3617278360175928  12511
1.380211241711606  12066
1.3979400086720377  12447
1.414973347970818  12069
1.4313637641589874  11871
1.4471580313422192  12136
1.462397997898956  11343
1.4771212547196624  12504
1.4913616938342726  11972
1.505149978319906  11869
1.5185139398778875  11152
1.5314789170422551  11431
1.5440680443502757  9742
1.5563025007672873  10046
1.568201724066995  9191
1.5797835966168101  8879
1.591064607026499  8330
1.6020599913279623  7166
1.6127838567197355  7521
1.6232492903979006  7060
1.6334684555795864  6834
1.6434526764861874  6827
1.6532125137753437  7027
1.662757831681574  6448
1.6720978579357175  6794
1.6812412373755872  6504
1.6901960800285136  6858
1.6989700043360187  6480
1.7075701760979363  6273
1.7160033436347992  6702
1.724275869600789  6428
1.7323937598229686  6661
1.7403626894942439  6434
1.7481880270062005  6484
1.7558748556724915  6386
1.7634279935629373  6197
1.7708520116421442  6280
1.7781512503836436  6628
1.7853298350107671  6718
1.792391689498254  6562
1.7993405494535817  6587
1.806179973983887  6220
1.8129133566428555  6467
1.8195439355418688  6415
1.8260748027008264  6833
1.8325089127062364  6617
1.8388490907372552  6606
1.845098040014257  6689
1.8512583487190752  6563
1.8573324964312685  6913
1.863322860120456  6732
1.8692317197309762  6767
1.8750612633917  6671
1.8808135922807914  6267
1.8864907251724818  6320
1.8920946026904804  6811
1.8976270912904414  6545
1.9030899869919435  6275
1.9084850188786497  6314
1.9138138523837167  6383
1.919078092376074  6574
1.9242792860618816  6423
1.9294189257142926  6997
1.9344984512435677  6046
1.9395192526186185  6306
1.9444826721501687  6442
1.9493900066449128  6454
1.954242509439325  6886
1.9590413923210936  6765
1.9637878273455553  6830
1.968482948553935  6853
1.9731278535996986  6696
1.9777236052888478  6759
1.9822712330395684  6168
1.9867717342662448  6555
1.9912260756924949  6644
1.99563519459755  7152
2.0  6383
2.0043213737826426  6311
2.0086001717619175  6587
2.012837224705172  6930
2.0170333392987803  6746
2.0211892990699383  6863
2.0253058652647704  7201
2.0293837776852097  6743
2.03342375548695  6521
2.037426497940624  6803
2.041392685158225  6483
2.0453229787866576  6437
2.0492180226701815  6783
2.0530784434834195  6379
2.0569048513364727  6398
2.060697840353612  5985
2.0644579892269186  6394
2.0681858617461617  6688
2.0718820073061255  6590
2.0755469613925306  6431
2.0791812460476247  6745
2.0827853703164503  6336
2.0863598306747484  6575
2.089905111439398  6283
2.093421685162235  6976
2.0969100130080562  6508
2.100370545117563  6424
2.103803720955957  6527
2.1072099696478683  6511
2.110589710299249  6483
2.113943352306837  6767
2.1172712956557644  6338
2.12057393120585  6756
2.123851640967086  6350
2.1271047983648077  7071
2.130333768495006  6950
2.1335389083702174  6335
2.1367205671564067  6776
2.1398790864012365  6278
2.143014800254095  6318
2.146128035678238  6415
2.1492191126553797  6702
2.1522883443830563  6847
2.155336037465062  6399
2.1583624920952498  6666
2.161368002234975  6542
2.164352855784437  7082
2.167317334748176  6556
2.1702617153949575  6993
2.173186268412274  6758
2.1760912590556813  6416
2.1789769472931693  6715
2.1818435879447726  6469
2.184691430817599  7057
2.187520720836463  6633
2.1903316981702914  6226
2.1931245983544616  6505
2.1958996524092336  6460
2.1986570869544226  6556
2.2013971243204513  7077
2.2041199826559246  6396
2.2068258760318495  6823
2.2095150145426308  6810
2.2121876044039577  6759
2.214843848047698  6663
2.2174839442139063  6666
2.220108088040055  6876
2.2227164711475833  6485
2.225309281725863  6286
2.2278867046136734  6810
2.230448921378274  6443
2.2329961103921536  6681
2.2355284469075487  6249
2.2380461031287955  6411
2.2405492482826  6102
2.2430380486862944  6711
2.24551266781415  6798
2.247973266361807  6009
2.250420002308894  6189
2.2528530309798933  7031
2.255272505103306  6128
2.2576785748691846  6951
2.2600713879850747  6848
2.2624510897304293  6490
2.2648178230095364  6203
2.2671717284030137  6909
2.2695129442179165  6694
2.271841606536499  6491
2.27415784926368  6593
2.2764618041732443  6440
2.278753600952829  6519
2.2810333672477277  5913
2.2833012287035497  6451
2.285557309007774  6341
2.287801729930226  6426
2.290034611362518  6510
2.292256071356476  6255
2.294466226161593  7005
2.296665190261531  7158
2.298853076409707  6570
2.3010299956639813  6814
2.303196057420489  6556
2.305351369446624  6730
2.307496037913213  6762
2.3096301674258988  6648
2.311753861055754  6694
2.3138672203691533  6606
2.315970345456918  6779
2.3180633349627615  6142
2.3201462861110542  6428
2.322219294733919  6700
2.3242824552976926  7035
2.326335860928751  6752
2.3283796034387376  6901
2.330413773349191  6383
2.3324384599156054  6508
2.3344537511509307  6692
2.3364597338485296  6687
2.3384564936046046  6326
2.3404441148401185  6266
2.342422680822206  6855
2.3443922736851106  6298
2.346352974450639  6847
2.3483048630481607  6471
2.3502480183341627  6481
2.3521825181113627  6764
2.3541084391474008  6733
2.3560258571931225  6241
2.357934847000454  6093
2.359835482339888  6539
2.361727836017593  6704
2.3636119798921444  6371
2.3654879848909  6814
2.367355921026019  6560
2.369215857410143  6785
2.3710678622717363  6502
2.3729120029701067  6412
2.374748346010104  7139
2.376576957056512  6947
2.3783979009481375  6366
2.380211241711606  7223
2.3820170425748683  6552
2.383815365980431  6480
2.385606273598312  6603
2.387389826338729  6166
2.3891660843645326  6481
2.3909351071033793  6591
2.392696953259666  6404
2.3944516808262164  5947
2.3961993470957363  6692
2.3979400086720375  6750
2.399673721481038  6202
2.401400540781544  6500
2.403120521175818  6767
2.404833716619938  6499
2.406540180433955  6429
2.4082399653118496  6719
2.4099331233312946  6487
2.41161970596323  6601
2.413299764081252  7410
2.4149733479708178  6104
2.416640507338281  6453
2.4183012913197452  6796
2.419955748489758  6574
2.4216039268698313  6870
2.423245873936808  6648
2.424881636631067  6793
2.4265112613645754  6441
2.428134794028789  6683
2.429752280002408  6772
2.4313637641589874  6275
2.432969290874406  6228
2.4345689040341987  6236
2.436162647040756  6307
2.437750562820388  6741
2.439332693830263  6166
2.4409090820652177  6414
2.4424797690644486  6525
2.444044795918076  6841
2.4456042032735974  6264
2.4471580313422194  6751
2.44870631990508  6838
2.450249108319361  6878
2.45178643552429  6708
2.4533183400470375  6196
2.45484486000851  6573
2.456366033129043  6590
2.4578818967339924  6424
2.459392487759231  6442
2.4608978427565478  6798
2.462397997898956  6694
2.4638929889859074  6408
2.4653828514484184  6273
2.4668676203541096  6572
2.4683473304121573  6882
2.469822015978163  6895
2.4712917110589387  6363
2.4727564493172123  6545
2.4742162640762553  6348
2.4756711883244296  6593
2.4771212547196626  6471
2.4785664955938436  6007
2.4800069429571505  6221
2.481442628502305  6248
2.482873583608754  6278
2.484299839346786  6356
2.48572142648158  6442
2.4871383754771865  6344
2.4885507165004443  6837
2.4899584794248346  6355
2.4913616938342726  6525
2.4927603890268375  6393
2.494154594018443  6231
2.4955443375464483  6365
2.496929648073215  6693
2.4983105537896004  6217
2.499687082618404  6149
2.5010592622177517  6537
2.5024271199844326  6440
2.503790683057181  6607
2.505149978319906  6496
2.506505032404872  6907
2.507855871695831  6299
2.509202522331103  6820
2.510545010206612  6622
2.5118833609788744  6469
2.513217600067939  6646
2.514547752660286  6762
2.515873843711679  6635
2.5171958979499744  6369
2.5185139398778875  6402
2.519827993775719  6754
2.5211380837040362  6841
2.5224442335063197  6784
2.5237464668115646  5979
2.525044807036845  6192
2.526339277389844  6395
2.5276299008713385  6900
2.5289167002776547  6453
2.530199698203082  7100
2.531478917042255  6203
2.5327543789924976  6884
2.534026106056135  6400
2.5352941200427703  6626
2.53655844257153  6280
2.537819095073274  6818
2.5390760987927767  6284
2.5403294747908736  6642
2.5415792439465807  6331
2.5428254269591797  6373
2.5440680443502757  6451
2.545307116465824  6441
2.546542663478131  6672
2.5477747053878224  6487
2.5490032620257876  6529
2.550228353055094  6545
2.5514499979728753  6573
2.552668216112193  6928
2.5538830266438746  6431
2.5550944485783194  6513
2.5563025007672873  6942
2.5575072019056577  6482
2.558708570533166  6841
2.5599066250361124  6768
2.561101383649056  6179
2.5622928644564746  6710
2.5634810853944106  6644
2.5646660642520893  7289
2.5658478186735176  6049
2.56702636615906  6588
2.568201724066995  6208
2.569373909615046  6263
2.5705429398818973  6376
2.571708831808688  6787
2.5728716022004803  6871
2.574031267727719  6017
2.575187844927661  7033
2.576341350205793  6827
2.5774917998372255  5994
2.578639209968072  6567
2.57978359661681  6607
2.5809249756756194  6417
2.582063362911709  6834
2.583198773968623  6711
2.584331224367531  6511
2.5854607295085006  6582
2.586587304671755  6988
2.5877109650189114  6667
2.5888317255942073  6533
2.5899496013257077  6537
2.591064607026499  6845
2.5921767573958667  6414
2.593286067020457  6768
2.5943925503754266  6463
2.595496221825574  5984
2.59659709562646  6543
2.597695185925512  6650
2.598790506763115  6595
2.5998830720736876  6461
2.6009728956867484  6789
2.6020599913279625  6661
2.603144372620182  6123
2.60422605308447  6450
2.6053050461411096  6419
2.606381365110605  6506
2.6074550232146687  6606
2.6085260335771943  6638
2.60959440922522  6696
2.61066016308988  6255
2.611723308007342  6719
2.6127838567197355  5941
2.6138418218760693  6584
2.6148972160331345  6647
2.615950051656401  6616
2.617000341120899  6404
2.6180480967120925  6188
2.6190933306267428  6439
2.6201360549737576  6428
2.621176281775035  6446
2.622214022966295  6271
2.6232492903979003  6884
2.6242820958356683  6275
2.625312450961674  6798
2.6263403673750423  6662
2.6273658565927325  6286
2.6283889300503116  6240
2.629409599102719  6449
2.630427875025024  6756
2.6314437690131722  6679
2.6324572921847245  6720
2.6334684555795866  6701
2.6344772701607315  7105
2.635483746814912  6595
2.6364878963533656  6812
2.637489729512511  6700
2.6384892569546374  6490
2.639486489268586  6787
2.640481436970422  5779
2.6414741105040997  6825
2.6424645202421213  6644
2.6434526764861874  7036
2.6444385894678386  6810
2.645422269349092  6716
2.6464037262230695  6603
2.6473829701146196  6730
2.6483600109809315  6670
2.649334858712142  6744
2.6503075231319366  6550
2.651278013998144  6909
2.6522463410033232  6550
2.6532125137753435  6582
2.6541765418779604  6563
2.655138434811382  6717
2.656098202012832  6601
2.6570558528571038  6861
2.6580113966571126  7086
2.658964842664435  6531
2.6599162000698504  6324
2.660865478003869  6532
2.661812685537261  6821
2.662757831681574  6162
2.663700925389648  6996
2.6646419755561257  6291
2.6655809910179533  6818
2.6665179805548807  6343
2.667452952889954  6777
2.66838591669  5917
2.6693168805661123  6437
2.670245853074124  7000
2.6711728427150834  6531
2.6720978579357175  6327
2.673020907128896  6654
2.673941998634088  6458
2.6748611407378116  6495
2.6757783416740852  6208
2.6766936096248664  6562
2.677606952720493  7155
2.678518379040114  6473
2.6794278966121188  6545
2.680335513414563  6424
2.681241237375587  6343
2.682145076373832  6316
2.6830470382388496  6812
2.683947130751512  6242
2.6848453616444123  6379
2.6857417386022635  6211
2.6866362692622934  7111
2.6875289612146345  6353
2.6884198220027105  6448
2.6893088591236203  7019
2.690196080028514  6743
2.6910814921229687  6455
2.69196510276736  6116
2.69284691927723  6882
2.693726948923647  6340
2.694605198933569  6489
2.6954816764901977  6615
2.696356388733332  6024
2.6972293427597176  6967
2.6981005456233897  6678
2.6989700043360187  6791
2.699837725867246  6561
2.7007037171450192  6496
2.7015679850559273  7113
2.7024305364455254  6356
2.7032913781186614  7103
2.7041505168397992  6425
2.705007959333336  6466
2.7058637122839193  6899
2.7067177823367587  6742
2.7075701760979363  6195
2.708420900134713  6719
2.709269960975831  6670
2.7101173651118162  6845
2.710963118995276  6596
2.711807229041191  6778
2.7126497016272113  6713
2.7134905430939424  6585
2.714329759745233  6593
2.7151673578484576  6796
2.716003343634799  6703
2.7168377232995247  7206
2.717670503002262  6344
2.718501688867274  6264
2.7193312869837265  6998
2.720159303405957  6879
2.7209857441537393  6510
2.7218106152125467  6666
2.722633922533812  6469
2.7234556720351857  6608
2.724275869600789  6595
2.725094521081469  6693
2.7259116322950483  6580
2.7267272090265724  6430
2.727541257028556  6922
2.7283537820212285  6677
2.72916478969277  6567
2.7299742856995555  7153
2.7307822756663893  6899
2.7315887651867388  6435
2.7323937598229686  6492
2.7331972651065692  6209
2.733999286538387  6976
2.734799829588847  6913
2.73559889969818  6494
2.7363965022766426  6314
2.7371926427047373  6567
2.737987326333431  6907
2.738780558484369  6621
2.739572344450092  6633
2.7403626894942437  6612
2.741151598851785  6545
2.741939077729199  6785
2.7427251313046983  6784
2.74350976472843  6853
2.7442929831226763  6564
2.7450747915820575  6486
2.745855195173729  6481
2.7466341989375787  6539
2.747411807886423  6156
2.7481880270062002  6698
2.7489628612561616  5974
2.749736315569061  6435
2.7505083948513462  6525
2.751279103983342  7051
2.7520484478194387  6523
2.7528164311882715  6494
2.7535830588929064  5820
2.754348335711019  6892
2.7551122663950713  6553
2.7558748556724915  6889
2.756636108245848  7062
2.7573960287930244  6180
2.75815462196739  6458
2.7589118923979736  6727
2.7596678446896306  6423
2.760422483423212  6593
2.7611758131557314  5965
2.761927838420529  6160
2.762678563727436  6311
2.7634279935629373  6860
2.7641761323903307  6561
2.7649229846498886  6781
2.765668554759014  6790
2.7664128471123997  6803
2.7671558660821804  7159
2.767897616018091  7194
2.7686381012476144  6367
2.7693773260761385  6709
2.7701152947871015  6063
2.7708520116421442  6373
2.7715874808812555  6278
2.77232170672292  6782
2.7730546933642626  6405
2.7737864449811935  6433
2.7745169657285498  6652
2.7752462597402365  6611
2.775974331129369  6104
2.776701183988411  6993
2.7774268223893115  6621
2.7781512503836434  7074
2.7788744720027396  6170
2.7795964912578244  6570
2.780317312140151  6472
2.7810369386211318  6096
2.781755374652469  6988
2.782472624166286  6382
2.7831886910752575  6776
2.783903579272735  6662
2.784617292632875  6313
2.785329835010767  6802
2.786041210242554  6631
2.7867514221455614  6110
2.787460474518415  6242
2.788168371141168  6315
2.788875115775417  6995
2.7895807121644256  6321
2.7902851640332416  6941
2.790988475088816  6774
2.791690649020118  6859
2.792391689498254  6512
2.79309160017658  6308
2.7937903846908188  6206
2.7944880466591697  6775
2.795184589682424  6881
2.7958800173440754  6405
2.7965743332104296  6783
2.7972675408307164  6685
2.797959643737196  6511
2.798650645445269  6220
2.7993405494535817  6490
2.8000293592441343  6187
2.800717078282385  7050
2.801403710017355  6546
2.802089257881733  6726
2.8027737252919755  6757
2.803457115648414  6345
2.8041394323353503  6623
2.8048206787211623  6617
2.8055008581584002  6446
2.806179973983887  6870
2.8068580295188172  6485
2.807535028068853  7069
2.808210972924222  6156
2.808885867359812  6144
2.8095597146352675  6429
2.8102325179950842  6844
2.8109042806687006  6454
2.8115750058705933  6233
2.812244696800369  6729
2.8129133566428557  6478
2.813580988568192  6885
2.81424759573192  6539
2.814913181275074  6749
2.815577748324267  7012
2.816241299991783  6540
2.8169038393756605  6427
2.8175653695597807  6980
2.8182258936139557  6647
2.8188854145940097  6713
2.8195439355418688  6808
2.82020145948564  6460
2.8208579894397  6204
2.821513528404773  6596
2.8221680793680175  6402
2.8228216453031045  6294
2.823474229170301  6488
2.824125833916549  6312
2.824776462475546  6286
2.8254261177678233  6680
2.8260748027008264  7158
2.826722520168992  6116
2.8273692730538253  6604
2.828015064223977  6170
2.82865989653532  6708
2.829303772831025  6928
2.829946695941636  6207
2.8305886686851442  7091
2.8312296938670634  6379
2.8318697742805017  6494
2.832508912706236  6453
2.833147111912785  6508
2.833784374656479  7127
2.8344207036815328  6316
2.835056101720116  6849
2.8356905714924254  6592
2.8363241157067516  6535
2.8369567370595505  6714
2.837588438235511  7159
2.8382192219076257  6897
2.838849090737255  6647
2.8394780473741985  7058
2.840106094456758  6519
2.8407332346118066  6626
2.841359470454855  6468
2.8419848045901137  6340
2.842609239610562  6673
2.8432327780980096  6852
2.843855422623161  6686
2.8444771757456815  6795
2.845098040014257  6275
2.8457180179666586  6651
2.846337112129805  6538
2.846955325019824  6659
2.847572659142112  6905
2.848189116991399  6516
2.8488047010518036  6672
2.8494194137968996  6613
2.850033257689769  6995
2.8506462351830666  7002
2.8512583487190755  6308
2.851869600729766  6504
2.8524799936368566  6533
2.8530895298518657  6809
2.8536982117761744  7293
2.8543060418010806  6714
2.8549130223078554  6597
2.8555191556678  6422
2.8561244442423  6851
2.8567288903828825  6600
2.8573324964312685  7105
2.857935264719429  6364
2.858537197569639  6604
2.859138297294531  6744
2.859738566197147  6682
2.8603380065709936  6477
2.8609366207000937  6713
2.8615344108590377  6504
2.862131379313037  6964
2.8627275283179747  6521
2.863322860120456  6578
2.8639173769578603  6229
2.864511081058392  6286
2.8651039746411278  6742
2.8656960599160706  7020
2.8662873390841948  6373
2.866877814337499  6410
2.8674674878590514  6812
2.8680563618230415  5919
2.8686444383948255  6887
2.8692317197309762  6185
2.869818207979328  6874
2.870403905279027  6535
2.8709888137605755  6832
2.8715729355458786  6400
2.8721562727482928  6669
2.8727388274726686  6692
2.873320601815399  6658
2.8739015978644615  6412
2.8744818176994666  6364
2.8750612633917  6297
2.8756399370041685  6412
2.876217840591642  6875
2.8767949762007006  6056
2.877371345869774  6293
2.8779469516291885  5910
2.8785217955012063  6652
2.8790958795000727  6303
2.8796692056320534  6375
2.88024177589548  6869
2.8808135922807914  6413
2.8813846567705728  6504
2.8819549713396007  6382
2.8825245379548803  6367
2.8830933585756897  6324
2.8836614351536176  6622
2.884228769632604  6695
2.884795363948981  6192
2.885361220031512  6498
2.885926339801431  6550
2.886490725172482  6669
2.8870543780509568  6665
2.887617300335736  6277
2.888179493918325  6067
2.8887409606828927  6157
2.88930170250631  5979
2.8898617212581885  6693
2.890421018800914  6627
2.890979596989689  6462
2.8915374576725643  6573
2.8920946026904804  6468
2.8926510338773004  6127
2.893206753059848  6658
2.8937617620579434  6836
2.8943160626844384  6832
2.8948696567452528  6411
2.895422546039408  6984
2.8959747323590648  5999
2.8965262174895554  6494
2.89707700320942  6864
2.8976270912904414  6621
2.8981764834976764  6500
2.8987251815894934  6803
2.8992731873176036  6690
2.8998205024270964  6451
2.9003671286564705  6611
2.900913067737669  6247
2.9014583213961123  6556
2.9020028913507296  6447
2.902546779313991  6589
2.9030899869919438  6222
2.9036325160842376  6470
2.9041743682841634  6894
2.904715545278681  6133
2.905256048748451  6293
2.9057958803678687  6302
2.906335041805091  7238
2.90687353472207  6358
2.907411360774586  6820
2.9079485216122722  7208
2.90848501887865  6830
2.909020854211156  6343
2.9095560292411755  6672
2.910090545594068  7240
2.910624404889201  6029
2.9111576087399764  6308
2.9116901587538613  6473
2.9122220565324155  6597
2.912753303671323  6671
2.9132839017604186  6517
2.9138138523837167  6723
2.9143431571194407  6999
2.9148718175400505  6371
2.91539983521227  6274
2.9159272116971158  6712
2.916453948549925  6343
2.9169800473203824  6313
2.9175055095525466  6081
2.9180303367848803  6570
2.9185545305502734  6616
2.9190780923760737  6613
2.919601023784111  6601
2.920123326290724  6994
2.9206450014067875  6498
2.921166050637739  6350
2.921686475483602  6818
2.9222062774390163  6290
2.92272545799326  6842
2.9232440186302764  6504
2.9237619608287004  6344
2.9242792860618816  7007
2.924795995797912  6384
2.9253120914996495  6551
2.9258275746247424  7087
2.926342446625655  6950
2.926856708949692  6836
2.9273703630390235  5887
2.9278834103307068  6728
2.9283958522567137  6229
2.928907690243953  6391
2.929418925714293  6575
2.929929560084588  6448
2.9304395947667  6417
2.930949031167523  6120
2.931457870689005  6168
2.931966114728173  6387
2.932473764677153  6834
2.932980821923198  6552
2.9334872878487053  6144
2.9339931638312424  6549
2.934498451243568  6702
2.935003151453655  6432
2.9355072658247128  6526
2.9360107957152097  6408
2.936513742478893  6609
2.9370161074648142  6574
2.937517892017347  6244
2.9380190974762104  6321
2.938519725176492  6558
2.9390197764486663  6723
2.9395192526186187  6540
2.9400181550076634  6807
2.940516484932567  6415
2.9410142437055695  6485
2.941511432634403  6445
2.942008053022313  6765
2.9425041061680806  6587
2.9429995933660407  6652
2.9434945159061026  6559
2.9439888750737717  6919
2.9444826721501687  7208
2.9449759084120477  6606
2.94546858513182  6348
2.9459607035775686  6630
2.946452265013073  6194
2.9469432706978256  6672
2.9474337218870508  6145
2.9479236198317262  6656
2.948412965778601  6475
2.9489017609702137  6569
2.949390006644913  6869
2.949877704036875  6647
2.950364854376123  6307
2.9508514588885464  7016
2.951337518795918  6187
2.951823035315912  6813
2.9523080096621253  6736
2.952792443044092  6408
2.9532763366673045  6487
2.9537596917332287  6923
2.9542425094393248  6780
2.954724790979063  6592
2.9552065375419416  6728
2.9556877503135057  6739
2.9561684304753633  6812
2.9566485792052033  6448
2.957128197676813  6261
2.957607287060095  5797
2.958085848521085  6370
2.9585638832219674  6268
2.9590413923210934  6794
2.9595183769729982  6722
2.959994838328416  6634
2.960470777534299  7063
2.960946195733831  6507
2.9614210940664485  6498
2.9618954736678504  6761
2.962369335670021  6482
2.9628426812012423  7524
2.9633155113861114  6192
2.963787827345555  6277
2.964259630196849  6018
2.9647309210536292  6562
2.965201701025912  6585
2.9656719712201065  6929
2.9661417327390325  6519
2.966610986681934  6485
2.967079734144497  6583
2.967547976218862  6510
2.968015713993642  6481
2.9684829485539352  6446
2.9689496809813427  6869
2.9694159123539814  7205
2.9698816437465  6374
2.9703468762300935  6581
2.9708116108725178  6754
2.971275848738105  6703
2.971739590887778  6600
2.9722028383790646  6695
2.972665592266111  6839
2.9731278535996988  7002
2.973589623427257  6304
2.9740509027928774  6138
2.9745116927373285  6591
2.974971994298069  6619
2.975431808509263  6495
2.975891136401793  6785
2.9763499790032735  6396
2.976808337338066  6435
2.977266212427293  6439
2.9777236052888476  6772
2.978180516937414  6394
2.9786369483844743  6462
2.979092900638326  6379
2.979548374704095  6989
2.9800033715837464  6323
2.9804578922761  7140
2.9809119377768436  6633
2.9813655090785445  6124
2.9818186071706636  6405
2.9822712330395684  6322
2.9827233876685453  6474
2.983175072037813  6534
2.9836262871245345  7146
2.984077033902831  6769
2.9845273133437926  6479
2.9849771264154934  6365
2.9854264740830017  6419
2.9858753573083936  6005
2.986323777050765  6748
2.9867717342662448  6560
2.9872192299080047  6855
2.9876662649262746  6315
2.988112840268352  6765
2.9885589568786157  6961
2.989004615698537  6597
2.9894498176666917  6899
2.989894563718773  6651
2.9903388547876015  6751
2.9907826918031377  6191
2.9912260756924947  7144
2.9916690073799486  6445
2.9921114877869495  6400
2.9925535178321354  6663
2.9929950984313414  6501
2.9934362304976116  6652
2.993876914941211  6688
2.9943171526696366  6375
2.9947569445876283  6512
2.9951962915971793  6526
2.99563519459755  6949
2.9960736544852753  6693
2.9965116721541785  6692
2.996949248495381  6668
2.997386384397313  7155
2.9978230807457256  6824
2.998259338423699  6807
2.998695158311656  6501
2.999130541287371  6788
2.9995654882259823  6541
3.0  6366
3.000434077479319  6331
3.0008677215312267  6529
3.0013009330204183  6235
3.0017337128090005  6696
3.002166061756508  6920
3.0025979807199086  7046
3.003029470553618  6490
3.0034605321095067  6821
3.0038911662369103  6730
3.0043213737826426  6697
3.004751155591001  6899
3.0051805125037805  6334
3.0056094453602804  6851
3.0060379549973173  6555
3.0064660422492318  6498
3.0068937079479006  6892
3.0073209529227447  6174
3.00774777800074  6324
3.0081741840064264  6951
3.0086001717619175  6254
3.0090257420869104  6631
3.009450895798694  6468
3.00987563371216  6517
3.010299956639812  6514
3.010723865391773  6670
3.0111473607757975  6753
3.0115704435972783  6403
3.011993114659257  7107
3.012415374762433  6681
3.012837224705172  6988
3.0132586652835167  6479
3.0136796972911926  6220
3.0141003215196207  6023
3.0145205387579237  6732
3.0149403497929366  6544
3.0153597554092144  6695
3.015778756389041  7112
3.016197353512439  6518
3.016615547557177  6904
3.0170333392987803  6719
3.017450729510536  6840
3.0178677189635055  6659
3.018284308426531  6315
3.0187004986662433  6463
3.019116290447073  6124
3.0195316845312554  6517
3.0199466816788423  6792
3.0203612826477078  6821
3.020775488193558  6515
3.0211892990699383  6726
3.021602716028242  6662
3.02201573981772  6636
3.0224283711854865  6558
3.022840610876528  6451
3.0232524596337114  6365
3.0236639181977933  6203
3.024074987307426  6745
3.024485667699167  6884
3.024895960107485  6376
3.0253058652647704  6218
3.025715383901341  7007
3.0261245167454502  5962
3.0265332645232967  6277
3.0269416279590295  6118
3.0273496077747564  7016
3.0277572046905536  6842
3.0281644194244697  6757
3.0285712526925375  6703
3.028977705208778  6417
3.0293837776852097  6231
3.029789470831856  6811
3.030194785356751  6810
3.030599721965951  6678
3.0310042813635367  6270
3.031408464251624  6273
3.0318122713303706  6986
3.0322157032979815  6430
3.03261876085072  6327
3.0330214446829107  6529
3.03342375548695  6478
3.03382569395331  6351
3.0342272607705505  6787
3.0346284566253203  6799
3.0350292822023683  6444
3.0354297381845483  7069
3.035829825252828  6487
3.0362295440862948  7079
3.036628895362161  6253
3.037027879755775  6411
3.037426497940624  6361
3.037824750588342  6173
3.0382226383687185  6612
3.038620161949703  6622
3.039017321997412  6094
3.0394141191761372  7013
3.0398105541483504  6677
3.0402066275747113  6359
3.040602340114073  6524
3.0409976924234905  6758
3.041392685158225  7026
3.041787318971752  6522
3.042181594515766  6323
3.0425755124401905  6140
3.0429690733931802  6807
3.0433622780211294  6447
3.0437551269686796  7058
3.044147620878723  6628
3.044539760392411  6878
3.04493154614916  6152
3.0453229787866576  6688
3.0457140589408676  6113
3.0461047872460387  6736
3.0464951643347082  6446
3.04688519083771  6551
3.0472748673841794  6549
3.04766419460156  6157
3.048053173115609  6425
3.0484418035504044  6639
3.04883008652835  6424
3.0492180226701815  6874
3.049605612594973  6613
3.0499928569201424  6817
3.050379756261458  7030
3.0507663112330423  6227
3.0511525224473814  6854
3.0515383905153275  6541
3.0519239160461065  6357
3.0523090996473234  6435
3.052693941924968  6683
3.0530784434834195  6805
3.053462604925455  6445
3.0538464268522527  6535
3.0542299098633974  6374
3.0546130545568877  6514
3.0549958615291417  6220
3.055378331375  6300
3.0557604646877348  6186
3.056142262059052  6482
3.0565237240791006  6543
3.0569048513364727  6818
3.0572856444182146  6924
3.0576661039098294  6318
3.0580462303952816  6401
3.058426024457005  6473
3.0588054866759067  6598
3.059184617631371  6673
3.0595634179012676  6329
3.059941888061955  6571
3.060320028688285  6626
3.060697840353612  6655
3.0610753236297916  6289
3.061452479087193  6149
3.061829307294699  6545
3.0622058088197126  6485
3.062581984228163  6400
3.0629578340845103  6541
3.0633333589517497  6437
3.0637085593914173  6367
3.064083435963596  6738
3.0644579892269186  6212
3.064832219738574  7013
3.065206128054312  6186
3.0655797147284485  6848
3.06595298031387  6587
3.0663259253620376  6617
3.0666985504229953  5863
3.0670708560453703  6552
3.0674428427763805  6553
3.0678145111618402  6481
3.0681858617461617  6743
3.068556895072363  6388
3.068927611682072  6654
3.0692980121155293  7120
3.0696680969115957  6416
3.070037866607755  6590
3.0704073217401198  6758
3.0707764628434346  6875
3.0711452904510828  6335
3.071513805095089  6886
3.0718820073061255  6574
3.072249897613515  6682
3.0726174765452368  6519
3.0729847446279304  6699
3.073351702386901  6228
3.0737183503461227  7068
3.074084689028244  6937
3.074450718954591  6608
3.074816440645175  6344
3.0751818546186915  6520
3.0755469613925306  6656
3.0759117614827773  6339
3.076276255404218  6747
3.076640443670342  6892
3.0770043267933502  7276
3.0773679052841563  6974
3.077731179652392  6392
3.0780941504064105  6874
3.0784568180532927  6862
3.0788191830988487  6549
3.0791812460476247  6503
3.079543007402906  6336
3.079904467666721  6423
3.0802656273398448  6325
3.0806264869218056  6754
3.080987046910887  6614
3.0813473078041325  6511
3.081707270097349  6338
3.082066934285113  7052
3.0824263008607717  6278
3.0827853703164503  6729
3.0831441431430524  6296
3.0835026198302673  6908
3.083860800866573  6674
3.0842186867392387  6812
3.084576277934331  6486
3.084933574936716  6552
3.085290578230065  6398
3.0856472882968564  6639
3.0860037056183818  6534
3.0863598306747484  6933
3.0867156639448825  6198
3.0870712059065353  6789
3.0874264570362855  6655
3.087781417809542  7014
3.0881360887005513  6057
3.0884904701823963  6972
3.088844562727004  6655
3.089198366805149  6733
3.089551882886454  6409
3.089905111439398  7011
3.090258052931316  6703
3.090610707828407  6680
3.0909630765957314  6687
3.091315159697223  6794
3.0916669575956846  6970
3.092018470752797  6340
3.0923696996291206  6453
3.0927206446840994  6612
3.0930713063760633  6669
3.093421685162235  6224
3.09377178149873  6741
3.0941215958405612  6467
3.094471128641645  6438
3.0948203803548  6610
3.095169351431755  6813
3.095518042323151  6415
3.0958664534785427  6483
3.0962145853464054  6675
3.0965624383741357  6303
3.0969100130080562  6916
3.09725730969342  6379
3.097604328874411  6466
3.09795107099415  6753
3.0982975364946976  6492
3.098643725817057  6870
3.0989896394011773  6501
3.0993352776859577  6227
3.09968064110925  6622
3.1000257301078626  6410
3.100370545117563  6452
3.1007150865730817  6674
3.1010593549081156  6104
3.101403350555331  6588
3.1017470739463664  6358
3.1020905255118367  6364
3.1024337056813365  6566
3.1027766148834415  6518
3.1031192535457137  6606
3.103461622094705  6679
3.103803720955957  7189
3.104145550554008  6524
3.104487111312395  6457
3.1048284036536553  7176
3.1051694279993316  6540
3.1055101847699738  6455
3.1058506743851435  5940
3.1061908972634154  6906
3.1065308538223815  6135
3.106870544478654  5997
3.1072099696478683  6576
3.1075491297446862  6502
3.1078880251827985  6958
3.1082266563749283  6693
3.1085650237328344  6494
3.1089031276673134  6753
3.109240968588203  6748
3.1095785469043866  6533
3.1099158630237933  6564
3.110252917353403  6552
3.110589710299249  6921
3.1109262422664203  6471
3.1112625136590655  6604
3.111598524880394  6779
3.1119342763326814  6633
3.1122697684172707  6694
3.1126050015345745  6292
3.11293997608408  6565
3.1132746924643504  6839
3.1136091510730277  6319
3.113943352306837  6627
3.1142772965615864  6606
3.114610984232173  6732
3.1149444157125847  6545
3.1152775913959014  6604
3.1156105116742996  6510
3.115943176939055  6777
3.116275587580544  6221
3.1166077439882485  6626
3.116939646550756  6390
3.1172712956557644  6561
3.117602691690084  6455
3.1179338350396413  6353
3.118264726089479  6680
3.118595365223762  6767
3.1189257528257768  6677
3.1192558892779365  7267
3.119585774961784  6956
3.119915410257991  6828
3.1202447955463652  6710
3.12057393120585  6822
3.1209028176145273  6241
3.1212314551496214  7023
3.1215598441875008  6465
3.121887985103681  6240
3.1222158782728267  6691
3.1225435240687545  7093
3.1228709228644354  6708
3.1231980750319988  6694
3.123524980942732  6849
3.123851640967086  6808
3.124178055474675  6091
3.1245042248342823  6786
3.1248301494138593  6088
3.12515582958053  6631
3.125481265700594  6904
3.125806458139527  6865
3.1261314072619846  6739
3.1264561134318045  6172
3.126780577012009  6410
3.1271047983648077  6972
3.127428777851599  6963
3.1277525158329733  6835
3.1280760126687155  6490
3.1283992687178066  6558
3.128722284338427  6861
3.1290450598879582  6705
3.1293675957229854  6814
3.129689892199301  6366
3.1300119496719043  6632
3.130333768495006  6275
3.130655349022031  6088
3.130976691605617  6330
3.131297796597623  6724
3.1316186643491255  6460
3.1319392952104246  6685
3.1322596895310446  6369
3.132579847659737  6669
3.132899769944483  6869
3.1332194567324945  7151
3.1335389083702174  6487
3.133858125203335  6228
3.1341771075767664  6453
3.1344958558346736  6084
3.13481437032046  6458
3.1351326513767748  6329
3.1354506993455136  6609
3.1357685145678222  6671
3.1360860973840974  6783
3.13640344813399  6736
3.1367205671564067  6413
3.1370374547895126  6225
3.137354111370733  5880
3.137670537236755  6751
3.137986732723532  6538
3.1383026981662816  6868
3.1386184338994925  6592
3.1389339402569236  6385
3.139249217571607  6360
3.13956426617585  6298
3.1398790864012365  6402
3.140193678578631  6908
3.1405080430381798  6774
3.1408221801093106  6375
3.141136090120739  6965
3.1414497734004674  6656
3.141763230275788  6634
3.1420764610732848  6491
3.142389466118836  6393
3.1427022457376155  6768
3.143014800254095  6757
3.143327129992046  6732
3.1436392352745433  7071
3.1439511164239633  6251
3.144262773761991  6249
3.144574207609616  6729
3.144885418287142  6593
3.1451964061141817  6467
3.1455071714096627  6675
3.1458177144918276  6190
3.146128035678238  6488
3.1464381352857744  6392
3.14674801363064  6444
3.1470576710283598  6741
3.1473671077937864  6985
3.1476763242410986  6355
3.147985320683805  6482
3.1482940974347455  6457
3.1486026548060932  6681
3.1489109931093564  7266
3.1492191126553797  6550
3.149527013754348  6492
3.149834696715785  6380
3.1501421618485588  6671
3.150449409460881  6956
3.150756439860309  6367
3.15106325335375  6373
3.1513698502474603  6984
3.151676230847048  6839
3.151982395457474  7011
3.1522883443830563  6146
3.15259407792747  6327
3.1528995963937474  6411
3.153204900084284  6189
3.1535099893008374  6914
3.153814864344529  6392
3.154119525515847  6502
3.154423973114647  6791
3.1547282074401557  6194
3.1550322287909704  6556
3.155336037465062  7132
3.1556396337597765  6747
3.1559430179718366  6452
3.1562461903973444  5938
3.1565491513317814  6417
3.156851901070011  6262
3.1571544399062814  7077
3.157456768134226  6760
3.1577588860468637  6843
3.158060793936605  6712
3.1583624920952498  6460
3.1586639808139894  6883
3.15896526038341  6564
3.159266331093494  7157
3.1595671932336202  6769
3.1598678470925665  6969
3.160168292958512  6632
3.1604685311190375  6496
3.1607685618611283  6601
3.1610683854711747  6439
3.161368002234975  6508
3.161667412437736  6569
3.161966616364075  6886
3.1622656142980214  6568
3.162564406523019  6650
3.162862993321926  6668
3.1631613749770184  6407
3.16345955176999  6601
3.163757523981956  6848
3.1640552918934515  6686
3.164352855784437  6611
3.1646502159342966  6744
3.1649473726218416  6933
3.1652443261253107  6467
3.165541076722373  6682
3.1658376246901283  6368
3.166133970305109  6420
3.166430113843283  6334
3.166726055580052  6818
3.1670217957902564  6879
3.167317334748176  6669
3.16761267272753  6120
3.16790781000148  6669
3.168202746842631  6617
3.1684974835230326  6541
3.1687920203141817  7004
3.1690863574870227  6563
3.1693804953119495  6835
3.1696744340588068  6719
3.1699681739968923  6205
3.1702617153949575  6892
3.1705550585212086  6513
3.170848203643309  6875
3.1711411510283822  6760
3.171433900943008  6240
3.171726453653231  6971
3.1720188094245563  6791
3.172310968521954  6567
3.17260293120986  6278
3.1728946977521764  6530
3.173186268412274  6692
3.1734776434529945  6326
3.17376882313665  6682
3.1740598077250253  6453
3.1743505974793798  6035
3.1746411926604483  6691
3.1749315935284423  6866
3.1752218003430523  6663
3.1755118133634475  6426
3.1758016328482794  6471
3.1760912590556813  6610
3.1763806922432702  6566
3.17666993266815  6543
3.176958980586908  6617
3.1772478362556233  6298
3.1775364999298623  6491
3.177824971864682  6901
3.1781132523146316  6416
3.178401341533755  6342
3.17868923977559  6684
3.1789769472931693  6816
3.1792644643390253  6743
3.1795517911651876  6326
3.179838928023187  6632
3.180125875164054  6857
3.180412632838324  6496
3.1806992012960347  6964
3.1809855807867304  6515
3.1812717715594614  6515
3.1815577738627865  6434
3.1818435879447726  6384
3.182129214052998  6704
3.182414652434554  6019
3.1826999033360424  6804
3.182984967003582  6696
3.1832698436828046  6652
3.1835545336188615  6556
3.1838390370564214  6454
3.184123354239671  6253
3.1844074854123203  6081
3.184691430817599  6442
3.184975190698261  6368
3.185258765296585  6649
3.185542154854375  6673
3.185825359612962  6407
3.1861083798132053  6121
3.186391215695493  6185
3.1866738674997452  6640
3.1869563354654122  6156
3.187238619831479  6543
3.187520720836463  6304
3.1878026387184195  6760
3.188084373714938  6465
3.188365926063148  6866
3.188647295999717  6699
3.1889284837608534  6654
3.189209489582306  6380
3.1894903136993675  6282
3.189770956346874  7010
3.190051417759206  6954
3.1903316981702914  6666
3.190611797813605  6602
3.1908917169221698  6438
3.1911714557285586  6914
3.1914510144648953  6979
3.1917303933628562  6205
3.1920095926536702  7250
3.1922886125681202  6036
3.1925674533365456  6978
3.192846115188842  6633
3.1931245983544616  6595
3.1934029030624176  6603
3.1936810295412816  7177
3.193958978019187  6494
3.1942367487238292  6323
3.194514341882467  6559
3.1947917577219247  6133
3.1950689964685903  7226
3.1953460583484197  6309
3.1956229435869368  6507
3.1958996524092336  6370
3.1961761850399735  6572
3.196452541703389  7176
3.196728722623287  6387
3.1970047280230456  6348
3.197280558125619  6986
3.1975562131535367  6133
3.197831693328903  6830
3.1981069988734014  6309
3.1983821300082944  6142
3.1986570869544226  6546
3.198931869932209  6640
3.1992064791616577  6731
3.199480914862356  6909
3.1997551772534747  6562
3.2000292665537704  6486
3.200303182981585  6858
3.2005769267548483  6742
3.2008504980910772  6459
3.2011238972073794  6290
3.2013971243204513  6420
3.2016701796465816  6539
3.20194306340165  6030
3.2022157758011316  6278
3.2024883170600935  6842
3.2027606873931997  6492
3.2030328870147105  6733
3.203304916138483  6364
3.2035767749779724  6662
3.2038484637462346  6689
3.2041199826559246  6686
3.2043913319193  6237
3.204662511748219  6437
3.204933522354145  6531
3.2052043639481447  6073
3.205475036740891  6388
3.205745540942662  6506
3.2060158767633444  6708
3.2062860444124324  6579
3.2065560440990297  6751
3.2068258760318495  6524
3.207095540419218  6788
3.2073650374690716  6535
3.2076343673889616  6507
3.2079035303860515  6620
3.2081725266671217  6485
3.208441356438567  6774
3.208710019906401  6405
3.2089785172762535  6542
3.2092468487533736  6075
3.2095150145426308  6491
3.209783014848515  6459
3.2100508498751372  6386
3.210318519826232  6766
3.2105860249051563  6514
3.210853365314893  6817
3.2111205412580492  6529
3.2113875529368587  6677
3.2116544005531824  6233
3.2119210843085093  6596
3.2121876044039577  6598
3.212453961040276  6594
3.2127201544178425  6704
3.212986184736668  6348
3.2132520521963968  6357
3.2135177569963047  6657
3.2137832993353044  6230
3.2140486794119414  5997
3.2143138974244  6938
3.214578953570499  6385
3.214843848047698  6805
3.215108581053093  6716
3.215373152783422  7030
3.215637563435062  6681
3.215901813204032  6264
3.216165902285993  7162
3.216429830876251  6313
3.2166935991697545  6729
3.216957207361097  6848
3.217220655644519  6606
3.2174839442139063  6645
3.2177470732627937  6600
3.218010042984363  6160
3.2182728535714475  6725
3.218535505216528  6667
3.2187979981117376  6640
3.219060332448861  6130
3.219322508419337  6691
3.2195845262142546  6620
3.219846386024361  6499
3.220108088040055  6957
3.2203696324513946  6363
3.220631019448092  6556
3.2208922492195193  6515
3.2211533219547053  6695
3.2214142378423385  6390
3.2216749970707688  6161
3.2219355998280053  6742
3.22219604630172  6651
3.222456336679247  6386
3.2227164711475833  6739
3.2229764498933915  6408
3.2232362731029975  6246
3.2234959409623944  6826
3.2237554536572413  6646
3.224014811372864  6683
3.2242740142942576  6770
3.2245330626060857  6519
3.2247919564926817  6736
3.225050696138049  6788
3.225309281725863  7289
3.225567713439471  6526
3.2258259914618934  6693
3.226084115975824  6746
3.226342087163631  6451
3.2265999052073573  6384
3.2268575702887237  5992
3.2271150825891253  7039
3.2273724422896364  6649
3.227629649571009  6735
3.2278867046136734  6721
3.2281436075977417  6434
3.228400358703005  5981
3.2286569581089353  6039
3.228913405994688  6399
3.229169702539101  6458
3.229425847920695  6437
3.229681842317676  7059
3.229937685907934  6295
3.230193378869046  6920
3.230448921378274  6830
3.230704313612569  6695
3.230959555748569  6342
3.231214647962601  7100
3.2314695904306814  6274
3.2317243833285163  6362
3.231979026831504  6472
3.2322335211147335  6275
3.232487866352986  6317
3.232742062720737  7299
3.2329961103921536  6653
3.2332500095411003  6705
3.2335037603411343  6326
3.2337573629655103  7041
3.2340108175871793  6544
3.2342641243787895  6174
3.2345172835126865  6851
3.2347702951609163  6551
3.2350231594952237  6945
3.2352758766870524  6467
3.2355284469075487  6641
3.2357808703275603  6529
3.236033147117636  6267
3.2362852774480286  6475
3.236537261488694  6430
3.2367890994092927  6574
3.237040791379191  6727
3.237292337567459  6477
3.2375437381428744  6267
3.2377949932739227  6276
3.2380461031287955  6643
3.238297067875394  6538
3.2385478876813276  7245
3.238798562713917  6405
3.2390490931401916  6645
3.2392994791268923  6523
3.239549720840473  6623
3.2397998184470986  6541
3.2400497721126476  7281
3.2402995820027125  6664
3.2405492482826  6707
3.240798771117331  6572
3.241048150671644  6911
3.2412973871099933  6601
3.2415464805965484  6423
3.241795431295199  6514
3.2420442393695508  6566
3.2422929049829308  5955
3.2425414282983844  7222
3.2427898094786767  6312
3.2430380486862944  6529
3.243286146083446  6455
3.243534101832062  6372
3.243781916093795  6323
3.244029589030022  6482
3.244277120801843  6709
3.244524511570084  6481
3.244771761495295  6306
3.245018870737753  6690
3.245265839457461  5992
3.24551266781415  6361
3.245759355967277  6737
3.246005904076029  6634
3.246252312299322  6711
3.246498580795801  6688
3.2467447097238415  6874
3.24699069924155  6381
3.247236549506764  6728
3.2474822606770544  6748
3.2477278329097232  6528
3.247973266361807  6883
3.248218561190075  6575
3.248463717551032  6855
3.2487087356009177  7019
3.2489536154957075  6525
3.249198357391113  6177
3.249442961442582  6976
3.2496874278053016  6469
3.249931756634195  6685
3.250175948083925  6419
3.250420002308894  6365
3.2506639194632436  7113
3.250907699700856  6526
3.2511513431753545  6244
3.2513948500401044  6806
3.251638220448212  6183
3.2518814545525276  6504
3.252124552505644  6433
3.2523675144598987  6918
3.252610340567373  6840
3.2528530309798933  6664
3.2530955858490316  6961
3.2533380053261065  6672
3.253580289562183  6260
3.2538224387080734  6555
3.254064452914338  6656
3.2543063323312857  6577
3.2545480771089736  6356
3.25478968739721  6827
3.2550311633455515  6690
3.255272505103306  6304
3.2555137128195333  6573
3.255754786643044  6553
3.255995726722402  6199
3.256236533205923  6853
3.256477206241677  6889
3.256717745977487  6337
3.256958152560932  6521
3.2571984261393445  6633
3.257438566859814  6438
3.2576785748691846  6931
3.2579184503140586  6389
3.2581581933407944  6045
3.258397804095509  6169
3.2586372827240764  6686
3.258876629372131  6273
3.2591158441850663  6921
3.2593549273080344  6577
3.2595938788859486  6538
3.2598326990634834  6624
3.2600713879850747  6195
3.26030994579492  6971
3.2605483726369795  6452
3.2607866686549762  6788
3.2610248339923973  6630
3.2612628687924934  6820
3.2615007731982804  6339
3.2617385473525378  6516
3.2619761913978125  6184
3.262213705476417  6730
3.2624510897304293  6369
3.2626883443016963  6853
3.2629254693318317  6962
3.2631624649622166  6434
3.263399331334002  6659
3.263636068588108  6439
3.2638726768652235  6451
3.2641091563058082  6566
3.2643455070500926  7017
3.2645817292380777  6474
3.2648178230095364  6553
3.2650537885040145  6469
3.26528962586083  6755
3.2655253352190736  5994
3.2657609167176105  6764
3.265996370495079  6594
3.266231696689893  6589
3.2664668954402414  6503
3.2667019668840878  6900
3.266936911159173  6957
3.2671717284030137  6258
3.267406418752904  7130
3.2676409823459154  6191
3.2678754193188975  6798
3.2681097298084785  6070
3.268343913951065  6358
3.268577971882843  6491
3.2688119037397803  6355
3.269045709657623  7076
3.2692793897718984  6743
3.2695129442179165  6310
3.269746373130767  6704
3.269979676645324  6532
3.2702128548962426  6460
3.2704459080179626  6776
3.2706788361447066  6166
3.2709116394104814  6300
3.2711443179490782  6603
3.2713768718940743  6718
3.271609301378832  6030
3.271841606536499  6652
3.27207378750001  5992
3.2723058444020863  6595
3.2725377773752373  6731
3.2727695865517594  6884
3.2730012720637376  6225
3.2732328340430454  6456
3.273464272621346  6371
3.273695587930092  6771
3.2739267801005254  6473
3.27415784926368  6831
3.274388795550379  6846
3.274619619091238  6657
3.274850320016665  6535
3.2750808984568587  6194
3.2753113545418118  6358
3.2755416884013098  6639
3.2757719001649312  6371
3.27600198996205  6596
3.2762319579218335  6492
3.2764618041732443  6507
3.27669152884504  7035
3.276921132065774  6900
3.277150613963797  6293
3.2773799746672547  6509
3.2776092143040914  6849
3.2778383330020473  6752
3.2780673308886628  6391
3.2782962080912736  6173
3.2785249647370174  6231
3.278753600952829  6306
3.278982116865443  6111
3.279210512601395  6770
3.2794387882870204  6492
3.2796669440484556  7018
3.279894980011638  6328
3.2801228963023075  6223
3.280350693046006  6387
3.2805783703680764  6836
3.280805928393667  6565
3.2810333672477277  6317
3.281260687055013  6761
3.2814878879400813  6303
3.281714970027296  6375
3.281941933440825  6788
3.2821687783046416  6378
3.2823955047425257  6169
3.2826221128780624  6399
3.282848602834645  6635
3.2830749747354715  6093
3.2833012287035497  6612
3.2835273648616936  6652
3.2837533833325265  6635
3.28397928423848  6939
3.284205067701794  6461
3.2844307338445193  6541
3.2846562827885157  6408
3.284881714655453  6689
3.285107029566812  6490
3.2853322276438846  6769
3.285557309007774  6319
3.285782273779395  6061
3.2860071220794747  6395
3.286231854028553  6393
3.286456469746983  6482
3.28668096935493  6891
3.286905352972375  6255
3.287129620719111  6766
3.2873537727147464  6552
3.2875778090787056  6948
3.287801729930226  6821
3.2880255353883627  6649
3.288249225571986  6446
3.2884728005997825  6785
3.288696260590256  6267
3.2889196056617265  6794
3.289142835932333  6817
3.2893659515200318  5974
3.2895889525425965  7066
3.2898118391176214  6616
3.290034611362518  7105
3.2902572693945182  6871
3.290479813330673  6519
3.2907022432878543  6436
3.2909245593827543  6061
3.2911467617318855  6774
3.291368850451583  6850
3.2915908256580013  6813
3.291812687467119  6620
3.2920344359947364  6656
3.292256071356476  6994
3.292477593667784  5809
3.29269900304393  6919
3.292920299600006  6330
3.2931414834509307  6484
3.2933625547114453  7076
3.2935835134961167  6925
3.2938043599193367  6408
3.2940250940953226  6538
3.2942457161381182  6690
3.294466226161593  6994
3.2946866242794433  6344
3.2949069106051923  6709
3.295127085252191  6455
3.295347148333618  6808
3.295567099962479  6656
3.295786940251609  6372
3.2960066693136723  6609
3.2962262872611605  6515
3.296445794206396  6666
3.296665190261531  6378
3.296884475538547  7122
3.2971036501492565  6681
3.2973227142053028  6649
3.2975416678181597  6484
3.297760511099134  6411
3.2979792441593623  6875
3.298197867109815  6952
3.2984163800612945  6515
3.2986347831244354  6340
3.298853076409707  6451
3.2990712600274095  6554
3.29928933408768  6216
3.2995072987004876  6820
3.2997251539756367  6593
3.299942900022767  6203
3.3001605369513523  6725
3.3003780648707024  6507
3.3005954838899636  6285
3.300812794118117  6488
3.3010299956639813  6557
3.3012470886362113  6957
3.3014640731433  6351
3.3016809492935764  6943
3.301897717195208  6839
3.302114376956201  6562
3.302330928684399  6694
3.3025473724874854  6900
3.3027637084729817  7151
3.3029799367482493  5840
3.303196057420489  6645
3.303412070596742  7220
3.30362797638389  6214
3.3038437748886547  6814
3.3040594662175993  6505
3.3042750504771283  6427
3.3044905277734875  6655
3.3047058982127653  6893
3.3049211619008916  6690
3.305136318943639  6741
3.305351369446624  6779
3.305566313515304  6396
3.3057811512549824  5993
3.3059958827708047  6357
3.3062105081677613  6523
3.3064250275506875  6850
3.3066394410242617  6315
3.3068537486930087  6481
3.3070679506612985  6367
3.307282047033346  6733
3.307496037913213  6437
3.307709923404807  6488
3.307923703611882  6804
3.3081373786380386  6339
3.308350948586726  6590
3.3085644135612386  6825
3.3087777736647213  6579
3.3089910290001643  6739
3.3092041796704077  6252
3.30941722577814  6701
3.3096301674258988  6660
3.3098430047160705  6883
3.3100557377508912  6648
3.3102683666324477  7036
3.3104808914626753  6467
3.3106933123433606  6402
3.3109056293761414  6331
3.311117842662506  6194
3.3113299523037933  6356
3.311541958401195  6792
3.311753861055754  6980
3.3119656603683665  6131
3.3121773564397787  6746
3.312388949370592  6294
3.3126004392612596  6151
3.312811826212088  6894
3.313023110323238  6692
3.313234291694724  6220
3.313445370426414  6652
3.3136563466180315  6510
3.3138672203691533  6790
3.3140779917792127  6948
3.3142886609474975  6570
3.3144992279731516  6278
3.314709692955174  6462
3.31492005599242  6855
3.315130317183602  6230
3.3153404766272883  7402
3.315550534421905  6037
3.3157604906657347  7007
3.315970345456918  6582
3.3161800988934527  6773
3.3163897510731952  6650
3.3165993020938607  6319
3.316808752053022  6810
3.3170181010481117  6536
3.31722734917642  6903
3.317436496535099  6132
3.3176455432211585  6523
3.317854489331469  6251
3.3180633349627615  6628
3.318272080211627  7144
3.3184807251745174  6073
3.318689269947746  6672
3.3188977146274867  6263
3.3191060593097763  6966
3.319314304090512  6642
3.3195224490654542  6869
3.3197304943302246  6520
3.3199384399803087  6689
3.3201462861110542  6070
3.3203540328176717  6481
3.3205616801952367  6866
3.3207692283386865  6821
3.3209766773428235  6851
3.3211840273023143  6456
3.321391278311689  6451
3.3215984304653436  6622
3.3218054838575393  6755
3.3220124385824006  6277
3.322219294733919  6407
3.3224260524059526  6413
3.3226327116922234  6765
3.322839272686321  6065
3.3230457354817013  7077
3.323252100171687  6747
3.3234583668494677  6676
3.3236645356081  6517
3.323870606540509  6456
3.3240765797394864  6555
3.3242824552976926  6344
3.3244882333076564  6590
3.3246939138617746  6188
3.3248994970523134  6934
3.3251049829714074  6953
3.325310371711061  6100
3.325515663363148  6398
3.325720858019412  6788
3.325925955771466  6793
3.3261309567107946  6246
3.326335860928751  6708
3.3265406685165617  6237
3.3267453795653217  6676
3.326949994165999  6411
3.3271545124094315  6612
3.3273589343863303  6664
3.327563260187278  6642
3.327767489902729  6276
3.3279716236230104  6286
3.3281756614383227  6763
3.3283796034387376  6863
3.328583449714202  6708
3.3287872003545345  6121
3.3289908554494287  6576
3.329194415088451  6655
3.329397879361043  6147
3.3296012483565187  6574
3.3298045221640695  6618
3.330007700872759  6762
3.330210784571528  7178
3.330413773349191  6328
3.3306166672944384  6768
3.330819466495837  6372
3.3310221710418286  6980
3.3312247810207323  6792
3.331427296520743  7171
3.3316297176299323  6334
3.331832044436249  6690
3.332034277027518  6761
3.3322364154914434  6737
3.3324384599156054  6331
3.3326404103874627  6801
3.3328422669943514  6650
3.3330440298234874  7021
3.3332456989619628  6349
3.3334472744967503  7181
3.3336487565147013  6430
3.333850145102545  6339
3.334051440346892  6219
3.334252642334231  6969
3.3344537511509307  6702
3.3346547668832414  6610
3.3348556896172914  6451
3.3350565194390915  6578
3.3352572564345317  6198
3.3354579006893843  6350
3.3356584522893016  6610
3.335858911319818  6493
3.336059277866349  6553
3.336259552014193  6521
3.3364597338485296  6631
3.3366598234544202  6188
3.336859820916809  6634
3.3370597263205246  6276
3.3372595397502756  6502
3.337459261290656  6686
3.3376588910261424  7033
3.3378584290410944  6689
3.3380578754197563  6665
3.3382572302462554  6626
3.3384564936046046  6476
3.3386556655787003  6905
3.338854746252323  5948
3.339053735709139  6781
3.3392526340327  6536
3.3394514413064407  6361
3.339650157613684  6519
3.339848783037637  6488
3.340047317661393  6330
3.3402457615679317  6762
3.3404441148401185  6364
3.3406423775607053  6208
3.3408405498123317  6575
3.341038631677523  6944
3.3412366232386925  6983
3.34143452457814  7031
3.3416323357780544  6297
3.3418300569205104  6585
3.3420276880874717  6634
3.3422252293607904  6369
3.342422680822206  6386
3.342620042553348  6412
3.342817314635733  6405
3.343014497150768  6473
3.3432115901797474  6493
3.3434085938038574  6493
3.343605508104172  6222
3.343802333161655  6000
3.3439990690571615  6622
3.344195715871435  6357
3.3443922736851106  6223
3.344588742578714  6836
3.344785122632661  6447
3.344981413927258  6939
3.345177616542704  6912
3.3453737305590883  6662
3.345569756056392  6580
3.345765693114488  6195
3.3459615418131414  7103
3.346157302232008  6616
3.346352974450639  7085
3.346548558548474  5866
3.346744054604849  6703
3.3469394626989906  6487
3.34713478291002  6113
3.3473300153169503  6709
3.3475251599986895  6218
3.347720217034038  7151
3.3479151865016914  6294
3.3481100684802376  6651
3.3483048630481607  6604
3.348499570283838  6344
3.348694190265541  6856
3.348888723071438  6302
3.34908316877959  6668
3.3492775274679554  6385
3.3494717992143856  7029
3.34966598409663  6429
3.3498600821923312  6261
3.3500540935790304  6517
3.3502480183341627  6722
3.350441856535061  6442
3.3506356082589543  6574
3.350829273582968  7158
3.3510228525841237  6676
3.351216345339342  6652
3.351409751925439  6220
3.351603072419129  6637
3.3517963068970236  6856
3.351989455435632  7321
3.3521825181113627  6665
3.35237549500052  6227
3.3525683861793087  6847
3.3527611917238307  6354
3.3529539117100877  6803
3.3531465462139796  6895
3.3533390953113047  6407
3.353531559077762  6072
3.353723937588949  6880
3.353916230920363  6815
3.3541084391474008  6699
3.35430056234536  6458
3.3544926005894364  6566
3.3546845539547285  6666
3.354876422516234  6743
3.3550682063488506  6809
3.3552599055273786  6611
3.3554515201265174  6258
3.355643050220869  6035
3.355834495884936  6761
3.3560258571931225  6762
3.3562171342197353  6629
3.3564083270389813  6131
3.356599435724971  6775
3.356790460351716  6333
3.3569814009931314  6928
3.3571722577230334  6546
3.3573630306151427  6464
3.3575537197430814  6589
3.3577443251803754  6390
3.357934847000454  6561
3.3581252852766488  6365
3.358315640082196  6270
3.3585059114902354  6603
3.3586960995738107  6881
3.358886204405869  6778
3.359076226059263  6831
3.3592661646067485  6550
3.3594560201209864  6614
3.359645792674543  6768
3.359835482339888  6483
3.3600250891893975  6813
3.3602146132953523  6400
3.3604040547299387  6301
3.360593413565249  7149
3.36078268987328  6375
3.3609718837259357  6808
3.361160995195026  6634
3.3613500243522663  6371
3.361538971269279  6536
3.361727836017593  6458
3.3619166186686433  6106
3.362105319293773  6771
3.362293937964231  6661
3.3624824747511743  6750
3.362670929725667  6407
3.36285930295868  6201
3.3630475945210936  6454
3.363235804483694  6495
3.3634239329171765  7196
3.3636119798921444  6598
3.3637999454791094  6395
3.3639878297484915  6950
3.3641756327706194  6235
3.3643633546157306  6507
3.364550995353972  6718
3.3647385550553985  6904
3.364926033789976  6412
3.3651134316275773  7003
3.3653007486379876  6579
3.3654879848909  6190
3.3656751404559175  6888
3.365862215402555  6737
3.3660492098002353  6470
3.366236123718293  6514
3.3664229572259727  6357
3.3666097103924297  6142
3.36679638328673  6702
3.3669829759778507  6555
3.367169488534681  6779
3.367355921026019  6360
3.3675422735205767  6397
3.3677285460869766  6958
3.3679147387937527  6155
3.3681008517093516  6363
3.368286884902131  6441
3.3684728384403617  6757
3.368658712392227  6403
3.3688445068258215  6452
3.3690302218091532  6511
3.369215857410143  6468
3.3694014136966244  6477
3.369586890736344  6779
3.369772288596963  6274
3.369957607346053  6313
3.370142847051102  6629
3.3703280077795106  6651
3.3705130895985924  6474
3.370698092575577  6549
3.370883016777606  6538
3.3710678622717363  6598
3.3712526291249394  6151
3.371437317404101  6980
3.3716219271760215  5797
3.371806458507416  7121
3.371990911464915  6037
3.372175286115064  6802
3.3723595825243238  6422
3.3725438007590705  6697
3.3727279408855955  6544
3.3729120029701067  6727
3.373095987078727  6659
3.373279893277496  6200
3.373463721632369  6653
3.3736474722092176  6489
3.3738311450738303  6973
3.3740147402919116  6743
3.374198257929083  6840
3.374381698050882  6048
3.374565060722765  6364
3.374748346010104  6441
3.3749315539781883  7272
3.375114684692225  6518
3.375297738217339  6467
3.3754807146185724  6226
3.3756636139608855  6836
3.375846436309156  7176
3.3760291817281805  6511
3.376211850282673  6475
3.3763944420372662  6947
3.376576957056512  5994
3.37675939540488  6460
3.3769417571467586  6628
3.377124042346456  6937
3.377306251068199  6621
3.3774883833761327  6495
3.377670439334323  6760
3.3778524190067545  7385
3.3780343224573315  6181
3.378216149749878  6232
3.3783979009481375  6312
3.378579576115775  6497
3.3787611753163733  6724
3.378942698613437  6644
3.379124146070392  6739
3.379305517750582  6971
3.3794868137172736  6496
3.379668034033654  6526
3.37984917876283  6664
3.380030247967831  6708
3.380211241711606  7077
3.3803921600570273  6886
3.3805730030668872  6669
3.3807537708039  6626
3.380934463330702  6456
3.3811150807098507  6796
3.381295623003826  6604
3.38147609027503  6540
3.381656482585787  6617
3.3818367999983434  6505
3.3820170425748683  6625
3.382197210377454  6813
3.3823773034681137  6939
3.3825573219087857  6279
3.3827372657613304  6281
3.382917135087531  6870
3.3830969299490943  6209
3.3832766504076504  6568
3.383456296524753  6729
3.3836358683618797  6214
3.383815365980431  6480
3.383994789441733  6760
3.3841741388070337  6462
3.384353414137506  6440
3.3845326154942486  6303
3.3847117429382823  6497
3.3848907965305544  6686
3.385069776331935  6764
3.38524868240322  6541
3.3854275148051305  6431
3.385606273598312  6843
3.3857849588433355  6345
3.385963570600697  6451
3.3861421089308186  6501
3.386320573894046  6776
3.386498965550653  6846
3.3866772839608377  6914
3.386855529184724  6269
3.387033701282363  6533
3.3872118003137306  6516
3.387389826338729  6388
3.387567779417189  6883
3.3877456596088638  6403
3.3879234669734366  6414
3.3881012015705165  6347
3.388278863459639  6676
3.3884564527002667  6436
3.388633969351789  6082
3.3888114134735234  6635
3.388988785124714  6465
3.3891660843645326  6137
3.389343311252078  6678
3.3895204658463776  6836
3.3896975482063856  6333
3.3898745583909853  6349
3.3900514964589874  6035
3.3902283624691303  6638
3.390405156480081  6766
3.390581878550435  6584
3.390758528738717  6401
3.3909351071033793  6596
3.3911116137028023  6472
3.3912880485952974  6187
3.3914644118391033  6214
3.3916407034923877  6208
3.391816923613249  6770
3.3919930722597127  7142
3.392169149489736  6460
3.392345155361204  6399
3.3925210899319325  6645
3.392696953259666  6532
3.3928727454020793  6964
3.3930484664167784  6733
3.3932241163612975  7140
3.393399695293102  6751
3.3935752032695876  6351
3.39375064034808  6328
3.3939260065858368  5923
3.3941013020400446  6830
3.3942765267678214  6175
3.3944516808262164  6060
3.394626764272209  6769
3.394801777162711  6760
3.394976719554564  6484
3.3951515915045425  6913
3.395326393069351  6718
3.395501124305626  6909
3.395675785269936  6466
3.3958503760187813  6174
3.3960248966085933  6793
3.3961993470957363  6429
3.3963737275365067  6807
3.396548037987132  6676
3.3967222785037734  6231
3.396896449142524  6282
3.397070549959409  6716
3.397244581010386  6447
3.397418542351348  6410
3.3975924340381165  7167
3.39776625612645  6550
3.3979400086720375  6779
3.3981136917305026  6297
3.398287305357401  7225
3.3984608496082234  6576
3.398634324538392  6697
3.3988077302032647  6276
3.398981066658131  6479
3.3991543339582164  6275
3.399327532158679  6474
3.3995006613146104  7005
3.399673721481038  6905
3.3998467127129226  7212
3.4000196350651586  6418
3.400192488592576  6772
3.400365273349939  6662
3.400537989391946  6789
3.400710636773231  6770
3.4008832155483626  6307
3.401055725771844  6741
3.401228167498113  6689
3.401400540781544  6731
3.401572845676446  6586
3.401745082237063  6653
3.4019172505175748  6603
3.402089350572097  6623
3.40226138245468  6710
3.402433346219312  6585
3.4026052419199146  6397
3.402777069610347  6833
3.4029488293444046  6511
3.403120521175818  6317
3.4032921451582543  6521
3.4034637013453173  6192
3.403635189790548  6318
3.4038066105474227  6945
3.403977963669355  6491
3.404149249209695  6524
3.404320467221731  6464
3.404491617758686  6529
3.4046627008737222  6539
3.404833716619938  6469
3.4050046650503694  6282
3.4051755462179893  6475
3.405346360175709  6369
3.4055171069763763  6946
3.4056877866727775  6883
3.4058583993176366  6304
3.406028944963615  6127
3.406199423663313  6644
3.4063698354692673  6759
3.406540180433955  6582
3.40671045860979  6647
3.4068806700491248  6757
3.40705081480425  6374
3.4072208929273966  6315
3.4073909044707316  6397
3.4075608494863627  6256
3.4077307280263356  6750
3.407900540142635  6196
3.4080702858871854  6407
3.4082399653118496  6296
3.40840957846843  6816
3.4085791254086675  6486
3.408748606184244  6754
3.4089180208467798  6302
3.409087369447835  6545
3.4092566520389096  6385
3.4094258686714434  6341
3.4095950193968156  6483
3.4097641042663462  6350
3.4099331233312946  6430
3.4101020766428607  6946
3.4102709642521845  6422
3.4104397862103464  6884
3.410608542568368  6365
3.41077723337721  6870
3.4109458586877746  6670
3.4111144185509046  6547
3.4112829130173843  6510
3.4114513421379375  6591
3.41161970596323  6480
3.411788004543869  6337
3.4119562379304016  7031
3.412124406173317  6132
3.4122925093230463  6673
3.412460547429961  6400
3.4126285205443754  6697
3.4127964287165433  6038
3.4129642719966626  6553
3.413132050434872  6354
3.413299764081252  6777
3.413467412985825  6481
3.413634997198556  6636
3.4138025167693513  6227
3.4139699717480614  6167
3.414137362184477  6341
3.4143046881283317  6968
3.4144719496293026  6157
3.414639146737009  6669
3.4148062795010126  6826
3.4149733479708178  6247
3.4151403521958725  6697
3.4153072922255676  6538
3.4154741681092355  6313
3.4156409798961542  6714
3.4158077276355434  6499
3.415974411376566  6507
3.416141031168329  6972
3.4163075870598827  6305
3.4164740791002206  6750
3.416640507338281  6772
3.4168068718229443  6622
3.4169731726030363  6437
3.4171394097273255  7100
3.4173055832445254  6589
3.417471693203293  7113
3.4176377396522297  5908
3.417803722639881  6308
3.417969642214737  6291
3.418135498425232  6256
3.4183012913197452  6528
3.4184670209466006  6792
3.4186326873540653  6486
3.4187982905903533  6420
3.4189638307036225  6494
3.4191293077419758  6597
3.4192947217534604  6636
3.4194600727860704  6391
3.419625360887743  7209
3.419790586106363  6686
3.419955748489758  7017
3.420120848085703  6676
3.4202858849419178  6471
3.4204508591060683  6975
3.420615770625765  6079
3.4207806195485655  6930
3.420945405921972  6231
3.4211101297934343  6737
3.4212747912103465  6699
3.4214393902200495  6865
3.4216039268698313  6544
3.421768401206924  6721
3.4219328132785085  6779
3.4220971631317103  6466
3.4222614508136027  6474
3.4224256763712044  6794
3.422589839851482  6284
3.422753941301348  6465
3.422917980767662  6153
3.423081958297231  6831
3.423245873936808  6368
3.4234097277330933  6881
3.4235735197327357  6693
3.423737249982329  6051
3.4239009185284166  6525
3.4240645254174877  6786
3.42422807069598  6715
3.4243915544102776  6069
3.4245549766067134  6835
3.424718337331567  7065
3.424881636631067  6211
3.425044874551389  6510
3.4252080511386565  7138
3.425371166438941  6848
3.4255342204982635  6290
3.425697213362591  6995
3.4258601450778405  6178
3.4260230156898763  6814
3.426185825244511  6399
3.4263485737875077  6636
3.4265112613645754  6362
3.426673888021373  6349
3.426836453803508  6690
3.426998958756537  6351
3.4271614029259654  6994
3.427323786357247  6869
3.4274861090957853  6913
3.4276483711869328  6936
3.42781057267599  6224
3.427972713608209  6216
3.428134794028789  6361
3.4282968139828798  6896
3.42845877351558  6675
3.428620672671939  6558
3.4287825114969546  7176
3.428944290035574  6320
3.4291060083326967  6518
3.4292676664331685  6199
3.429429264381788  6783
3.4295908022233017  6717
3.429752280002408  6629
3.4299136977637543  6419
3.430075055551939  6795
3.4302363534115106  6684
3.4303975913869666  6366
3.4305587695227575  6776
3.4307198878632823  6775
3.4308809464528913  6128
3.4310419453358856  6488
3.431202884556517  6631
3.4313637641589874  6549
3.431524584187451  6345
3.4316853446860116  6475
3.4318460456987254  6806
3.4320066872695985  6514
3.4321672694425884  6373
3.4323277922616042  6452
3.4324882557705063  6691
3.4326486600131068  6301
3.4328090050331683  6769
3.432969290874406  6358
3.4331295175804857  6361
3.433289685195026  6314
3.433449793761596  6493
3.433609843323718  6894
3.433769833924866  6316
3.433929765608464  6593
3.4340896384178907  6353
3.4342494523964757  6927
3.4344092075875  6925
3.4345689040341987  6497
3.4347285417797577  5911
3.434888120867316  7102
3.4350476413399647  6670
3.4352071032407476  6631
3.4353665066126613  6678
3.435525851498655  6671
3.43568513794163  6574
3.4358443659844413  6514
3.4360035356698964  6864
3.436162647040756  6151
3.4363217001397333  6173
3.436480695009495  6591
3.436639631692661  6123
3.4367985102318035  6831
3.4369573306694496  6811
3.4371160930480786  7074
3.4372747974101237  6676
3.437433443797971  6330
3.4375920322539613  6105
3.437750562820388  6796
3.4379090355394983  6470
3.438067450453494  6728
3.4382258076045296  6595
3.438384107034714  6440
3.4385423487861106  6316
3.4387005329007363  6683
3.438858659420562  6831
3.4390167283875126  6383
3.4391747398434687  6422
3.439332693830263  6292
3.4394905903896835  6497
3.4396484295634737  6265
3.4398062113933303  7293
3.439963935920905  6148
3.4401216031878037  6409
3.440279213235588  6496
3.4404367661057735  6381
3.440594261839831  6831
3.4407517004791854  6496
3.4409090820652177  6427
3.4410664066392633  6446
3.4412236742426123  6049
3.4413808849165113  6616
3.441538038702161  6351
3.441695135640717  6894
3.441852175773292  6473
3.442009159140952  6323
3.44216608578472  6555
3.4423229557455746  6731
3.4424797690644486  6345
3.442636525782232  6483
3.442793225939769  6965
3.4429498695778618  5974
3.443106456737266  6224
3.443262987458695  6949
3.4434194617828173  6034
3.4435758797502576  6818
3.4437322414015967  6682
3.443888546777372  6446
3.444044795918076  6287
3.4442009888641594  6788
3.4443571256560275  6501
3.444513206334043  6486
3.4446692309385245  7232
3.4448251995097476  6649
3.4449811120879446  6746
3.445136968713304  6639
3.4452927694259716  6419
3.44544851426605  6875
3.4456042032735974  6561
3.445759836488631  6476
3.4459154139511234  6814
3.446070935701005  6689
3.446226401778163  6905
3.446381812222442  6402
3.446537167073644  6418
3.4466924663715273  6787
3.446847710155809  6747
3.4470028984661623  6586
3.4471580313422194  6709
3.4473131088235682  6805
3.4474681309497557  6449
3.447623097760286  6879
3.447778009294621  6542
3.4479328655921804  6558
3.448087666692341  6371
3.448242412634439  6631
3.4483971034577676  6562
3.448551739201578  6330
3.44870631990508  6250
3.4488608456074408  6771
3.4490153163477864  6666
3.449169732165201  6748
3.449324093098727  6741
3.449478399187365  6531
3.4496326504700745  6885
3.4497868469857735  6374
3.4499409887733377  6639
3.4500950758716025  6311
3.450249108319361  5957
3.450403086155366  5883
3.450557009418329  7069
3.450710878146919  6472
3.450864692379766  6731
3.4510184521554574  6105
3.45117215751254  7063
3.4513258084895195  6531
3.4514794051248616  6304
3.4516329474569907  6037
3.45178643552429  6645
3.451939869365103  6446
3.4520932490177314  6385
3.452246574520437  6536
3.4523998459114416  6348
3.452553063228925  6182
3.452706226511029  6175
3.452859335795852  6531
3.4530123911214554  6639
3.4531653925258574  6201
3.4533183400470375  6562
3.453471233722936  7019
3.4536240735914507  6619
3.4537768596904423  6019
3.4539295920577286  6174
3.45408227073109  7114
3.4542348957482654  6426
3.454387467146955  6619
3.4545399849648186  6169
3.454692449239477  6483
3.45484486000851  6442
3.45499721730946  6555
3.4551495211798278  7349
3.4553017716570764  6178
3.4554539687786283  6611
3.455606112581867  6412
3.455758203104137  6485
3.455910240382743  6711
3.4560622244549513  6237
3.456214155357989  6415
3.456366033129043  6498
3.4565178578052627  6386
3.4566696294237578  6511
3.456821348021599  6799
3.456973013635818  6693
3.457124626303409  6533
3.4572761860613257  7031
3.4574276929464847  6632
3.4575791469957626  6777
3.4577305482459986  6082
3.4578818967339924  6225
3.458033192496506  6247
3.4581844355702627  6392
3.4583356259919475  6726
3.4584867637982066  6296
3.4586378490256493  6600
3.458788881710845  6371
3.458939861890326  5749
3.4590907896005865  6513
3.459241664878082  6774
3.459392487759231  6628
3.459543258280413  6592
3.4596939764779706  6757
3.459844642388208  6060
3.4599952560473914  6586
3.46014581749175  6632
3.4602963267574753  6297
3.4604467838807205  6736
3.4605971888976015  6377
3.460747541844197  6406
3.4608978427565478  6397
3.4610480916706576  6186
3.461198288622493  6235
3.461348433647983  6696
3.4614985267830187  6292
3.4616485680634552  6505
3.461798557525109  6649
3.461948495203762  6164
3.462098381135156  6503
3.4622482153549976  6622
3.462397997898956  6780
3.4625477288026643  6365
3.4626974081017172  6611
3.4628470358316736  6314
3.462996612028056  6138
3.4631461367263494  6266
3.4632956099620027  6525
3.4634450317704277  6382
3.463594402187  6229
3.463743721247059  6241
3.4638929889859074  6359
3.464042205438811  6385
3.4641913706409997  5991
3.4643404846276673  6164
3.4644895474339714  6475
3.464638559095033  6341
3.4647875196459372  6133
3.4649364291217326  6121
3.4650852875574327  6366
3.4652340949880145  6366
3.4653828514484184  5990
3.46553155697355  6441
3.465680211598278  6483
3.4658288153574364  6705
3.465977368285823  6263
3.466125870418199  5807
3.466274321789292  6272
3.466422722433792  6164
3.4665710723863543  6303
3.4667193716815987  6939
3.4668676203541096  6008
3.4670158184384356  6017
3.4671639659690903  6358
3.467312062980552  6205
3.4674601095072637  6671
3.467608105583633  6480
3.467756051244033  5945
3.4679039465228003  5764
3.4680517914542377  6342
3.4681995860726125  5911
3.4683473304121573  6569
3.468495024507069  5806
3.4686426683915115  6428
3.468790262099611  6301
3.4689378056654614  6168
3.4690852991231202  6014
3.469232742506612  5866
3.469380135849925  6435
3.469527479187014  6187
3.469674772551798  5880
3.469822015978163  5847
3.4699692094999595  5751
3.470116353151004  5859
3.4702634469650784  6162
3.470410490975931  6222
3.4705574852172743  5606
3.470704429722788  6048
3.4708513245261177  5894
3.4709981696608736  6211
3.471144965160633  5718
3.4712917110589387  6508
3.471438407389299  6230
3.47158505418519  6431
3.471731651480051  5825
3.4718781993072905  5777
3.4720246977002813  5608
3.472171146692363  5811
3.472317546316842  6102
3.4724638966069894  5620
3.472610197596045  5598
3.4727564493172123  5852
3.472902651803664  5616
3.4730488050885375  5956
3.473194909204938  5982
3.4733409641859354  5434
3.4734869700645685  6050
3.473632926873841  5987
3.473778834646725  5335
3.473924693416157  5807
3.4740705032150436  6020
3.4742162640762553  5756
3.4743619760326307  5785
3.474507639116976  5716
3.474653253362063  5324
3.474798818800631  5664
3.4749443354653877  5549
3.4750898033890065  5789
3.475235222604128  5431
3.475380593143361  5602
3.4755259150392805  5602
3.4756711883244296  5313
3.475816413031318  5343
3.4759615891924236  5224
3.4761067168401913  5806
3.4762517960070336  4908
3.4763968267253302  5596
3.4765418090274287  5331
3.476686742945645  5457
3.4768316285122607  5022
3.476976465759527  5213
3.4771212547196626  5132
3.477265995424853  4789
3.4774106879072515  5448
3.477555332198981  5281
3.4776999283321306  4999
3.4778444763387584  4847
3.4779889762508893  5252
3.4781334281005174  4799
3.4782778319196046  5188
3.4784221877400805  4915
3.4785664955938436  5151
3.4787107555127594  4803
3.478854967528663  5010
3.478999131673357  4907
3.479143247978613  5018
3.47928731647617  5014
3.4794313371977363  4734
3.4795753101749884  4801
3.479719235439571  4822
3.479863113023098  4613
3.4800069429571505  5004
3.4801507252732806  4700
3.4802944600030066  4735
3.480438147177817  4505
3.480581786829169  4287
3.4807253789884878  4634
3.4808689236871677  4621
3.481012420956573  4297
3.4811558708280352  4679
3.481299273332856  4457
3.481442628502305  4627
3.4815859363676225  4266
3.481729196960016  4638
3.4818724103106633  4068
3.4820155764507117  3835
3.482158695411276  4173
3.4823017672234426  4359
3.4824447919182653  4091
3.4825877695267677  3995
3.482730700079943  4151
3.482873583608754  4046
3.483016420144132  4016
3.4831592097169795  4063
3.483301952358167  4069
3.4834446480985353  3712
3.4835872969688944  3707
3.4837298990000236  3822
3.4838724542226736  3802
3.4840149626675627  3691
3.484157424365381  3639
3.484299839346786  3869
3.484442207642407  3479
3.484584529282843  3388
3.4847268042986617  3414
3.484869032720402  3624
3.485011214578573  3414
3.485153349903652  3337
3.485295438726089  3374
3.485437481076301  3235
3.485579476984679  2986
3.48572142648158  3203
3.4858633295973345  3070
3.486005186362242  3152
3.4861469968065726  3191
3.486288760960566  3051
3.486430478854434  2779
3.4865721505183562  2823
3.4867137759824853  2773
3.4868553552769432  2911
3.4869968884318228  2844
3.4871383754771865  2682
3.4872798164430687  2759
3.4874212113594742  2551
3.4875625602563782  2600
3.4877038631637265  2544
3.4878451201114355  2663
3.4879863311293935  2393
3.4881274962474587  2526
3.48826861549546  2340
3.488409688903198  2385
3.4885507165004443  2260
3.4886916983169405  2280
3.4888326343824003  2275
3.488973524726508  2270
3.4891143693789193  2207
3.4892551683692603  2046
3.4893959217271293  2083
3.4895366294820955  1989
3.4896772916636984  1872
3.4898179083014504  1967
3.4899584794248346  1945
3.4900990050633047  1819
3.4902394852462875  1795
3.490379920003179  1708
3.490520309363349  1667
3.490660653356137  1608
3.490800952010855  1520
3.490941205356787  1543
3.491081413423187  1456
3.491221576239283  1580
3.4913616938342726  1398
3.4915017662373264  1450
3.4916417934775863  1381
3.491781775584166  1320
3.491921712586151  1261
3.492061604512599  1173
3.49220145139254  1231
3.4923412532549745  1206
3.4924810101288766  1167
3.492620722043192  1102
3.4927603890268375  1033
3.4929000111087034  970
3.4930395883176515  979
3.493179120682515  1059
3.4933186082321015  993
3.4934580509951885  878
3.493597449000527  869
3.49373680227684  854
3.4938761108528227  936
3.4940153747571436  805
3.494154594018443  818
3.4942937686653326  726
3.494432898726399  757
3.4945719842301988  648
3.494711025205263  642
3.494850021680094  604
3.494988973683168  676
3.4951278812429334  563
3.4952667443878105  614
3.495405563146193  565
3.4955443375464483  545
3.4956830676169153  558
3.495821753385906  457
3.4959603948817053  523
3.496098992132571  445
3.496237545166735  433
3.496376054012401  447
3.496514518697745  380
3.496652939250918  366
3.4967913157000425  363
3.496929648073215  357
3.497067936398505  348
3.4972061807039547  311
3.49734438101758  339
3.4974825373673704  312
3.497620649781288  275
3.497758718287268  312
3.49789674291322  254
3.498034723687027  249
3.498172660636544  232
3.4983105537896004  258
3.4984484031739997  223
3.498586208817518  162
3.4987239707479048  182
3.498861688992884  175
3.498999363580153  153
3.4991369945373827  154
3.4992745818922173  155
3.499412125672275  154
3.499549625905149  136
3.499687082618404  115
3.49982449583958  124
3.49996186559619  97
3.500099191915723  93
3.500236474825639  106
3.500373714353374  101
3.5005109105263372  85
3.500648063371912  83
3.500785172917456  77
3.5009222391903005  75
3.5010592622177517  89
3.501196242027089  61
3.501333178645566  57
3.501470072100412  54
3.5016069224188295  62
3.5017437296279943  40
3.5018804937550585  37
3.5020172148271476  43
3.5021538928713607  36
3.5022905279147727  32
3.5024271199844326  22
3.502563669107363  44
3.502700175310563  31
3.502836638621003  32
3.5029730590656314  32
3.503109436671369  22
3.503245771465113  19
3.5033820634737327  16
3.5035183127240748  14
3.5036545192429593  18
3.503790683057181  19
3.5039268041935103  18
3.5040628826786917  10
3.504198918539445  6
3.5043349118024643  13
3.504470862494419  18
3.5046067706419537  9
3.504742636271688  10
3.504878459410216  7
3.505014240084107  10
3.505149978319906  6
3.5052856741441323  9
3.505421327583281  13
3.5055569386638217  6
3.5056925074122  11
3.5058280338548364  11
3.505963518018126  6
3.5060989599284405  16
3.506234359612126  7
3.506369717095504  3
3.506505032404872  2
3.5066403055665023  2
3.5067755366066433  6
3.506910725551518  3
3.5070458724273257  2
3.5071809772602407  2
3.5073160400764136  2
3.50745106090197  2
3.5075860397630105  1
3.5077209766856137  1
3.5079907248196913  2
3.5081255360831993  2
3.508395033133053  2
3.5085297189712867  1
3.508664363052943  4
3.508798965403905  1
3.5089335260500327  1
3.5090680450171616  1
