0.3010299956639812  18544
0.47712125471966244  15083
0.6020599913279624  18457
0.6989700043360189  18648
0.7781512503836436  18193
0.8450980400142568  16776
0.9030899869919435  19100
0.9542425094393249  16659
1.0  16638
1.0413926851582251  18475
1.0791812460476249  16513
1.1139433523068367  20496
1.146128035678238  16447
1.1760912590556813  16704
1.2041199826559248  17983
1.2304489213782739  15893
1.255272505103306  15559
1.2787536009528289  16821
1.3010299956639813  15208
1.3222192947339193  14101
1.3424226808222062  13837
1.3617278360175928  9377
1.380211241711606  9669
1.3979400086720377  7942
1.414973347970818  7810
1.4313637641589874  6333
1.4471580313422192  5562
1.462397997898956  5440
1.4771212547196624  4849
1.4913616938342726  6260
1.505149978319906  5280
1.5185139398778875  3912
1.5314789170422551  6603
1.5440680443502757  5025
1.5563025007672873  4306
1.568201724066995  5062
1.5797835966168101  4642
1.591064607026499  5215
1.6020599913279623  4959
1.6127838567197355  4561
1.6232492903979006  4617
1.6334684555795864  5073
1.6434526764861874  4804
1.6532125137753437  5219
1.662757831681574  5024
1.6720978579357175  4576
1.6812412373755872  5755
1.6901960800285136  4914
1.6989700043360187  5889
1.7075701760979363  5244
1.7160033436347992  5092
1.724275869600789  5577
1.7323937598229686  4858
1.7403626894942439  5851
1.7481880270062005  5795
1.7558748556724915  5364
1.7634279935629373  5543
1.7708520116421442  5790
1.7781512503836436  6061
1.7853298350107671  5133
1.792391689498254  5101
1.7993405494535817  5362
1.806179973983887  5269
1.8129133566428555  4955
1.8195439355418688  4594
1.8260748027008264  4977
1.8325089127062364  4754
1.8388490907372552  4795
1.845098040014257  4998
1.8512583487190752  4521
1.8573324964312685  4052
1.863322860120456  4947
1.8692317197309762  5246
1.8750612633917  4647
1.8808135922807914  5141
1.8864907251724818  5293
1.8920946026904804  4715
1.8976270912904414  5040
1.9030899869919435  5392
1.9084850188786497  4566
1.9138138523837167  4889
1.919078092376074  4904
1.9242792860618816  5028
1.9294189257142926  5547
1.9344984512435677  5650
1.9395192526186185  5642
1.9444826721501687  5479
1.9493900066449128  5092
1.954242509439325  4608
1.9590413923210936  4098
1.9637878273455553  5336
1.968482948553935  5199
1.9731278535996986  5079
1.9777236052888478  4926
1.9822712330395684  5174
1.9867717342662448  5010
1.9912260756924949  5404
1.99563519459755  5659
2.0  5117
2.0043213737826426  5498
2.0086001717619175  5489
2.012837224705172  4769
2.0170333392987803  5172
2.0211892990699383  5514
2.0253058652647704  5308
2.0293837776852097  5425
2.03342375548695  4810
2.037426497940624  5962
2.041392685158225  5523
2.0453229787866576  6632
2.0492180226701815  4229
2.0530784434834195  5809
2.0569048513364727  5313
2.060697840353612  4843
2.0644579892269186  4778
2.0681858617461617  4994
2.0718820073061255  5710
2.0755469613925306  5284
2.0791812460476247  4612
2.0827853703164503  4759
2.0863598306747484  4989
2.089905111439398  5071
2.093421685162235  5835
2.0969100130080562  4778
2.100370545117563  5976
2.103803720955957  5212
2.1072099696478683  4813
2.110589710299249  4793
2.113943352306837  4961
2.1172712956557644  5478
2.12057393120585  5425
2.123851640967086  4777
2.1271047983648077  5218
2.130333768495006  5433
2.1335389083702174  4536
2.1367205671564067  4912
2.1398790864012365  5466
2.143014800254095  4513
2.146128035678238  4704
2.1492191126553797  6002
2.1522883443830563  5020
2.155336037465062  4434
2.1583624920952498  5178
2.161368002234975  5709
2.164352855784437  5889
2.167317334748176  5562
2.1702617153949575  5085
2.173186268412274  5396
2.1760912590556813  5606
2.1789769472931693  4947
2.1818435879447726  5171
2.184691430817599  5852
2.187520720836463  5062
2.1903316981702914  4415
2.1931245983544616  5157
2.1958996524092336  4795
2.1986570869544226  5555
2.2013971243204513  5224
2.2041199826559246  3779
2.2068258760318495  5451
2.2095150145426308  5645
2.2121876044039577  5022
2.214843848047698  5593
2.2174839442139063  5280
2.220108088040055  4672
2.2227164711475833  5002
2.225309281725863  5213
2.2278867046136734  5163
2.230448921378274  6097
2.2329961103921536  5579
2.2355284469075487  5221
2.2380461031287955  4720
2.2405492482826  5795
2.2430380486862944  5681
2.24551266781415  5502
2.247973266361807  4981
2.250420002308894  4716
2.2528530309798933  4533
2.255272505103306  5046
2.2576785748691846  4799
2.2600713879850747  5201
2.2624510897304293  4353
2.2648178230095364  4967
2.2671717284030137  5536
2.2695129442179165  5321
2.271841606536499  5468
2.27415784926368  5578
2.2764618041732443  5006
2.278753600952829  4571
2.2810333672477277  5120
2.2833012287035497  4667
2.285557309007774  5009
2.287801729930226  4675
2.290034611362518  5036
2.292256071356476  5250
2.294466226161593  5380
2.296665190261531  4314
2.298853076409707  4601
2.3010299956639813  5250
2.303196057420489  5055
2.305351369446624  5440
2.307496037913213  4650
2.3096301674258988  6621
2.311753861055754  5153
2.3138672203691533  5104
2.315970345456918  5075
2.3180633349627615  5747
2.3201462861110542  4156
2.322219294733919  4967
2.3242824552976926  4468
2.326335860928751  4737
2.3283796034387376  3769
2.330413773349191  3581
2.3324384599156054  5147
2.3344537511509307  4341
2.3364597338485296  5083
2.3384564936046046  5034
2.3404441148401185  5169
2.342422680822206  3768
2.3443922736851106  4847
2.346352974450639  5540
2.3483048630481607  5397
2.3502480183341627  4720
2.3521825181113627  5929
2.3541084391474008  5901
2.3560258571931225  5407
2.357934847000454  5743
2.359835482339888  5070
2.361727836017593  4956
2.3636119798921444  4377
2.3654879848909  5363
2.367355921026019  5362
2.369215857410143  6089
2.3710678622717363  4844
2.3729120029701067  4870
2.374748346010104  5595
2.376576957056512  4419
2.3783979009481375  5222
2.380211241711606  6133
2.3820170425748683  5575
2.383815365980431  4282
2.385606273598312  5489
2.387389826338729  5399
2.3891660843645326  4227
2.3909351071033793  5394
2.392696953259666  4570
2.3944516808262164  5756
2.3961993470957363  6076
2.3979400086720375  4373
2.399673721481038  5207
2.401400540781544  5168
2.403120521175818  4576
2.404833716619938  5099
2.406540180433955  5260
2.4082399653118496  5185
2.4099331233312946  5339
2.41161970596323  4565
2.413299764081252  4768
2.4149733479708178  5289
2.416640507338281  4735
2.4183012913197452  5588
2.419955748489758  4331
2.4216039268698313  4758
2.423245873936808  6012
2.424881636631067  4815
2.4265112613645754  4521
2.428134794028789  4872
2.429752280002408  5401
2.4313637641589874  4623
2.432969290874406  6472
2.4345689040341987  4686
2.436162647040756  4942
2.437750562820388  4761
2.439332693830263  5332
2.4409090820652177  4251
2.4424797690644486  4657
2.444044795918076  5233
2.4456042032735974  5561
2.4471580313422194  4918
2.44870631990508  5083
2.450249108319361  4963
2.45178643552429  4626
2.4533183400470375  5174
2.45484486000851  5243
2.456366033129043  4831
2.4578818967339924  4778
2.459392487759231  5181
2.4608978427565478  5054
2.462397997898956  4125
2.4638929889859074  5826
2.4653828514484184  5744
2.4668676203541096  5230
2.4683473304121573  5754
2.469822015978163  4203
2.4712917110589387  4730
2.4727564493172123  4558
2.4742162640762553  5831
2.4756711883244296  5194
2.4771212547196626  4583
2.4785664955938436  4688
2.4800069429571505  5229
2.481442628502305  4840
2.482873583608754  5021
2.484299839346786  5219
2.48572142648158  5058
2.4871383754771865  5101
2.4885507165004443  3998
2.4899584794248346  4827
2.4913616938342726  4911
2.4927603890268375  5159
2.494154594018443  5317
2.4955443375464483  5189
2.496929648073215  4856
2.4983105537896004  4851
2.499687082618404  4605
2.5010592622177517  4981
2.5024271199844326  4505
2.503790683057181  5079
2.505149978319906  5384
2.506505032404872  5490
2.507855871695831  6604
2.509202522331103  4960
2.510545010206612  4700
2.5118833609788744  5239
2.513217600067939  5288
2.514547752660286  5562
2.515873843711679  5089
2.5171958979499744  5618
2.5185139398778875  5731
2.519827993775719  5209
2.5211380837040362  4949
2.5224442335063197  4440
2.5237464668115646  4989
2.525044807036845  4542
2.526339277389844  5000
2.5276299008713385  4497
2.5289167002776547  5174
2.530199698203082  5278
2.531478917042255  5538
2.5327543789924976  5092
2.534026106056135  4908
2.5352941200427703  4769
2.53655844257153  5706
2.537819095073274  5855
2.5390760987927767  4307
2.5403294747908736  5283
2.5415792439465807  4847
2.5428254269591797  4914
2.5440680443502757  5228
2.545307116465824  4803
2.546542663478131  5026
2.5477747053878224  5086
2.5490032620257876  4970
2.550228353055094  4410
2.5514499979728753  4640
2.552668216112193  5330
2.5538830266438746  5483
2.5550944485783194  5168
2.5563025007672873  5097
2.5575072019056577  5506
2.558708570533166  4917
2.5599066250361124  4832
2.561101383649056  4756
2.5622928644564746  5433
2.5634810853944106  4548
2.5646660642520893  5564
2.5658478186735176  4782
2.56702636615906  4832
2.568201724066995  4647
2.569373909615046  5566
2.5705429398818973  4614
2.571708831808688  5022
2.5728716022004803  4445
2.574031267727719  5198
2.575187844927661  4450
2.576341350205793  4432
2.5774917998372255  4641
2.578639209968072  4658
2.57978359661681  4170
2.5809249756756194  4878
2.582063362911709  4726
2.583198773968623  5945
2.584331224367531  5104
2.5854607295085006  5882
2.586587304671755  5581
2.5877109650189114  5128
2.5888317255942073  5266
2.5899496013257077  5192
2.591064607026499  5553
2.5921767573958667  5216
2.593286067020457  4439
2.5943925503754266  4569
2.595496221825574  5740
2.59659709562646  4821
2.597695185925512  5365
2.598790506763115  4404
2.5998830720736876  5593
2.6009728956867484  5433
2.6020599913279625  5227
2.603144372620182  5138
2.60422605308447  5054
2.6053050461411096  4912
2.606381365110605  4648
2.6074550232146687  5164
2.6085260335771943  5081
2.60959440922522  4792
2.61066016308988  4723
2.611723308007342  5006
2.6127838567197355  5257
2.6138418218760693  4570
2.6148972160331345  5221
2.615950051656401  4756
2.617000341120899  5328
2.6180480967120925  4398
2.6190933306267428  5387
2.6201360549737576  4933
2.621176281775035  5497
2.622214022966295  5174
2.6232492903979003  5886
2.6242820958356683  6045
2.625312450961674  4891
2.6263403673750423  4662
2.6273658565927325  5566
2.6283889300503116  4516
2.629409599102719  5287
2.630427875025024  5714
2.6314437690131722  5663
2.6324572921847245  4913
2.6334684555795866  4599
2.6344772701607315  4623
2.635483746814912  5367
2.6364878963533656  5312
2.637489729512511  5490
2.6384892569546374  5597
2.639486489268586  4531
2.640481436970422  4439
2.6414741105040997  5435
2.6424645202421213  5363
2.6434526764861874  4895
2.6444385894678386  5389
2.645422269349092  5596
2.6464037262230695  4413
2.6473829701146196  5096
2.6483600109809315  5212
2.649334858712142  5830
2.6503075231319366  3980
2.651278013998144  5388
2.6522463410033232  5795
2.6532125137753435  5576
2.6541765418779604  5215
2.655138434811382  5060
2.656098202012832  5074
2.6570558528571038  4673
2.6580113966571126  5785
2.658964842664435  5909
2.6599162000698504  5136
2.660865478003869  5031
2.661812685537261  5017
2.662757831681574  4944
2.663700925389648  4913
2.6646419755561257  5636
2.6655809910179533  4919
2.6665179805548807  5086
2.667452952889954  5203
2.66838591669  5599
2.6693168805661123  4872
2.670245853074124  4471
2.6711728427150834  5702
2.6720978579357175  4643
2.673020907128896  4840
2.673941998634088  4494
2.6748611407378116  5086
2.6757783416740852  5079
2.6766936096248664  4383
2.677606952720493  5729
2.678518379040114  5363
2.6794278966121188  5763
2.680335513414563  4626
2.681241237375587  4908
2.682145076373832  5011
2.6830470382388496  4754
2.683947130751512  4987
2.6848453616444123  5435
2.6857417386022635  4996
2.6866362692622934  5755
2.6875289612146345  5121
2.6884198220027105  5796
2.6893088591236203  4739
2.690196080028514  5328
2.6910814921229687  4495
2.69196510276736  5948
2.69284691927723  5654
2.693726948923647  4550
2.694605198933569  5305
2.6954816764901977  5424
2.696356388733332  4657
2.6972293427597176  4589
2.6981005456233897  4935
2.6989700043360187  5236
2.699837725867246  5149
2.7007037171450192  4922
2.7015679850559273  4975
2.7024305364455254  5131
2.7032913781186614  4326
2.7041505168397992  4902
2.705007959333336  4100
2.7058637122839193  4624
2.7067177823367587  5065
2.7075701760979363  5523
2.708420900134713  5741
2.709269960975831  5129
2.7101173651118162  5284
2.710963118995276  5601
2.711807229041191  4464
2.7126497016272113  5505
2.7134905430939424  6261
2.714329759745233  4651
2.7151673578484576  5624
2.716003343634799  4785
2.7168377232995247  4511
2.717670503002262  5632
2.718501688867274  4546
2.7193312869837265  5001
2.720159303405957  4810
2.7209857441537393  5400
2.7218106152125467  5226
2.722633922533812  4237
2.7234556720351857  5464
2.724275869600789  4927
2.725094521081469  5312
2.7259116322950483  5041
2.7267272090265724  4454
2.727541257028556  5425
2.7283537820212285  4987
2.72916478969277  5000
2.7299742856995555  5252
2.7307822756663893  5538
2.7315887651867388  5109
2.7323937598229686  5051
2.7331972651065692  4106
2.733999286538387  5393
2.734799829588847  5169
2.73559889969818  5119
2.7363965022766426  4506
2.7371926427047373  4859
2.737987326333431  5167
2.738780558484369  6019
2.739572344450092  5133
2.7403626894942437  4945
2.741151598851785  5658
2.741939077729199  4884
2.7427251313046983  5041
2.74350976472843  5606
2.7442929831226763  5331
2.7450747915820575  5060
2.745855195173729  5117
2.7466341989375787  5094
2.747411807886423  5666
2.7481880270062002  4609
2.7489628612561616  5065
2.749736315569061  4709
2.7505083948513462  5473
2.751279103983342  4857
2.7520484478194387  4295
2.7528164311882715  5626
2.7535830588929064  5336
2.754348335711019  4467
2.7551122663950713  5834
2.7558748556724915  5307
2.756636108245848  4763
2.7573960287930244  4746
2.75815462196739  5468
2.7589118923979736  5425
2.7596678446896306  5174
2.760422483423212  6297
2.7611758131557314  4706
2.761927838420529  5193
2.762678563727436  5335
2.7634279935629373  4831
2.7641761323903307  6103
2.7649229846498886  4845
2.765668554759014  5072
2.7664128471123997  4906
2.7671558660821804  4960
2.767897616018091  4788
2.7686381012476144  4772
2.7693773260761385  4225
2.7701152947871015  5961
2.7708520116421442  4749
2.7715874808812555  5106
2.77232170672292  6032
2.7730546933642626  5209
2.7737864449811935  5176
2.7745169657285498  5591
2.7752462597402365  5558
2.775974331129369  4677
2.776701183988411  5118
2.7774268223893115  4436
2.7781512503836434  4597
2.7788744720027396  5294
2.7795964912578244  5579
2.780317312140151  5206
2.7810369386211318  4744
2.781755374652469  5070
2.782472624166286  4577
2.7831886910752575  5061
2.783903579272735  5615
2.784617292632875  4534
2.785329835010767  4691
2.786041210242554  5213
2.7867514221455614  5375
2.787460474518415  4796
2.788168371141168  4835
2.788875115775417  4796
2.7895807121644256  5698
2.7902851640332416  4327
2.790988475088816  5177
2.791690649020118  5397
2.792391689498254  4461
2.79309160017658  5977
2.7937903846908188  4210
2.7944880466591697  5619
2.795184589682424  4305
2.7958800173440754  5511
2.7965743332104296  4950
2.7972675408307164  3769
2.797959643737196  4603
2.798650645445269  4678
2.7993405494535817  5189
2.8000293592441343  4849
2.800717078282385  4224
2.801403710017355  5393
2.802089257881733  5504
2.8027737252919755  5211
2.803457115648414  4912
2.8041394323353503  5218
2.8048206787211623  4128
2.8055008581584002  5028
2.806179973983887  5697
2.8068580295188172  5137
2.807535028068853  5165
2.808210972924222  5391
2.808885867359812  4224
2.8095597146352675  5595
2.8102325179950842  5098
2.8109042806687006  4954
2.8115750058705933  5699
2.812244696800369  5973
2.8129133566428557  5586
2.813580988568192  4740
2.81424759573192  4773
2.814913181275074  4834
2.815577748324267  5908
2.816241299991783  5634
2.8169038393756605  6075
2.8175653695597807  5695
2.8182258936139557  4831
2.8188854145940097  5104
2.8195439355418688  5962
2.82020145948564  4795
2.8208579894397  5102
2.821513528404773  5142
2.8221680793680175  4806
2.8228216453031045  5379
2.823474229170301  4933
2.824125833916549  6238
2.824776462475546  5081
2.8254261177678233  4585
2.8260748027008264  5005
2.826722520168992  4631
2.8273692730538253  5573
2.828015064223977  4850
2.82865989653532  5474
2.829303772831025  4849
2.829946695941636  4511
2.8305886686851442  4947
2.8312296938670634  5049
2.8318697742805017  4864
2.832508912706236  4819
2.833147111912785  5466
2.833784374656479  4622
2.8344207036815328  5208
2.835056101720116  5298
2.8356905714924254  5169
2.8363241157067516  4499
2.8369567370595505  5421
2.837588438235511  4825
2.8382192219076257  5223
2.838849090737255  5352
2.8394780473741985  5144
2.840106094456758  4699
2.8407332346118066  5033
2.841359470454855  5267
2.8419848045901137  5106
2.842609239610562  4776
2.8432327780980096  5508
2.843855422623161  5245
2.8444771757456815  4684
2.845098040014257  4707
2.8457180179666586  4399
2.846337112129805  5164
2.846955325019824  5122
2.847572659142112  4981
2.848189116991399  5211
2.8488047010518036  4366
2.8494194137968996  4742
2.850033257689769  5827
2.8506462351830666  4658
2.8512583487190755  4476
2.851869600729766  4354
2.8524799936368566  5390
2.8530895298518657  4209
2.8536982117761744  4723
2.8543060418010806  6333
2.8549130223078554  5618
2.8555191556678  4929
2.8561244442423  4126
2.8567288903828825  4275
2.8573324964312685  4960
2.857935264719429  4143
2.858537197569639  4738
2.859138297294531  5585
2.859738566197147  4338
2.8603380065709936  4816
2.8609366207000937  5518
2.8615344108590377  4640
2.862131379313037  5438
2.8627275283179747  5050
2.863322860120456  4901
2.8639173769578603  5291
2.864511081058392  5194
2.8651039746411278  6026
2.8656960599160706  4330
2.8662873390841948  5568
2.866877814337499  5158
2.8674674878590514  5484
2.8680563618230415  5106
2.8686444383948255  5119
2.8692317197309762  5098
2.869818207979328  4995
2.870403905279027  5294
2.8709888137605755  7138
2.8715729355458786  5207
2.8721562727482928  4740
2.8727388274726686  5584
2.873320601815399  4852
2.8739015978644615  5138
2.8744818176994666  5504
2.8750612633917  5013
2.8756399370041685  5228
2.876217840591642  4611
2.8767949762007006  5312
2.877371345869774  4618
2.8779469516291885  5011
2.8785217955012063  4550
2.8790958795000727  4610
2.8796692056320534  4978
2.88024177589548  4772
2.8808135922807914  4446
2.8813846567705728  5072
2.8819549713396007  4539
2.8825245379548803  4543
2.8830933585756897  5429
2.8836614351536176  5388
2.884228769632604  4760
2.884795363948981  5056
2.885361220031512  5975
2.885926339801431  4714
2.886490725172482  5321
2.8870543780509568  4883
2.887617300335736  5793
2.888179493918325  4895
2.8887409606828927  3868
2.88930170250631  5758
2.8898617212581885  4599
2.890421018800914  5495
2.890979596989689  4719
2.8915374576725643  4560
2.8920946026904804  4850
2.8926510338773004  4586
2.893206753059848  4513
2.8937617620579434  5050
2.8943160626844384  5788
2.8948696567452528  5160
2.895422546039408  4555
2.8959747323590648  4915
2.8965262174895554  5721
2.89707700320942  5168
2.8976270912904414  5243
2.8981764834976764  5489
2.8987251815894934  5416
2.8992731873176036  4911
2.8998205024270964  4246
2.9003671286564705  5186
2.900913067737669  4847
2.9014583213961123  5054
2.9020028913507296  5107
2.902546779313991  5170
2.9030899869919438  4968
2.9036325160842376  4991
2.9041743682841634  4519
2.904715545278681  4711
2.905256048748451  5408
2.9057958803678687  5335
2.906335041805091  5160
2.90687353472207  5813
2.907411360774586  5015
2.9079485216122722  5261
2.90848501887865  5477
2.909020854211156  5216
2.9095560292411755  5779
2.910090545594068  4738
2.910624404889201  5009
2.9111576087399764  3895
2.9116901587538613  4577
2.9122220565324155  5433
2.912753303671323  4868
2.9132839017604186  5425
2.9138138523837167  5335
2.9143431571194407  5436
2.9148718175400505  5042
2.91539983521227  4803
2.9159272116971158  4817
2.916453948549925  4580
2.9169800473203824  4823
2.9175055095525466  5761
2.9180303367848803  4916
2.9185545305502734  5856
2.9190780923760737  4072
2.919601023784111  4933
2.920123326290724  5381
2.9206450014067875  5272
2.921166050637739  5384
2.921686475483602  4786
2.9222062774390163  5299
2.92272545799326  4714
2.9232440186302764  5263
2.9237619608287004  4683
2.9242792860618816  5270
2.924795995797912  5698
2.9253120914996495  4694
2.9258275746247424  4724
2.926342446625655  4607
2.926856708949692  4473
2.9273703630390235  4316
2.9278834103307068  5857
2.9283958522567137  5294
2.928907690243953  5578
2.929418925714293  4891
2.929929560084588  5243
2.9304395947667  4571
2.930949031167523  5349
2.931457870689005  4949
2.931966114728173  5746
2.932473764677153  5355
2.932980821923198  4904
2.9334872878487053  4727
2.9339931638312424  5088
2.934498451243568  4630
2.935003151453655  4818
2.9355072658247128  4375
2.9360107957152097  5061
2.936513742478893  5071
2.9370161074648142  4525
2.937517892017347  4812
2.9380190974762104  4599
2.938519725176492  4486
2.9390197764486663  4771
2.9395192526186187  4457
2.9400181550076634  5570
2.940516484932567  4728
2.9410142437055695  4813
2.941511432634403  4406
2.942008053022313  5036
2.9425041061680806  3953
2.9429995933660407  5259
2.9434945159061026  4599
2.9439888750737717  6729
2.9444826721501687  5162
2.9449759084120477  5362
2.94546858513182  5004
2.9459607035775686  6016
2.946452265013073  5227
2.9469432706978256  4091
2.9474337218870508  4231
2.9479236198317262  5656
2.948412965778601  4539
2.9489017609702137  5592
2.949390006644913  5891
2.949877704036875  5474
2.950364854376123  5511
2.9508514588885464  4921
2.951337518795918  4510
2.951823035315912  4991
2.9523080096621253  5077
2.952792443044092  5209
2.9532763366673045  4118
2.9537596917332287  5076
2.9542425094393248  4946
2.954724790979063  4603
2.9552065375419416  4762
2.9556877503135057  4888
2.9561684304753633  4482
2.9566485792052033  4361
2.957128197676813  5672
2.957607287060095  4805
2.958085848521085  4491
2.9585638832219674  5009
2.9590413923210934  5015
2.9595183769729982  4447
2.959994838328416  4155
2.960470777534299  4907
2.960946195733831  5003
2.9614210940664485  4192
2.9618954736678504  3842
2.962369335670021  4224
2.9628426812012423  4981
2.9633155113861114  4794
2.963787827345555  5455
2.964259630196849  4738
2.9647309210536292  5165
2.965201701025912  4904
2.9656719712201065  4704
2.9661417327390325  4702
2.966610986681934  4112
2.967079734144497  4982
2.967547976218862  4501
2.968015713993642  4813
2.9684829485539352  5199
2.9689496809813427  4479
2.9694159123539814  4605
2.9698816437465  4754
2.9703468762300935  4734
2.9708116108725178  4296
2.971275848738105  4396
2.971739590887778  4411
2.9722028383790646  4276
2.972665592266111  4354
2.9731278535996988  4227
2.973589623427257  4431
2.9740509027928774  4702
2.9745116927373285  4427
2.974971994298069  4275
2.975431808509263  4246
2.975891136401793  4378
2.9763499790032735  4258
2.976808337338066  4421
2.977266212427293  4438
2.9777236052888476  5395
2.978180516937414  5026
2.9786369483844743  4185
2.979092900638326  4277
2.979548374704095  4482
2.9800033715837464  3802
2.9804578922761  3926
2.9809119377768436  4450
2.9813655090785445  4311
2.9818186071706636  4203
2.9822712330395684  4021
2.9827233876685453  4454
2.983175072037813  4152
2.9836262871245345  4975
2.984077033902831  4977
2.9845273133437926  4317
2.9849771264154934  4771
2.9854264740830017  4897
2.9858753573083936  4527
2.986323777050765  4349
2.9867717342662448  3873
2.9872192299080047  4450
2.9876662649262746  4711
2.988112840268352  4372
2.9885589568786157  4821
2.989004615698537  3981
2.9894498176666917  3735
2.989894563718773  3829
2.9903388547876015  4352
2.9907826918031377  3940
2.9912260756924947  3975
2.9916690073799486  4511
2.9921114877869495  3990
2.9925535178321354  3824
2.9929950984313414  3976
2.9934362304976116  4153
2.993876914941211  4064
2.9943171526696366  4251
2.9947569445876283  4071
2.9951962915971793  3845
2.99563519459755  4373
2.9960736544852753  3602
2.9965116721541785  4282
2.996949248495381  4101
2.997386384397313  4280
2.9978230807457256  3811
2.998259338423699  4155
2.998695158311656  4084
2.999130541287371  4676
2.9995654882259823  3853
3.0  4114
3.000434077479319  4166
3.0008677215312267  4028
3.0013009330204183  3443
3.0017337128090005  3906
3.002166061756508  4169
3.0025979807199086  3713
3.003029470553618  3806
3.0034605321095067  3345
3.0038911662369103  4014
3.0043213737826426  3490
3.004751155591001  3608
3.0051805125037805  3420
3.0056094453602804  3435
3.0060379549973173  3684
3.0064660422492318  3649
3.0068937079479006  3469
3.0073209529227447  3354
3.00774777800074  3839
3.0081741840064264  3906
3.0086001717619175  3709
3.0090257420869104  3554
3.009450895798694  3427
3.00987563371216  3558
3.010299956639812  3371
3.010723865391773  3387
3.0111473607757975  2839
3.0115704435972783  3714
3.011993114659257  3453
3.012415374762433  3166
3.012837224705172  3472
3.0132586652835167  3564
3.0136796972911926  3959
3.0141003215196207  2924
3.0145205387579237  3212
3.0149403497929366  3418
3.0153597554092144  3207
3.015778756389041  3298
3.016197353512439  3275
3.016615547557177  3191
3.0170333392987803  3262
3.017450729510536  2979
3.0178677189635055  3348
3.018284308426531  3053
3.0187004986662433  3404
3.019116290447073  2948
3.0195316845312554  3063
3.0199466816788423  2780
3.0203612826477078  2912
3.020775488193558  2463
3.0211892990699383  2924
3.021602716028242  2632
3.02201573981772  3017
3.0224283711854865  2751
3.022840610876528  2708
3.0232524596337114  2828
3.0236639181977933  2400
3.024074987307426  2776
3.024485667699167  2529
3.024895960107485  2414
3.0253058652647704  2429
3.025715383901341  2464
3.0261245167454502  2423
3.0265332645232967  2780
3.0269416279590295  2462
3.0273496077747564  2479
3.0277572046905536  2157
3.0281644194244697  2180
3.0285712526925375  2127
3.028977705208778  2309
3.0293837776852097  2272
3.029789470831856  2415
3.030194785356751  2048
3.030599721965951  1943
3.0310042813635367  2209
3.031408464251624  1934
3.0318122713303706  2096
3.0322157032979815  1867
3.03261876085072  2213
3.0330214446829107  1806
3.03342375548695  1873
3.03382569395331  2060
3.0342272607705505  1657
3.0346284566253203  1847
3.0350292822023683  1820
3.0354297381845483  1745
3.035829825252828  1577
3.0362295440862948  1910
3.036628895362161  1609
3.037027879755775  1759
3.037426497940624  1480
3.037824750588342  1344
3.0382226383687185  1605
3.038620161949703  1192
3.039017321997412  1435
3.0394141191761372  1319
3.0398105541483504  1256
3.0402066275747113  1394
3.040602340114073  1265
3.0409976924234905  1186
3.041392685158225  1390
3.041787318971752  1163
3.042181594515766  1057
3.0425755124401905  1157
3.0429690733931802  1045
3.0433622780211294  997
3.0437551269686796  966
3.044147620878723  946
3.044539760392411  944
3.04493154614916  963
3.0453229787866576  779
3.0457140589408676  734
3.0461047872460387  878
3.0464951643347082  821
3.04688519083771  941
3.0472748673841794  645
3.04766419460156  632
3.048053173115609  632
3.0484418035504044  604
3.04883008652835  517
3.0492180226701815  536
3.049605612594973  644
3.0499928569201424  573
3.050379756261458  462
3.0507663112330423  477
3.0511525224473814  531
3.0515383905153275  433
3.0519239160461065  477
3.0523090996473234  353
3.052693941924968  355
3.0530784434834195  361
3.053462604925455  297
3.0538464268522527  361
3.0542299098633974  275
3.0546130545568877  301
3.0549958615291417  317
3.055378331375  210
3.0557604646877348  247
3.056142262059052  243
3.0565237240791006  233
3.0569048513364727  209
3.0572856444182146  195
3.0576661039098294  201
3.0580462303952816  150
3.058426024457005  155
3.0588054866759067  138
3.059184617631371  151
3.0595634179012676  155
3.059941888061955  119
3.060320028688285  162
3.060697840353612  110
3.0610753236297916  105
3.061452479087193  124
3.061829307294699  82
3.0622058088197126  70
3.062581984228163  51
3.0629578340845103  54
3.0633333589517497  93
3.0637085593914173  61
3.064083435963596  45
3.0644579892269186  48
3.064832219738574  43
3.065206128054312  57
3.0655797147284485  39
3.06595298031387  42
3.0663259253620376  46
3.0666985504229953  30
3.0670708560453703  26
3.0674428427763805  17
3.0678145111618402  46
3.0681858617461617  19
3.068556895072363  21
3.068927611682072  12
3.0692980121155293  10
3.0696680969115957  14
3.070037866607755  11
3.0704073217401198  20
3.0707764628434346  20
3.0711452904510828  8
3.071513805095089  9
3.0718820073061255  2
3.072249897613515  6
3.0726174765452368  3
3.0729847446279304  4
3.073351702386901  4
3.0737183503461227  7
3.074084689028244  2
3.074450718954591  3
3.074816440645175  5
3.0751818546186915  2
3.0755469613925306  3
3.0759117614827773  5
3.076276255404218  4
3.076640443670342  3
3.0770043267933502  1
3.0773679052841563  3
3.077731179652392  1
3.0780941504064105  2
3.0784568180532927  2
