0.3010299956639812  200268
0.47712125471966244  33603
0.6020599913279624  27518
0.6989700043360189  22996
0.7781512503836436  17664
0.8450980400142568  10567
0.9030899869919435  9151
0.9542425094393249  5935
1.0  3970
1.0413926851582251  3753
1.0791812460476249  4119
1.1139433523068367  6497
1.146128035678238  5449
1.1760912590556813  3528
1.2041199826559248  3434
1.2304489213782739  3951
1.255272505103306  4936
1.2787536009528289  3950
1.3010299956639813  3519
1.3222192947339193  2983
1.3424226808222062  3005
1.3617278360175928  3784
1.380211241711606  4861
1.3979400086720377  2806
1.414973347970818  2890
1.4313637641589874  4115
1.4471580313422192  3163
1.462397997898956  2303
1.4771212547196624  4003
1.4913616938342726  2759
1.505149978319906  4074
1.5185139398778875  3495
1.5314789170422551  3103
1.5440680443502757  3813
1.5563025007672873  2307
1.568201724066995  3849
1.5797835966168101  2301
1.591064607026499  3288
1.6020599913279623  3158
1.6127838567197355  2887
1.6232492903979006  3662
1.6334684555795864  2007
1.6434526764861874  3509
1.6532125137753437  2821
1.662757831681574  1872
1.6720978579357175  2297
1.6812412373755872  1950
1.6901960800285136  2388
1.6989700043360187  2003
1.7075701760979363  1666
1.7160033436347992  1817
1.724275869600789  1379
1.7323937598229686  1611
1.7403626894942439  1924
1.7481880270062005  1633
1.7558748556724915  2025
1.7634279935629373  2059
1.7708520116421442  1337
1.7781512503836436  1609
1.7853298350107671  1779
1.792391689498254  1435
1.7993405494535817  1490
1.806179973983887  1223
1.8129133566428555  1201
1.8195439355418688  1389
1.8260748027008264  760
1.8325089127062364  1204
1.8388490907372552  1340
1.845098040014257  779
1.8512583487190752  1250
1.8573324964312685  796
1.863322860120456  820
1.8692317197309762  888
1.8750612633917  959
1.8808135922807914  695
1.8864907251724818  759
1.8920946026904804  459
1.8976270912904414  679
1.9030899869919435  651
1.9084850188786497  721
1.9138138523837167  594
1.919078092376074  370
1.9242792860618816  407
1.9294189257142926  521
1.9344984512435677  273
1.9395192526186185  381
1.9444826721501687  324
1.9493900066449128  273
1.954242509439325  444
1.9590413923210936  282
1.9637878273455553  282
1.968482948553935  269
1.9731278535996986  401
1.9777236052888478  165
1.9822712330395684  163
1.9867717342662448  131
1.9912260756924949  137
1.99563519459755  197
2.0  157
2.0043213737826426  152
2.0086001717619175  69
2.012837224705172  144
2.0170333392987803  91
2.0211892990699383  82
2.0253058652647704  65
2.0293837776852097  60
2.03342375548695  54
2.037426497940624  161
2.041392685158225  72
2.0453229787866576  68
2.0492180226701815  82
2.0530784434834195  32
2.0569048513364727  42
2.060697840353612  16
2.0644579892269186  7
2.0681858617461617  24
2.0718820073061255  3
2.0755469613925306  4
2.0791812460476247  6
2.0827853703164503  15
2.0863598306747484  9
2.089905111439398  3
2.093421685162235  7
2.0969100130080562  2
2.100370545117563  3
2.103803720955957  4
2.1072099696478683  14
2.110589710299249  9
2.113943352306837  10
2.1172712956557644  1
2.123851640967086  1
2.1271047983648077  1
2.130333768495006  1
2.1367205671564067  1
