0.3010299956639812  5249
0.47712125471966244  5727
0.6020599913279624  5355
0.6989700043360189  5676
0.7781512503836436  5490
0.8450980400142568  5414
0.9030899869919435  5587
0.9542425094393249  5523
1.0  5664
1.0413926851582251  5773
1.0791812460476249  5784
1.1139433523068367  5789
1.146128035678238  5351
1.1760912590556813  5835
1.2041199826559248  5609
1.2304489213782739  5814
1.255272505103306  5714
1.2787536009528289  6185
1.3010299956639813  5308
1.3222192947339193  5427
1.3424226808222062  4905
1.3617278360175928  4827
1.380211241711606  4475
1.3979400086720377  4020
1.414973347970818  3954
1.4313637641589874  3625
1.4471580313422192  3686
1.462397997898956  3270
1.4771212547196624  3302
1.4913616938342726  3152
1.505149978319906  3296
1.5185139398778875  3395
1.5314789170422551  3551
1.5440680443502757  3259
1.5563025007672873  2736
1.568201724066995  3264
1.5797835966168101  3521
1.591064607026499  3117
1.6020599913279623  3283
1.6127838567197355  2906
1.6232492903979006  2936
1.6334684555795864  3232
1.6434526764861874  3183
1.6532125137753437  3581
1.662757831681574  3126
1.6720978579357175  3105
1.6812412373755872  3324
1.6901960800285136  3078
1.6989700043360187  3192
1.7075701760979363  3107
1.7160033436347992  3032
1.724275869600789  3222
1.7323937598229686  3327
1.7403626894942439  3098
1.7481880270062005  3105
1.7558748556724915  2890
1.7634279935629373  3104
1.7708520116421442  3368
1.7781512503836436  3054
1.7853298350107671  3254
1.792391689498254  3049
1.7993405494535817  3079
1.806179973983887  3062
1.8129133566428555  3131
1.8195439355418688  2958
1.8260748027008264  3305
1.8325089127062364  3212
1.8388490907372552  3489
1.845098040014257  3072
1.8512583487190752  3051
1.8573324964312685  3225
1.863322860120456  3517
1.8692317197309762  3035
1.8750612633917  3060
1.8808135922807914  3209
1.8864907251724818  3180
1.8920946026904804  2803
1.8976270912904414  3047
1.9030899869919435  3106
1.9084850188786497  3297
1.9138138523837167  3198
1.919078092376074  3384
1.9242792860618816  3096
1.9294189257142926  2978
1.9344984512435677  3049
1.9395192526186185  3594
1.9444826721501687  3490
1.9493900066449128  3190
1.954242509439325  3185
1.9590413923210936  3012
1.9637878273455553  3390
1.968482948553935  3149
1.9731278535996986  2993
1.9777236052888478  3047
1.9822712330395684  3416
1.9867717342662448  3226
1.9912260756924949  3026
1.99563519459755  3110
2.0  3277
2.0043213737826426  3049
2.0086001717619175  3331
2.012837224705172  3065
2.0170333392987803  3277
2.0211892990699383  3195
2.0253058652647704  3594
2.0293837776852097  3297
2.03342375548695  3047
2.037426497940624  3057
2.041392685158225  3246
2.0453229787866576  2940
2.0492180226701815  3230
2.0530784434834195  3479
2.0569048513364727  3024
2.060697840353612  3159
2.0644579892269186  3143
2.0681858617461617  3066
2.0718820073061255  3486
2.0755469613925306  2931
2.0791812460476247  3169
2.0827853703164503  3450
2.0863598306747484  3300
2.089905111439398  3226
2.093421685162235  3037
2.0969100130080562  3261
2.100370545117563  3151
2.103803720955957  3195
2.1072099696478683  2973
2.110589710299249  3396
2.113943352306837  3348
2.1172712956557644  2907
2.12057393120585  3267
2.123851640967086  2841
2.1271047983648077  3372
2.130333768495006  2885
2.1335389083702174  3431
2.1367205671564067  3166
2.1398790864012365  3285
2.143014800254095  3106
2.146128035678238  3175
2.1492191126553797  3106
2.1522883443830563  3229
2.155336037465062  3048
2.1583624920952498  2949
2.161368002234975  3176
2.164352855784437  3241
2.167317334748176  3047
2.1702617153949575  3185
2.173186268412274  2895
2.1760912590556813  3264
2.1789769472931693  2967
2.1818435879447726  3289
2.184691430817599  2926
2.187520720836463  3347
2.1903316981702914  2998
2.1931245983544616  3157
2.1958996524092336  3116
2.1986570869544226  3149
2.2013971243204513  3294
2.2041199826559246  3104
2.2068258760318495  3199
2.2095150145426308  3143
2.2121876044039577  3084
2.214843848047698  2987
2.2174839442139063  3251
2.220108088040055  3060
2.2227164711475833  3224
2.225309281725863  3128
2.2278867046136734  3192
2.230448921378274  3117
2.2329961103921536  3267
2.2355284469075487  3492
2.2380461031287955  3157
2.2405492482826  3059
2.2430380486862944  3379
2.24551266781415  3071
2.247973266361807  3343
2.250420002308894  3404
2.2528530309798933  3407
2.255272505103306  3233
2.2576785748691846  3171
2.2600713879850747  3119
2.2624510897304293  3152
2.2648178230095364  3104
2.2671717284030137  3514
2.2695129442179165  3287
2.271841606536499  3606
2.27415784926368  3006
2.2764618041732443  2940
2.278753600952829  3117
2.2810333672477277  3202
2.2833012287035497  3457
2.285557309007774  3215
2.287801729930226  3126
2.290034611362518  3223
2.292256071356476  3316
2.294466226161593  3605
2.296665190261531  3147
2.298853076409707  3214
2.3010299956639813  3146
2.303196057420489  3424
2.305351369446624  3341
2.307496037913213  3162
2.3096301674258988  3194
2.311753861055754  3208
2.3138672203691533  3188
2.315970345456918  3052
2.3180633349627615  3419
2.3201462861110542  3149
2.322219294733919  3325
2.3242824552976926  3194
2.326335860928751  2976
2.3283796034387376  2904
2.330413773349191  3263
2.3324384599156054  3062
2.3344537511509307  2981
2.3364597338485296  3361
2.3384564936046046  3034
2.3404441148401185  3422
2.342422680822206  3078
2.3443922736851106  3011
2.346352974450639  3463
2.3483048630481607  3451
2.3502480183341627  2824
2.3521825181113627  3278
2.3541084391474008  3242
2.3560258571931225  3390
2.357934847000454  3324
2.359835482339888  2940
2.361727836017593  3202
2.3636119798921444  2859
2.3654879848909  3098
2.367355921026019  3037
2.369215857410143  3102
2.3710678622717363  3186
2.3729120029701067  3262
2.374748346010104  3181
2.376576957056512  3246
2.3783979009481375  3071
2.380211241711606  2824
2.3820170425748683  3171
2.383815365980431  3178
2.385606273598312  3113
2.387389826338729  2988
2.3891660843645326  3170
2.3909351071033793  3390
2.392696953259666  3111
2.3944516808262164  3087
2.3961993470957363  3004
2.3979400086720375  3277
2.399673721481038  3079
2.401400540781544  3426
2.403120521175818  3243
2.404833716619938  3529
2.406540180433955  3468
2.4082399653118496  3054
2.4099331233312946  3107
2.41161970596323  3029
2.413299764081252  3420
2.4149733479708178  3116
2.416640507338281  3074
2.4183012913197452  2991
2.419955748489758  3115
2.4216039268698313  3259
2.423245873936808  3276
2.424881636631067  3013
2.4265112613645754  3119
2.428134794028789  3247
2.429752280002408  3406
2.4313637641589874  3151
2.432969290874406  3124
2.4345689040341987  3295
2.436162647040756  3391
2.437750562820388  3074
2.439332693830263  3299
2.4409090820652177  2959
2.4424797690644486  3019
2.444044795918076  3381
2.4456042032735974  2974
2.4471580313422194  3458
2.44870631990508  3255
2.450249108319361  3206
2.45178643552429  3031
2.4533183400470375  3471
2.45484486000851  3350
2.456366033129043  3178
2.4578818967339924  3115
2.459392487759231  3259
2.4608978427565478  3112
2.462397997898956  3278
2.4638929889859074  3333
2.4653828514484184  3046
2.4668676203541096  3088
2.4683473304121573  3333
2.469822015978163  3048
2.4712917110589387  2941
2.4727564493172123  2886
2.4742162640762553  3253
2.4756711883244296  3400
2.4771212547196626  2994
2.4785664955938436  3036
2.4800069429571505  3102
2.481442628502305  3379
2.482873583608754  3280
2.484299839346786  3119
2.48572142648158  2992
2.4871383754771865  2956
2.4885507165004443  3132
2.4899584794248346  3014
2.4913616938342726  3222
2.4927603890268375  3317
2.494154594018443  2977
2.4955443375464483  2967
2.496929648073215  2921
2.4983105537896004  3400
2.499687082618404  3346
2.5010592622177517  2984
2.5024271199844326  3249
2.503790683057181  2905
2.505149978319906  3083
2.506505032404872  3104
2.507855871695831  2907
2.509202522331103  3034
2.510545010206612  2974
2.5118833609788744  3079
2.513217600067939  3023
2.514547752660286  3145
2.515873843711679  3238
2.5171958979499744  3310
2.5185139398778875  3030
2.519827993775719  3250
2.5211380837040362  3122
2.5224442335063197  2893
2.5237464668115646  2932
2.525044807036845  3285
2.526339277389844  3211
2.5276299008713385  3439
2.5289167002776547  3438
2.530199698203082  2857
2.531478917042255  3178
2.5327543789924976  3462
2.534026106056135  3254
2.5352941200427703  2847
2.53655844257153  3068
2.537819095073274  3213
2.5390760987927767  3268
2.5403294747908736  3243
2.5415792439465807  3261
2.5428254269591797  2924
2.5440680443502757  3101
2.545307116465824  3271
2.546542663478131  3209
2.5477747053878224  3227
2.5490032620257876  3172
2.550228353055094  2969
2.5514499979728753  3235
2.552668216112193  3532
2.5538830266438746  3165
2.5550944485783194  3113
2.5563025007672873  3072
2.5575072019056577  3521
2.558708570533166  3142
2.5599066250361124  3226
2.561101383649056  3144
2.5622928644564746  3285
2.5634810853944106  3211
2.5646660642520893  3329
2.5658478186735176  3224
2.56702636615906  3075
2.568201724066995  3080
2.569373909615046  3306
2.5705429398818973  2830
2.571708831808688  3459
2.5728716022004803  3081
2.574031267727719  2957
2.575187844927661  2872
2.576341350205793  3325
2.5774917998372255  3387
2.578639209968072  3163
2.57978359661681  3057
2.5809249756756194  3130
2.582063362911709  3122
2.583198773968623  2888
2.584331224367531  2976
2.5854607295085006  3188
2.586587304671755  2866
2.5877109650189114  3200
2.5888317255942073  3361
2.5899496013257077  3174
2.591064607026499  3104
2.5921767573958667  2798
2.593286067020457  2835
2.5943925503754266  3333
2.595496221825574  2852
2.59659709562646  3206
2.597695185925512  2949
2.598790506763115  3298
2.5998830720736876  2897
2.6009728956867484  3422
2.6020599913279625  3090
2.603144372620182  3465
2.60422605308447  3081
2.6053050461411096  2923
2.606381365110605  2996
2.6074550232146687  3087
2.6085260335771943  3328
2.60959440922522  3290
2.61066016308988  3533
2.611723308007342  3233
2.6127838567197355  3389
2.6138418218760693  3163
2.6148972160331345  3583
2.615950051656401  3015
2.617000341120899  3432
2.6180480967120925  3227
2.6190933306267428  2901
2.6201360549737576  2953
2.621176281775035  2956
2.622214022966295  3353
2.6232492903979003  3157
2.6242820958356683  2981
2.625312450961674  3209
2.6263403673750423  3204
2.6273658565927325  3387
2.6283889300503116  3357
2.629409599102719  3140
2.630427875025024  3296
2.6314437690131722  2884
2.6324572921847245  3081
2.6334684555795866  2946
2.6344772701607315  3156
2.635483746814912  3466
2.6364878963533656  3179
2.637489729512511  2978
2.6384892569546374  3379
2.639486489268586  3151
2.640481436970422  3281
2.6414741105040997  3095
2.6424645202421213  3222
2.6434526764861874  3219
2.6444385894678386  3481
2.645422269349092  3030
2.6464037262230695  2887
2.6473829701146196  2977
2.6483600109809315  3114
2.649334858712142  3119
2.6503075231319366  3208
2.651278013998144  3339
2.6522463410033232  3028
2.6532125137753435  3523
2.6541765418779604  3285
2.655138434811382  3164
2.656098202012832  3481
2.6570558528571038  2912
2.6580113966571126  2952
2.658964842664435  3291
2.6599162000698504  2916
2.660865478003869  3082
2.661812685537261  3269
2.662757831681574  3041
2.663700925389648  3090
2.6646419755561257  3222
2.6655809910179533  2920
2.6665179805548807  3253
2.667452952889954  3076
2.66838591669  3067
2.6693168805661123  3257
2.670245853074124  2903
2.6711728427150834  3153
2.6720978579357175  2927
2.673020907128896  3387
2.673941998634088  3005
2.6748611407378116  3044
2.6757783416740852  3078
2.6766936096248664  3084
2.677606952720493  3178
2.678518379040114  3109
2.6794278966121188  3321
2.680335513414563  3013
2.681241237375587  3092
2.682145076373832  2961
2.6830470382388496  3569
2.683947130751512  3125
2.6848453616444123  3433
2.6857417386022635  3009
2.6866362692622934  3229
2.6875289612146345  3040
2.6884198220027105  3064
2.6893088591236203  3443
2.690196080028514  3166
2.6910814921229687  2778
2.69196510276736  2997
2.69284691927723  3508
2.693726948923647  3439
2.694605198933569  3146
2.6954816764901977  3092
2.696356388733332  2958
2.6972293427597176  3526
2.6981005456233897  3371
2.6989700043360187  2831
2.699837725867246  3160
2.7007037171450192  3356
2.7015679850559273  3252
2.7024305364455254  3127
2.7032913781186614  3167
2.7041505168397992  3054
2.705007959333336  2975
2.7058637122839193  3430
2.7067177823367587  2834
2.7075701760979363  3309
2.708420900134713  3036
2.709269960975831  3352
2.7101173651118162  3316
2.710963118995276  3205
2.711807229041191  2923
2.7126497016272113  3152
2.7134905430939424  3177
2.714329759745233  3289
2.7151673578484576  2888
2.716003343634799  3407
2.7168377232995247  3154
2.717670503002262  2875
2.718501688867274  3183
2.7193312869837265  3384
2.720159303405957  3229
2.7209857441537393  3213
2.7218106152125467  3501
2.722633922533812  3452
2.7234556720351857  3268
2.724275869600789  3212
2.725094521081469  3225
2.7259116322950483  3139
2.7267272090265724  3527
2.727541257028556  3007
2.7283537820212285  3070
2.72916478969277  3280
2.7299742856995555  2976
2.7307822756663893  3438
2.7315887651867388  3102
2.7323937598229686  3166
2.7331972651065692  3240
2.733999286538387  3093
2.734799829588847  3154
2.73559889969818  3222
2.7363965022766426  3038
2.7371926427047373  2950
2.737987326333431  3193
2.738780558484369  3111
2.739572344450092  3234
2.7403626894942437  3312
2.741151598851785  3606
2.741939077729199  2971
2.7427251313046983  3137
2.74350976472843  3220
2.7442929831226763  3490
2.7450747915820575  3010
2.745855195173729  3220
2.7466341989375787  3054
2.747411807886423  3315
2.7481880270062002  3427
2.7489628612561616  3381
2.749736315569061  3093
2.7505083948513462  2919
2.751279103983342  3473
2.7520484478194387  3320
2.7528164311882715  3306
2.7535830588929064  3183
2.754348335711019  3220
2.7551122663950713  3055
2.7558748556724915  3193
2.756636108245848  3222
2.7573960287930244  2641
2.75815462196739  3096
2.7589118923979736  2988
2.7596678446896306  2987
2.760422483423212  3264
2.7611758131557314  3002
2.761927838420529  2988
2.762678563727436  3279
2.7634279935629373  2998
2.7641761323903307  3299
2.7649229846498886  3234
2.765668554759014  3126
2.7664128471123997  3209
2.7671558660821804  3117
2.767897616018091  2958
2.7686381012476144  3346
2.7693773260761385  3043
2.7701152947871015  3313
2.7708520116421442  3188
2.7715874808812555  3135
2.77232170672292  3044
2.7730546933642626  3333
2.7737864449811935  2938
2.7745169657285498  3414
2.7752462597402365  3057
2.775974331129369  2947
2.776701183988411  3263
2.7774268223893115  3509
2.7781512503836434  3310
2.7788744720027396  3660
2.7795964912578244  3210
2.780317312140151  3258
2.7810369386211318  2925
2.781755374652469  3421
2.782472624166286  3080
2.7831886910752575  3274
2.783903579272735  2990
2.784617292632875  3096
2.785329835010767  3417
2.786041210242554  3208
2.7867514221455614  3446
2.787460474518415  3183
2.788168371141168  3258
2.788875115775417  2933
2.7895807121644256  3193
2.7902851640332416  3069
2.790988475088816  2877
2.791690649020118  3174
2.792391689498254  3104
2.79309160017658  3251
2.7937903846908188  3179
2.7944880466591697  3147
2.795184589682424  3044
2.7958800173440754  3187
2.7965743332104296  2987
2.7972675408307164  3102
2.797959643737196  3122
2.798650645445269  3187
2.7993405494535817  3240
2.8000293592441343  3208
2.800717078282385  3142
2.801403710017355  2895
2.802089257881733  3301
2.8027737252919755  2917
2.803457115648414  3228
2.8041394323353503  3184
2.8048206787211623  3244
2.8055008581584002  2944
2.806179973983887  3545
2.8068580295188172  3398
2.807535028068853  3062
2.808210972924222  3321
2.808885867359812  3024
2.8095597146352675  3100
2.8102325179950842  3103
2.8109042806687006  3441
2.8115750058705933  3256
2.812244696800369  2885
2.8129133566428557  3342
2.813580988568192  3282
2.81424759573192  3357
2.814913181275074  3103
2.815577748324267  3382
2.816241299991783  3077
2.8169038393756605  2874
2.8175653695597807  3151
2.8182258936139557  3367
2.8188854145940097  3023
2.8195439355418688  3223
2.82020145948564  3118
2.8208579894397  2951
2.821513528404773  3120
2.8221680793680175  2952
2.8228216453031045  3284
2.823474229170301  3264
2.824125833916549  2968
2.824776462475546  3117
2.8254261177678233  3077
2.8260748027008264  2938
2.826722520168992  3274
2.8273692730538253  3279
2.828015064223977  3051
2.82865989653532  3104
2.829303772831025  3260
2.829946695941636  3270
2.8305886686851442  3177
2.8312296938670634  3323
2.8318697742805017  3101
2.832508912706236  3172
2.833147111912785  3269
2.833784374656479  3017
2.8344207036815328  3095
2.835056101720116  3282
2.8356905714924254  3158
2.8363241157067516  3449
2.8369567370595505  2922
2.837588438235511  3083
2.8382192219076257  3175
2.838849090737255  3095
2.8394780473741985  3144
2.840106094456758  3115
2.8407332346118066  3040
2.841359470454855  3006
2.8419848045901137  3473
2.842609239610562  3279
2.8432327780980096  3150
2.843855422623161  2979
2.8444771757456815  3171
2.845098040014257  3136
2.8457180179666586  3003
2.846337112129805  3048
2.846955325019824  3095
2.847572659142112  2975
2.848189116991399  3350
2.8488047010518036  3238
2.8494194137968996  2839
2.850033257689769  3443
2.8506462351830666  3256
2.8512583487190755  3354
2.851869600729766  2944
2.8524799936368566  3668
2.8530895298518657  3250
2.8536982117761744  3272
2.8543060418010806  3147
2.8549130223078554  3321
2.8555191556678  3276
2.8561244442423  3550
2.8567288903828825  3008
2.8573324964312685  3336
2.857935264719429  3162
2.858537197569639  3065
2.859138297294531  3257
2.859738566197147  3384
2.8603380065709936  2985
2.8609366207000937  2925
2.8615344108590377  3070
2.862131379313037  3284
2.8627275283179747  3252
2.863322860120456  2688
2.8639173769578603  3136
2.864511081058392  2919
2.8651039746411278  2809
2.8656960599160706  2983
2.8662873390841948  3196
2.866877814337499  3348
2.8674674878590514  3219
2.8680563618230415  3602
2.8686444383948255  3210
2.8692317197309762  3090
2.869818207979328  3340
2.870403905279027  3280
2.8709888137605755  3242
2.8715729355458786  3064
2.8721562727482928  3483
2.8727388274726686  3411
2.873320601815399  3339
2.8739015978644615  3007
2.8744818176994666  3132
2.8750612633917  3171
2.8756399370041685  3005
2.876217840591642  3166
2.8767949762007006  3070
2.877371345869774  2679
2.8779469516291885  2878
2.8785217955012063  3226
2.8790958795000727  3129
2.8796692056320534  3046
2.88024177589548  2996
2.8808135922807914  2908
2.8813846567705728  3430
2.8819549713396007  2936
2.8825245379548803  3052
2.8830933585756897  2817
2.8836614351536176  3028
2.884228769632604  3397
2.884795363948981  3154
2.885361220031512  3167
2.885926339801431  3200
2.886490725172482  2758
2.8870543780509568  3210
2.887617300335736  3233
2.888179493918325  3231
2.8887409606828927  3194
2.88930170250631  3373
2.8898617212581885  3034
2.890421018800914  3078
2.890979596989689  3366
2.8915374576725643  3651
2.8920946026904804  3035
2.8926510338773004  3115
2.893206753059848  3424
2.8937617620579434  3221
2.8943160626844384  3118
2.8948696567452528  3122
2.895422546039408  3337
2.8959747323590648  3092
2.8965262174895554  3284
2.89707700320942  3318
2.8976270912904414  3408
2.8981764834976764  3565
2.8987251815894934  3072
2.8992731873176036  3315
2.8998205024270964  3159
2.9003671286564705  3063
2.900913067737669  3160
2.9014583213961123  3189
2.9020028913507296  3372
2.902546779313991  3013
2.9030899869919438  3074
2.9036325160842376  3225
2.9041743682841634  3024
2.904715545278681  3073
2.905256048748451  3205
2.9057958803678687  3114
2.906335041805091  3048
2.90687353472207  3335
2.907411360774586  3095
2.9079485216122722  3250
2.90848501887865  3128
2.909020854211156  3126
2.9095560292411755  3107
2.910090545594068  3049
2.910624404889201  3305
2.9111576087399764  3197
2.9116901587538613  3064
2.9122220565324155  3144
2.912753303671323  3159
2.9132839017604186  3282
2.9138138523837167  3282
2.9143431571194407  3354
2.9148718175400505  3317
2.91539983521227  3064
2.9159272116971158  3148
2.916453948549925  3332
2.9169800473203824  2947
2.9175055095525466  3154
2.9180303367848803  2956
2.9185545305502734  3169
2.9190780923760737  3260
2.919601023784111  3347
2.920123326290724  3331
2.9206450014067875  3186
2.921166050637739  3181
2.921686475483602  3201
2.9222062774390163  3022
2.92272545799326  3163
2.9232440186302764  3406
2.9237619608287004  3271
2.9242792860618816  2857
2.924795995797912  3057
2.9253120914996495  3129
2.9258275746247424  3090
2.926342446625655  2976
2.926856708949692  3084
2.9273703630390235  3286
2.9278834103307068  3390
2.9283958522567137  3104
2.928907690243953  3116
2.929418925714293  3593
2.929929560084588  3096
2.9304395947667  3132
2.930949031167523  3116
2.931457870689005  2963
2.931966114728173  3153
2.932473764677153  3109
2.932980821923198  3060
2.9334872878487053  3409
2.9339931638312424  3080
2.934498451243568  3188
2.935003151453655  2924
2.9355072658247128  2904
2.9360107957152097  3281
2.936513742478893  3229
2.9370161074648142  3207
2.937517892017347  2936
2.9380190974762104  3234
2.938519725176492  3161
2.9390197764486663  3200
2.9395192526186187  2828
2.9400181550076634  3014
2.940516484932567  3261
2.9410142437055695  2920
2.941511432634403  3377
2.942008053022313  3211
2.9425041061680806  3098
2.9429995933660407  3197
2.9434945159061026  2997
2.9439888750737717  3309
2.9444826721501687  3078
2.9449759084120477  3406
2.94546858513182  3174
2.9459607035775686  3034
2.946452265013073  3292
2.9469432706978256  3236
2.9474337218870508  3180
2.9479236198317262  3048
2.948412965778601  3052
2.9489017609702137  2677
2.949390006644913  3116
2.949877704036875  3226
2.950364854376123  3448
2.9508514588885464  3287
2.951337518795918  3080
2.951823035315912  3269
2.9523080096621253  3291
2.952792443044092  3497
2.9532763366673045  3433
2.9537596917332287  3042
2.9542425094393248  3131
2.954724790979063  3109
2.9552065375419416  3387
2.9556877503135057  2957
2.9561684304753633  3045
2.9566485792052033  2919
2.957128197676813  3328
2.957607287060095  3157
2.958085848521085  3688
2.9585638832219674  2857
2.9590413923210934  3210
2.9595183769729982  3105
2.959994838328416  3024
2.960470777534299  3066
2.960946195733831  3443
2.9614210940664485  3274
2.9618954736678504  2745
2.962369335670021  3353
2.9628426812012423  3208
2.9633155113861114  3111
2.963787827345555  3185
2.964259630196849  3141
2.9647309210536292  3093
2.965201701025912  3198
2.9656719712201065  3104
2.9661417327390325  3200
2.966610986681934  3059
2.967079734144497  2909
2.967547976218862  3198
2.968015713993642  3038
2.9684829485539352  3196
2.9689496809813427  2944
2.9694159123539814  3283
2.9698816437465  3406
2.9703468762300935  3194
2.9708116108725178  2833
2.971275848738105  3292
2.971739590887778  3317
2.9722028383790646  3257
2.972665592266111  2980
2.9731278535996988  3020
2.973589623427257  3362
2.9740509027928774  3156
2.9745116927373285  3588
2.974971994298069  2993
2.975431808509263  3121
2.975891136401793  2832
2.9763499790032735  3316
2.976808337338066  3279
2.977266212427293  2855
2.9777236052888476  3360
2.978180516937414  3513
2.9786369483844743  3167
2.979092900638326  3083
2.979548374704095  3256
2.9800033715837464  3166
2.9804578922761  3447
2.9809119377768436  3204
2.9813655090785445  2967
2.9818186071706636  2950
2.9822712330395684  3159
2.9827233876685453  3062
2.983175072037813  2992
2.9836262871245345  2986
2.984077033902831  3151
2.9845273133437926  3103
2.9849771264154934  3591
2.9854264740830017  2907
2.9858753573083936  3172
2.986323777050765  2970
2.9867717342662448  3388
2.9872192299080047  2920
2.9876662649262746  3177
2.988112840268352  3030
2.9885589568786157  3149
2.989004615698537  3145
2.9894498176666917  3242
2.989894563718773  3109
2.9903388547876015  3356
2.9907826918031377  3024
2.9912260756924947  3353
2.9916690073799486  3456
2.9921114877869495  3043
2.9925535178321354  3367
2.9929950984313414  3257
2.9934362304976116  2994
2.993876914941211  3045
2.9943171526696366  2830
2.9947569445876283  3328
2.9951962915971793  2920
2.99563519459755  3174
2.9960736544852753  2886
2.9965116721541785  3237
2.996949248495381  3012
2.997386384397313  3387
2.9978230807457256  3343
2.998259338423699  2953
2.998695158311656  2949
2.999130541287371  3253
2.9995654882259823  3295
3.0  2869
3.000434077479319  3459
3.0008677215312267  3165
3.0013009330204183  3079
3.0017337128090005  3216
3.002166061756508  3309
3.0025979807199086  3394
3.003029470553618  2876
3.0034605321095067  3171
3.0038911662369103  2938
3.0043213737826426  3072
3.004751155591001  3205
3.0051805125037805  3106
3.0056094453602804  3317
3.0060379549973173  3321
3.0064660422492318  3431
3.0068937079479006  3090
3.0073209529227447  3417
3.00774777800074  3319
3.0081741840064264  3174
3.0086001717619175  3253
3.0090257420869104  2983
3.009450895798694  3034
3.00987563371216  3313
3.010299956639812  2985
3.010723865391773  3197
3.0111473607757975  2999
3.0115704435972783  3262
3.011993114659257  3181
3.012415374762433  2932
3.012837224705172  2911
3.0132586652835167  3043
3.0136796972911926  3093
3.0141003215196207  3344
3.0145205387579237  3120
3.0149403497929366  3345
3.0153597554092144  2912
3.015778756389041  2918
3.016197353512439  3511
3.016615547557177  3097
3.0170333392987803  2890
3.017450729510536  3096
3.0178677189635055  3045
3.018284308426531  3157
3.0187004986662433  3185
3.019116290447073  3095
3.0195316845312554  3412
3.0199466816788423  3105
3.0203612826477078  3371
3.020775488193558  3304
3.0211892990699383  3268
3.021602716028242  3149
3.02201573981772  3005
3.0224283711854865  3213
3.022840610876528  3317
3.0232524596337114  3346
3.0236639181977933  3064
3.024074987307426  2829
3.024485667699167  2947
3.024895960107485  3237
3.0253058652647704  3000
3.025715383901341  3228
3.0261245167454502  3295
3.0265332645232967  3165
3.0269416279590295  3146
3.0273496077747564  2854
3.0277572046905536  2808
3.0281644194244697  3178
3.0285712526925375  3359
3.028977705208778  2985
3.0293837776852097  3254
3.029789470831856  3482
3.030194785356751  3358
3.030599721965951  2851
3.0310042813635367  3218
3.031408464251624  3117
3.0318122713303706  2964
3.0322157032979815  2976
3.03261876085072  3419
3.0330214446829107  3269
3.03342375548695  3246
3.03382569395331  2909
3.0342272607705505  3205
3.0346284566253203  2818
3.0350292822023683  3009
3.0354297381845483  3194
3.035829825252828  3005
3.0362295440862948  3595
3.036628895362161  3141
3.037027879755775  3182
3.037426497940624  3202
3.037824750588342  3213
3.0382226383687185  3291
3.038620161949703  2906
3.039017321997412  3268
3.0394141191761372  3171
3.0398105541483504  3130
3.0402066275747113  2913
3.040602340114073  3150
3.0409976924234905  3460
3.041392685158225  3282
3.041787318971752  3593
3.042181594515766  3045
3.0425755124401905  2989
3.0429690733931802  3089
3.0433622780211294  3203
3.0437551269686796  3012
3.044147620878723  3170
3.044539760392411  3542
3.04493154614916  3146
3.0453229787866576  3351
3.0457140589408676  3329
3.0461047872460387  3378
3.0464951643347082  2931
3.04688519083771  3093
3.0472748673841794  3144
3.04766419460156  3439
3.048053173115609  3390
3.0484418035504044  2677
3.04883008652835  3257
3.0492180226701815  3199
3.049605612594973  3027
3.0499928569201424  3342
3.050379756261458  2979
3.0507663112330423  3043
3.0511525224473814  3054
3.0515383905153275  3143
3.0519239160461065  3077
3.0523090996473234  3123
3.052693941924968  2989
3.0530784434834195  3060
3.053462604925455  2946
3.0538464268522527  3190
3.0542299098633974  3227
3.0546130545568877  2944
3.0549958615291417  3298
3.055378331375  3401
3.0557604646877348  3026
3.056142262059052  3465
3.0565237240791006  3299
3.0569048513364727  3165
3.0572856444182146  3094
3.0576661039098294  3480
3.0580462303952816  3325
3.058426024457005  3051
3.0588054866759067  3072
3.059184617631371  3118
3.0595634179012676  3427
3.059941888061955  3120
3.060320028688285  3189
3.060697840353612  3051
3.0610753236297916  3123
3.061452479087193  3258
3.061829307294699  3234
3.0622058088197126  3141
3.062581984228163  3051
3.0629578340845103  2921
3.0633333589517497  3183
3.0637085593914173  3114
3.064083435963596  3250
3.0644579892269186  2918
3.064832219738574  3002
3.065206128054312  3126
3.0655797147284485  3209
3.06595298031387  3605
3.0663259253620376  2972
3.0666985504229953  3261
3.0670708560453703  3241
3.0674428427763805  3257
3.0678145111618402  3103
3.0681858617461617  3144
3.068556895072363  3383
3.068927611682072  3146
3.0692980121155293  2806
3.0696680969115957  2927
3.070037866607755  3031
3.0704073217401198  2996
3.0707764628434346  3306
3.0711452904510828  3058
3.071513805095089  3360
3.0718820073061255  3105
3.072249897613515  3050
3.0726174765452368  2869
3.0729847446279304  3116
3.073351702386901  2934
3.0737183503461227  3267
3.074084689028244  3003
3.074450718954591  3350
3.074816440645175  3344
3.0751818546186915  3497
3.0755469613925306  3320
3.0759117614827773  3366
3.076276255404218  3023
3.076640443670342  3101
3.0770043267933502  3008
3.0773679052841563  2997
3.077731179652392  3192
3.0780941504064105  3297
3.0784568180532927  2955
3.0788191830988487  3038
3.0791812460476247  3297
3.079543007402906  3077
3.079904467666721  3183
3.0802656273398448  2994
3.0806264869218056  3051
3.080987046910887  3075
3.0813473078041325  2986
3.081707270097349  3094
3.082066934285113  3203
3.0824263008607717  3171
3.0827853703164503  3031
3.0831441431430524  3066
3.0835026198302673  3167
3.083860800866573  3087
3.0842186867392387  3062
3.084576277934331  3287
3.084933574936716  3308
3.085290578230065  3250
3.0856472882968564  3266
3.0860037056183818  3381
3.0863598306747484  3092
3.0867156639448825  3115
3.0870712059065353  2949
3.0874264570362855  3102
3.087781417809542  3223
3.0881360887005513  3365
3.0884904701823963  3195
3.088844562727004  3150
3.089198366805149  2965
3.089551882886454  2720
3.089905111439398  3277
3.090258052931316  3063
3.090610707828407  3208
3.0909630765957314  3156
3.091315159697223  3049
3.0916669575956846  3012
3.092018470752797  3133
3.0923696996291206  3069
3.0927206446840994  2802
3.0930713063760633  3060
3.093421685162235  3004
3.09377178149873  3038
3.0941215958405612  3169
3.094471128641645  3125
3.0948203803548  2896
3.095169351431755  3384
3.095518042323151  3382
3.0958664534785427  3020
3.0962145853464054  3455
3.0965624383741357  3015
3.0969100130080562  3095
3.09725730969342  3188
3.097604328874411  3467
3.09795107099415  2995
3.0982975364946976  2870
3.098643725817057  3080
3.0989896394011773  2902
3.0993352776859577  2954
3.09968064110925  2860
3.1000257301078626  2925
3.100370545117563  3326
3.1007150865730817  3174
3.1010593549081156  2999
3.101403350555331  3423
3.1017470739463664  2806
3.1020905255118367  3160
3.1024337056813365  3106
3.1027766148834415  2877
3.1031192535457137  3142
3.103461622094705  3141
3.103803720955957  3036
3.104145550554008  3129
3.104487111312395  3200
3.1048284036536553  3228
3.1051694279993316  3120
3.1055101847699738  2849
3.1058506743851435  3317
3.1061908972634154  2944
3.1065308538223815  3246
3.106870544478654  3334
3.1072099696478683  3317
3.1075491297446862  3108
3.1078880251827985  3013
3.1082266563749283  2706
3.1085650237328344  3197
3.1089031276673134  3072
3.109240968588203  2924
3.1095785469043866  3044
3.1099158630237933  2926
3.110252917353403  2809
3.110589710299249  3200
3.1109262422664203  3098
3.1112625136590655  3159
3.111598524880394  3172
3.1119342763326814  3109
3.1122697684172707  3081
3.1126050015345745  3038
3.11293997608408  3019
3.1132746924643504  3068
3.1136091510730277  3283
3.113943352306837  2998
3.1142772965615864  2960
3.114610984232173  2802
3.1149444157125847  2969
3.1152775913959014  2708
3.1156105116742996  2712
3.115943176939055  2935
3.116275587580544  2704
3.1166077439882485  2733
3.116939646550756  2994
3.1172712956557644  2787
3.117602691690084  2911
3.1179338350396413  2625
3.118264726089479  2844
3.118595365223762  3074
3.1189257528257768  2835
3.1192558892779365  2595
3.119585774961784  2745
3.119915410257991  2893
3.1202447955463652  2730
3.12057393120585  2783
3.1209028176145273  2988
3.1212314551496214  2835
3.1215598441875008  2782
3.121887985103681  2788
3.1222158782728267  2463
3.1225435240687545  2785
3.1228709228644354  2821
3.1231980750319988  2661
3.123524980942732  2857
3.123851640967086  2699
3.124178055474675  2734
3.1245042248342823  2479
3.1248301494138593  2815
3.12515582958053  2686
3.125481265700594  2751
3.125806458139527  2650
3.1261314072619846  2513
3.1264561134318045  2809
3.126780577012009  2486
3.1271047983648077  2737
3.127428777851599  2529
3.1277525158329733  2691
3.1280760126687155  2600
3.1283992687178066  2446
3.128722284338427  2455
3.1290450598879582  2411
3.1293675957229854  2400
3.129689892199301  2515
3.1300119496719043  2418
3.130333768495006  2320
3.130655349022031  2542
3.130976691605617  2291
3.131297796597623  2232
3.1316186643491255  2292
3.1319392952104246  2325
3.1322596895310446  2315
3.132579847659737  2241
3.132899769944483  2086
3.1332194567324945  2102
3.1335389083702174  2035
3.133858125203335  2064
3.1341771075767664  2021
3.1344958558346736  1794
3.13481437032046  1913
3.1351326513767748  1948
3.1354506993455136  1693
3.1357685145678222  1884
3.1360860973840974  1944
3.13640344813399  1868
3.1367205671564067  1840
3.1370374547895126  1639
3.137354111370733  1579
3.137670537236755  1706
3.137986732723532  1702
3.1383026981662816  1629
3.1386184338994925  1574
3.1389339402569236  1625
3.139249217571607  1648
3.13956426617585  1539
3.1398790864012365  1445
3.140193678578631  1420
3.1405080430381798  1503
3.1408221801093106  1563
3.141136090120739  1332
3.1414497734004674  1371
3.141763230275788  1284
3.1420764610732848  1221
3.142389466118836  1290
3.1427022457376155  1288
3.143014800254095  1137
3.143327129992046  1194
3.1436392352745433  1113
3.1439511164239633  1073
3.144262773761991  990
3.144574207609616  968
3.144885418287142  988
3.1451964061141817  982
3.1455071714096627  923
3.1458177144918276  934
3.146128035678238  857
3.1464381352857744  733
3.14674801363064  805
3.1470576710283598  722
3.1473671077937864  661
3.1476763242410986  691
3.147985320683805  645
3.1482940974347455  726
3.1486026548060932  654
3.1489109931093564  618
3.1492191126553797  526
3.149527013754348  537
3.149834696715785  544
3.1501421618485588  523
3.150449409460881  386
3.150756439860309  498
3.15106325335375  489
3.1513698502474603  372
3.151676230847048  408
3.151982395457474  417
3.1522883443830563  341
3.15259407792747  343
3.1528995963937474  338
3.153204900084284  273
3.1535099893008374  326
3.153814864344529  276
3.154119525515847  267
3.154423973114647  287
3.1547282074401557  212
3.1550322287909704  243
3.155336037465062  205
3.1556396337597765  215
3.1559430179718366  183
3.1562461903973444  154
3.1565491513317814  173
3.156851901070011  150
3.1571544399062814  128
3.157456768134226  115
3.1577588860468637  140
3.158060793936605  135
3.1583624920952498  107
3.1586639808139894  91
3.15896526038341  119
3.159266331093494  79
3.1595671932336202  68
3.1598678470925665  67
3.160168292958512  94
3.1604685311190375  62
3.1607685618611283  61
3.1610683854711747  60
3.161368002234975  63
3.161667412437736  59
3.161966616364075  46
3.1622656142980214  34
3.162564406523019  40
3.162862993321926  48
3.1631613749770184  42
3.16345955176999  47
3.163757523981956  39
3.1640552918934515  30
3.164352855784437  25
3.1646502159342966  26
3.1649473726218416  16
3.1652443261253107  10
3.165541076722373  13
3.1658376246901283  21
3.166133970305109  25
3.166430113843283  14
3.166726055580052  12
3.1670217957902564  9
3.167317334748176  16
3.16761267272753  9
3.16790781000148  9
3.168202746842631  14
3.1684974835230326  10
3.1687920203141817  25
3.1690863574870227  4
3.1693804953119495  11
3.1696744340588068  5
3.1699681739968923  6
3.1702617153949575  10
3.1705550585212086  5
3.170848203643309  7
3.1711411510283822  3
3.171433900943008  2
3.171726453653231  4
3.1720188094245563  3
3.172310968521954  3
3.17260293120986  4
3.1728946977521764  3
3.173186268412274  1
3.1734776434529945  1
3.1740598077250253  2
3.1743505974793798  1
3.1749315935284423  1
