0.3010299956639812  70330
0.47712125471966244  63438
0.6020599913279624  65399
0.6989700043360189  60118
0.7781512503836436  60821
0.8450980400142568  59398
0.9030899869919435  66096
0.9542425094393249  61722
1.0  64295
1.0413926851582251  60628
1.0791812460476249  63870
1.1139433523068367  58318
1.146128035678238  65336
1.1760912590556813  59871
1.2041199826559248  62301
1.2304489213782739  67348
1.255272505103306  63596
1.2787536009528289  59737
1.3010299956639813  64443
1.3222192947339193  57916
1.3424226808222062  62825
1.3617278360175928  61012
1.380211241711606  66624
1.3979400086720377  62428
1.414973347970818  62318
1.4313637641589874  55573
1.4471580313422192  57056
1.462397997898956  57014
1.4771212547196624  55168
1.4913616938342726  51097
1.505149978319906  44348
1.5185139398778875  41410
1.5314789170422551  34688
1.5440680443502757  30465
1.5563025007672873  27166
1.568201724066995  22634
1.5797835966168101  18065
1.591064607026499  16173
1.6020599913279623  15168
1.6127838567197355  12938
1.6232492903979006  13650
1.6334684555795864  12622
1.6434526764861874  14466
1.6532125137753437  11542
1.662757831681574  10535
1.6720978579357175  9827
1.6812412373755872  12808
1.6901960800285136  10747
1.6989700043360187  11562
1.7075701760979363  11910
1.7160033436347992  12457
1.724275869600789  12480
1.7323937598229686  12575
1.7403626894942439  12736
1.7481880270062005  12172
1.7558748556724915  13979
1.7634279935629373  12626
1.7708520116421442  11474
1.7781512503836436  13719
1.7853298350107671  11760
1.792391689498254  12781
1.7993405494535817  12525
1.806179973983887  11393
1.8129133566428555  11849
1.8195439355418688  12408
1.8260748027008264  14566
1.8325089127062364  11235
1.8388490907372552  11476
1.845098040014257  12092
1.8512583487190752  14739
1.8573324964312685  11771
1.863322860120456  13422
1.8692317197309762  15247
1.8750612633917  13827
1.8808135922807914  11545
1.8864907251724818  12776
1.8920946026904804  11945
1.8976270912904414  12001
1.9030899869919435  10413
1.9084850188786497  11245
1.9138138523837167  12227
1.919078092376074  11026
1.9242792860618816  14794
1.9294189257142926  13754
1.9344984512435677  12521
1.9395192526186185  12895
1.9444826721501687  11637
1.9493900066449128  11342
1.954242509439325  12736
1.9590413923210936  15422
1.9637878273455553  14408
1.968482948553935  11305
1.9731278535996986  12161
1.9777236052888478  12799
1.9822712330395684  11023
1.9867717342662448  10174
1.9912260756924949  13120
1.99563519459755  11713
2.0  13710
2.0043213737826426  13068
2.0086001717619175  13852
2.012837224705172  12180
2.0170333392987803  12829
2.0211892990699383  11151
2.0253058652647704  13025
2.0293837776852097  12987
2.03342375548695  15656
2.037426497940624  13083
2.041392685158225  12615
2.0453229787866576  12269
2.0492180226701815  12728
2.0530784434834195  12693
2.0569048513364727  14108
2.060697840353612  12605
2.0644579892269186  14728
2.0681858617461617  13104
2.0718820073061255  15057
2.0755469613925306  13855
2.0791812460476247  11425
2.0827853703164503  10730
2.0863598306747484  12707
2.089905111439398  13748
2.093421685162235  12515
2.0969100130080562  9616
2.100370545117563  15847
2.103803720955957  13237
2.1072099696478683  11233
2.110589710299249  11367
2.113943352306837  12094
2.1172712956557644  10807
2.12057393120585  10773
2.123851640967086  12968
2.1271047983648077  13091
2.130333768495006  14445
2.1335389083702174  12017
2.1367205671564067  12828
2.1398790864012365  11758
2.143014800254095  12472
2.146128035678238  12518
2.1492191126553797  10174
2.1522883443830563  13355
2.155336037465062  11283
2.1583624920952498  13443
2.161368002234975  13426
2.164352855784437  12323
2.167317334748176  11917
2.1702617153949575  13724
2.173186268412274  13258
2.1760912590556813  14199
2.1789769472931693  12661
2.1818435879447726  12070
2.184691430817599  12432
2.187520720836463  11260
2.1903316981702914  11549
2.1931245983544616  10700
2.1958996524092336  8385
2.1986570869544226  11815
2.2013971243204513  11953
2.2041199826559246  13252
2.2068258760318495  13356
2.2095150145426308  12032
2.2121876044039577  12185
2.214843848047698  13313
2.2174839442139063  14494
2.220108088040055  11744
2.2227164711475833  11772
2.225309281725863  12327
2.2278867046136734  11047
2.230448921378274  11308
2.2329961103921536  11676
2.2355284469075487  13208
2.2380461031287955  12682
2.2405492482826  11538
2.2430380486862944  11939
2.24551266781415  10811
2.247973266361807  13237
2.250420002308894  10965
2.2528530309798933  11564
2.255272505103306  12384
2.2576785748691846  11508
2.2600713879850747  12356
2.2624510897304293  12082
2.2648178230095364  10902
2.2671717284030137  13293
2.2695129442179165  14043
2.271841606536499  11815
2.27415784926368  13689
2.2764618041732443  12650
2.278753600952829  13218
2.2810333672477277  12963
2.2833012287035497  15853
2.285557309007774  10800
2.287801729930226  12041
2.290034611362518  13100
2.292256071356476  13481
2.294466226161593  11720
2.296665190261531  12698
2.298853076409707  11707
2.3010299956639813  13665
2.303196057420489  11096
2.305351369446624  12003
2.307496037913213  11453
2.3096301674258988  12093
2.311753861055754  10329
2.3138672203691533  11591
2.315970345456918  11509
2.3180633349627615  12610
2.3201462861110542  12932
2.322219294733919  12258
2.3242824552976926  11659
2.326335860928751  11834
2.3283796034387376  12918
2.330413773349191  11887
2.3324384599156054  9763
2.3344537511509307  12481
2.3364597338485296  9979
2.3384564936046046  12238
2.3404441148401185  11188
2.342422680822206  15957
2.3443922736851106  12355
2.346352974450639  12639
2.3483048630481607  10254
2.3502480183341627  10965
2.3521825181113627  11491
2.3541084391474008  14500
2.3560258571931225  13636
2.357934847000454  13201
2.359835482339888  11878
2.361727836017593  13704
2.3636119798921444  11442
2.3654879848909  13182
2.367355921026019  12816
2.369215857410143  11004
2.3710678622717363  13359
2.3729120029701067  10820
2.374748346010104  11534
2.376576957056512  11320
2.3783979009481375  12804
2.380211241711606  12323
2.3820170425748683  13016
2.383815365980431  11779
2.385606273598312  12985
2.387389826338729  11075
2.3891660843645326  10997
2.3909351071033793  11634
2.392696953259666  11436
2.3944516808262164  11587
2.3961993470957363  11267
2.3979400086720375  12288
2.399673721481038  13001
2.401400540781544  11135
2.403120521175818  13093
2.404833716619938  12350
2.406540180433955  11527
2.4082399653118496  13500
2.4099331233312946  12283
2.41161970596323  13117
2.413299764081252  11738
2.4149733479708178  13361
2.416640507338281  11165
2.4183012913197452  11734
2.419955748489758  10180
2.4216039268698313  13814
2.423245873936808  12655
2.424881636631067  11914
2.4265112613645754  10254
2.428134794028789  12358
2.429752280002408  13355
2.4313637641589874  13134
2.432969290874406  12361
2.4345689040341987  12350
2.436162647040756  12988
2.437750562820388  10518
2.439332693830263  12279
2.4409090820652177  11918
2.4424797690644486  11769
2.444044795918076  12923
2.4456042032735974  11373
2.4471580313422194  13887
2.44870631990508  10834
2.450249108319361  12769
2.45178643552429  13329
2.4533183400470375  11038
2.45484486000851  12634
2.456366033129043  11057
2.4578818967339924  10515
2.459392487759231  11709
2.4608978427565478  14016
2.462397997898956  11823
2.4638929889859074  12686
2.4653828514484184  11896
2.4668676203541096  11046
2.4683473304121573  11014
2.469822015978163  12125
2.4712917110589387  13105
2.4727564493172123  11411
2.4742162640762553  12920
2.4756711883244296  12688
2.4771212547196626  11012
2.4785664955938436  13769
2.4800069429571505  12638
2.481442628502305  12223
2.482873583608754  12397
2.484299839346786  13459
2.48572142648158  11372
2.4871383754771865  13440
2.4885507165004443  13504
2.4899584794248346  11825
2.4913616938342726  13183
2.4927603890268375  12578
2.494154594018443  13833
2.4955443375464483  12654
2.496929648073215  12455
2.4983105537896004  12653
2.499687082618404  11105
2.5010592622177517  11361
2.5024271199844326  11538
2.503790683057181  12179
2.505149978319906  13726
2.506505032404872  10557
2.507855871695831  12632
2.509202522331103  12333
2.510545010206612  13493
2.5118833609788744  12355
2.513217600067939  11311
2.514547752660286  12728
2.515873843711679  10941
2.5171958979499744  12698
2.5185139398778875  11894
2.519827993775719  11842
2.5211380837040362  13496
2.5224442335063197  14109
2.5237464668115646  12121
2.525044807036845  11322
2.526339277389844  11752
2.5276299008713385  11206
2.5289167002776547  12128
2.530199698203082  12944
2.531478917042255  11171
2.5327543789924976  13383
2.534026106056135  11960
2.5352941200427703  11383
2.53655844257153  12442
2.537819095073274  12124
2.5390760987927767  12104
2.5403294747908736  13519
2.5415792439465807  13789
2.5428254269591797  14254
2.5440680443502757  13488
2.545307116465824  11512
2.546542663478131  12756
2.5477747053878224  12304
2.5490032620257876  11287
2.550228353055094  12016
2.5514499979728753  12561
2.552668216112193  10608
2.5538830266438746  11817
2.5550944485783194  12853
2.5563025007672873  12928
2.5575072019056577  11869
2.558708570533166  12579
2.5599066250361124  11706
2.561101383649056  11787
2.5622928644564746  12394
2.5634810853944106  13717
2.5646660642520893  13693
2.5658478186735176  11924
2.56702636615906  15027
2.568201724066995  12066
2.569373909615046  13123
2.5705429398818973  14192
2.571708831808688  12313
2.5728716022004803  11772
2.574031267727719  10219
2.575187844927661  13373
2.576341350205793  11906
2.5774917998372255  11113
2.578639209968072  13354
2.57978359661681  12068
2.5809249756756194  12666
2.582063362911709  12357
2.583198773968623  13114
2.584331224367531  12505
2.5854607295085006  13806
2.586587304671755  13674
2.5877109650189114  13348
2.5888317255942073  13912
2.5899496013257077  10218
2.591064607026499  11969
2.5921767573958667  11014
2.593286067020457  13272
2.5943925503754266  12433
2.595496221825574  11963
2.59659709562646  12492
2.597695185925512  12139
2.598790506763115  10647
2.5998830720736876  12142
2.6009728956867484  10546
2.6020599913279625  11926
2.603144372620182  11973
2.60422605308447  14802
2.6053050461411096  12598
2.606381365110605  11844
2.6074550232146687  12621
2.6085260335771943  13007
2.60959440922522  11668
2.61066016308988  12127
2.611723308007342  12392
2.6127838567197355  13968
2.6138418218760693  11248
2.6148972160331345  12807
2.615950051656401  12116
2.617000341120899  11912
2.6180480967120925  12475
2.6190933306267428  11261
2.6201360549737576  10621
2.621176281775035  12052
2.622214022966295  11979
2.6232492903979003  14429
2.6242820958356683  12563
2.625312450961674  11781
2.6263403673750423  10670
2.6273658565927325  12222
2.6283889300503116  12265
2.629409599102719  12502
2.630427875025024  11216
2.6314437690131722  11893
2.6324572921847245  12286
2.6334684555795866  13963
2.6344772701607315  10614
2.635483746814912  11427
2.6364878963533656  12059
2.637489729512511  14573
2.6384892569546374  15255
2.639486489268586  12682
2.640481436970422  11422
2.6414741105040997  10715
2.6424645202421213  13077
2.6434526764861874  10783
2.6444385894678386  12055
2.645422269349092  12078
2.6464037262230695  12268
2.6473829701146196  12820
2.6483600109809315  12330
2.649334858712142  11695
2.6503075231319366  12986
2.651278013998144  13669
2.6522463410033232  12786
2.6532125137753435  12722
2.6541765418779604  14066
2.655138434811382  12691
2.656098202012832  12232
2.6570558528571038  13536
2.6580113966571126  12994
2.658964842664435  11923
2.6599162000698504  13978
2.660865478003869  13916
2.661812685537261  12073
2.662757831681574  12755
2.663700925389648  12863
2.6646419755561257  11773
2.6655809910179533  13565
2.6665179805548807  12880
2.667452952889954  12094
2.66838591669  14393
2.6693168805661123  11818
2.670245853074124  15009
2.6711728427150834  12675
2.6720978579357175  12183
2.673020907128896  12352
2.673941998634088  12934
2.6748611407378116  11131
2.6757783416740852  15245
2.6766936096248664  13793
2.677606952720493  12804
2.678518379040114  11899
2.6794278966121188  12331
2.680335513414563  12263
2.681241237375587  9621
2.682145076373832  12826
2.6830470382388496  14014
2.683947130751512  11076
2.6848453616444123  11261
2.6857417386022635  11929
2.6866362692622934  13067
2.6875289612146345  13015
2.6884198220027105  13454
2.6893088591236203  12059
2.690196080028514  10972
2.6910814921229687  15304
2.69196510276736  10178
2.69284691927723  11923
2.693726948923647  11307
2.694605198933569  12768
2.6954816764901977  12223
2.696356388733332  11055
2.6972293427597176  13331
2.6981005456233897  13886
2.6989700043360187  12511
2.699837725867246  11392
2.7007037171450192  13113
2.7015679850559273  11747
2.7024305364455254  13306
2.7032913781186614  12506
2.7041505168397992  12248
2.705007959333336  10753
2.7058637122839193  13055
2.7067177823367587  12595
2.7075701760979363  13258
2.708420900134713  12924
2.709269960975831  11759
2.7101173651118162  11735
2.710963118995276  11884
2.711807229041191  13015
2.7126497016272113  12210
2.7134905430939424  11465
2.714329759745233  11174
2.7151673578484576  12829
2.716003343634799  12653
2.7168377232995247  12624
2.717670503002262  12361
2.718501688867274  12823
2.7193312869837265  13175
2.720159303405957  11302
2.7209857441537393  12638
2.7218106152125467  11972
2.722633922533812  12588
2.7234556720351857  11322
2.724275869600789  11820
2.725094521081469  12177
2.7259116322950483  9959
2.7267272090265724  13562
2.727541257028556  11176
2.7283537820212285  13629
2.72916478969277  10077
2.7299742856995555  13608
2.7307822756663893  12255
2.7315887651867388  12817
2.7323937598229686  11084
2.7331972651065692  12903
2.733999286538387  13333
2.734799829588847  11755
2.73559889969818  11418
2.7363965022766426  14701
2.7371926427047373  13982
2.737987326333431  12497
2.738780558484369  14463
2.739572344450092  12812
2.7403626894942437  11162
2.741151598851785  13322
2.741939077729199  11183
2.7427251313046983  11160
2.74350976472843  11862
2.7442929831226763  13635
2.7450747915820575  10754
2.745855195173729  14726
2.7466341989375787  12774
2.747411807886423  12212
2.7481880270062002  13013
2.7489628612561616  12501
2.749736315569061  13058
2.7505083948513462  11936
2.751279103983342  11780
2.7520484478194387  13409
2.7528164311882715  11642
2.7535830588929064  12577
2.754348335711019  12320
2.7551122663950713  12923
2.7558748556724915  12498
2.756636108245848  14831
2.7573960287930244  12414
2.75815462196739  12848
2.7589118923979736  11213
2.7596678446896306  13466
2.760422483423212  11326
2.7611758131557314  11418
2.761927838420529  12134
2.762678563727436  14562
2.7634279935629373  13293
2.7641761323903307  12880
2.7649229846498886  9869
2.765668554759014  11600
2.7664128471123997  12389
2.7671558660821804  14124
2.767897616018091  12503
2.7686381012476144  11608
2.7693773260761385  12724
2.7701152947871015  10797
2.7708520116421442  14364
2.7715874808812555  11172
2.77232170672292  13584
2.7730546933642626  11168
2.7737864449811935  12631
2.7745169657285498  11688
2.7752462597402365  12006
2.775974331129369  13275
2.776701183988411  14004
2.7774268223893115  12265
2.7781512503836434  11410
2.7788744720027396  12140
2.7795964912578244  13037
2.780317312140151  12014
2.7810369386211318  11849
2.781755374652469  13102
2.782472624166286  12781
2.7831886910752575  13584
2.783903579272735  11891
2.784617292632875  13636
2.785329835010767  12252
2.786041210242554  13290
2.7867514221455614  13067
2.787460474518415  13204
2.788168371141168  10383
2.788875115775417  13751
2.7895807121644256  13731
2.7902851640332416  13887
2.790988475088816  14179
2.791690649020118  12322
2.792391689498254  12527
2.79309160017658  12668
2.7937903846908188  11371
2.7944880466591697  12039
2.795184589682424  12586
2.7958800173440754  10438
2.7965743332104296  12930
2.7972675408307164  11587
2.797959643737196  11571
2.798650645445269  11666
2.7993405494535817  12793
2.8000293592441343  11872
2.800717078282385  12556
2.801403710017355  12770
2.802089257881733  11991
2.8027737252919755  11762
2.803457115648414  11043
2.8041394323353503  12379
2.8048206787211623  12789
2.8055008581584002  13554
2.806179973983887  13075
2.8068580295188172  11881
2.807535028068853  13247
2.808210972924222  10459
2.808885867359812  13020
2.8095597146352675  12487
2.8102325179950842  12870
2.8109042806687006  13081
2.8115750058705933  12299
2.812244696800369  12316
2.8129133566428557  11368
2.813580988568192  12144
2.81424759573192  12027
2.814913181275074  12666
2.815577748324267  14132
2.816241299991783  13053
2.8169038393756605  12619
2.8175653695597807  11909
2.8182258936139557  13035
2.8188854145940097  12601
2.8195439355418688  11201
2.82020145948564  11393
2.8208579894397  12217
2.821513528404773  12155
2.8221680793680175  12060
2.8228216453031045  12174
2.823474229170301  13987
2.824125833916549  13823
2.824776462475546  13972
2.8254261177678233  12913
2.8260748027008264  12505
2.826722520168992  11727
2.8273692730538253  11711
2.828015064223977  13797
2.82865989653532  12105
2.829303772831025  11086
2.829946695941636  12413
2.8305886686851442  13714
2.8312296938670634  11138
2.8318697742805017  12454
2.832508912706236  13813
2.833147111912785  12383
2.833784374656479  12750
2.8344207036815328  11497
2.835056101720116  12304
2.8356905714924254  12475
2.8363241157067516  11420
2.8369567370595505  14714
2.837588438235511  10613
2.8382192219076257  12843
2.838849090737255  11822
2.8394780473741985  12024
2.840106094456758  12721
2.8407332346118066  12607
2.841359470454855  10803
2.8419848045901137  11455
2.842609239610562  11633
2.8432327780980096  13775
2.843855422623161  11655
2.8444771757456815  11626
2.845098040014257  11860
2.8457180179666586  11389
2.846337112129805  13148
2.846955325019824  13701
2.847572659142112  12342
2.848189116991399  11137
2.8488047010518036  12435
2.8494194137968996  13250
2.850033257689769  9487
2.8506462351830666  13075
2.8512583487190755  11259
2.851869600729766  12750
2.8524799936368566  12682
2.8530895298518657  12263
2.8536982117761744  11531
2.8543060418010806  13255
2.8549130223078554  12378
2.8555191556678  11738
2.8561244442423  11061
2.8567288903828825  12398
2.8573324964312685  13210
2.857935264719429  13623
2.858537197569639  12403
2.859138297294531  11719
2.859738566197147  12626
2.8603380065709936  11028
2.8609366207000937  12318
2.8615344108590377  11542
2.862131379313037  14348
2.8627275283179747  11576
2.863322860120456  11401
2.8639173769578603  9126
2.864511081058392  11635
2.8651039746411278  12735
2.8656960599160706  10420
2.8662873390841948  12119
2.866877814337499  10451
2.8674674878590514  13507
2.8680563618230415  12422
2.8686444383948255  12382
2.8692317197309762  13412
2.869818207979328  12085
2.870403905279027  14110
2.8709888137605755  11370
2.8715729355458786  10558
2.8721562727482928  12958
2.8727388274726686  12610
2.873320601815399  12491
2.8739015978644615  11815
2.8744818176994666  13995
2.8750612633917  13995
2.8756399370041685  13320
2.876217840591642  11023
2.8767949762007006  11511
2.877371345869774  12560
2.8779469516291885  11803
2.8785217955012063  11492
2.8790958795000727  16035
2.8796692056320534  11865
2.88024177589548  13500
2.8808135922807914  12348
2.8813846567705728  12437
2.8819549713396007  11262
2.8825245379548803  12314
2.8830933585756897  13013
2.8836614351536176  13045
2.884228769632604  11380
2.884795363948981  11598
2.885361220031512  11544
2.885926339801431  13985
2.886490725172482  11765
2.8870543780509568  12803
2.887617300335736  13455
2.888179493918325  12659
2.8887409606828927  12523
2.88930170250631  13345
2.8898617212581885  11387
2.890421018800914  12698
2.890979596989689  11441
2.8915374576725643  13848
2.8920946026904804  14102
2.8926510338773004  11419
2.893206753059848  11242
2.8937617620579434  13099
2.8943160626844384  10779
2.8948696567452528  13191
2.895422546039408  13272
2.8959747323590648  12290
2.8965262174895554  10963
2.89707700320942  11325
2.8976270912904414  11724
2.8981764834976764  12411
2.8987251815894934  10707
2.8992731873176036  12123
2.8998205024270964  13510
2.9003671286564705  9516
2.900913067737669  12163
2.9014583213961123  13031
2.9020028913507296  12367
2.902546779313991  12348
2.9030899869919438  12746
2.9036325160842376  11954
2.9041743682841634  13619
2.904715545278681  9821
2.905256048748451  13694
2.9057958803678687  10994
2.906335041805091  13882
2.90687353472207  11228
2.907411360774586  11514
2.9079485216122722  12067
2.90848501887865  10953
2.909020854211156  12774
2.9095560292411755  10281
2.910090545594068  11767
2.910624404889201  11953
2.9111576087399764  10415
2.9116901587538613  11728
2.9122220565324155  12206
2.912753303671323  14263
2.9132839017604186  13674
2.9138138523837167  10768
2.9143431571194407  12418
2.9148718175400505  11893
2.91539983521227  13914
2.9159272116971158  13035
2.916453948549925  13119
2.9169800473203824  13093
2.9175055095525466  12300
2.9180303367848803  12007
2.9185545305502734  12029
2.9190780923760737  12847
2.919601023784111  11460
2.920123326290724  13365
2.9206450014067875  12305
2.921166050637739  10873
2.921686475483602  13180
2.9222062774390163  12410
2.92272545799326  12361
2.9232440186302764  12847
2.9237619608287004  12542
2.9242792860618816  11940
2.924795995797912  12859
2.9253120914996495  12297
2.9258275746247424  13843
2.926342446625655  11682
2.926856708949692  11483
2.9273703630390235  12730
2.9278834103307068  10899
2.9283958522567137  9279
2.928907690243953  10781
2.929418925714293  10870
2.929929560084588  13036
2.9304395947667  13624
2.930949031167523  14028
2.931457870689005  11819
2.931966114728173  13111
2.932473764677153  12660
2.932980821923198  12347
2.9334872878487053  13318
2.9339931638312424  11923
2.934498451243568  13434
2.935003151453655  13596
2.9355072658247128  11956
2.9360107957152097  11273
2.936513742478893  14970
2.9370161074648142  11253
2.937517892017347  12700
2.9380190974762104  12626
2.938519725176492  13410
2.9390197764486663  14672
2.9395192526186187  12742
2.9400181550076634  13660
2.940516484932567  13278
2.9410142437055695  12794
2.941511432634403  12344
2.942008053022313  11515
2.9425041061680806  13044
2.9429995933660407  12465
2.9434945159061026  12509
2.9439888750737717  11400
2.9444826721501687  12195
2.9449759084120477  13155
2.94546858513182  14451
2.9459607035775686  12437
2.946452265013073  16688
2.9469432706978256  10401
2.9474337218870508  14617
2.9479236198317262  11533
2.948412965778601  11832
2.9489017609702137  11828
2.949390006644913  13886
2.949877704036875  14103
2.950364854376123  13092
2.9508514588885464  12606
2.951337518795918  12694
2.951823035315912  14181
2.9523080096621253  10039
2.952792443044092  11527
2.9532763366673045  10819
2.9537596917332287  12336
2.9542425094393248  13358
2.954724790979063  12764
2.9552065375419416  8468
2.9556877503135057  14650
2.9561684304753633  14337
2.9566485792052033  12145
2.957128197676813  14214
2.957607287060095  14945
2.958085848521085  13579
2.9585638832219674  12607
2.9590413923210934  12610
2.9595183769729982  11642
2.959994838328416  11329
2.960470777534299  13549
2.960946195733831  13451
2.9614210940664485  11971
2.9618954736678504  12123
2.962369335670021  10769
2.9628426812012423  13249
2.9633155113861114  11988
2.963787827345555  14410
2.964259630196849  10487
2.9647309210536292  10749
2.965201701025912  12738
2.9656719712201065  13965
2.9661417327390325  12496
2.966610986681934  11120
2.967079734144497  13673
2.967547976218862  11891
2.968015713993642  12761
2.9684829485539352  11870
2.9689496809813427  11495
2.9694159123539814  11138
2.9698816437465  13439
2.9703468762300935  12202
2.9708116108725178  12501
2.971275848738105  12432
2.971739590887778  12828
2.9722028383790646  12972
2.972665592266111  11092
2.9731278535996988  10880
2.973589623427257  12821
2.9740509027928774  14255
2.9745116927373285  12667
2.974971994298069  12115
2.975431808509263  11736
2.975891136401793  12803
2.9763499790032735  10987
2.976808337338066  11732
2.977266212427293  14388
2.9777236052888476  13188
2.978180516937414  11741
2.9786369483844743  13109
2.979092900638326  12311
2.979548374704095  11788
2.9800033715837464  11108
2.9804578922761  12078
2.9809119377768436  10326
2.9813655090785445  11088
2.9818186071706636  13015
2.9822712330395684  13570
2.9827233876685453  12800
2.983175072037813  13306
2.9836262871245345  12045
2.984077033902831  12256
2.9845273133437926  11471
2.9849771264154934  11787
2.9854264740830017  14221
2.9858753573083936  12364
2.986323777050765  11644
2.9867717342662448  13754
2.9872192299080047  11343
2.9876662649262746  14867
2.988112840268352  11006
2.9885589568786157  10727
2.989004615698537  11787
2.9894498176666917  11736
2.989894563718773  14841
2.9903388547876015  11882
2.9907826918031377  11874
2.9912260756924947  12185
2.9916690073799486  11500
2.9921114877869495  12940
2.9925535178321354  11541
2.9929950984313414  14794
2.9934362304976116  12713
2.993876914941211  12409
2.9943171526696366  11524
2.9947569445876283  13014
2.9951962915971793  11632
2.99563519459755  13239
2.9960736544852753  11963
2.9965116721541785  12342
2.996949248495381  11391
2.997386384397313  12916
2.9978230807457256  11390
2.998259338423699  10423
2.998695158311656  12042
2.999130541287371  11967
2.9995654882259823  11408
3.0  12451
3.000434077479319  13942
3.0008677215312267  12511
3.0013009330204183  14237
3.0017337128090005  11778
3.002166061756508  12901
3.0025979807199086  12507
3.003029470553618  12527
3.0034605321095067  10643
3.0038911662369103  11890
3.0043213737826426  13552
3.004751155591001  11439
3.0051805125037805  11386
3.0056094453602804  12992
3.0060379549973173  11273
3.0064660422492318  13243
3.0068937079479006  11372
3.0073209529227447  12551
3.00774777800074  10895
3.0081741840064264  11382
3.0086001717619175  10051
3.0090257420869104  13498
3.009450895798694  13000
3.00987563371216  13023
3.010299956639812  13593
3.010723865391773  9494
3.0111473607757975  11924
3.0115704435972783  11426
3.011993114659257  12978
3.012415374762433  13821
3.012837224705172  12381
3.0132586652835167  12503
3.0136796972911926  10760
3.0141003215196207  11130
3.0145205387579237  12759
3.0149403497929366  11885
3.0153597554092144  11337
3.015778756389041  10610
3.016197353512439  13187
3.016615547557177  11273
3.0170333392987803  12909
3.017450729510536  13559
3.0178677189635055  11643
3.018284308426531  11950
3.0187004986662433  13659
3.019116290447073  15201
3.0195316845312554  11531
3.0199466816788423  11175
3.0203612826477078  11441
3.020775488193558  14634
3.0211892990699383  12051
3.021602716028242  14804
3.02201573981772  11943
3.0224283711854865  12955
3.022840610876528  11033
3.0232524596337114  10923
3.0236639181977933  13123
3.024074987307426  11328
3.024485667699167  12885
3.024895960107485  10808
3.0253058652647704  12942
3.025715383901341  11186
3.0261245167454502  12806
3.0265332645232967  13170
3.0269416279590295  11866
3.0273496077747564  13453
3.0277572046905536  12529
3.0281644194244697  12725
3.0285712526925375  13743
3.028977705208778  14047
3.0293837776852097  10649
3.029789470831856  10075
3.030194785356751  13911
3.030599721965951  12839
3.0310042813635367  12009
3.031408464251624  12221
3.0318122713303706  11197
3.0322157032979815  11384
3.03261876085072  11278
3.0330214446829107  13891
3.03342375548695  10963
3.03382569395331  11682
3.0342272607705505  12354
3.0346284566253203  11386
3.0350292822023683  15828
3.0354297381845483  11466
3.035829825252828  13782
3.0362295440862948  12243
3.036628895362161  14176
3.037027879755775  10278
3.037426497940624  11855
3.037824750588342  12386
3.0382226383687185  11867
3.038620161949703  11008
3.039017321997412  11529
3.0394141191761372  14401
3.0398105541483504  12175
3.0402066275747113  14077
3.040602340114073  11844
3.0409976924234905  12866
3.041392685158225  10653
3.041787318971752  14363
3.042181594515766  11709
3.0425755124401905  12915
3.0429690733931802  11287
3.0433622780211294  11083
3.0437551269686796  11859
3.044147620878723  13402
3.044539760392411  12241
3.04493154614916  11043
3.0453229787866576  11026
3.0457140589408676  11442
3.0461047872460387  12159
3.0464951643347082  12545
3.04688519083771  10992
3.0472748673841794  11556
3.04766419460156  12816
3.048053173115609  12769
3.0484418035504044  10869
3.04883008652835  12649
3.0492180226701815  10352
3.049605612594973  10269
3.0499928569201424  12684
3.050379756261458  9595
3.0507663112330423  11268
3.0511525224473814  12294
3.0515383905153275  15062
3.0519239160461065  13161
3.0523090996473234  10633
3.052693941924968  13988
3.0530784434834195  13657
3.053462604925455  11656
3.0538464268522527  12124
3.0542299098633974  12343
3.0546130545568877  11534
3.0549958615291417  11810
3.055378331375  10907
3.0557604646877348  13863
3.056142262059052  12196
3.0565237240791006  13841
3.0569048513364727  12276
3.0572856444182146  13072
3.0576661039098294  10293
3.0580462303952816  11937
3.058426024457005  12378
3.0588054866759067  12219
3.059184617631371  12779
3.0595634179012676  14364
3.059941888061955  13137
3.060320028688285  10536
3.060697840353612  13524
3.0610753236297916  11937
3.061452479087193  11099
3.061829307294699  13182
3.0622058088197126  12386
3.062581984228163  15528
3.0629578340845103  14081
3.0633333589517497  11211
3.0637085593914173  12688
3.064083435963596  11984
3.0644579892269186  10735
3.064832219738574  11958
3.065206128054312  11269
3.0655797147284485  14349
3.06595298031387  10784
3.0663259253620376  12845
3.0666985504229953  12803
3.0670708560453703  13241
3.0674428427763805  12363
3.0678145111618402  14597
3.0681858617461617  12583
3.068556895072363  12775
3.068927611682072  14412
3.0692980121155293  12614
3.0696680969115957  11567
3.070037866607755  11553
3.0704073217401198  12626
3.0707764628434346  12192
3.0711452904510828  11921
3.071513805095089  11582
3.0718820073061255  11467
3.072249897613515  13437
3.0726174765452368  12281
3.0729847446279304  12076
3.073351702386901  14530
3.0737183503461227  12679
3.074084689028244  13599
3.074450718954591  12860
3.074816440645175  13365
3.0751818546186915  11804
3.0755469613925306  13962
3.0759117614827773  12712
3.076276255404218  10949
3.076640443670342  11370
3.0770043267933502  12572
3.0773679052841563  12910
3.077731179652392  10425
3.0780941504064105  13190
3.0784568180532927  12269
3.0788191830988487  13119
3.0791812460476247  13783
3.079543007402906  10648
3.079904467666721  11680
3.0802656273398448  12234
3.0806264869218056  13396
3.080987046910887  12692
3.0813473078041325  13907
3.081707270097349  12995
3.082066934285113  12792
3.0824263008607717  11558
3.0827853703164503  10498
3.0831441431430524  12324
3.0835026198302673  12138
3.083860800866573  11174
3.0842186867392387  12372
3.084576277934331  10791
3.084933574936716  11438
3.085290578230065  10655
3.0856472882968564  12687
3.0860037056183818  13221
3.0863598306747484  13737
3.0867156639448825  11929
3.0870712059065353  11803
3.0874264570362855  11645
3.087781417809542  11202
3.0881360887005513  12054
3.0884904701823963  11967
3.088844562727004  10637
3.089198366805149  11661
3.089551882886454  12403
3.089905111439398  10964
3.090258052931316  11381
3.090610707828407  11161
3.0909630765957314  13042
3.091315159697223  13037
3.0916669575956846  14701
3.092018470752797  11248
3.0923696996291206  12768
3.0927206446840994  11862
3.0930713063760633  11456
3.093421685162235  11453
3.09377178149873  11362
3.0941215958405612  11691
3.094471128641645  13099
3.0948203803548  12371
3.095169351431755  13958
3.095518042323151  11681
3.0958664534785427  11598
3.0962145853464054  12029
3.0965624383741357  13971
3.0969100130080562  12877
3.09725730969342  12945
3.097604328874411  12863
3.09795107099415  11390
3.0982975364946976  11458
3.098643725817057  13578
3.0989896394011773  13432
3.0993352776859577  13556
3.09968064110925  13267
3.1000257301078626  12593
3.100370545117563  11138
3.1007150865730817  14708
3.1010593549081156  11767
3.101403350555331  11019
3.1017470739463664  12695
3.1020905255118367  11008
3.1024337056813365  12503
3.1027766148834415  13353
3.1031192535457137  12047
3.103461622094705  12729
3.103803720955957  12853
3.104145550554008  13548
3.104487111312395  11776
3.1048284036536553  11575
3.1051694279993316  13421
3.1055101847699738  11518
3.1058506743851435  12671
3.1061908972634154  11070
3.1065308538223815  14130
3.106870544478654  14836
3.1072099696478683  12048
3.1075491297446862  14497
3.1078880251827985  14305
3.1082266563749283  12585
3.1085650237328344  13316
3.1089031276673134  9634
3.109240968588203  11875
3.1095785469043866  12968
3.1099158630237933  11630
3.110252917353403  12426
3.110589710299249  10837
3.1109262422664203  11127
3.1112625136590655  13345
3.111598524880394  12488
3.1119342763326814  15758
3.1122697684172707  12019
3.1126050015345745  12781
3.11293997608408  11925
3.1132746924643504  13557
3.1136091510730277  12828
3.113943352306837  11193
3.1142772965615864  12574
3.114610984232173  13114
3.1149444157125847  13457
3.1152775913959014  11974
3.1156105116742996  13710
3.115943176939055  12981
3.116275587580544  11951
3.1166077439882485  14829
3.116939646550756  12267
3.1172712956557644  13472
3.117602691690084  13641
3.1179338350396413  11710
3.118264726089479  13564
3.118595365223762  10947
3.1189257528257768  12514
3.1192558892779365  10480
3.119585774961784  11406
3.119915410257991  14332
3.1202447955463652  11050
3.12057393120585  10917
3.1209028176145273  9726
3.1212314551496214  10977
3.1215598441875008  13110
3.121887985103681  10681
3.1222158782728267  11549
3.1225435240687545  14305
3.1228709228644354  11615
3.1231980750319988  10575
3.123524980942732  11779
3.123851640967086  12610
3.124178055474675  13524
3.1245042248342823  12825
3.1248301494138593  11044
3.12515582958053  12699
3.125481265700594  13747
3.125806458139527  13093
3.1261314072619846  13108
3.1264561134318045  12274
3.126780577012009  12632
3.1271047983648077  11731
3.127428777851599  11462
3.1277525158329733  10718
3.1280760126687155  11709
3.1283992687178066  11763
3.128722284338427  11405
3.1290450598879582  15300
3.1293675957229854  13010
3.129689892199301  12277
3.1300119496719043  13148
3.130333768495006  12426
3.130655349022031  12607
3.130976691605617  11033
3.131297796597623  12346
3.1316186643491255  14059
3.1319392952104246  10212
3.1322596895310446  10211
3.132579847659737  13895
3.132899769944483  13870
3.1332194567324945  12240
3.1335389083702174  11357
3.133858125203335  12832
3.1341771075767664  12125
3.1344958558346736  12390
3.13481437032046  12582
3.1351326513767748  12346
3.1354506993455136  12614
3.1357685145678222  12319
3.1360860973840974  11837
3.13640344813399  13022
3.1367205671564067  11503
3.1370374547895126  10692
3.137354111370733  13662
3.137670537236755  9744
3.137986732723532  12865
3.1383026981662816  11882
3.1386184338994925  13266
3.1389339402569236  11710
3.139249217571607  14494
3.13956426617585  9685
3.1398790864012365  9284
3.140193678578631  11969
3.1405080430381798  11565
3.1408221801093106  12526
3.141136090120739  11511
3.1414497734004674  13598
3.141763230275788  12510
3.1420764610732848  14659
3.142389466118836  12706
3.1427022457376155  14308
3.143014800254095  12590
3.143327129992046  13589
3.1436392352745433  14416
3.1439511164239633  13606
3.144262773761991  12516
3.144574207609616  11834
3.144885418287142  12287
3.1451964061141817  11887
3.1455071714096627  12107
3.1458177144918276  13153
3.146128035678238  12512
3.1464381352857744  13507
3.14674801363064  12441
3.1470576710283598  11992
3.1473671077937864  11458
3.1476763242410986  11550
3.147985320683805  12963
3.1482940974347455  12298
3.1486026548060932  13238
3.1489109931093564  11866
3.1492191126553797  13075
3.149527013754348  10149
3.149834696715785  12081
3.1501421618485588  12337
3.150449409460881  12516
3.150756439860309  11470
3.15106325335375  11082
3.1513698502474603  11388
3.151676230847048  13686
3.151982395457474  13182
3.1522883443830563  14139
3.15259407792747  12882
3.1528995963937474  12721
3.153204900084284  12159
3.1535099893008374  13392
3.153814864344529  11255
3.154119525515847  13377
3.154423973114647  12968
3.1547282074401557  12242
3.1550322287909704  11043
3.155336037465062  10139
3.1556396337597765  12369
3.1559430179718366  12889
3.1562461903973444  12656
3.1565491513317814  11941
3.156851901070011  11665
3.1571544399062814  11747
3.157456768134226  11515
3.1577588860468637  13298
3.158060793936605  10081
3.1583624920952498  12164
3.1586639808139894  11741
3.15896526038341  12079
3.159266331093494  11158
3.1595671932336202  12629
3.1598678470925665  11147
3.160168292958512  13662
3.1604685311190375  12244
3.1607685618611283  12065
3.1610683854711747  9803
3.161368002234975  10291
3.161667412437736  12103
3.161966616364075  11734
3.1622656142980214  11116
3.162564406523019  12488
3.162862993321926  12484
3.1631613749770184  13624
3.16345955176999  14170
3.163757523981956  13408
3.1640552918934515  11340
3.164352855784437  10880
3.1646502159342966  11103
3.1649473726218416  12207
3.1652443261253107  12589
3.165541076722373  12301
3.1658376246901283  13052
3.166133970305109  12949
3.166430113843283  10898
3.166726055580052  11008
3.1670217957902564  10312
3.167317334748176  13132
3.16761267272753  12377
3.16790781000148  13677
3.168202746842631  12912
3.1684974835230326  13861
3.1687920203141817  15085
3.1690863574870227  12875
3.1693804953119495  13128
3.1696744340588068  13275
3.1699681739968923  14254
3.1702617153949575  11769
3.1705550585212086  11365
3.170848203643309  12088
3.1711411510283822  12135
3.171433900943008  14039
3.171726453653231  12867
3.1720188094245563  9828
3.172310968521954  11952
3.17260293120986  12868
3.1728946977521764  13233
3.173186268412274  13272
3.1734776434529945  12667
3.17376882313665  12381
3.1740598077250253  12915
3.1743505974793798  9685
3.1746411926604483  11654
3.1749315935284423  12839
3.1752218003430523  12544
3.1755118133634475  13637
3.1758016328482794  12441
3.1760912590556813  13032
3.1763806922432702  11755
3.17666993266815  12602
3.176958980586908  13454
3.1772478362556233  12601
3.1775364999298623  13621
3.177824971864682  12587
3.1781132523146316  10962
3.178401341533755  13411
3.17868923977559  11455
3.1789769472931693  12406
3.1792644643390253  11072
3.1795517911651876  10041
3.179838928023187  13463
3.180125875164054  12325
3.180412632838324  12695
3.1806992012960347  12143
3.1809855807867304  12826
3.1812717715594614  12509
3.1815577738627865  14000
3.1818435879447726  12896
3.182129214052998  14127
3.182414652434554  12080
3.1826999033360424  11092
3.182984967003582  13263
3.1832698436828046  13004
3.1835545336188615  13507
3.1838390370564214  12547
3.184123354239671  12196
3.1844074854123203  13534
3.184691430817599  11172
3.184975190698261  11974
3.185258765296585  12037
3.185542154854375  10874
3.185825359612962  12591
3.1861083798132053  12925
3.186391215695493  13741
3.1866738674997452  14196
3.1869563354654122  10860
3.187238619831479  11990
3.187520720836463  12469
3.1878026387184195  10758
3.188084373714938  11597
3.188365926063148  11922
3.188647295999717  11166
3.1889284837608534  11162
3.189209489582306  14173
3.1894903136993675  9865
3.189770956346874  12373
3.190051417759206  11309
3.1903316981702914  11806
3.190611797813605  14254
3.1908917169221698  12618
3.1911714557285586  12559
3.1914510144648953  10857
3.1917303933628562  13061
3.1920095926536702  10848
3.1922886125681202  11097
3.1925674533365456  12029
3.192846115188842  12601
3.1931245983544616  11765
3.1934029030624176  11637
3.1936810295412816  11455
3.193958978019187  14105
3.1942367487238292  13374
3.194514341882467  11820
3.1947917577219247  13165
3.1950689964685903  12171
3.1953460583484197  11694
3.1956229435869368  11079
3.1958996524092336  10971
3.1961761850399735  12537
3.196452541703389  14269
3.196728722623287  11481
3.1970047280230456  11979
3.197280558125619  11939
3.1975562131535367  11619
3.197831693328903  11517
3.1981069988734014  13304
3.1983821300082944  11317
3.1986570869544226  10414
3.198931869932209  11506
3.1992064791616577  11194
3.199480914862356  11834
3.1997551772534747  11977
3.2000292665537704  14306
3.200303182981585  13245
3.2005769267548483  10829
3.2008504980910772  11653
3.2011238972073794  12903
3.2013971243204513  11335
3.2016701796465816  12787
3.20194306340165  10688
3.2022157758011316  13179
3.2024883170600935  12859
3.2027606873931997  12331
3.2030328870147105  13055
3.203304916138483  12474
3.2035767749779724  13434
3.2038484637462346  9143
3.2041199826559246  12241
3.2043913319193  12118
3.204662511748219  12559
3.204933522354145  11049
3.2052043639481447  11536
3.205475036740891  13575
3.205745540942662  13037
3.2060158767633444  13344
3.2062860444124324  13207
3.2065560440990297  13045
3.2068258760318495  10947
3.207095540419218  12460
3.2073650374690716  11540
3.2076343673889616  10743
3.2079035303860515  15107
3.2081725266671217  13120
3.208441356438567  10534
3.208710019906401  14108
3.2089785172762535  9949
3.2092468487533736  12040
3.2095150145426308  11038
3.209783014848515  11680
3.2100508498751372  11623
3.210318519826232  12700
3.2105860249051563  11851
3.210853365314893  14151
3.2111205412580492  13226
3.2113875529368587  11702
3.2116544005531824  12032
3.2119210843085093  10833
3.2121876044039577  13106
3.212453961040276  9662
3.2127201544178425  10985
3.212986184736668  10392
3.2132520521963968  12081
3.2135177569963047  11514
3.2137832993353044  12145
3.2140486794119414  12602
3.2143138974244  12367
3.214578953570499  12546
3.214843848047698  11953
3.215108581053093  14004
3.215373152783422  10453
3.215637563435062  12699
3.215901813204032  11895
3.216165902285993  11109
3.216429830876251  12263
3.2166935991697545  11357
3.216957207361097  11199
3.217220655644519  13463
3.2174839442139063  12060
3.2177470732627937  11064
3.218010042984363  11081
3.2182728535714475  12373
3.218535505216528  11474
3.2187979981117376  13148
3.219060332448861  10890
3.219322508419337  12326
3.2195845262142546  11909
3.219846386024361  11504
3.220108088040055  10663
3.2203696324513946  10311
3.220631019448092  11424
3.2208922492195193  12044
3.2211533219547053  11810
3.2214142378423385  9970
3.2216749970707688  11947
3.2219355998280053  11418
3.22219604630172  10914
3.222456336679247  13090
3.2227164711475833  13399
3.2229764498933915  12487
3.2232362731029975  11999
3.2234959409623944  10360
3.2237554536572413  14099
3.224014811372864  10520
3.2242740142942576  13107
3.2245330626060857  10712
3.2247919564926817  12167
3.225050696138049  12733
3.225309281725863  14048
3.225567713439471  10760
3.2258259914618934  10661
3.226084115975824  12186
3.226342087163631  11821
3.2265999052073573  10986
3.2268575702887237  8724
3.2271150825891253  13206
3.2273724422896364  13228
3.227629649571009  11101
3.2278867046136734  12878
3.2281436075977417  14741
3.228400358703005  11718
3.2286569581089353  10337
3.228913405994688  12168
3.229169702539101  11965
3.229425847920695  12093
3.229681842317676  13495
3.229937685907934  12766
3.230193378869046  11128
3.230448921378274  12410
3.230704313612569  10258
3.230959555748569  12946
3.231214647962601  13195
3.2314695904306814  11404
3.2317243833285163  12265
3.231979026831504  12184
3.2322335211147335  11229
3.232487866352986  12430
3.232742062720737  11627
3.2329961103921536  11380
3.2332500095411003  10694
3.2335037603411343  10663
3.2337573629655103  12463
3.2340108175871793  12438
3.2342641243787895  12772
3.2345172835126865  10876
3.2347702951609163  11802
3.2350231594952237  11163
3.2352758766870524  11724
3.2355284469075487  11323
3.2357808703275603  10248
3.236033147117636  13037
3.2362852774480286  10944
3.236537261488694  11036
3.2367890994092927  14084
3.237040791379191  10320
3.237292337567459  10495
3.2375437381428744  11136
3.2377949932739227  12223
3.2380461031287955  10497
3.238297067875394  11664
3.2385478876813276  9891
3.238798562713917  11404
3.2390490931401916  11950
3.2392994791268923  10554
3.239549720840473  11129
3.2397998184470986  12123
3.2400497721126476  10351
3.2402995820027125  11869
3.2405492482826  12989
3.240798771117331  11577
3.241048150671644  13201
3.2412973871099933  11852
3.2415464805965484  12011
3.241795431295199  11874
3.2420442393695508  11557
3.2422929049829308  10162
3.2425414282983844  11387
3.2427898094786767  12440
3.2430380486862944  11502
3.243286146083446  11093
3.243534101832062  10697
3.243781916093795  10097
3.244029589030022  12475
3.244277120801843  12256
3.244524511570084  12204
3.244771761495295  11312
3.245018870737753  12123
3.245265839457461  11242
3.24551266781415  12714
3.245759355967277  14131
3.246005904076029  11945
3.246252312299322  12017
3.246498580795801  11400
3.2467447097238415  10526
3.24699069924155  9853
3.247236549506764  12393
3.2474822606770544  11570
3.2477278329097232  10260
3.247973266361807  11125
3.248218561190075  11027
3.248463717551032  12705
3.2487087356009177  10345
3.2489536154957075  11556
3.249198357391113  11236
3.249442961442582  10909
3.2496874278053016  10477
3.249931756634195  11201
3.250175948083925  11329
3.250420002308894  10133
3.2506639194632436  10169
3.250907699700856  12149
3.2511513431753545  11061
3.2513948500401044  11278
3.251638220448212  10737
3.2518814545525276  11231
3.252124552505644  13516
3.2523675144598987  13393
3.252610340567373  11457
3.2528530309798933  10712
3.2530955858490316  12012
3.2533380053261065  12211
3.253580289562183  11156
3.2538224387080734  11006
3.254064452914338  12649
3.2543063323312857  10973
3.2545480771089736  10863
3.25478968739721  9615
3.2550311633455515  10642
3.255272505103306  10549
3.2555137128195333  11484
3.255754786643044  12419
3.255995726722402  10698
3.256236533205923  11889
3.256477206241677  11109
3.256717745977487  10977
3.256958152560932  11440
3.2571984261393445  11358
3.257438566859814  10485
3.2576785748691846  12790
3.2579184503140586  10998
3.2581581933407944  11040
3.258397804095509  10983
3.2586372827240764  12023
3.258876629372131  12486
3.2591158441850663  11293
3.2593549273080344  13133
3.2595938788859486  11268
3.2598326990634834  11727
3.2600713879850747  10291
3.26030994579492  10245
3.2605483726369795  10666
3.2607866686549762  11845
3.2610248339923973  11076
3.2612628687924934  9614
3.2615007731982804  9307
3.2617385473525378  10711
3.2619761913978125  11221
3.262213705476417  10836
3.2624510897304293  10163
3.2626883443016963  12497
3.2629254693318317  9805
3.2631624649622166  10845
3.263399331334002  11247
3.263636068588108  10886
3.2638726768652235  12312
3.2641091563058082  9467
3.2643455070500926  10471
3.2645817292380777  12914
3.2648178230095364  11082
3.2650537885040145  10024
3.26528962586083  10874
3.2655253352190736  9781
3.2657609167176105  9853
3.265996370495079  10801
3.266231696689893  11563
3.2664668954402414  11023
3.2667019668840878  10302
3.266936911159173  10351
3.2671717284030137  12062
3.267406418752904  12383
3.2676409823459154  9776
3.2678754193188975  10503
3.2681097298084785  11129
3.268343913951065  10791
3.268577971882843  11442
3.2688119037397803  10521
3.269045709657623  9812
3.2692793897718984  10418
3.2695129442179165  10753
3.269746373130767  11035
3.269979676645324  10522
3.2702128548962426  11241
3.2704459080179626  10120
3.2706788361447066  9957
3.2709116394104814  11648
3.2711443179490782  10139
3.2713768718940743  10340
3.271609301378832  9447
3.271841606536499  10242
3.27207378750001  11129
3.2723058444020863  11900
3.2725377773752373  11305
3.2727695865517594  10364
3.2730012720637376  11053
3.2732328340430454  11157
3.273464272621346  10728
3.273695587930092  9853
3.2739267801005254  10282
3.27415784926368  12249
3.274388795550379  9549
3.274619619091238  10597
3.274850320016665  11528
3.2750808984568587  10582
3.2753113545418118  9619
3.2755416884013098  10000
3.2757719001649312  8742
3.27600198996205  10560
3.2762319579218335  9607
3.2764618041732443  9234
3.27669152884504  9951
3.276921132065774  9176
3.277150613963797  10353
3.2773799746672547  9364
3.2776092143040914  10960
3.2778383330020473  11575
3.2780673308886628  10385
3.2782962080912736  9444
3.2785249647370174  10260
3.278753600952829  11340
3.278982116865443  9963
3.279210512601395  10595
3.2794387882870204  9561
3.2796669440484556  10112
3.279894980011638  9359
3.2801228963023075  9001
3.280350693046006  9818
3.2805783703680764  9639
3.280805928393667  11036
3.2810333672477277  10051
3.281260687055013  10181
3.2814878879400813  9991
3.281714970027296  10348
3.281941933440825  9422
3.2821687783046416  10000
3.2823955047425257  9406
3.2826221128780624  10237
3.282848602834645  11165
3.2830749747354715  10255
3.2833012287035497  9058
3.2835273648616936  10708
3.2837533833325265  10927
3.28397928423848  9621
3.284205067701794  10407
3.2844307338445193  10644
3.2846562827885157  10943
3.284881714655453  8456
3.285107029566812  10264
3.2853322276438846  9181
3.285557309007774  10733
3.285782273779395  9817
3.2860071220794747  10767
3.286231854028553  10565
3.286456469746983  9276
3.28668096935493  9770
3.286905352972375  10951
3.287129620719111  8527
3.2873537727147464  10345
3.2875778090787056  8902
3.287801729930226  9447
3.2880255353883627  9672
3.288249225571986  10508
3.2884728005997825  9561
3.288696260590256  10079
3.2889196056617265  9208
3.289142835932333  8710
3.2893659515200318  9196
3.2895889525425965  9706
3.2898118391176214  9949
3.290034611362518  9065
3.2902572693945182  10150
3.290479813330673  9100
3.2907022432878543  10078
3.2909245593827543  9326
3.2911467617318855  9394
3.291368850451583  9083
3.2915908256580013  9248
3.291812687467119  9591
3.2920344359947364  8247
3.292256071356476  9693
3.292477593667784  8739
3.29269900304393  9182
3.292920299600006  8763
3.2931414834509307  9169
3.2933625547114453  9045
3.2935835134961167  8003
3.2938043599193367  9322
3.2940250940953226  9156
3.2942457161381182  9382
3.294466226161593  10779
3.2946866242794433  9854
3.2949069106051923  9348
3.295127085252191  9724
3.295347148333618  7936
3.295567099962479  9662
3.295786940251609  8943
3.2960066693136723  9703
3.2962262872611605  8628
3.296445794206396  8038
3.296665190261531  10761
3.296884475538547  9101
3.2971036501492565  9310
3.2973227142053028  9295
3.2975416678181597  8627
3.297760511099134  8917
3.2979792441593623  8996
3.298197867109815  9813
3.2984163800612945  8546
3.2986347831244354  8368
3.298853076409707  9418
3.2990712600274095  9131
3.29928933408768  9020
3.2995072987004876  9207
3.2997251539756367  9288
3.299942900022767  9292
3.3001605369513523  8936
3.3003780648707024  7962
3.3005954838899636  8586
3.300812794118117  8781
3.3010299956639813  9268
3.3012470886362113  9437
3.3014640731433  7761
3.3016809492935764  9000
3.301897717195208  8887
3.302114376956201  8927
3.302330928684399  8610
3.3025473724874854  8429
3.3027637084729817  8560
3.3029799367482493  8630
3.303196057420489  7788
3.303412070596742  9245
3.30362797638389  8684
3.3038437748886547  7900
3.3040594662175993  8745
3.3042750504771283  8689
3.3044905277734875  7541
3.3047058982127653  8530
3.3049211619008916  8372
3.305136318943639  8426
3.305351369446624  7337
3.305566313515304  8607
3.3057811512549824  7692
3.3059958827708047  7878
3.3062105081677613  8434
3.3064250275506875  9175
3.3066394410242617  7667
3.3068537486930087  8428
3.3070679506612985  7583
3.307282047033346  7459
3.307496037913213  7830
3.307709923404807  8582
3.307923703611882  7934
3.3081373786380386  8328
3.308350948586726  8022
3.3085644135612386  7465
3.3087777736647213  7645
3.3089910290001643  7268
3.3092041796704077  7539
3.30941722577814  8665
3.3096301674258988  7982
3.3098430047160705  7421
3.3100557377508912  7487
3.3102683666324477  7419
3.3104808914626753  7954
3.3106933123433606  7591
3.3109056293761414  7074
3.311117842662506  7761
3.3113299523037933  7486
3.311541958401195  6922
3.311753861055754  7524
3.3119656603683665  7011
3.3121773564397787  7237
3.312388949370592  7197
3.3126004392612596  6746
3.312811826212088  6646
3.313023110323238  7266
3.313234291694724  7424
3.313445370426414  7125
3.3136563466180315  7267
3.3138672203691533  7104
3.3140779917792127  6359
3.3142886609474975  6081
3.3144992279731516  6918
3.314709692955174  6913
3.31492005599242  6924
3.315130317183602  7230
3.3153404766272883  7015
3.315550534421905  6815
3.3157604906657347  6378
3.315970345456918  6907
3.3161800988934527  7497
3.3163897510731952  6559
3.3165993020938607  6766
3.316808752053022  6604
3.3170181010481117  6522
3.31722734917642  6564
3.317436496535099  6546
3.3176455432211585  6173
3.317854489331469  6084
3.3180633349627615  6474
3.318272080211627  6172
3.3184807251745174  6713
3.318689269947746  6053
3.3188977146274867  6115
3.3191060593097763  6527
3.319314304090512  5985
3.3195224490654542  6207
3.3197304943302246  6408
3.3199384399803087  6628
3.3201462861110542  6028
3.3203540328176717  5769
3.3205616801952367  5556
3.3207692283386865  5318
3.3209766773428235  6067
3.3211840273023143  6051
3.321391278311689  5997
3.3215984304653436  5408
3.3218054838575393  5485
3.3220124385824006  5498
3.322219294733919  6268
3.3224260524059526  5345
3.3226327116922234  5744
3.322839272686321  5709
3.3230457354817013  5573
3.323252100171687  5758
3.3234583668494677  5398
3.3236645356081  5129
3.323870606540509  5738
3.3240765797394864  4913
3.3242824552976926  5324
3.3244882333076564  5551
3.3246939138617746  4981
3.3248994970523134  4815
3.3251049829714074  5447
3.325310371711061  5481
3.325515663363148  5408
3.325720858019412  4710
3.325925955771466  4675
3.3261309567107946  4863
3.326335860928751  5096
3.3265406685165617  4923
3.3267453795653217  4869
3.326949994165999  5020
3.3271545124094315  5082
3.3273589343863303  4937
3.327563260187278  4619
3.327767489902729  4848
3.3279716236230104  5031
3.3281756614383227  4189
3.3283796034387376  4391
3.328583449714202  4506
3.3287872003545345  4818
3.3289908554494287  4515
3.329194415088451  4630
3.329397879361043  4615
3.3296012483565187  4219
3.3298045221640695  4055
3.330007700872759  3965
3.330210784571528  4609
3.330413773349191  4457
3.3306166672944384  4154
3.330819466495837  4082
3.3310221710418286  3959
3.3312247810207323  4084
3.331427296520743  3568
3.3316297176299323  3974
3.331832044436249  3906
3.332034277027518  3739
3.3322364154914434  4050
3.3324384599156054  4139
3.3326404103874627  3814
3.3328422669943514  3648
3.3330440298234874  3934
3.3332456989619628  3884
3.3334472744967503  3627
3.3336487565147013  3497
3.333850145102545  3496
3.334051440346892  3459
3.334252642334231  3393
3.3344537511509307  3269
3.3346547668832414  3506
3.3348556896172914  3493
3.3350565194390915  3545
3.3352572564345317  3235
3.3354579006893843  2975
3.3356584522893016  3136
3.335858911319818  2784
3.336059277866349  2677
3.336259552014193  2891
3.3364597338485296  2832
3.3366598234544202  2515
3.336859820916809  2641
3.3370597263205246  2661
3.3372595397502756  3057
3.337459261290656  2316
3.3376588910261424  2806
3.3378584290410944  2720
3.3380578754197563  2288
3.3382572302462554  2418
3.3384564936046046  2437
3.3386556655787003  2641
3.338854746252323  2230
3.339053735709139  2232
3.3392526340327  2260
3.3394514413064407  2029
3.339650157613684  1976
3.339848783037637  2121
3.340047317661393  1885
3.3402457615679317  1862
3.3404441148401185  1964
3.3406423775607053  1939
3.3408405498123317  2067
3.341038631677523  1645
3.3412366232386925  1894
3.34143452457814  1707
3.3416323357780544  1781
3.3418300569205104  1539
3.3420276880874717  1574
3.3422252293607904  1534
3.342422680822206  1456
3.342620042553348  1494
3.342817314635733  1468
3.343014497150768  1427
3.3432115901797474  1212
3.3434085938038574  1438
3.343605508104172  1426
3.343802333161655  1384
3.3439990690571615  1097
3.344195715871435  1139
3.3443922736851106  1110
3.344588742578714  1286
3.344785122632661  1209
3.344981413927258  1116
3.345177616542704  1106
3.3453737305590883  1133
3.345569756056392  983
3.345765693114488  971
3.3459615418131414  966
3.346157302232008  925
3.346352974450639  819
3.346548558548474  956
3.346744054604849  808
3.3469394626989906  910
3.34713478291002  808
3.3473300153169503  740
3.3475251599986895  678
3.347720217034038  628
3.3479151865016914  687
3.3481100684802376  661
3.3483048630481607  713
3.348499570283838  692
3.348694190265541  627
3.348888723071438  595
3.34908316877959  607
3.3492775274679554  527
3.3494717992143856  513
3.34966598409663  577
3.3498600821923312  499
3.3500540935790304  514
3.3502480183341627  396
3.350441856535061  387
3.3506356082589543  502
3.350829273582968  340
3.3510228525841237  430
3.351216345339342  339
3.351409751925439  348
3.351603072419129  313
3.3517963068970236  285
3.351989455435632  281
3.3521825181113627  234
3.35237549500052  284
3.3525683861793087  304
3.3527611917238307  261
3.3529539117100877  256
3.3531465462139796  239
3.3533390953113047  222
3.353531559077762  226
3.353723937588949  252
3.353916230920363  228
3.3541084391474008  205
3.35430056234536  196
3.3544926005894364  173
3.3546845539547285  183
3.354876422516234  158
3.3550682063488506  129
3.3552599055273786  148
3.3554515201265174  172
3.355643050220869  128
3.355834495884936  143
3.3560258571931225  154
3.3562171342197353  116
3.3564083270389813  116
3.356599435724971  108
3.356790460351716  77
3.3569814009931314  101
3.3571722577230334  101
3.3573630306151427  64
3.3575537197430814  91
3.3577443251803754  75
3.357934847000454  68
3.3581252852766488  74
3.358315640082196  56
3.3585059114902354  53
3.3586960995738107  44
3.358886204405869  50
3.359076226059263  44
3.3592661646067485  36
3.3594560201209864  36
3.359645792674543  36
3.359835482339888  33
3.3600250891893975  34
3.3602146132953523  26
3.3604040547299387  33
3.360593413565249  29
3.36078268987328  24
3.3609718837259357  19
3.361160995195026  16
3.3613500243522663  31
3.361538971269279  12
3.361727836017593  17
3.3619166186686433  20
3.362105319293773  18
3.362293937964231  16
3.3624824747511743  12
3.362670929725667  10
3.36285930295868  7
3.3630475945210936  7
3.363235804483694  11
3.3634239329171765  6
3.3636119798921444  11
3.3637999454791094  6
3.3639878297484915  5
3.3641756327706194  3
3.3643633546157306  5
3.364550995353972  1
3.3647385550553985  5
3.364926033789976  6
3.3651134316275773  3
3.3653007486379876  2
3.3654879848909  1
3.3656751404559175  1
3.365862215402555  3
3.3660492098002353  2
3.36679638328673  2
3.3669829759778507  1
3.367169488534681  2
3.367355921026019  4
3.3675422735205767  2
3.3677285460869766  1
3.3681008517093516  2
