0.3010299956639812  3138
0.47712125471966244  3063
0.6020599913279624  3088
0.6989700043360189  3097
0.7781512503836436  3073
0.8450980400142568  3182
0.9030899869919435  3144
0.9542425094393249  3093
1.0  3153
1.0413926851582251  3050
1.0791812460476249  3097
1.1139433523068367  3069
1.146128035678238  2995
1.1760912590556813  3045
1.2041199826559248  3076
1.2304489213782739  3020
1.255272505103306  3074
1.2787536009528289  3071
1.3010299956639813  3034
1.3222192947339193  3053
1.3424226808222062  2966
1.3617278360175928  2959
1.380211241711606  2946
1.3979400086720377  2973
1.414973347970818  2854
1.4313637641589874  2899
1.4471580313422192  2889
1.462397997898956  2878
1.4771212547196624  2853
1.4913616938342726  2762
1.505149978319906  2898
1.5185139398778875  2864
1.5314789170422551  2938
1.5440680443502757  2905
1.5563025007672873  2857
1.568201724066995  2863
1.5797835966168101  2790
1.591064607026499  2856
1.6020599913279623  2850
1.6127838567197355  2906
1.6232492903979006  2930
1.6334684555795864  2913
1.6434526764861874  2815
1.6532125137753437  2866
1.662757831681574  2951
1.6720978579357175  2939
1.6812412373755872  2942
1.6901960800285136  2896
1.6989700043360187  2947
1.7075701760979363  2954
1.7160033436347992  2902
1.724275869600789  2886
1.7323937598229686  2821
1.7403626894942439  2950
1.7481880270062005  2929
1.7558748556724915  2862
1.7634279935629373  2924
1.7708520116421442  2901
1.7781512503836436  2924
1.7853298350107671  2894
1.792391689498254  2906
1.7993405494535817  2988
1.806179973983887  2970
1.8129133566428555  2875
1.8195439355418688  2948
1.8260748027008264  2947
1.8325089127062364  2907
1.8388490907372552  2923
1.845098040014257  2895
1.8512583487190752  2896
1.8573324964312685  2848
1.863322860120456  2882
1.8692317197309762  2918
1.8750612633917  2912
1.8808135922807914  2893
1.8864907251724818  2875
1.8920946026904804  2852
1.8976270912904414  2983
1.9030899869919435  2878
1.9084850188786497  2915
1.9138138523837167  2897
1.919078092376074  2942
1.9242792860618816  2914
1.9294189257142926  2961
1.9344984512435677  2858
1.9395192526186185  2862
1.9444826721501687  2930
1.9493900066449128  2845
1.954242509439325  2950
1.9590413923210936  2887
1.9637878273455553  2870
1.968482948553935  2930
1.9731278535996986  2847
1.9777236052888478  2961
1.9822712330395684  2983
1.9867717342662448  2860
1.9912260756924949  2850
1.99563519459755  2848
2.0  2908
2.0043213737826426  3017
2.0086001717619175  2881
2.012837224705172  2899
2.0170333392987803  2861
2.0211892990699383  2839
2.0253058652647704  2899
2.0293837776852097  2875
2.03342375548695  2893
2.037426497940624  3000
2.041392685158225  2940
2.0453229787866576  2851
2.0492180226701815  2844
2.0530784434834195  2842
2.0569048513364727  2899
2.060697840353612  2980
2.0644579892269186  2869
2.0681858617461617  2898
2.0718820073061255  2912
2.0755469613925306  2880
2.0791812460476247  2846
2.0827853703164503  2950
2.0863598306747484  2962
2.089905111439398  2932
2.093421685162235  2826
2.0969100130080562  2893
2.100370545117563  2863
2.103803720955957  2939
2.1072099696478683  2860
2.110589710299249  2835
2.113943352306837  2912
2.1172712956557644  2896
2.12057393120585  2922
2.123851640967086  2987
2.1271047983648077  2831
2.130333768495006  2905
2.1335389083702174  2920
2.1367205671564067  2937
2.1398790864012365  2883
2.143014800254095  2911
2.146128035678238  2875
2.1492191126553797  2916
2.1522883443830563  2929
2.155336037465062  2975
2.1583624920952498  2855
2.161368002234975  2868
2.164352855784437  2894
2.167317334748176  2873
2.1702617153949575  2930
2.173186268412274  2853
2.1760912590556813  2879
2.1789769472931693  2856
2.1818435879447726  2934
2.184691430817599  2840
2.187520720836463  2825
2.1903316981702914  2876
2.1931245983544616  2930
2.1958996524092336  2887
2.1986570869544226  2838
2.2013971243204513  2925
2.2041199826559246  2877
2.2068258760318495  2809
2.2095150145426308  3020
2.2121876044039577  2864
2.214843848047698  2881
2.2174839442139063  2911
2.220108088040055  2858
2.2227164711475833  2873
2.225309281725863  2902
2.2278867046136734  2985
2.230448921378274  2894
2.2329961103921536  2925
2.2355284469075487  2869
2.2380461031287955  2944
2.2405492482826  2891
2.2430380486862944  2943
2.24551266781415  2877
2.247973266361807  2841
2.250420002308894  2805
2.2528530309798933  2851
2.255272505103306  2906
2.2576785748691846  2943
2.2600713879850747  2917
2.2624510897304293  2897
2.2648178230095364  2897
2.2671717284030137  2856
2.2695129442179165  2860
2.271841606536499  2884
2.27415784926368  2882
2.2764618041732443  2878
2.278753600952829  2825
2.2810333672477277  2928
2.2833012287035497  2897
2.285557309007774  2913
2.287801729930226  2828
2.290034611362518  2918
2.292256071356476  2891
2.294466226161593  2903
2.296665190261531  2848
2.298853076409707  2861
2.3010299956639813  2960
2.303196057420489  2893
2.305351369446624  2890
2.307496037913213  2871
2.3096301674258988  2853
2.311753861055754  2912
2.3138672203691533  2887
2.315970345456918  2913
2.3180633349627615  2884
2.3201462861110542  2967
2.322219294733919  2873
2.3242824552976926  3005
2.326335860928751  2918
2.3283796034387376  2882
2.330413773349191  2959
2.3324384599156054  2906
2.3344537511509307  2970
2.3364597338485296  2936
2.3384564936046046  2883
2.3404441148401185  2880
2.342422680822206  2966
2.3443922736851106  2929
2.346352974450639  2946
2.3483048630481607  2822
2.3502480183341627  2853
2.3521825181113627  2811
2.3541084391474008  2845
2.3560258571931225  2966
2.357934847000454  2819
2.359835482339888  2952
2.361727836017593  2887
2.3636119798921444  2906
2.3654879848909  2921
2.367355921026019  2906
2.369215857410143  2856
2.3710678622717363  2860
2.3729120029701067  2916
2.374748346010104  2839
2.376576957056512  2858
2.3783979009481375  2962
2.380211241711606  2933
2.3820170425748683  2872
2.383815365980431  2934
2.385606273598312  2896
2.387389826338729  2867
2.3891660843645326  2859
2.3909351071033793  2916
2.392696953259666  2962
2.3944516808262164  2835
2.3961993470957363  2904
2.3979400086720375  2931
2.399673721481038  2882
2.401400540781544  2966
2.403120521175818  2855
2.404833716619938  2925
2.406540180433955  2857
2.4082399653118496  2907
2.4099331233312946  2876
2.41161970596323  2908
2.413299764081252  2953
2.4149733479708178  2888
2.416640507338281  2909
2.4183012913197452  2905
2.419955748489758  2866
2.4216039268698313  2872
2.423245873936808  2909
2.424881636631067  2783
2.4265112613645754  2961
2.428134794028789  2861
2.429752280002408  2847
2.4313637641589874  2892
2.432969290874406  2975
2.4345689040341987  2949
2.436162647040756  2884
2.437750562820388  2959
2.439332693830263  2869
2.4409090820652177  2857
2.4424797690644486  2888
2.444044795918076  2978
2.4456042032735974  2818
2.4471580313422194  2847
2.44870631990508  2886
2.450249108319361  2864
2.45178643552429  2946
2.4533183400470375  2829
2.45484486000851  2880
2.456366033129043  2911
2.4578818967339924  2893
2.459392487759231  2958
2.4608978427565478  2834
2.462397997898956  2837
2.4638929889859074  2922
2.4653828514484184  2894
2.4668676203541096  3022
2.4683473304121573  2939
2.469822015978163  2887
2.4712917110589387  2948
2.4727564493172123  2943
2.4742162640762553  2857
2.4756711883244296  2987
2.4771212547196626  2956
2.4785664955938436  2977
2.4800069429571505  2866
2.481442628502305  2898
2.482873583608754  2882
2.484299839346786  2914
2.48572142648158  2930
2.4871383754771865  2914
2.4885507165004443  2908
2.4899584794248346  2805
2.4913616938342726  2932
2.4927603890268375  2825
2.494154594018443  2918
2.4955443375464483  2871
2.496929648073215  2907
2.4983105537896004  2865
2.499687082618404  2865
2.5010592622177517  2907
2.5024271199844326  2928
2.503790683057181  2870
2.505149978319906  2936
2.506505032404872  2863
2.507855871695831  2825
2.509202522331103  2936
2.510545010206612  2903
2.5118833609788744  2913
2.513217600067939  2845
2.514547752660286  2840
2.515873843711679  2948
2.5171958979499744  3041
2.5185139398778875  2949
2.519827993775719  2872
2.5211380837040362  2953
2.5224442335063197  2935
2.5237464668115646  2861
2.525044807036845  2907
2.526339277389844  2821
2.5276299008713385  2913
2.5289167002776547  2911
2.530199698203082  2841
2.531478917042255  2944
2.5327543789924976  2893
2.534026106056135  2875
2.5352941200427703  2885
2.53655844257153  2947
2.537819095073274  2920
2.5390760987927767  2935
2.5403294747908736  2886
2.5415792439465807  2900
2.5428254269591797  2773
2.5440680443502757  3014
2.545307116465824  2961
2.546542663478131  2953
2.5477747053878224  2885
2.5490032620257876  2853
2.550228353055094  2882
2.5514499979728753  2888
2.552668216112193  2915
2.5538830266438746  2957
2.5550944485783194  2947
2.5563025007672873  2925
2.5575072019056577  2924
2.558708570533166  2857
2.5599066250361124  2856
2.561101383649056  2827
2.5622928644564746  2890
2.5634810853944106  2874
2.5646660642520893  2933
2.5658478186735176  2793
2.56702636615906  2984
2.568201724066995  2835
2.569373909615046  2941
2.5705429398818973  2902
2.571708831808688  2906
2.5728716022004803  2799
2.574031267727719  2901
2.575187844927661  2970
2.576341350205793  2898
2.5774917998372255  2961
2.578639209968072  2916
2.57978359661681  2872
2.5809249756756194  2917
2.582063362911709  2968
2.583198773968623  2918
2.584331224367531  2961
2.5854607295085006  3013
2.586587304671755  2917
2.5877109650189114  2945
2.5888317255942073  2938
2.5899496013257077  2939
2.591064607026499  2871
2.5921767573958667  2850
2.593286067020457  2899
2.5943925503754266  2901
2.595496221825574  2889
2.59659709562646  2859
2.597695185925512  2942
2.598790506763115  2908
2.5998830720736876  2862
2.6009728956867484  2914
2.6020599913279625  2972
2.603144372620182  2932
2.60422605308447  2910
2.6053050461411096  2861
2.606381365110605  2904
2.6074550232146687  2882
2.6085260335771943  2966
2.60959440922522  2939
2.61066016308988  2930
2.611723308007342  2883
2.6127838567197355  2847
2.6138418218760693  2870
2.6148972160331345  2902
2.615950051656401  2879
2.617000341120899  2905
2.6180480967120925  2849
2.6190933306267428  2928
2.6201360549737576  2867
2.621176281775035  2946
2.622214022966295  2917
2.6232492903979003  2962
2.6242820958356683  2928
2.625312450961674  2931
2.6263403673750423  2879
2.6273658565927325  2813
2.6283889300503116  2933
2.629409599102719  2900
2.630427875025024  2875
2.6314437690131722  2913
2.6324572921847245  2903
2.6334684555795866  2913
2.6344772701607315  2901
2.635483746814912  2831
2.6364878963533656  2891
2.637489729512511  2849
2.6384892569546374  2836
2.639486489268586  2865
2.640481436970422  2904
2.6414741105040997  2927
2.6424645202421213  2888
2.6434526764861874  2869
2.6444385894678386  2937
2.645422269349092  2872
2.6464037262230695  2870
2.6473829701146196  2847
2.6483600109809315  2900
2.649334858712142  2857
2.6503075231319366  2928
2.651278013998144  2853
2.6522463410033232  2888
2.6532125137753435  2915
2.6541765418779604  2835
2.655138434811382  2917
2.656098202012832  2848
2.6570558528571038  2825
2.6580113966571126  2959
2.658964842664435  2834
2.6599162000698504  2948
2.660865478003869  2901
2.661812685537261  2927
2.662757831681574  2883
2.663700925389648  2926
2.6646419755561257  2870
2.6655809910179533  2968
2.6665179805548807  2950
2.667452952889954  2862
2.66838591669  2892
2.6693168805661123  2927
2.670245853074124  3034
2.6711728427150834  2903
2.6720978579357175  3001
2.673020907128896  2908
2.673941998634088  2896
2.6748611407378116  2894
2.6757783416740852  2922
2.6766936096248664  2931
2.677606952720493  2863
2.678518379040114  2868
2.6794278966121188  2954
2.680335513414563  2904
2.681241237375587  2946
2.682145076373832  2924
2.6830470382388496  2882
2.683947130751512  2952
2.6848453616444123  2951
2.6857417386022635  2884
2.6866362692622934  2892
2.6875289612146345  2876
2.6884198220027105  2916
2.6893088591236203  2898
2.690196080028514  2887
2.6910814921229687  2871
2.69196510276736  2839
2.69284691927723  2839
2.693726948923647  2933
2.694605198933569  2851
2.6954816764901977  2937
2.696356388733332  2909
2.6972293427597176  2861
2.6981005456233897  2896
2.6989700043360187  2855
2.699837725867246  2875
2.7007037171450192  2858
2.7015679850559273  2901
2.7024305364455254  2863
2.7032913781186614  2836
2.7041505168397992  2929
2.705007959333336  2905
2.7058637122839193  2887
2.7067177823367587  2893
2.7075701760979363  2905
2.708420900134713  2850
2.709269960975831  2880
2.7101173651118162  2958
2.710963118995276  2883
2.711807229041191  2885
2.7126497016272113  2810
2.7134905430939424  2998
2.714329759745233  2912
2.7151673578484576  2926
2.716003343634799  2906
2.7168377232995247  2960
2.717670503002262  2918
2.718501688867274  2885
2.7193312869837265  2816
2.720159303405957  2952
2.7209857441537393  2996
2.7218106152125467  2975
2.722633922533812  2917
2.7234556720351857  2929
2.724275869600789  2966
2.725094521081469  2855
2.7259116322950483  2907
2.7267272090265724  2930
2.727541257028556  2904
2.7283537820212285  2958
2.72916478969277  2827
2.7299742856995555  2921
2.7307822756663893  2893
2.7315887651867388  2818
2.7323937598229686  2886
2.7331972651065692  2916
2.733999286538387  2795
2.734799829588847  2915
2.73559889969818  2946
2.7363965022766426  2857
2.7371926427047373  2814
2.737987326333431  2962
2.738780558484369  2807
2.739572344450092  2907
2.7403626894942437  2924
2.741151598851785  2889
2.741939077729199  2807
2.7427251313046983  2840
2.74350976472843  2874
2.7442929831226763  2835
2.7450747915820575  2964
2.745855195173729  2886
2.7466341989375787  2965
2.747411807886423  2897
2.7481880270062002  2924
2.7489628612561616  2862
2.749736315569061  2943
2.7505083948513462  2935
2.751279103983342  2891
2.7520484478194387  2931
2.7528164311882715  2915
2.7535830588929064  2822
2.754348335711019  2886
2.7551122663950713  2909
2.7558748556724915  2839
2.756636108245848  2901
2.7573960287930244  2897
2.75815462196739  2899
2.7589118923979736  2926
2.7596678446896306  2939
2.760422483423212  2987
2.7611758131557314  2887
2.761927838420529  2875
2.762678563727436  2919
2.7634279935629373  2938
2.7641761323903307  2863
2.7649229846498886  2894
2.765668554759014  2894
2.7664128471123997  2927
2.7671558660821804  2901
2.767897616018091  2908
2.7686381012476144  2957
2.7693773260761385  2923
2.7701152947871015  2906
2.7708520116421442  2890
2.7715874808812555  2878
2.77232170672292  2925
2.7730546933642626  2905
2.7737864449811935  2863
2.7745169657285498  2808
2.7752462597402365  2927
2.775974331129369  2916
2.776701183988411  2906
2.7774268223893115  2875
2.7781512503836434  2834
2.7788744720027396  2917
2.7795964912578244  2909
2.780317312140151  2890
2.7810369386211318  2866
2.781755374652469  2840
2.782472624166286  2880
2.7831886910752575  2891
2.783903579272735  2905
2.784617292632875  2868
2.785329835010767  2857
2.786041210242554  2976
2.7867514221455614  2929
2.787460474518415  2925
2.788168371141168  2889
2.788875115775417  2872
2.7895807121644256  2967
2.7902851640332416  2916
2.790988475088816  2897
2.791690649020118  2879
2.792391689498254  2940
2.79309160017658  2890
2.7937903846908188  2910
2.7944880466591697  2987
2.795184589682424  2983
2.7958800173440754  2837
2.7965743332104296  2867
2.7972675408307164  2901
2.797959643737196  2869
2.798650645445269  2855
2.7993405494535817  2966
2.8000293592441343  2972
2.800717078282385  2917
2.801403710017355  2938
2.802089257881733  2903
2.8027737252919755  2968
2.803457115648414  2901
2.8041394323353503  2925
2.8048206787211623  2915
2.8055008581584002  2838
2.806179973983887  2867
2.8068580295188172  2836
2.807535028068853  2904
2.808210972924222  2912
2.808885867359812  2954
2.8095597146352675  3004
2.8102325179950842  2912
2.8109042806687006  2877
2.8115750058705933  2895
2.812244696800369  2943
2.8129133566428557  2931
2.813580988568192  2895
2.81424759573192  2924
2.814913181275074  2922
2.815577748324267  3005
2.816241299991783  2971
2.8169038393756605  2903
2.8175653695597807  2961
2.8182258936139557  2854
2.8188854145940097  2920
2.8195439355418688  2972
2.82020145948564  2802
2.8208579894397  2884
2.821513528404773  2896
2.8221680793680175  2891
2.8228216453031045  2921
2.823474229170301  2902
2.824125833916549  2834
2.824776462475546  2929
2.8254261177678233  2852
2.8260748027008264  2878
2.826722520168992  2856
2.8273692730538253  2941
2.828015064223977  2901
2.82865989653532  2884
2.829303772831025  2944
2.829946695941636  2888
2.8305886686851442  2894
2.8312296938670634  2887
2.8318697742805017  2932
2.832508912706236  2879
2.833147111912785  2879
2.833784374656479  2849
2.8344207036815328  2867
2.835056101720116  2931
2.8356905714924254  2866
2.8363241157067516  2949
2.8369567370595505  2911
2.837588438235511  2825
2.8382192219076257  2824
2.838849090737255  2905
2.8394780473741985  2874
2.840106094456758  2932
2.8407332346118066  2919
2.841359470454855  2805
2.8419848045901137  2924
2.842609239610562  2829
2.8432327780980096  2893
2.843855422623161  2912
2.8444771757456815  2909
2.845098040014257  2973
2.8457180179666586  2893
2.846337112129805  2926
2.846955325019824  2886
2.847572659142112  2891
2.848189116991399  2896
2.8488047010518036  2920
2.8494194137968996  2939
2.850033257689769  2939
2.8506462351830666  2847
2.8512583487190755  2820
2.851869600729766  2858
2.8524799936368566  2863
2.8530895298518657  2860
2.8536982117761744  2877
2.8543060418010806  2808
2.8549130223078554  2917
2.8555191556678  2907
2.8561244442423  2928
2.8567288903828825  2854
2.8573324964312685  3042
2.857935264719429  2885
2.858537197569639  2840
2.859138297294531  2960
2.859738566197147  2829
2.8603380065709936  2917
2.8609366207000937  2809
2.8615344108590377  2997
2.862131379313037  2860
2.8627275283179747  2922
2.863322860120456  2920
2.8639173769578603  2902
2.864511081058392  2891
2.8651039746411278  2946
2.8656960599160706  2955
2.8662873390841948  2893
2.866877814337499  2903
2.8674674878590514  2926
2.8680563618230415  2931
2.8686444383948255  2847
2.8692317197309762  2962
2.869818207979328  2832
2.870403905279027  2894
2.8709888137605755  2848
2.8715729355458786  2991
2.8721562727482928  2904
2.8727388274726686  2900
2.873320601815399  2829
2.8739015978644615  2948
2.8744818176994666  2895
2.8750612633917  2929
2.8756399370041685  2905
2.876217840591642  3008
2.8767949762007006  2905
2.877371345869774  2957
2.8779469516291885  2889
2.8785217955012063  2857
2.8790958795000727  2847
2.8796692056320534  2870
2.88024177589548  2960
2.8808135922807914  2884
2.8813846567705728  2916
2.8819549713396007  2925
2.8825245379548803  2914
2.8830933585756897  2912
2.8836614351536176  2861
2.884228769632604  2984
2.884795363948981  2920
2.885361220031512  2889
2.885926339801431  2871
2.886490725172482  2833
2.8870543780509568  3005
2.887617300335736  2889
2.888179493918325  2947
2.8887409606828927  2878
2.88930170250631  2996
2.8898617212581885  2900
2.890421018800914  2880
2.890979596989689  2892
2.8915374576725643  2981
2.8920946026904804  2861
2.8926510338773004  2880
2.893206753059848  2958
2.8937617620579434  2903
2.8943160626844384  2923
2.8948696567452528  2943
2.895422546039408  2926
2.8959747323590648  2863
2.8965262174895554  2885
2.89707700320942  2866
2.8976270912904414  2904
2.8981764834976764  2863
2.8987251815894934  2908
2.8992731873176036  2940
2.8998205024270964  2959
2.9003671286564705  2921
2.900913067737669  2939
2.9014583213961123  2877
2.9020028913507296  2881
2.902546779313991  2886
2.9030899869919438  2851
2.9036325160842376  2877
2.9041743682841634  2911
2.904715545278681  2873
2.905256048748451  2945
2.9057958803678687  2889
2.906335041805091  2925
2.90687353472207  2864
2.907411360774586  2924
2.9079485216122722  2903
2.90848501887865  2815
2.909020854211156  2948
2.9095560292411755  2922
2.910090545594068  2869
2.910624404889201  2836
2.9111576087399764  2956
2.9116901587538613  2823
2.9122220565324155  2867
2.912753303671323  2854
2.9132839017604186  2941
2.9138138523837167  2940
2.9143431571194407  2949
2.9148718175400505  2967
2.91539983521227  2877
2.9159272116971158  2919
2.916453948549925  2848
2.9169800473203824  2945
2.9175055095525466  2971
2.9180303367848803  2832
2.9185545305502734  2871
2.9190780923760737  2884
2.919601023784111  2936
2.920123326290724  2863
2.9206450014067875  2839
2.921166050637739  2889
2.921686475483602  2925
2.9222062774390163  2953
2.92272545799326  2872
2.9232440186302764  2857
2.9237619608287004  2864
2.9242792860618816  2935
2.924795995797912  2922
2.9253120914996495  2906
2.9258275746247424  2905
2.926342446625655  2965
2.926856708949692  2958
2.9273703630390235  2922
2.9278834103307068  2858
2.9283958522567137  2904
2.928907690243953  2836
2.929418925714293  2964
2.929929560084588  2866
2.9304395947667  2967
2.930949031167523  2948
2.931457870689005  2867
2.931966114728173  2981
2.932473764677153  2849
2.932980821923198  2950
2.9334872878487053  2928
2.9339931638312424  2868
2.934498451243568  2936
2.935003151453655  2952
2.9355072658247128  2867
2.9360107957152097  2884
2.936513742478893  2909
2.9370161074648142  2832
2.937517892017347  2887
2.9380190974762104  2886
2.938519725176492  2987
2.9390197764486663  2921
2.9395192526186187  2899
2.9400181550076634  2873
2.940516484932567  2898
2.9410142437055695  2797
2.941511432634403  2858
2.942008053022313  2883
2.9425041061680806  2978
2.9429995933660407  2887
2.9434945159061026  2911
2.9439888750737717  2900
2.9444826721501687  2865
2.9449759084120477  2931
2.94546858513182  2992
2.9459607035775686  2909
2.946452265013073  2835
2.9469432706978256  2930
2.9474337218870508  2876
2.9479236198317262  2896
2.948412965778601  2846
2.9489017609702137  2966
2.949390006644913  2984
2.949877704036875  2840
2.950364854376123  2868
2.9508514588885464  2876
2.951337518795918  2890
2.951823035315912  2873
2.9523080096621253  2838
2.952792443044092  2834
2.9532763366673045  2856
2.9537596917332287  2833
2.9542425094393248  2858
2.954724790979063  2893
2.9552065375419416  2921
2.9556877503135057  2993
2.9561684304753633  2847
2.9566485792052033  2843
2.957128197676813  2941
2.957607287060095  2926
2.958085848521085  2942
2.9585638832219674  2986
2.9590413923210934  2898
2.9595183769729982  2910
2.959994838328416  2892
2.960470777534299  2871
2.960946195733831  2907
2.9614210940664485  2921
2.9618954736678504  2917
2.962369335670021  2841
2.9628426812012423  2899
2.9633155113861114  2961
2.963787827345555  2892
2.964259630196849  2893
2.9647309210536292  2880
2.965201701025912  2945
2.9656719712201065  2955
2.9661417327390325  2884
2.966610986681934  2841
2.967079734144497  2821
2.967547976218862  2957
2.968015713993642  2914
2.9684829485539352  2996
2.9689496809813427  2928
2.9694159123539814  2928
2.9698816437465  2881
2.9703468762300935  2935
2.9708116108725178  2933
2.971275848738105  2836
2.971739590887778  2914
2.9722028383790646  2954
2.972665592266111  2979
2.9731278535996988  2877
2.973589623427257  2906
2.9740509027928774  2876
2.9745116927373285  2880
2.974971994298069  2884
2.975431808509263  2881
2.975891136401793  2868
2.9763499790032735  2934
2.976808337338066  2923
2.977266212427293  2892
2.9777236052888476  2918
2.978180516937414  2856
2.9786369483844743  2934
2.979092900638326  2935
2.979548374704095  2889
2.9800033715837464  2809
2.9804578922761  2955
2.9809119377768436  2848
2.9813655090785445  2968
2.9818186071706636  2864
2.9822712330395684  2892
2.9827233876685453  2905
2.983175072037813  2875
2.9836262871245345  2967
2.984077033902831  2960
2.9845273133437926  2920
2.9849771264154934  2814
2.9854264740830017  2843
2.9858753573083936  2889
2.986323777050765  2944
2.9867717342662448  2932
2.9872192299080047  2948
2.9876662649262746  2855
2.988112840268352  2943
2.9885589568786157  2899
2.989004615698537  2833
2.9894498176666917  2950
2.989894563718773  2928
2.9903388547876015  2945
2.9907826918031377  2931
2.9912260756924947  2879
2.9916690073799486  2884
2.9921114877869495  2909
2.9925535178321354  2931
2.9929950984313414  2912
2.9934362304976116  2948
2.993876914941211  2891
2.9943171526696366  2901
2.9947569445876283  2850
2.9951962915971793  2874
2.99563519459755  2845
2.9960736544852753  2889
2.9965116721541785  2879
2.996949248495381  2922
2.997386384397313  2919
2.9978230807457256  2872
2.998259338423699  2910
2.998695158311656  2849
2.999130541287371  2881
2.9995654882259823  2870
3.0  2862
3.000434077479319  2947
3.0008677215312267  2936
3.0013009330204183  2946
3.0017337128090005  2960
3.002166061756508  2884
3.0025979807199086  2979
3.003029470553618  2876
3.0034605321095067  2848
3.0038911662369103  2826
3.0043213737826426  2922
3.004751155591001  2901
3.0051805125037805  2905
3.0056094453602804  2913
3.0060379549973173  2882
3.0064660422492318  2882
3.0068937079479006  2769
3.0073209529227447  2943
3.00774777800074  2952
3.0081741840064264  2883
3.0086001717619175  2829
3.0090257420869104  2829
3.009450895798694  2921
3.00987563371216  2896
3.010299956639812  2930
3.010723865391773  2957
3.0111473607757975  2848
3.0115704435972783  2931
3.011993114659257  2957
3.012415374762433  2978
3.012837224705172  2995
3.0132586652835167  2880
3.0136796972911926  2919
3.0141003215196207  2891
3.0145205387579237  2913
3.0149403497929366  2906
3.0153597554092144  2879
3.015778756389041  2833
3.016197353512439  2835
3.016615547557177  2885
3.0170333392987803  2918
3.017450729510536  2816
3.0178677189635055  2956
3.018284308426531  2897
3.0187004986662433  2921
3.019116290447073  2919
3.0195316845312554  2930
3.0199466816788423  2931
3.0203612826477078  2881
3.020775488193558  2890
3.0211892990699383  2918
3.021602716028242  2836
3.02201573981772  2927
3.0224283711854865  2951
3.022840610876528  2879
3.0232524596337114  2912
3.0236639181977933  2863
3.024074987307426  2961
3.024485667699167  2928
3.024895960107485  2909
3.0253058652647704  2876
3.025715383901341  2890
3.0261245167454502  2852
3.0265332645232967  2835
3.0269416279590295  2869
3.0273496077747564  2826
3.0277572046905536  2846
3.0281644194244697  2885
3.0285712526925375  2804
3.028977705208778  2920
3.0293837776852097  2822
3.029789470831856  2875
3.030194785356751  2903
3.030599721965951  2898
3.0310042813635367  2850
3.031408464251624  2906
3.0318122713303706  2941
3.0322157032979815  2985
3.03261876085072  2883
3.0330214446829107  2930
3.03342375548695  2929
3.03382569395331  2930
3.0342272607705505  2993
3.0346284566253203  2973
3.0350292822023683  2896
3.0354297381845483  2937
3.035829825252828  2858
3.0362295440862948  2877
3.036628895362161  2953
3.037027879755775  2895
3.037426497940624  2930
3.037824750588342  2772
3.0382226383687185  2881
3.038620161949703  2931
3.039017321997412  2901
3.0394141191761372  2894
3.0398105541483504  2885
3.0402066275747113  2951
3.040602340114073  2968
3.0409976924234905  2901
3.041392685158225  2931
3.041787318971752  2848
3.042181594515766  2910
3.0425755124401905  2824
3.0429690733931802  2864
3.0433622780211294  2922
3.0437551269686796  2879
3.044147620878723  2855
3.044539760392411  2890
3.04493154614916  2801
3.0453229787866576  2897
3.0457140589408676  2825
3.0461047872460387  2889
3.0464951643347082  2880
3.04688519083771  2918
3.0472748673841794  2849
3.04766419460156  2926
3.048053173115609  2913
3.0484418035504044  2839
3.04883008652835  2871
3.0492180226701815  2870
3.049605612594973  2835
3.0499928569201424  2855
3.050379756261458  2867
3.0507663112330423  2866
3.0511525224473814  2909
3.0515383905153275  2890
3.0519239160461065  2871
3.0523090996473234  2993
3.052693941924968  2821
3.0530784434834195  2960
3.053462604925455  2972
3.0538464268522527  2883
3.0542299098633974  2980
3.0546130545568877  2885
3.0549958615291417  2944
3.055378331375  2896
3.0557604646877348  2920
3.056142262059052  2861
3.0565237240791006  2902
3.0569048513364727  2864
3.0572856444182146  2885
3.0576661039098294  2972
3.0580462303952816  2858
3.058426024457005  2934
3.0588054866759067  2959
3.059184617631371  2885
3.0595634179012676  2916
3.059941888061955  2897
3.060320028688285  2917
3.060697840353612  2994
3.0610753236297916  2803
3.061452479087193  2874
3.061829307294699  2867
3.0622058088197126  2919
3.062581984228163  2862
3.0629578340845103  2909
3.0633333589517497  2933
3.0637085593914173  2850
3.064083435963596  2937
3.0644579892269186  2852
3.064832219738574  2936
3.065206128054312  2873
3.0655797147284485  2894
3.06595298031387  2959
3.0663259253620376  2951
3.0666985504229953  2923
3.0670708560453703  2896
3.0674428427763805  2912
3.0678145111618402  2847
3.0681858617461617  2905
3.068556895072363  2865
3.068927611682072  2857
3.0692980121155293  2861
3.0696680969115957  2874
3.070037866607755  2869
3.0704073217401198  2900
3.0707764628434346  2834
3.0711452904510828  2893
3.071513805095089  2892
3.0718820073061255  2936
3.072249897613515  2911
3.0726174765452368  2865
3.0729847446279304  2895
3.073351702386901  2827
3.0737183503461227  2843
3.074084689028244  2859
3.074450718954591  2888
3.074816440645175  2841
3.0751818546186915  2901
3.0755469613925306  2885
3.0759117614827773  2886
3.076276255404218  2857
3.076640443670342  2929
3.0770043267933502  2832
3.0773679052841563  2917
3.077731179652392  2860
3.0780941504064105  2879
3.0784568180532927  2843
3.0788191830988487  2949
3.0791812460476247  2890
3.079543007402906  2891
3.079904467666721  2898
3.0802656273398448  2931
3.0806264869218056  2831
3.080987046910887  2878
3.0813473078041325  2918
3.081707270097349  2837
3.082066934285113  2865
3.0824263008607717  3001
3.0827853703164503  2915
3.0831441431430524  2963
3.0835026198302673  2830
3.083860800866573  2893
3.0842186867392387  2914
3.084576277934331  2946
3.084933574936716  2864
3.085290578230065  2942
3.0856472882968564  2945
3.0860037056183818  2925
3.0863598306747484  2925
3.0867156639448825  2941
3.0870712059065353  2999
3.0874264570362855  2978
3.087781417809542  2838
3.0881360887005513  2873
3.0884904701823963  2921
3.088844562727004  2894
3.089198366805149  2916
3.089551882886454  3004
3.089905111439398  2939
3.090258052931316  2851
3.090610707828407  2943
3.0909630765957314  2921
3.091315159697223  2896
3.0916669575956846  2970
3.092018470752797  2878
3.0923696996291206  2833
3.0927206446840994  2910
3.0930713063760633  2879
3.093421685162235  2982
3.09377178149873  2919
3.0941215958405612  2875
3.094471128641645  2853
3.0948203803548  2910
3.095169351431755  2881
3.095518042323151  2959
3.0958664534785427  2853
3.0962145853464054  2893
3.0965624383741357  2912
3.0969100130080562  3001
3.09725730969342  2914
3.097604328874411  2833
3.09795107099415  2929
3.0982975364946976  2917
3.098643725817057  2880
3.0989896394011773  2943
3.0993352776859577  2908
3.09968064110925  2903
3.1000257301078626  2912
3.100370545117563  3059
3.1007150865730817  2915
3.1010593549081156  2939
3.101403350555331  2874
3.1017470739463664  2932
3.1020905255118367  2881
3.1024337056813365  2899
3.1027766148834415  2842
3.1031192535457137  2945
3.103461622094705  2884
3.103803720955957  2844
3.104145550554008  2886
3.104487111312395  2875
3.1048284036536553  2914
3.1051694279993316  2879
3.1055101847699738  2889
3.1058506743851435  2851
3.1061908972634154  2892
3.1065308538223815  2930
3.106870544478654  2817
3.1072099696478683  2863
3.1075491297446862  2827
3.1078880251827985  2867
3.1082266563749283  2985
3.1085650237328344  2922
3.1089031276673134  2793
3.109240968588203  2948
3.1095785469043866  2842
3.1099158630237933  2881
3.110252917353403  2940
3.110589710299249  2862
3.1109262422664203  2809
3.1112625136590655  2928
3.111598524880394  2905
3.1119342763326814  2935
3.1122697684172707  2918
3.1126050015345745  2905
3.11293997608408  2873
3.1132746924643504  2881
3.1136091510730277  2855
3.113943352306837  2885
3.1142772965615864  2907
3.114610984232173  2867
3.1149444157125847  2957
3.1152775913959014  2875
3.1156105116742996  2865
3.115943176939055  2927
3.116275587580544  2975
3.1166077439882485  2993
3.116939646550756  2880
3.1172712956557644  2953
3.117602691690084  2885
3.1179338350396413  2882
3.118264726089479  2885
3.118595365223762  2884
3.1189257528257768  2921
3.1192558892779365  2906
3.119585774961784  2919
3.119915410257991  2846
3.1202447955463652  2939
3.12057393120585  2809
3.1209028176145273  2857
3.1212314551496214  2836
3.1215598441875008  2915
3.121887985103681  2901
3.1222158782728267  2910
3.1225435240687545  2927
3.1228709228644354  2937
3.1231980750319988  2879
3.123524980942732  2871
3.123851640967086  2932
3.124178055474675  2986
3.1245042248342823  2886
3.1248301494138593  2918
3.12515582958053  2858
3.125481265700594  2977
3.125806458139527  2856
3.1261314072619846  2853
3.1264561134318045  2902
3.126780577012009  2934
3.1271047983648077  2891
3.127428777851599  2870
3.1277525158329733  2878
3.1280760126687155  2902
3.1283992687178066  2910
3.128722284338427  2893
3.1290450598879582  2871
3.1293675957229854  2921
3.129689892199301  2902
3.1300119496719043  2906
3.130333768495006  2938
3.130655349022031  2919
3.130976691605617  2982
3.131297796597623  2930
3.1316186643491255  2951
3.1319392952104246  2881
3.1322596895310446  2880
3.132579847659737  2929
3.132899769944483  2920
3.1332194567324945  2952
3.1335389083702174  2913
3.133858125203335  2937
3.1341771075767664  2862
3.1344958558346736  2921
3.13481437032046  2904
3.1351326513767748  2947
3.1354506993455136  2799
3.1357685145678222  2963
3.1360860973840974  2889
3.13640344813399  2901
3.1367205671564067  2909
3.1370374547895126  2976
3.137354111370733  2881
3.137670537236755  2866
3.137986732723532  2933
3.1383026981662816  2895
3.1386184338994925  2880
3.1389339402569236  2888
3.139249217571607  2885
3.13956426617585  2958
3.1398790864012365  2931
3.140193678578631  2947
3.1405080430381798  2997
3.1408221801093106  2962
3.141136090120739  2865
3.1414497734004674  2828
3.141763230275788  2982
3.1420764610732848  2793
3.142389466118836  2895
3.1427022457376155  2878
3.143014800254095  2952
3.143327129992046  2899
3.1436392352745433  2925
3.1439511164239633  2872
3.144262773761991  2889
3.144574207609616  2918
3.144885418287142  2933
3.1451964061141817  2934
3.1455071714096627  2858
3.1458177144918276  2901
3.146128035678238  2874
3.1464381352857744  2857
3.14674801363064  2839
3.1470576710283598  2836
3.1473671077937864  2947
3.1476763242410986  2966
3.147985320683805  2846
3.1482940974347455  2930
3.1486026548060932  2832
3.1489109931093564  2864
3.1492191126553797  2905
3.149527013754348  2972
3.149834696715785  2939
3.1501421618485588  2898
3.150449409460881  2881
3.150756439860309  2937
3.15106325335375  2872
3.1513698502474603  2951
3.151676230847048  2874
3.151982395457474  2846
3.1522883443830563  2898
3.15259407792747  2900
3.1528995963937474  2861
3.153204900084284  2856
3.1535099893008374  2835
3.153814864344529  2916
3.154119525515847  2908
3.154423973114647  2905
3.1547282074401557  2890
3.1550322287909704  2873
3.155336037465062  2841
3.1556396337597765  2913
3.1559430179718366  2828
3.1562461903973444  2819
3.1565491513317814  2965
3.156851901070011  2923
3.1571544399062814  2864
3.157456768134226  2937
3.1577588860468637  2940
3.158060793936605  2868
3.1583624920952498  2949
3.1586639808139894  2895
3.15896526038341  2943
3.159266331093494  2855
3.1595671932336202  2851
3.1598678470925665  2887
3.160168292958512  2779
3.1604685311190375  2841
3.1607685618611283  2909
3.1610683854711747  2872
3.161368002234975  2880
3.161667412437736  2926
3.161966616364075  2914
3.1622656142980214  2857
3.162564406523019  2894
3.162862993321926  2838
3.1631613749770184  2910
3.16345955176999  2903
3.163757523981956  2818
3.1640552918934515  2870
3.164352855784437  2883
3.1646502159342966  2875
3.1649473726218416  2895
3.1652443261253107  2939
3.165541076722373  2909
3.1658376246901283  2934
3.166133970305109  2896
3.166430113843283  2858
3.166726055580052  3023
3.1670217957902564  2939
3.167317334748176  2981
3.16761267272753  2896
3.16790781000148  2849
3.168202746842631  2971
3.1684974835230326  2862
3.1687920203141817  2919
3.1690863574870227  2912
3.1693804953119495  2877
3.1696744340588068  2913
3.1699681739968923  2877
3.1702617153949575  2852
3.1705550585212086  2916
3.170848203643309  2976
3.1711411510283822  2976
3.171433900943008  2990
3.171726453653231  2952
3.1720188094245563  2948
3.172310968521954  2865
3.17260293120986  2963
3.1728946977521764  2864
3.173186268412274  2916
3.1734776434529945  2852
3.17376882313665  2920
3.1740598077250253  2978
3.1743505974793798  2968
3.1746411926604483  2951
3.1749315935284423  3013
3.1752218003430523  2873
3.1755118133634475  2857
3.1758016328482794  2867
3.1760912590556813  2822
3.1763806922432702  2877
3.17666993266815  2974
3.176958980586908  2889
3.1772478362556233  2864
3.1775364999298623  2898
3.177824971864682  2928
3.1781132523146316  2937
3.178401341533755  2976
3.17868923977559  2939
3.1789769472931693  2957
3.1792644643390253  2867
3.1795517911651876  2983
3.179838928023187  2881
3.180125875164054  2885
3.180412632838324  2892
3.1806992012960347  2926
3.1809855807867304  2887
3.1812717715594614  2889
3.1815577738627865  2935
3.1818435879447726  2940
3.182129214052998  2931
3.182414652434554  2908
3.1826999033360424  2864
3.182984967003582  2817
3.1832698436828046  2942
3.1835545336188615  2849
3.1838390370564214  2937
3.184123354239671  2852
3.1844074854123203  2850
3.184691430817599  2903
3.184975190698261  2850
3.185258765296585  2898
3.185542154854375  2919
3.185825359612962  2870
3.1861083798132053  2804
3.186391215695493  2884
3.1866738674997452  2940
3.1869563354654122  2870
3.187238619831479  2914
3.187520720836463  2871
3.1878026387184195  2876
3.188084373714938  2915
3.188365926063148  2882
3.188647295999717  2886
3.1889284837608534  2890
3.189209489582306  2943
3.1894903136993675  2891
3.189770956346874  2858
3.190051417759206  2886
3.1903316981702914  2929
3.190611797813605  2889
3.1908917169221698  2881
3.1911714557285586  2899
3.1914510144648953  2897
3.1917303933628562  2965
3.1920095926536702  2906
3.1922886125681202  2963
3.1925674533365456  2890
3.192846115188842  2904
3.1931245983544616  2948
3.1934029030624176  2912
3.1936810295412816  2837
3.193958978019187  2890
3.1942367487238292  2907
3.194514341882467  2867
3.1947917577219247  2882
3.1950689964685903  2881
3.1953460583484197  2934
3.1956229435869368  2994
3.1958996524092336  2841
3.1961761850399735  2829
3.196452541703389  2954
3.196728722623287  2943
3.1970047280230456  2976
3.197280558125619  2967
3.1975562131535367  2896
3.197831693328903  2907
3.1981069988734014  2907
3.1983821300082944  2912
3.1986570869544226  2878
3.198931869932209  2906
3.1992064791616577  2966
3.199480914862356  2933
3.1997551772534747  2866
3.2000292665537704  2863
3.200303182981585  2935
3.2005769267548483  2922
3.2008504980910772  3006
3.2011238972073794  2866
3.2013971243204513  2877
3.2016701796465816  2886
3.20194306340165  2955
3.2022157758011316  2954
3.2024883170600935  2860
3.2027606873931997  2971
3.2030328870147105  2906
3.203304916138483  2874
3.2035767749779724  2883
3.2038484637462346  2935
3.2041199826559246  2911
3.2043913319193  2878
3.204662511748219  2839
3.204933522354145  2888
3.2052043639481447  2916
3.205475036740891  2878
3.205745540942662  2973
3.2060158767633444  2925
3.2062860444124324  2850
3.2065560440990297  2941
3.2068258760318495  2875
3.207095540419218  2914
3.2073650374690716  2895
3.2076343673889616  2890
3.2079035303860515  2948
3.2081725266671217  2928
3.208441356438567  2920
3.208710019906401  2856
3.2089785172762535  2869
3.2092468487533736  2935
3.2095150145426308  2911
3.209783014848515  2868
3.2100508498751372  2934
3.210318519826232  2865
3.2105860249051563  2883
3.210853365314893  2889
3.2111205412580492  2869
3.2113875529368587  2817
3.2116544005531824  2920
3.2119210843085093  2924
3.2121876044039577  2826
3.212453961040276  2859
3.2127201544178425  2884
3.212986184736668  3008
3.2132520521963968  2877
3.2135177569963047  2921
3.2137832993353044  2886
3.2140486794119414  3014
3.2143138974244  2901
3.214578953570499  2903
3.214843848047698  2911
3.215108581053093  2945
3.215373152783422  2859
3.215637563435062  2926
3.215901813204032  2901
3.216165902285993  2928
3.216429830876251  2857
3.2166935991697545  2968
3.216957207361097  2911
3.217220655644519  2930
3.2174839442139063  2965
3.2177470732627937  2852
3.218010042984363  2916
3.2182728535714475  2845
3.218535505216528  2894
3.2187979981117376  2907
3.219060332448861  2805
3.219322508419337  2912
3.2195845262142546  2888
3.219846386024361  2930
3.220108088040055  2897
3.2203696324513946  2902
3.220631019448092  2896
3.2208922492195193  2947
3.2211533219547053  2910
3.2214142378423385  2857
3.2216749970707688  2919
3.2219355998280053  2835
3.22219604630172  2786
3.222456336679247  2861
3.2227164711475833  2804
3.2229764498933915  2865
3.2232362731029975  2858
3.2234959409623944  2876
3.2237554536572413  2863
3.224014811372864  2883
3.2242740142942576  2940
3.2245330626060857  2877
3.2247919564926817  2851
3.225050696138049  2874
3.225309281725863  2917
3.225567713439471  2822
3.2258259914618934  2900
3.226084115975824  2894
3.226342087163631  2979
3.2265999052073573  2915
3.2268575702887237  2884
3.2271150825891253  2876
3.2273724422896364  2918
3.227629649571009  2954
3.2278867046136734  2907
3.2281436075977417  2923
3.228400358703005  2901
3.2286569581089353  2896
3.228913405994688  2951
3.229169702539101  2900
3.229425847920695  2821
3.229681842317676  2960
3.229937685907934  2932
3.230193378869046  2802
3.230448921378274  2925
3.230704313612569  2908
3.230959555748569  2864
3.231214647962601  2852
3.2314695904306814  2864
3.2317243833285163  2844
3.231979026831504  2939
3.2322335211147335  2881
3.232487866352986  2867
3.232742062720737  2924
3.2329961103921536  2862
3.2332500095411003  2874
3.2335037603411343  2864
3.2337573629655103  2836
3.2340108175871793  2914
3.2342641243787895  2881
3.2345172835126865  2954
3.2347702951609163  2868
3.2350231594952237  3011
3.2352758766870524  2805
3.2355284469075487  2836
3.2357808703275603  2842
3.236033147117636  2939
3.2362852774480286  2883
3.236537261488694  2893
3.2367890994092927  2777
3.237040791379191  2909
3.237292337567459  2856
3.2375437381428744  2853
3.2377949932739227  2933
3.2380461031287955  2844
3.238297067875394  2930
3.2385478876813276  2843
3.238798562713917  2916
3.2390490931401916  2884
3.2392994791268923  2891
3.239549720840473  2902
3.2397998184470986  2920
3.2400497721126476  2860
3.2402995820027125  2949
3.2405492482826  2919
3.240798771117331  2920
3.241048150671644  3029
3.2412973871099933  2790
3.2415464805965484  2882
3.241795431295199  2807
3.2420442393695508  2828
3.2422929049829308  2825
3.2425414282983844  2982
3.2427898094786767  2864
3.2430380486862944  2883
3.243286146083446  2906
3.243534101832062  2885
3.243781916093795  2942
3.244029589030022  2893
3.244277120801843  2935
3.244524511570084  2947
3.244771761495295  2920
3.245018870737753  2935
3.245265839457461  2932
3.24551266781415  2964
3.245759355967277  2897
3.246005904076029  2848
3.246252312299322  2804
3.246498580795801  2972
3.2467447097238415  2924
3.24699069924155  2989
3.247236549506764  2912
3.2474822606770544  2904
3.2477278329097232  2900
3.247973266361807  2974
3.248218561190075  2928
3.248463717551032  2922
3.2487087356009177  2885
3.2489536154957075  2930
3.249198357391113  2878
3.249442961442582  2916
3.2496874278053016  2874
3.249931756634195  2842
3.250175948083925  2954
3.250420002308894  2853
3.2506639194632436  2892
3.250907699700856  2836
3.2511513431753545  2954
3.2513948500401044  2888
3.251638220448212  2891
3.2518814545525276  2952
3.252124552505644  2928
3.2523675144598987  2948
3.252610340567373  2894
3.2528530309798933  2925
3.2530955858490316  2913
3.2533380053261065  2941
3.253580289562183  2885
3.2538224387080734  2873
3.254064452914338  2879
3.2543063323312857  2902
3.2545480771089736  2965
3.25478968739721  2889
3.2550311633455515  2905
3.255272505103306  2883
3.2555137128195333  2841
3.255754786643044  2921
3.255995726722402  2830
3.256236533205923  2925
3.256477206241677  2878
3.256717745977487  2825
3.256958152560932  2924
3.2571984261393445  2864
3.257438566859814  2946
3.2576785748691846  2929
3.2579184503140586  2924
3.2581581933407944  2891
3.258397804095509  2889
3.2586372827240764  2973
3.258876629372131  2920
3.2591158441850663  2941
3.2593549273080344  2913
3.2595938788859486  2920
3.2598326990634834  2893
3.2600713879850747  2868
3.26030994579492  2845
3.2605483726369795  2904
3.2607866686549762  2943
3.2610248339923973  2983
3.2612628687924934  2913
3.2615007731982804  2864
3.2617385473525378  2949
3.2619761913978125  2936
3.262213705476417  2860
3.2624510897304293  2896
3.2626883443016963  2865
3.2629254693318317  2858
3.2631624649622166  2865
3.263399331334002  2915
3.263636068588108  2880
3.2638726768652235  2986
3.2641091563058082  2959
3.2643455070500926  2932
3.2645817292380777  2882
3.2648178230095364  2966
3.2650537885040145  2833
3.26528962586083  2975
3.2655253352190736  2922
3.2657609167176105  2841
3.265996370495079  2882
3.266231696689893  2841
3.2664668954402414  3006
3.2667019668840878  2852
3.266936911159173  2870
3.2671717284030137  2879
3.267406418752904  2865
3.2676409823459154  2985
3.2678754193188975  2911
3.2681097298084785  2907
3.268343913951065  2958
3.268577971882843  2890
3.2688119037397803  2892
3.269045709657623  2909
3.2692793897718984  2914
3.2695129442179165  2879
3.269746373130767  2906
3.269979676645324  2887
3.2702128548962426  2916
3.2704459080179626  2904
3.2706788361447066  2890
3.2709116394104814  2846
3.2711443179490782  2854
3.2713768718940743  2829
3.271609301378832  2877
3.271841606536499  2982
3.27207378750001  2845
3.2723058444020863  2970
3.2725377773752373  2902
3.2727695865517594  2942
3.2730012720637376  2919
3.2732328340430454  2903
3.273464272621346  2849
3.273695587930092  2832
3.2739267801005254  2882
3.27415784926368  2966
3.274388795550379  2906
3.274619619091238  2861
3.274850320016665  2884
3.2750808984568587  2949
3.2753113545418118  2846
3.2755416884013098  2881
3.2757719001649312  2899
3.27600198996205  2919
3.2762319579218335  2766
3.2764618041732443  2949
3.27669152884504  2856
3.276921132065774  2825
3.277150613963797  2802
3.2773799746672547  2960
3.2776092143040914  2923
3.2778383330020473  2946
3.2780673308886628  2896
3.2782962080912736  2880
3.2785249647370174  2912
3.278753600952829  2996
3.278982116865443  2946
3.279210512601395  2874
3.2794387882870204  2845
3.2796669440484556  2915
3.279894980011638  2862
3.2801228963023075  2934
3.280350693046006  2931
3.2805783703680764  2861
3.280805928393667  2896
3.2810333672477277  2925
3.281260687055013  2837
3.2814878879400813  2842
3.281714970027296  2898
3.281941933440825  2862
3.2821687783046416  2857
3.2823955047425257  2845
3.2826221128780624  2922
3.282848602834645  2846
3.2830749747354715  2840
3.2833012287035497  2817
3.2835273648616936  2945
3.2837533833325265  2938
3.28397928423848  2847
3.284205067701794  2893
3.2844307338445193  2896
3.2846562827885157  2906
3.284881714655453  2830
3.285107029566812  2886
3.2853322276438846  2943
3.285557309007774  2954
3.285782273779395  2895
3.2860071220794747  2911
3.286231854028553  2883
3.286456469746983  2849
3.28668096935493  2876
3.286905352972375  2943
3.287129620719111  2920
3.2873537727147464  2841
3.2875778090787056  2827
3.287801729930226  2975
3.2880255353883627  2910
3.288249225571986  2906
3.2884728005997825  2762
3.288696260590256  2909
3.2889196056617265  2907
3.289142835932333  2927
3.2893659515200318  2971
3.2895889525425965  2917
3.2898118391176214  2805
3.290034611362518  2847
3.2902572693945182  2848
3.290479813330673  2917
3.2907022432878543  2957
3.2909245593827543  2956
3.2911467617318855  2968
3.291368850451583  2814
3.2915908256580013  2946
3.291812687467119  2909
3.2920344359947364  2968
3.292256071356476  2920
3.292477593667784  2870
3.29269900304393  2935
3.292920299600006  2820
3.2931414834509307  2916
3.2933625547114453  2935
3.2935835134961167  2867
3.2938043599193367  2859
3.2940250940953226  2914
3.2942457161381182  2908
3.294466226161593  2959
3.2946866242794433  2940
3.2949069106051923  2883
3.295127085252191  2878
3.295347148333618  2844
3.295567099962479  2877
3.295786940251609  2914
3.2960066693136723  2936
3.2962262872611605  2893
3.296445794206396  2839
3.296665190261531  2847
3.296884475538547  2867
3.2971036501492565  2941
3.2973227142053028  2979
3.2975416678181597  2922
3.297760511099134  2884
3.2979792441593623  2827
3.298197867109815  2965
3.2984163800612945  2922
3.2986347831244354  2894
3.298853076409707  2830
3.2990712600274095  2907
3.29928933408768  2904
3.2995072987004876  2899
3.2997251539756367  2829
3.299942900022767  2922
3.3001605369513523  2974
3.3003780648707024  2929
3.3005954838899636  2910
3.300812794118117  2897
3.3010299956639813  2879
3.3012470886362113  2857
3.3014640731433  2913
3.3016809492935764  2833
3.301897717195208  2955
3.302114376956201  2882
3.302330928684399  2899
3.3025473724874854  2846
3.3027637084729817  2869
3.3029799367482493  2903
3.303196057420489  2838
3.303412070596742  2974
3.30362797638389  2816
3.3038437748886547  2891
3.3040594662175993  2933
3.3042750504771283  2790
3.3044905277734875  2917
3.3047058982127653  2864
3.3049211619008916  2897
3.305136318943639  2814
3.305351369446624  3015
3.305566313515304  2893
3.3057811512549824  2928
3.3059958827708047  2907
3.3062105081677613  2906
3.3064250275506875  2902
3.3066394410242617  2832
3.3068537486930087  2943
3.3070679506612985  2930
3.307282047033346  2907
3.307496037913213  2853
3.307709923404807  2831
3.307923703611882  2887
3.3081373786380386  2926
3.308350948586726  2841
3.3085644135612386  2911
3.3087777736647213  2875
3.3089910290001643  2876
3.3092041796704077  2874
3.30941722577814  2974
3.3096301674258988  2921
3.3098430047160705  2831
3.3100557377508912  2815
3.3102683666324477  2898
3.3104808914626753  2919
3.3106933123433606  2904
3.3109056293761414  2962
3.311117842662506  2922
3.3113299523037933  2874
3.311541958401195  2862
3.311753861055754  2914
3.3119656603683665  2929
3.3121773564397787  2912
3.312388949370592  2880
3.3126004392612596  2897
3.312811826212088  2868
3.313023110323238  2933
3.313234291694724  2898
3.313445370426414  2950
3.3136563466180315  2981
3.3138672203691533  2860
3.3140779917792127  2963
3.3142886609474975  2916
3.3144992279731516  2791
3.314709692955174  2985
3.31492005599242  2922
3.315130317183602  2884
3.3153404766272883  2907
3.315550534421905  2853
3.3157604906657347  2927
3.315970345456918  2918
3.3161800988934527  2924
3.3163897510731952  2905
3.3165993020938607  2957
3.316808752053022  2930
3.3170181010481117  2947
3.31722734917642  2900
3.317436496535099  2858
3.3176455432211585  2924
3.317854489331469  2949
3.3180633349627615  2859
3.318272080211627  3014
3.3184807251745174  2913
3.318689269947746  2939
3.3188977146274867  2843
3.3191060593097763  2934
3.319314304090512  2910
3.3195224490654542  2916
3.3197304943302246  2852
3.3199384399803087  2868
3.3201462861110542  2926
3.3203540328176717  2932
3.3205616801952367  2989
3.3207692283386865  2919
3.3209766773428235  2870
3.3211840273023143  2912
3.321391278311689  2928
3.3215984304653436  2894
3.3218054838575393  2876
3.3220124385824006  2849
3.322219294733919  2909
3.3224260524059526  2843
3.3226327116922234  2914
3.322839272686321  2944
3.3230457354817013  2856
3.323252100171687  2906
3.3234583668494677  2877
3.3236645356081  2886
3.323870606540509  2973
3.3240765797394864  2830
3.3242824552976926  2873
3.3244882333076564  2939
3.3246939138617746  2925
3.3248994970523134  2958
3.3251049829714074  2917
3.325310371711061  2920
3.325515663363148  2852
3.325720858019412  2860
3.325925955771466  2880
3.3261309567107946  2909
3.326335860928751  2941
3.3265406685165617  2891
3.3267453795653217  2860
3.326949994165999  2913
3.3271545124094315  2828
3.3273589343863303  2886
3.327563260187278  2991
3.327767489902729  2899
3.3279716236230104  2938
3.3281756614383227  2869
3.3283796034387376  3006
3.328583449714202  2889
3.3287872003545345  2957
3.3289908554494287  2841
3.329194415088451  2826
3.329397879361043  2911
3.3296012483565187  2817
3.3298045221640695  2862
3.330007700872759  2837
3.330210784571528  2919
3.330413773349191  2924
3.3306166672944384  2873
3.330819466495837  2964
3.3310221710418286  2965
3.3312247810207323  2854
3.331427296520743  2884
3.3316297176299323  2889
3.331832044436249  2934
3.332034277027518  2883
3.3322364154914434  2907
3.3324384599156054  2791
3.3326404103874627  2920
3.3328422669943514  2829
3.3330440298234874  2836
3.3332456989619628  2869
3.3334472744967503  2848
3.3336487565147013  2937
3.333850145102545  2902
3.334051440346892  2874
3.334252642334231  2873
3.3344537511509307  2938
3.3346547668832414  2897
3.3348556896172914  2862
3.3350565194390915  2925
3.3352572564345317  2922
3.3354579006893843  2862
3.3356584522893016  2882
3.335858911319818  2912
3.336059277866349  2983
3.336259552014193  2994
3.3364597338485296  2886
3.3366598234544202  2948
3.336859820916809  2857
3.3370597263205246  2900
3.3372595397502756  2961
3.337459261290656  2901
3.3376588910261424  2809
3.3378584290410944  2910
3.3380578754197563  2853
3.3382572302462554  2875
3.3384564936046046  2936
3.3386556655787003  2866
3.338854746252323  3003
3.339053735709139  2894
3.3392526340327  2963
3.3394514413064407  2904
3.339650157613684  2908
3.339848783037637  2949
3.340047317661393  2958
3.3402457615679317  2910
3.3404441148401185  2927
3.3406423775607053  2814
3.3408405498123317  2899
3.341038631677523  2942
3.3412366232386925  2815
3.34143452457814  2809
3.3416323357780544  2935
3.3418300569205104  2853
3.3420276880874717  2878
3.3422252293607904  2911
3.342422680822206  2956
3.342620042553348  2926
3.342817314635733  2982
3.343014497150768  2872
3.3432115901797474  2870
3.3434085938038574  2828
3.343605508104172  2957
3.343802333161655  2896
3.3439990690571615  2930
3.344195715871435  2920
3.3443922736851106  2903
3.344588742578714  2895
3.344785122632661  2955
3.344981413927258  2848
3.345177616542704  2962
3.3453737305590883  2929
3.345569756056392  2880
3.345765693114488  2932
3.3459615418131414  2915
3.346157302232008  2882
3.346352974450639  2848
3.346548558548474  2904
3.346744054604849  2818
3.3469394626989906  2834
3.34713478291002  2819
3.3473300153169503  2940
3.3475251599986895  2920
3.347720217034038  2906
3.3479151865016914  2891
3.3481100684802376  2873
3.3483048630481607  2884
3.348499570283838  2911
3.348694190265541  2900
3.348888723071438  2887
3.34908316877959  2877
3.3492775274679554  2848
3.3494717992143856  2881
3.34966598409663  2884
3.3498600821923312  2900
3.3500540935790304  2916
3.3502480183341627  2907
3.350441856535061  2895
3.3506356082589543  2858
3.350829273582968  2906
3.3510228525841237  2884
3.351216345339342  2930
3.351409751925439  2976
3.351603072419129  2793
3.3517963068970236  2985
3.351989455435632  2883
3.3521825181113627  2868
3.35237549500052  2935
3.3525683861793087  2973
3.3527611917238307  2915
3.3529539117100877  2912
3.3531465462139796  2895
3.3533390953113047  2960
3.353531559077762  2880
3.353723937588949  2984
3.353916230920363  2945
3.3541084391474008  2914
3.35430056234536  2876
3.3544926005894364  2938
3.3546845539547285  2836
3.354876422516234  2847
3.3550682063488506  2852
3.3552599055273786  2918
3.3554515201265174  2921
3.355643050220869  2926
3.355834495884936  2898
3.3560258571931225  2967
3.3562171342197353  2932
3.3564083270389813  2767
3.356599435724971  2864
3.356790460351716  2863
3.3569814009931314  2902
3.3571722577230334  2879
3.3573630306151427  2891
3.3575537197430814  2860
3.3577443251803754  2911
3.357934847000454  2935
3.3581252852766488  2991
3.358315640082196  2876
3.3585059114902354  2925
3.3586960995738107  2905
3.358886204405869  2925
3.359076226059263  2930
3.3592661646067485  2989
3.3594560201209864  2939
3.359645792674543  2888
3.359835482339888  2882
3.3600250891893975  3029
3.3602146132953523  2905
3.3604040547299387  2851
3.360593413565249  2970
3.36078268987328  2956
3.3609718837259357  2920
3.361160995195026  2941
3.3613500243522663  2810
3.361538971269279  2940
3.361727836017593  2967
3.3619166186686433  2844
3.362105319293773  2899
3.362293937964231  2786
3.3624824747511743  3001
3.362670929725667  2973
3.36285930295868  2873
3.3630475945210936  2835
3.363235804483694  2924
3.3634239329171765  2870
3.3636119798921444  2928
3.3637999454791094  2870
3.3639878297484915  3037
3.3641756327706194  2912
3.3643633546157306  2880
3.364550995353972  2906
3.3647385550553985  2863
3.364926033789976  2896
3.3651134316275773  2972
3.3653007486379876  2969
3.3654879848909  2950
3.3656751404559175  2872
3.365862215402555  2825
3.3660492098002353  2898
3.366236123718293  2944
3.3664229572259727  2920
3.3666097103924297  2878
3.36679638328673  2887
3.3669829759778507  2874
3.367169488534681  2931
3.367355921026019  2773
3.3675422735205767  2927
3.3677285460869766  2824
3.3679147387937527  2815
3.3681008517093516  2847
3.368286884902131  2902
3.3684728384403617  2881
3.368658712392227  2893
3.3688445068258215  2990
3.3690302218091532  2833
3.369215857410143  2881
3.3694014136966244  2911
3.369586890736344  2919
3.369772288596963  2903
3.369957607346053  2949
3.370142847051102  2889
3.3703280077795106  2925
3.3705130895985924  2895
3.370698092575577  2906
3.370883016777606  2889
3.3710678622717363  3021
3.3712526291249394  2824
3.371437317404101  2965
3.3716219271760215  2899
3.371806458507416  2912
3.371990911464915  2858
3.372175286115064  2957
3.3723595825243238  2934
3.3725438007590705  2843
3.3727279408855955  2852
3.3729120029701067  2971
3.373095987078727  2901
3.373279893277496  2895
3.373463721632369  2942
3.3736474722092176  2823
3.3738311450738303  2928
3.3740147402919116  2996
3.374198257929083  2918
3.374381698050882  2900
3.374565060722765  2937
3.374748346010104  2902
3.3749315539781883  2924
3.375114684692225  2870
3.375297738217339  2890
3.3754807146185724  2911
3.3756636139608855  2943
3.375846436309156  2854
3.3760291817281805  2941
3.376211850282673  2894
3.3763944420372662  2880
3.376576957056512  2922
3.37675939540488  2919
3.3769417571467586  2843
3.377124042346456  2868
3.377306251068199  2917
3.3774883833761327  2896
3.377670439334323  2821
3.3778524190067545  2959
3.3780343224573315  2847
3.378216149749878  2870
3.3783979009481375  3003
3.378579576115775  2906
3.3787611753163733  2879
3.378942698613437  2927
3.379124146070392  2903
3.379305517750582  2887
3.3794868137172736  2859
3.379668034033654  2810
3.37984917876283  2832
3.380030247967831  2897
3.380211241711606  2958
3.3803921600570273  2997
3.3805730030668872  2877
3.3807537708039  2796
3.380934463330702  2956
3.3811150807098507  2920
3.381295623003826  2846
3.38147609027503  2919
3.381656482585787  2901
3.3818367999983434  2863
3.3820170425748683  2927
3.382197210377454  2839
3.3823773034681137  2994
3.3825573219087857  2922
3.3827372657613304  2928
3.382917135087531  2858
3.3830969299490943  2895
3.3832766504076504  2920
3.383456296524753  2801
3.3836358683618797  2941
3.383815365980431  2862
3.383994789441733  2930
3.3841741388070337  2916
3.384353414137506  2930
3.3845326154942486  2930
3.3847117429382823  2867
3.3848907965305544  2935
3.385069776331935  2901
3.38524868240322  2864
3.3854275148051305  2941
3.385606273598312  2920
3.3857849588433355  2936
3.385963570600697  2908
3.3861421089308186  2941
3.386320573894046  2901
3.386498965550653  2913
3.3866772839608377  2956
3.386855529184724  2863
3.387033701282363  2987
3.3872118003137306  2848
3.387389826338729  2926
3.387567779417189  2844
3.3877456596088638  2873
3.3879234669734366  2934
3.3881012015705165  2894
3.388278863459639  2928
3.3884564527002667  2941
3.388633969351789  2886
3.3888114134735234  2851
3.388988785124714  2954
3.3891660843645326  2866
3.389343311252078  2849
3.3895204658463776  2918
3.3896975482063856  2831
3.3898745583909853  2907
3.3900514964589874  2901
3.3902283624691303  2943
3.390405156480081  2947
3.390581878550435  2869
3.390758528738717  2857
3.3909351071033793  2949
3.3911116137028023  2932
3.3912880485952974  2808
3.3914644118391033  2953
3.3916407034923877  2937
3.391816923613249  2945
3.3919930722597127  2920
3.392169149489736  2998
3.392345155361204  2952
3.3925210899319325  2935
3.392696953259666  2955
3.3928727454020793  2882
3.3930484664167784  2810
3.3932241163612975  2950
3.393399695293102  2919
3.3935752032695876  2926
3.39375064034808  2947
3.3939260065858368  2957
3.3941013020400446  2922
3.3942765267678214  2903
3.3944516808262164  2952
3.394626764272209  2927
3.394801777162711  2891
3.394976719554564  2870
3.3951515915045425  2835
3.395326393069351  2911
3.395501124305626  2837
3.395675785269936  2914
3.3958503760187813  2935
3.3960248966085933  2904
3.3961993470957363  2838
3.3963737275365067  2944
3.396548037987132  2943
3.3967222785037734  2858
3.396896449142524  2960
3.397070549959409  2900
3.397244581010386  2812
3.397418542351348  2822
3.3975924340381165  2864
3.39776625612645  2844
3.3979400086720375  2874
3.3981136917305026  2829
3.398287305357401  2938
3.3984608496082234  2893
3.398634324538392  2805
3.3988077302032647  2880
3.398981066658131  2886
3.3991543339582164  2905
3.399327532158679  2934
3.3995006613146104  2920
3.399673721481038  2977
3.3998467127129226  2921
3.4000196350651586  2901
3.400192488592576  2914
3.400365273349939  2929
3.400537989391946  2916
3.400710636773231  2859
3.4008832155483626  2885
3.401055725771844  2996
3.401228167498113  2845
3.401400540781544  2835
3.401572845676446  2893
3.401745082237063  2902
3.4019172505175748  3031
3.402089350572097  2866
3.40226138245468  2942
3.402433346219312  2958
3.4026052419199146  2866
3.402777069610347  2860
3.4029488293444046  2960
3.403120521175818  2882
3.4032921451582543  2900
3.4034637013453173  2988
3.403635189790548  2895
3.4038066105474227  2831
3.403977963669355  2863
3.404149249209695  2875
3.404320467221731  2880
3.404491617758686  2865
3.4046627008737222  2963
3.404833716619938  2886
3.4050046650503694  2920
3.4051755462179893  2814
3.405346360175709  2896
3.4055171069763763  2853
3.4056877866727775  2839
3.4058583993176366  2893
3.406028944963615  2884
3.406199423663313  2809
3.4063698354692673  2920
3.406540180433955  2819
3.40671045860979  2833
3.4068806700491248  2799
3.40705081480425  2888
3.4072208929273966  2789
3.4073909044707316  2751
3.4075608494863627  2865
3.4077307280263356  2858
3.407900540142635  2808
3.4080702858871854  2814
3.4082399653118496  2880
3.40840957846843  2798
3.4085791254086675  2933
3.408748606184244  2831
3.4089180208467798  2837
3.409087369447835  2830
3.4092566520389096  2878
3.4094258686714434  2834
3.4095950193968156  2832
3.4097641042663462  2826
3.4099331233312946  2825
3.4101020766428607  2829
3.4102709642521845  2826
3.4104397862103464  2880
3.410608542568368  2867
3.41077723337721  2803
3.4109458586877746  2780
3.4111144185509046  2768
3.4112829130173843  2786
3.4114513421379375  2795
3.41161970596323  2692
3.411788004543869  2780
3.4119562379304016  2720
3.412124406173317  2700
3.4122925093230463  2744
3.412460547429961  2694
3.4126285205443754  2737
3.4127964287165433  2654
3.4129642719966626  2654
3.413132050434872  2663
3.413299764081252  2619
3.413467412985825  2643
3.413634997198556  2615
3.4138025167693513  2538
3.4139699717480614  2584
3.414137362184477  2601
3.4143046881283317  2539
3.4144719496293026  2500
3.414639146737009  2516
3.4148062795010126  2508
3.4149733479708178  2426
3.4151403521958725  2389
3.4153072922255676  2468
3.4154741681092355  2436
3.4156409798961542  2414
3.4158077276355434  2400
3.415974411376566  2435
3.416141031168329  2293
3.4163075870598827  2244
3.4164740791002206  2306
3.416640507338281  2277
3.4168068718229443  2252
3.4169731726030363  2228
3.4171394097273255  2158
3.4173055832445254  2182
3.417471693203293  2104
3.4176377396522297  2134
3.417803722639881  2096
3.417969642214737  2042
3.418135498425232  1989
3.4183012913197452  2002
3.4184670209466006  1991
3.4186326873540653  1977
3.4187982905903533  1862
3.4189638307036225  1868
3.4191293077419758  1858
3.4192947217534604  1904
3.4194600727860704  1825
3.419625360887743  1746
3.419790586106363  1749
3.419955748489758  1688
3.420120848085703  1633
3.4202858849419178  1642
3.4204508591060683  1660
3.420615770625765  1597
3.4207806195485655  1597
3.420945405921972  1535
3.4211101297934343  1534
3.4212747912103465  1483
3.4214393902200495  1457
3.4216039268698313  1440
3.421768401206924  1314
3.4219328132785085  1338
3.4220971631317103  1306
3.4222614508136027  1271
3.4224256763712044  1234
3.422589839851482  1184
3.422753941301348  1190
3.422917980767662  1163
3.423081958297231  1160
3.423245873936808  1091
3.4234097277330933  1075
3.4235735197327357  1028
3.423737249982329  1054
3.4239009185284166  989
3.4240645254174877  961
3.42422807069598  892
3.4243915544102776  895
3.4245549766067134  860
3.424718337331567  842
3.424881636631067  842
3.425044874551389  821
3.4252080511386565  783
3.425371166438941  766
3.4255342204982635  730
3.425697213362591  681
3.4258601450778405  663
3.4260230156898763  627
3.426185825244511  600
3.4263485737875077  568
3.4265112613645754  595
3.426673888021373  554
3.426836453803508  533
3.426998958756537  527
3.4271614029259654  503
3.427323786357247  474
3.4274861090957853  454
3.4276483711869328  436
3.42781057267599  409
3.427972713608209  380
3.428134794028789  389
3.4282968139828798  354
3.42845877351558  361
3.428620672671939  349
3.4287825114969546  306
3.428944290035574  310
3.4291060083326967  271
3.4292676664331685  286
3.429429264381788  240
3.4295908022233017  223
3.429752280002408  242
3.4299136977637543  205
3.430075055551939  191
3.4302363534115106  181
3.4303975913869666  168
3.4305587695227575  159
3.4307198878632823  158
3.4308809464528913  150
3.4310419453358856  136
3.431202884556517  133
3.4313637641589874  121
3.431524584187451  110
3.4316853446860116  95
3.4318460456987254  104
3.4320066872695985  91
3.4321672694425884  96
3.4323277922616042  68
3.4324882557705063  81
3.4326486600131068  73
3.4328090050331683  71
3.432969290874406  60
3.4331295175804857  55
3.433289685195026  52
3.433449793761596  50
3.433609843323718  62
3.433769833924866  44
3.433929765608464  40
3.4340896384178907  48
3.4342494523964757  36
3.4344092075875  34
3.4345689040341987  26
3.4347285417797577  26
3.434888120867316  22
3.4350476413399647  27
3.4352071032407476  22
3.4353665066126613  28
3.435525851498655  15
3.43568513794163  16
3.4358443659844413  14
3.4360035356698964  20
3.436162647040756  13
3.4363217001397333  13
3.436480695009495  11
3.436639631692661  15
3.4367985102318035  13
3.4369573306694496  10
3.4371160930480786  13
3.4372747974101237  11
3.437433443797971  15
3.4375920322539613  9
3.437750562820388  12
3.4379090355394983  7
3.438067450453494  5
3.4382258076045296  6
3.438384107034714  7
3.4385423487861106  4
3.4387005329007363  3
3.438858659420562  3
3.4390167283875126  5
3.4391747398434687  3
3.439332693830263  3
3.4394905903896835  3
3.4396484295634737  3
3.4398062113933303  4
3.439963935920905  2
3.4401216031878037  2
3.440279213235588  3
3.4404367661057735  2
3.440594261839831  3
3.4407517004791854  2
3.4409090820652177  3
