0.3010299956639812  1536
0.47712125471966244  1503
0.6020599913279624  1561
0.6989700043360189  1530
0.7781512503836436  1522
0.8450980400142568  1520
0.9030899869919435  1500
0.9542425094393249  1595
1.0  1546
1.0413926851582251  1637
1.0791812460476249  1522
1.1139433523068367  1566
1.146128035678238  1481
1.1760912590556813  1554
1.2041199826559248  1527
1.2304489213782739  1441
1.255272505103306  1556
1.2787536009528289  1433
1.3010299956639813  1422
1.3222192947339193  1438
1.3424226808222062  1456
1.3617278360175928  1431
1.380211241711606  1487
1.3979400086720377  1492
1.414973347970818  1458
1.4313637641589874  1433
1.4471580313422192  1494
1.462397997898956  1430
1.4771212547196624  1407
1.4913616938342726  1407
1.505149978319906  1450
1.5185139398778875  1434
1.5314789170422551  1406
1.5440680443502757  1432
1.5563025007672873  1428
1.568201724066995  1481
1.5797835966168101  1445
1.591064607026499  1422
1.6020599913279623  1491
1.6127838567197355  1496
1.6232492903979006  1417
1.6334684555795864  1402
1.6434526764861874  1487
1.6532125137753437  1461
1.662757831681574  1443
1.6720978579357175  1468
1.6812412373755872  1385
1.6901960800285136  1448
1.6989700043360187  1474
1.7075701760979363  1476
1.7160033436347992  1501
1.724275869600789  1505
1.7323937598229686  1458
1.7403626894942439  1448
1.7481880270062005  1406
1.7558748556724915  1395
1.7634279935629373  1495
1.7708520116421442  1459
1.7781512503836436  1452
1.7853298350107671  1439
1.792391689498254  1493
1.7993405494535817  1405
1.806179973983887  1467
1.8129133566428555  1465
1.8195439355418688  1452
1.8260748027008264  1417
1.8325089127062364  1445
1.8388490907372552  1450
1.845098040014257  1484
1.8512583487190752  1396
1.8573324964312685  1488
1.863322860120456  1434
1.8692317197309762  1459
1.8750612633917  1438
1.8808135922807914  1374
1.8864907251724818  1439
1.8920946026904804  1447
1.8976270912904414  1424
1.9030899869919435  1485
1.9084850188786497  1484
1.9138138523837167  1424
1.919078092376074  1410
1.9242792860618816  1487
1.9294189257142926  1428
1.9344984512435677  1431
1.9395192526186185  1486
1.9444826721501687  1461
1.9493900066449128  1418
1.954242509439325  1479
1.9590413923210936  1463
1.9637878273455553  1466
1.968482948553935  1434
1.9731278535996986  1474
1.9777236052888478  1470
1.9822712330395684  1466
1.9867717342662448  1388
1.9912260756924949  1455
1.99563519459755  1447
2.0  1459
2.0043213737826426  1437
2.0086001717619175  1471
2.012837224705172  1440
2.0170333392987803  1445
2.0211892990699383  1441
2.0253058652647704  1435
2.0293837776852097  1462
2.03342375548695  1439
2.037426497940624  1401
2.041392685158225  1432
2.0453229787866576  1516
2.0492180226701815  1424
2.0530784434834195  1444
2.0569048513364727  1408
2.060697840353612  1420
2.0644579892269186  1444
2.0681858617461617  1443
2.0718820073061255  1478
2.0755469613925306  1420
2.0791812460476247  1421
2.0827853703164503  1468
2.0863598306747484  1433
2.089905111439398  1506
2.093421685162235  1439
2.0969100130080562  1411
2.100370545117563  1453
2.103803720955957  1447
2.1072099696478683  1428
2.110589710299249  1488
2.113943352306837  1470
2.1172712956557644  1384
2.12057393120585  1448
2.123851640967086  1419
2.1271047983648077  1486
2.130333768495006  1483
2.1335389083702174  1453
2.1367205671564067  1462
2.1398790864012365  1486
2.143014800254095  1379
2.146128035678238  1438
2.1492191126553797  1404
2.1522883443830563  1522
2.155336037465062  1453
2.1583624920952498  1446
2.161368002234975  1429
2.164352855784437  1437
2.167317334748176  1460
2.1702617153949575  1465
2.173186268412274  1437
2.1760912590556813  1434
2.1789769472931693  1415
2.1818435879447726  1430
2.184691430817599  1430
2.187520720836463  1471
2.1903316981702914  1419
2.1931245983544616  1462
2.1958996524092336  1469
2.1986570869544226  1430
2.2013971243204513  1449
2.2041199826559246  1424
2.2068258760318495  1432
2.2095150145426308  1450
2.2121876044039577  1491
2.214843848047698  1489
2.2174839442139063  1501
2.220108088040055  1409
2.2227164711475833  1383
2.225309281725863  1469
2.2278867046136734  1439
2.230448921378274  1447
2.2329961103921536  1443
2.2355284469075487  1414
2.2380461031287955  1434
2.2405492482826  1473
2.2430380486862944  1418
2.24551266781415  1419
2.247973266361807  1423
2.250420002308894  1446
2.2528530309798933  1439
2.255272505103306  1471
2.2576785748691846  1432
2.2600713879850747  1442
2.2624510897304293  1431
2.2648178230095364  1422
2.2671717284030137  1400
2.2695129442179165  1504
2.271841606536499  1460
2.27415784926368  1374
2.2764618041732443  1457
2.278753600952829  1460
2.2810333672477277  1470
2.2833012287035497  1396
2.285557309007774  1481
2.287801729930226  1439
2.290034611362518  1419
2.292256071356476  1440
2.294466226161593  1422
2.296665190261531  1422
2.298853076409707  1458
2.3010299956639813  1454
2.303196057420489  1482
2.305351369446624  1449
2.307496037913213  1447
2.3096301674258988  1480
2.311753861055754  1450
2.3138672203691533  1453
2.315970345456918  1422
2.3180633349627615  1440
2.3201462861110542  1469
2.322219294733919  1479
2.3242824552976926  1476
2.326335860928751  1433
2.3283796034387376  1459
2.330413773349191  1433
2.3324384599156054  1464
2.3344537511509307  1488
2.3364597338485296  1441
2.3384564936046046  1480
2.3404441148401185  1444
2.342422680822206  1418
2.3443922736851106  1442
2.346352974450639  1499
2.3483048630481607  1454
2.3502480183341627  1424
2.3521825181113627  1434
2.3541084391474008  1399
2.3560258571931225  1443
2.357934847000454  1417
2.359835482339888  1418
2.361727836017593  1432
2.3636119798921444  1452
2.3654879848909  1479
2.367355921026019  1504
2.369215857410143  1451
2.3710678622717363  1490
2.3729120029701067  1432
2.374748346010104  1471
2.376576957056512  1454
2.3783979009481375  1411
2.380211241711606  1442
2.3820170425748683  1450
2.383815365980431  1525
2.385606273598312  1476
2.387389826338729  1447
2.3891660843645326  1442
2.3909351071033793  1406
2.392696953259666  1428
2.3944516808262164  1475
2.3961993470957363  1406
2.3979400086720375  1442
2.399673721481038  1391
2.401400540781544  1466
2.403120521175818  1419
2.404833716619938  1443
2.406540180433955  1421
2.4082399653118496  1408
2.4099331233312946  1444
2.41161970596323  1486
2.413299764081252  1408
2.4149733479708178  1481
2.416640507338281  1500
2.4183012913197452  1441
2.419955748489758  1455
2.4216039268698313  1481
2.423245873936808  1372
2.424881636631067  1427
2.4265112613645754  1483
2.428134794028789  1412
2.429752280002408  1448
2.4313637641589874  1499
2.432969290874406  1504
2.4345689040341987  1423
2.436162647040756  1446
2.437750562820388  1464
2.439332693830263  1427
2.4409090820652177  1426
2.4424797690644486  1412
2.444044795918076  1460
2.4456042032735974  1480
2.4471580313422194  1473
2.44870631990508  1501
2.450249108319361  1460
2.45178643552429  1473
2.4533183400470375  1462
2.45484486000851  1459
2.456366033129043  1449
2.4578818967339924  1389
2.459392487759231  1456
2.4608978427565478  1433
2.462397997898956  1451
2.4638929889859074  1445
2.4653828514484184  1476
2.4668676203541096  1479
2.4683473304121573  1478
2.469822015978163  1405
2.4712917110589387  1435
2.4727564493172123  1455
2.4742162640762553  1446
2.4756711883244296  1439
2.4771212547196626  1432
2.4785664955938436  1398
2.4800069429571505  1466
2.481442628502305  1410
2.482873583608754  1403
2.484299839346786  1426
2.48572142648158  1472
2.4871383754771865  1408
2.4885507165004443  1436
2.4899584794248346  1438
2.4913616938342726  1375
2.4927603890268375  1457
2.494154594018443  1471
2.4955443375464483  1473
2.496929648073215  1468
2.4983105537896004  1449
2.499687082618404  1431
2.5010592622177517  1420
2.5024271199844326  1452
2.503790683057181  1412
2.505149978319906  1436
2.506505032404872  1460
2.507855871695831  1443
2.509202522331103  1524
2.510545010206612  1454
2.5118833609788744  1393
2.513217600067939  1418
2.514547752660286  1486
2.515873843711679  1473
2.5171958979499744  1420
2.5185139398778875  1449
2.519827993775719  1427
2.5211380837040362  1394
2.5224442335063197  1451
2.5237464668115646  1476
2.525044807036845  1457
2.526339277389844  1483
2.5276299008713385  1428
2.5289167002776547  1407
2.530199698203082  1486
2.531478917042255  1514
2.5327543789924976  1435
2.534026106056135  1434
2.5352941200427703  1425
2.53655844257153  1476
2.537819095073274  1440
2.5390760987927767  1497
2.5403294747908736  1473
2.5415792439465807  1462
2.5428254269591797  1483
2.5440680443502757  1399
2.545307116465824  1432
2.546542663478131  1444
2.5477747053878224  1430
2.5490032620257876  1468
2.550228353055094  1413
2.5514499979728753  1478
2.552668216112193  1459
2.5538830266438746  1460
2.5550944485783194  1517
2.5563025007672873  1432
2.5575072019056577  1438
2.558708570533166  1504
2.5599066250361124  1386
2.561101383649056  1466
2.5622928644564746  1424
2.5634810853944106  1437
2.5646660642520893  1475
2.5658478186735176  1458
2.56702636615906  1474
2.568201724066995  1494
2.569373909615046  1393
2.5705429398818973  1405
2.571708831808688  1408
2.5728716022004803  1414
2.574031267727719  1470
2.575187844927661  1441
2.576341350205793  1492
2.5774917998372255  1409
2.578639209968072  1408
2.57978359661681  1442
2.5809249756756194  1436
2.582063362911709  1463
2.583198773968623  1444
2.584331224367531  1446
2.5854607295085006  1436
2.586587304671755  1448
2.5877109650189114  1459
2.5888317255942073  1410
2.5899496013257077  1429
2.591064607026499  1402
2.5921767573958667  1426
2.593286067020457  1474
2.5943925503754266  1480
2.595496221825574  1425
2.59659709562646  1439
2.597695185925512  1426
2.598790506763115  1472
2.5998830720736876  1420
2.6009728956867484  1453
2.6020599913279625  1420
2.603144372620182  1474
2.60422605308447  1499
2.6053050461411096  1488
2.606381365110605  1399
2.6074550232146687  1460
2.6085260335771943  1482
2.60959440922522  1363
2.61066016308988  1416
2.611723308007342  1418
2.6127838567197355  1517
2.6138418218760693  1519
2.6148972160331345  1462
2.615950051656401  1447
2.617000341120899  1441
2.6180480967120925  1396
2.6190933306267428  1426
2.6201360549737576  1475
2.621176281775035  1435
2.622214022966295  1473
2.6232492903979003  1431
2.6242820958356683  1385
2.625312450961674  1481
2.6263403673750423  1487
2.6273658565927325  1449
2.6283889300503116  1447
2.629409599102719  1464
2.630427875025024  1506
2.6314437690131722  1450
2.6324572921847245  1370
2.6334684555795866  1413
2.6344772701607315  1409
2.635483746814912  1417
2.6364878963533656  1464
2.637489729512511  1406
2.6384892569546374  1425
2.639486489268586  1450
2.640481436970422  1435
2.6414741105040997  1473
2.6424645202421213  1460
2.6434526764861874  1496
2.6444385894678386  1421
2.645422269349092  1499
2.6464037262230695  1490
2.6473829701146196  1422
2.6483600109809315  1445
2.649334858712142  1392
2.6503075231319366  1417
2.651278013998144  1438
2.6522463410033232  1407
2.6532125137753435  1449
2.6541765418779604  1421
2.655138434811382  1416
2.656098202012832  1421
2.6570558528571038  1415
2.6580113966571126  1455
2.658964842664435  1492
2.6599162000698504  1485
2.660865478003869  1443
2.661812685537261  1423
2.662757831681574  1415
2.663700925389648  1442
2.6646419755561257  1466
2.6655809910179533  1443
2.6665179805548807  1450
2.667452952889954  1440
2.66838591669  1396
2.6693168805661123  1471
2.670245853074124  1417
2.6711728427150834  1451
2.6720978579357175  1459
2.673020907128896  1484
2.673941998634088  1454
2.6748611407378116  1423
2.6757783416740852  1465
2.6766936096248664  1425
2.677606952720493  1445
2.678518379040114  1415
2.6794278966121188  1446
2.680335513414563  1453
2.681241237375587  1491
2.682145076373832  1460
2.6830470382388496  1482
2.683947130751512  1435
2.6848453616444123  1480
2.6857417386022635  1429
2.6866362692622934  1476
2.6875289612146345  1403
2.6884198220027105  1440
2.6893088591236203  1532
2.690196080028514  1500
2.6910814921229687  1450
2.69196510276736  1462
2.69284691927723  1472
2.693726948923647  1461
2.694605198933569  1444
2.6954816764901977  1454
2.696356388733332  1467
2.6972293427597176  1424
2.6981005456233897  1482
2.6989700043360187  1492
2.699837725867246  1450
2.7007037171450192  1426
2.7015679850559273  1413
2.7024305364455254  1438
2.7032913781186614  1481
2.7041505168397992  1400
2.705007959333336  1436
2.7058637122839193  1406
2.7067177823367587  1438
2.7075701760979363  1447
2.708420900134713  1465
2.709269960975831  1469
2.7101173651118162  1403
2.710963118995276  1418
2.711807229041191  1429
2.7126497016272113  1460
2.7134905430939424  1457
2.714329759745233  1448
2.7151673578484576  1461
2.716003343634799  1422
2.7168377232995247  1424
2.717670503002262  1401
2.718501688867274  1421
2.7193312869837265  1539
2.720159303405957  1446
2.7209857441537393  1452
2.7218106152125467  1444
2.722633922533812  1429
2.7234556720351857  1382
2.724275869600789  1463
2.725094521081469  1408
2.7259116322950483  1414
2.7267272090265724  1423
2.727541257028556  1457
2.7283537820212285  1477
2.72916478969277  1434
2.7299742856995555  1460
2.7307822756663893  1409
2.7315887651867388  1462
2.7323937598229686  1427
2.7331972651065692  1448
2.733999286538387  1420
2.734799829588847  1479
2.73559889969818  1460
2.7363965022766426  1389
2.7371926427047373  1460
2.737987326333431  1454
2.738780558484369  1436
2.739572344450092  1470
2.7403626894942437  1444
2.741151598851785  1446
2.741939077729199  1423
2.7427251313046983  1476
2.74350976472843  1443
2.7442929831226763  1458
2.7450747915820575  1426
2.745855195173729  1459
2.7466341989375787  1415
2.747411807886423  1476
2.7481880270062002  1394
2.7489628612561616  1479
2.749736315569061  1410
2.7505083948513462  1403
2.751279103983342  1455
2.7520484478194387  1517
2.7528164311882715  1418
2.7535830588929064  1422
2.754348335711019  1433
2.7551122663950713  1492
2.7558748556724915  1501
2.756636108245848  1450
2.7573960287930244  1445
2.75815462196739  1459
2.7589118923979736  1435
2.7596678446896306  1448
2.760422483423212  1420
2.7611758131557314  1444
2.761927838420529  1453
2.762678563727436  1472
2.7634279935629373  1405
2.7641761323903307  1471
2.7649229846498886  1419
2.765668554759014  1464
2.7664128471123997  1494
2.7671558660821804  1470
2.767897616018091  1416
2.7686381012476144  1451
2.7693773260761385  1450
2.7701152947871015  1449
2.7708520116421442  1451
2.7715874808812555  1464
2.77232170672292  1416
2.7730546933642626  1454
2.7737864449811935  1373
2.7745169657285498  1488
2.7752462597402365  1368
2.775974331129369  1390
2.776701183988411  1527
2.7774268223893115  1481
2.7781512503836434  1487
2.7788744720027396  1439
2.7795964912578244  1391
2.780317312140151  1497
2.7810369386211318  1458
2.781755374652469  1469
2.782472624166286  1504
2.7831886910752575  1478
2.783903579272735  1449
2.784617292632875  1439
2.785329835010767  1377
2.786041210242554  1440
2.7867514221455614  1396
2.787460474518415  1456
2.788168371141168  1441
2.788875115775417  1420
2.7895807121644256  1433
2.7902851640332416  1456
2.790988475088816  1500
2.791690649020118  1415
2.792391689498254  1440
2.79309160017658  1433
2.7937903846908188  1487
2.7944880466591697  1419
2.795184589682424  1439
2.7958800173440754  1406
2.7965743332104296  1446
2.7972675408307164  1447
2.797959643737196  1422
2.798650645445269  1418
2.7993405494535817  1454
2.8000293592441343  1431
2.800717078282385  1473
2.801403710017355  1494
2.802089257881733  1454
2.8027737252919755  1504
2.803457115648414  1451
2.8041394323353503  1488
2.8048206787211623  1486
2.8055008581584002  1436
2.806179973983887  1389
2.8068580295188172  1436
2.807535028068853  1451
2.808210972924222  1469
2.808885867359812  1462
2.8095597146352675  1508
2.8102325179950842  1465
2.8109042806687006  1476
2.8115750058705933  1472
2.812244696800369  1422
2.8129133566428557  1423
2.813580988568192  1451
2.81424759573192  1451
2.814913181275074  1478
2.815577748324267  1455
2.816241299991783  1433
2.8169038393756605  1439
2.8175653695597807  1442
2.8182258936139557  1469
2.8188854145940097  1439
2.8195439355418688  1406
2.82020145948564  1434
2.8208579894397  1414
2.821513528404773  1477
2.8221680793680175  1391
2.8228216453031045  1467
2.823474229170301  1479
2.824125833916549  1436
2.824776462475546  1438
2.8254261177678233  1456
2.8260748027008264  1446
2.826722520168992  1482
2.8273692730538253  1431
2.828015064223977  1363
2.82865989653532  1461
2.829303772831025  1450
2.829946695941636  1434
2.8305886686851442  1432
2.8312296938670634  1481
2.8318697742805017  1436
2.832508912706236  1463
2.833147111912785  1510
2.833784374656479  1433
2.8344207036815328  1494
2.835056101720116  1417
2.8356905714924254  1464
2.8363241157067516  1397
2.8369567370595505  1414
2.837588438235511  1463
2.8382192219076257  1431
2.838849090737255  1473
2.8394780473741985  1451
2.840106094456758  1487
2.8407332346118066  1426
2.841359470454855  1459
2.8419848045901137  1526
2.842609239610562  1433
2.8432327780980096  1450
2.843855422623161  1490
2.8444771757456815  1473
2.845098040014257  1453
2.8457180179666586  1358
2.846337112129805  1448
2.846955325019824  1507
2.847572659142112  1468
2.848189116991399  1392
2.8488047010518036  1461
2.8494194137968996  1422
2.850033257689769  1402
2.8506462351830666  1399
2.8512583487190755  1493
2.851869600729766  1423
2.8524799936368566  1425
2.8530895298518657  1459
2.8536982117761744  1449
2.8543060418010806  1468
2.8549130223078554  1438
2.8555191556678  1402
2.8561244442423  1388
2.8567288903828825  1430
2.8573324964312685  1501
2.857935264719429  1446
2.858537197569639  1459
2.859138297294531  1418
2.859738566197147  1438
2.8603380065709936  1409
2.8609366207000937  1441
2.8615344108590377  1427
2.862131379313037  1431
2.8627275283179747  1475
2.863322860120456  1477
2.8639173769578603  1442
2.864511081058392  1525
2.8651039746411278  1485
2.8656960599160706  1418
2.8662873390841948  1424
2.866877814337499  1450
2.8674674878590514  1432
2.8680563618230415  1481
2.8686444383948255  1461
2.8692317197309762  1452
2.869818207979328  1460
2.870403905279027  1481
2.8709888137605755  1431
2.8715729355458786  1448
2.8721562727482928  1446
2.8727388274726686  1430
2.873320601815399  1441
2.8739015978644615  1457
2.8744818176994666  1426
2.8750612633917  1431
2.8756399370041685  1456
2.876217840591642  1458
2.8767949762007006  1474
2.877371345869774  1440
2.8779469516291885  1433
2.8785217955012063  1505
2.8790958795000727  1460
2.8796692056320534  1436
2.88024177589548  1425
2.8808135922807914  1445
2.8813846567705728  1483
2.8819549713396007  1406
2.8825245379548803  1460
2.8830933585756897  1406
2.8836614351536176  1482
2.884228769632604  1415
2.884795363948981  1427
2.885361220031512  1440
2.885926339801431  1434
2.886490725172482  1500
2.8870543780509568  1485
2.887617300335736  1457
2.888179493918325  1449
2.8887409606828927  1477
2.88930170250631  1409
2.8898617212581885  1430
2.890421018800914  1436
2.890979596989689  1477
2.8915374576725643  1493
2.8920946026904804  1445
2.8926510338773004  1441
2.893206753059848  1406
2.8937617620579434  1426
2.8943160626844384  1476
2.8948696567452528  1458
2.895422546039408  1403
2.8959747323590648  1422
2.8965262174895554  1434
2.89707700320942  1429
2.8976270912904414  1418
2.8981764834976764  1449
2.8987251815894934  1448
2.8992731873176036  1412
2.8998205024270964  1511
2.9003671286564705  1428
2.900913067737669  1484
2.9014583213961123  1508
2.9020028913507296  1439
2.902546779313991  1494
2.9030899869919438  1480
2.9036325160842376  1502
2.9041743682841634  1466
2.904715545278681  1444
2.905256048748451  1514
2.9057958803678687  1466
2.906335041805091  1440
2.90687353472207  1445
2.907411360774586  1457
2.9079485216122722  1437
2.90848501887865  1470
2.909020854211156  1473
2.9095560292411755  1405
2.910090545594068  1423
2.910624404889201  1419
2.9111576087399764  1555
2.9116901587538613  1482
2.9122220565324155  1411
2.912753303671323  1433
2.9132839017604186  1446
2.9138138523837167  1456
2.9143431571194407  1453
2.9148718175400505  1450
2.91539983521227  1492
2.9159272116971158  1468
2.916453948549925  1423
2.9169800473203824  1457
2.9175055095525466  1436
2.9180303367848803  1391
2.9185545305502734  1457
2.9190780923760737  1428
2.919601023784111  1474
2.920123326290724  1418
2.9206450014067875  1499
2.921166050637739  1455
2.921686475483602  1486
2.9222062774390163  1408
2.92272545799326  1412
2.9232440186302764  1467
2.9237619608287004  1505
2.9242792860618816  1451
2.924795995797912  1449
2.9253120914996495  1428
2.9258275746247424  1419
2.926342446625655  1446
2.926856708949692  1509
2.9273703630390235  1398
2.9278834103307068  1448
2.9283958522567137  1466
2.928907690243953  1435
2.929418925714293  1447
2.929929560084588  1452
2.9304395947667  1398
2.930949031167523  1429
2.931457870689005  1495
2.931966114728173  1415
2.932473764677153  1452
2.932980821923198  1434
2.9334872878487053  1433
2.9339931638312424  1409
2.934498451243568  1460
2.935003151453655  1513
2.9355072658247128  1454
2.9360107957152097  1442
2.936513742478893  1501
2.9370161074648142  1454
2.937517892017347  1408
2.9380190974762104  1471
2.938519725176492  1391
2.9390197764486663  1466
2.9395192526186187  1428
2.9400181550076634  1432
2.940516484932567  1459
2.9410142437055695  1453
2.941511432634403  1436
2.942008053022313  1444
2.9425041061680806  1437
2.9429995933660407  1422
2.9434945159061026  1454
2.9439888750737717  1470
2.9444826721501687  1491
2.9449759084120477  1511
2.94546858513182  1436
2.9459607035775686  1462
2.946452265013073  1439
2.9469432706978256  1504
2.9474337218870508  1476
2.9479236198317262  1448
2.948412965778601  1425
2.9489017609702137  1428
2.949390006644913  1441
2.949877704036875  1418
2.950364854376123  1415
2.9508514588885464  1441
2.951337518795918  1446
2.951823035315912  1494
2.9523080096621253  1470
2.952792443044092  1475
2.9532763366673045  1402
2.9537596917332287  1401
2.9542425094393248  1412
2.954724790979063  1463
2.9552065375419416  1449
2.9556877503135057  1481
2.9561684304753633  1489
2.9566485792052033  1457
2.957128197676813  1402
2.957607287060095  1442
2.958085848521085  1404
2.9585638832219674  1393
2.9590413923210934  1428
2.9595183769729982  1499
2.959994838328416  1414
2.960470777534299  1438
2.960946195733831  1487
2.9614210940664485  1427
2.9618954736678504  1470
2.962369335670021  1398
2.9628426812012423  1458
2.9633155113861114  1517
2.963787827345555  1456
2.964259630196849  1411
2.9647309210536292  1420
2.965201701025912  1443
2.9656719712201065  1476
2.9661417327390325  1454
2.966610986681934  1454
2.967079734144497  1466
2.967547976218862  1462
2.968015713993642  1451
2.9684829485539352  1455
2.9689496809813427  1433
2.9694159123539814  1433
2.9698816437465  1479
2.9703468762300935  1411
2.9708116108725178  1424
2.971275848738105  1456
2.971739590887778  1405
2.9722028383790646  1436
2.972665592266111  1398
2.9731278535996988  1488
2.973589623427257  1466
2.9740509027928774  1444
2.9745116927373285  1422
2.974971994298069  1408
2.975431808509263  1405
2.975891136401793  1460
2.9763499790032735  1426
2.976808337338066  1401
2.977266212427293  1481
2.9777236052888476  1430
2.978180516937414  1520
2.9786369483844743  1506
2.979092900638326  1413
2.979548374704095  1466
2.9800033715837464  1469
2.9804578922761  1437
2.9809119377768436  1477
2.9813655090785445  1441
2.9818186071706636  1434
2.9822712330395684  1382
2.9827233876685453  1464
2.983175072037813  1492
2.9836262871245345  1455
2.984077033902831  1493
2.9845273133437926  1481
2.9849771264154934  1476
2.9854264740830017  1455
2.9858753573083936  1467
2.986323777050765  1466
2.9867717342662448  1426
2.9872192299080047  1473
2.9876662649262746  1465
2.988112840268352  1538
2.9885589568786157  1470
2.989004615698537  1402
2.9894498176666917  1456
2.989894563718773  1398
2.9903388547876015  1432
2.9907826918031377  1426
2.9912260756924947  1492
2.9916690073799486  1412
2.9921114877869495  1401
2.9925535178321354  1507
2.9929950984313414  1404
2.9934362304976116  1480
2.993876914941211  1504
2.9943171526696366  1392
2.9947569445876283  1498
2.9951962915971793  1391
2.99563519459755  1438
2.9960736544852753  1417
2.9965116721541785  1452
2.996949248495381  1427
2.997386384397313  1453
2.9978230807457256  1440
2.998259338423699  1450
2.998695158311656  1403
2.999130541287371  1459
2.9995654882259823  1497
3.0  1487
3.000434077479319  1470
3.0008677215312267  1500
3.0013009330204183  1415
3.0017337128090005  1425
3.002166061756508  1462
3.0025979807199086  1430
3.003029470553618  1421
3.0034605321095067  1420
3.0038911662369103  1408
3.0043213737826426  1463
3.004751155591001  1478
3.0051805125037805  1406
3.0056094453602804  1475
3.0060379549973173  1425
3.0064660422492318  1439
3.0068937079479006  1424
3.0073209529227447  1448
3.00774777800074  1436
3.0081741840064264  1418
3.0086001717619175  1448
3.0090257420869104  1416
3.009450895798694  1422
3.00987563371216  1481
3.010299956639812  1453
3.010723865391773  1447
3.0111473607757975  1490
3.0115704435972783  1448
3.011993114659257  1391
3.012415374762433  1447
3.012837224705172  1408
3.0132586652835167  1462
3.0136796972911926  1385
3.0141003215196207  1447
3.0145205387579237  1470
3.0149403497929366  1491
3.0153597554092144  1438
3.015778756389041  1416
3.016197353512439  1438
3.016615547557177  1472
3.0170333392987803  1425
3.017450729510536  1426
3.0178677189635055  1424
3.018284308426531  1417
3.0187004986662433  1438
3.019116290447073  1451
3.0195316845312554  1557
3.0199466816788423  1421
3.0203612826477078  1522
3.020775488193558  1414
3.0211892990699383  1466
3.021602716028242  1449
3.02201573981772  1551
3.0224283711854865  1509
3.022840610876528  1457
3.0232524596337114  1426
3.0236639181977933  1461
3.024074987307426  1504
3.024485667699167  1480
3.024895960107485  1403
3.0253058652647704  1420
3.025715383901341  1449
3.0261245167454502  1476
3.0265332645232967  1445
3.0269416279590295  1472
3.0273496077747564  1453
3.0277572046905536  1438
3.0281644194244697  1488
3.0285712526925375  1483
3.028977705208778  1445
3.0293837776852097  1411
3.029789470831856  1400
3.030194785356751  1478
3.030599721965951  1452
3.0310042813635367  1413
3.031408464251624  1421
3.0318122713303706  1436
3.0322157032979815  1511
3.03261876085072  1430
3.0330214446829107  1412
3.03342375548695  1455
3.03382569395331  1427
3.0342272607705505  1498
3.0346284566253203  1444
3.0350292822023683  1471
3.0354297381845483  1413
3.035829825252828  1430
3.0362295440862948  1453
3.036628895362161  1491
3.037027879755775  1446
3.037426497940624  1461
3.037824750588342  1461
3.0382226383687185  1457
3.038620161949703  1459
3.039017321997412  1523
3.0394141191761372  1432
3.0398105541483504  1464
3.0402066275747113  1470
3.040602340114073  1462
3.0409976924234905  1422
3.041392685158225  1423
3.041787318971752  1481
3.042181594515766  1483
3.0425755124401905  1445
3.0429690733931802  1469
3.0433622780211294  1428
3.0437551269686796  1401
3.044147620878723  1448
3.044539760392411  1507
3.04493154614916  1435
3.0453229787866576  1426
3.0457140589408676  1476
3.0461047872460387  1407
3.0464951643347082  1437
3.04688519083771  1423
3.0472748673841794  1374
3.04766419460156  1456
3.048053173115609  1435
3.0484418035504044  1440
3.04883008652835  1436
3.0492180226701815  1363
3.049605612594973  1508
3.0499928569201424  1443
3.050379756261458  1466
3.0507663112330423  1424
3.0511525224473814  1399
3.0515383905153275  1413
3.0519239160461065  1389
3.0523090996473234  1441
3.052693941924968  1433
3.0530784434834195  1409
3.053462604925455  1432
3.0538464268522527  1388
3.0542299098633974  1431
3.0546130545568877  1405
3.0549958615291417  1406
3.055378331375  1307
3.0557604646877348  1337
3.056142262059052  1340
3.0565237240791006  1346
3.0569048513364727  1322
3.0572856444182146  1288
3.0576661039098294  1339
3.0580462303952816  1303
3.058426024457005  1262
3.0588054866759067  1311
3.059184617631371  1279
3.0595634179012676  1248
3.059941888061955  1250
3.060320028688285  1227
3.060697840353612  1168
3.0610753236297916  1198
3.061452479087193  1162
3.061829307294699  1198
3.0622058088197126  1164
3.062581984228163  1115
3.0629578340845103  1174
3.0633333589517497  1084
3.0637085593914173  1067
3.064083435963596  1042
3.0644579892269186  1025
3.064832219738574  1033
3.065206128054312  957
3.0655797147284485  964
3.06595298031387  996
3.0663259253620376  960
3.0666985504229953  933
3.0670708560453703  881
3.0674428427763805  881
3.0678145111618402  827
3.0681858617461617  816
3.068556895072363  826
3.068927611682072  787
3.0692980121155293  731
3.0696680969115957  714
3.070037866607755  742
3.0704073217401198  677
3.0707764628434346  673
3.0711452904510828  636
3.071513805095089  605
3.0718820073061255  596
3.072249897613515  551
3.0726174765452368  573
3.0729847446279304  505
3.073351702386901  479
3.0737183503461227  459
3.074084689028244  437
3.074450718954591  443
3.074816440645175  388
3.0751818546186915  369
3.0755469613925306  353
3.0759117614827773  334
3.076276255404218  335
3.076640443670342  313
3.0770043267933502  297
3.0773679052841563  273
3.077731179652392  239
3.0780941504064105  246
3.0784568180532927  244
3.0788191830988487  228
3.0791812460476247  195
3.079543007402906  194
3.079904467666721  170
3.0802656273398448  172
3.0806264869218056  162
3.080987046910887  143
3.0813473078041325  124
3.081707270097349  121
3.082066934285113  101
3.0824263008607717  100
3.0827853703164503  87
3.0831441431430524  83
3.0835026198302673  82
3.083860800866573  85
3.0842186867392387  74
3.084576277934331  61
3.084933574936716  60
3.085290578230065  45
3.0856472882968564  51
3.0860037056183818  44
3.0863598306747484  44
3.0867156639448825  45
3.0870712059065353  35
3.0874264570362855  36
3.087781417809542  31
3.0881360887005513  31
3.0884904701823963  28
3.088844562727004  23
3.089198366805149  29
3.089551882886454  16
3.089905111439398  14
3.090258052931316  15
3.090610707828407  16
3.0909630765957314  9
3.091315159697223  9
3.0916669575956846  8
3.092018470752797  8
3.0923696996291206  6
3.0927206446840994  5
3.0930713063760633  5
3.093421685162235  5
3.09377178149873  4
3.0941215958405612  3
3.094471128641645  2
3.0948203803548  2
3.095169351431755  2
3.095518042323151  1
3.0958664534785427  1
3.0962145853464054  1
3.0965624383741357  1
