0.3010299956639812  2080
0.47712125471966244  2095
0.6020599913279624  2084
0.6989700043360189  2091
0.7781512503836436  2079
0.8450980400142568  2076
0.9030899869919435  2073
0.9542425094393249  2077
1.0  2075
1.0413926851582251  2082
1.0791812460476249  2099
1.1139433523068367  2090
1.146128035678238  2106
1.1760912590556813  2072
1.2041199826559248  2070
1.2304489213782739  2075
1.255272505103306  2080
1.2787536009528289  2080
1.3010299956639813  2085
1.3222192947339193  2093
1.3424226808222062  2067
1.3617278360175928  2079
1.380211241711606  2067
1.3979400086720377  2086
1.414973347970818  2090
1.4313637641589874  2094
1.4471580313422192  2090
1.462397997898956  2076
1.4771212547196624  2065
1.4913616938342726  2088
1.505149978319906  2084
1.5185139398778875  2074
1.5314789170422551  2070
1.5440680443502757  2080
1.5563025007672873  2074
1.568201724066995  2074
1.5797835966168101  2075
1.591064607026499  2086
1.6020599913279623  2072
1.6127838567197355  2078
1.6232492903979006  2104
1.6334684555795864  2084
1.6434526764861874  2076
1.6532125137753437  2082
1.662757831681574  2080
1.6720978579357175  2071
1.6812412373755872  2087
1.6901960800285136  2083
1.6989700043360187  2079
1.7075701760979363  2071
1.7160033436347992  2074
1.724275869600789  2078
1.7323937598229686  2075
1.7403626894942439  2084
1.7481880270062005  2081
1.7558748556724915  2081
1.7634279935629373  2065
1.7708520116421442  2090
1.7781512503836436  2105
1.7853298350107671  2086
1.792391689498254  2086
1.7993405494535817  2087
1.806179973983887  2097
1.8129133566428555  2073
1.8195439355418688  2085
1.8260748027008264  2080
1.8325089127062364  2069
1.8388490907372552  2091
1.845098040014257  2083
1.8512583487190752  2078
1.8573324964312685  2092
1.863322860120456  2089
1.8692317197309762  2094
1.8750612633917  2085
1.8808135922807914  2088
1.8864907251724818  2097
1.8920946026904804  2102
1.8976270912904414  2089
1.9030899869919435  2083
1.9084850188786497  2084
1.9138138523837167  2088
1.919078092376074  2082
1.9242792860618816  2087
1.9294189257142926  2086
1.9344984512435677  2074
1.9395192526186185  2075
1.9444826721501687  2090
1.9493900066449128  2090
1.954242509439325  2089
1.9590413923210936  2098
1.9637878273455553  2075
1.968482948553935  2092
1.9731278535996986  2082
1.9777236052888478  2085
1.9822712330395684  2069
1.9867717342662448  2090
1.9912260756924949  2097
1.99563519459755  2097
2.0  2084
2.0043213737826426  2072
2.0086001717619175  2098
2.012837224705172  2073
2.0170333392987803  2078
2.0211892990699383  2079
2.0253058652647704  2089
2.0293837776852097  2076
2.03342375548695  2083
2.037426497940624  2074
2.041392685158225  2070
2.0453229787866576  2095
2.0492180226701815  2087
2.0530784434834195  2069
2.0569048513364727  2087
2.060697840353612  2071
2.0644579892269186  2071
2.0681858617461617  2073
2.0718820073061255  2079
2.0755469613925306  2076
2.0791812460476247  2073
2.0827853703164503  2076
2.0863598306747484  2074
2.089905111439398  2085
2.093421685162235  2079
2.0969100130080562  2077
2.100370545117563  2098
2.103803720955957  2078
2.1072099696478683  2077
2.110589710299249  2084
2.113943352306837  2080
2.1172712956557644  2086
2.12057393120585  2082
2.123851640967086  2079
2.1271047983648077  2089
2.130333768495006  2077
2.1335389083702174  2093
2.1367205671564067  2070
2.1398790864012365  2077
2.143014800254095  2077
2.146128035678238  2071
2.1492191126553797  2075
2.1522883443830563  2074
2.155336037465062  2074
2.1583624920952498  2080
2.161368002234975  2068
2.164352855784437  2080
2.167317334748176  2078
2.1702617153949575  2090
2.173186268412274  2081
2.1760912590556813  2082
2.1789769472931693  2083
2.1818435879447726  2091
2.184691430817599  2078
2.187520720836463  2087
2.1903316981702914  2086
2.1931245983544616  2085
2.1958996524092336  2093
2.1986570869544226  2081
2.2013971243204513  2082
2.2041199826559246  2075
2.2068258760318495  2071
2.2095150145426308  2068
2.2121876044039577  2086
2.214843848047698  2103
2.2174839442139063  2078
2.220108088040055  2075
2.2227164711475833  2091
2.225309281725863  2076
2.2278867046136734  2076
2.230448921378274  2089
2.2329961103921536  2078
2.2355284469075487  2087
2.2380461031287955  2085
2.2405492482826  2094
2.2430380486862944  2075
2.24551266781415  2086
2.247973266361807  2088
2.250420002308894  2077
2.2528530309798933  2078
2.255272505103306  2093
2.2576785748691846  2088
2.2600713879850747  2064
2.2624510897304293  2099
2.2648178230095364  2081
2.2671717284030137  2076
2.2695129442179165  2068
2.271841606536499  2071
2.27415784926368  2077
2.2764618041732443  2078
2.278753600952829  2082
2.2810333672477277  2095
2.2833012287035497  2076
2.285557309007774  2087
2.287801729930226  2084
2.290034611362518  2086
2.292256071356476  2073
2.294466226161593  2081
2.296665190261531  2075
2.298853076409707  2070
2.3010299956639813  2077
2.303196057420489  2070
2.305351369446624  2067
2.307496037913213  2079
2.3096301674258988  2091
2.311753861055754  2089
2.3138672203691533  2063
2.315970345456918  2078
2.3180633349627615  2081
2.3201462861110542  2093
2.322219294733919  2087
2.3242824552976926  2089
2.326335860928751  2089
2.3283796034387376  2093
2.330413773349191  2076
2.3324384599156054  2073
2.3344537511509307  2081
2.3364597338485296  2080
2.3384564936046046  2091
2.3404441148401185  2089
2.342422680822206  2093
2.3443922736851106  2080
2.346352974450639  2083
2.3483048630481607  2087
2.3502480183341627  2084
2.3521825181113627  2090
2.3541084391474008  2105
2.3560258571931225  2074
2.357934847000454  2083
2.359835482339888  2077
2.361727836017593  2083
2.3636119798921444  2087
2.3654879848909  2069
2.367355921026019  2084
2.369215857410143  2071
2.3710678622717363  2072
2.3729120029701067  2084
2.374748346010104  2078
2.376576957056512  2077
2.3783979009481375  2100
2.380211241711606  2084
2.3820170425748683  2089
2.383815365980431  2087
2.385606273598312  2091
2.387389826338729  2079
2.3891660843645326  2088
2.3909351071033793  2065
2.392696953259666  2090
2.3944516808262164  2082
2.3961993470957363  2075
2.3979400086720375  2093
2.399673721481038  2076
2.401400540781544  2091
2.403120521175818  2101
2.404833716619938  2079
2.406540180433955  2087
2.4082399653118496  2071
2.4099331233312946  2092
2.41161970596323  2089
2.413299764081252  2080
2.4149733479708178  2085
2.416640507338281  2072
2.4183012913197452  2088
2.419955748489758  2065
2.4216039268698313  2069
2.423245873936808  2085
2.424881636631067  2088
2.4265112613645754  2086
2.428134794028789  2088
2.429752280002408  2081
2.4313637641589874  2073
2.432969290874406  2078
2.4345689040341987  2085
2.436162647040756  2074
2.437750562820388  2079
2.439332693830263  2090
2.4409090820652177  2079
2.4424797690644486  2093
2.444044795918076  2096
2.4456042032735974  2075
2.4471580313422194  2081
2.44870631990508  2077
2.450249108319361  2073
2.45178643552429  2090
2.4533183400470375  2078
2.45484486000851  2087
2.456366033129043  2084
2.4578818967339924  2080
2.459392487759231  2095
2.4608978427565478  2080
2.462397997898956  2072
2.4638929889859074  2077
2.4653828514484184  2091
2.4668676203541096  2086
2.4683473304121573  2085
2.469822015978163  2079
2.4712917110589387  2084
2.4727564493172123  2076
2.4742162640762553  2080
2.4756711883244296  2077
2.4771212547196626  2074
2.4785664955938436  2083
2.4800069429571505  2094
2.481442628502305  2093
2.482873583608754  2085
2.484299839346786  2083
2.48572142648158  2100
2.4871383754771865  2078
2.4885507165004443  2091
2.4899584794248346  2092
2.4913616938342726  2096
2.4927603890268375  2079
2.494154594018443  2086
2.4955443375464483  2083
2.496929648073215  2073
2.4983105537896004  2064
2.499687082618404  2080
2.5010592622177517  2090
2.5024271199844326  2070
2.503790683057181  2079
2.505149978319906  2076
2.506505032404872  2082
2.507855871695831  2099
2.509202522331103  2075
2.510545010206612  2071
2.5118833609788744  2065
2.513217600067939  2092
2.514547752660286  2075
2.515873843711679  2079
2.5171958979499744  2081
2.5185139398778875  2078
2.519827993775719  2078
2.5211380837040362  2085
2.5224442335063197  2081
2.5237464668115646  2092
2.525044807036845  2096
2.526339277389844  2113
2.5276299008713385  2090
2.5289167002776547  2083
2.530199698203082  2086
2.531478917042255  2067
2.5327543789924976  2097
2.534026106056135  2097
2.5352941200427703  2075
2.53655844257153  2086
2.537819095073274  2060
2.5390760987927767  2103
2.5403294747908736  2089
2.5415792439465807  2080
2.5428254269591797  2089
2.5440680443502757  2091
2.545307116465824  2072
2.546542663478131  2067
2.5477747053878224  2076
2.5490032620257876  2081
2.550228353055094  2074
2.5514499979728753  2058
2.552668216112193  2086
2.5538830266438746  2087
2.5550944485783194  2089
2.5563025007672873  2091
2.5575072019056577  2092
2.558708570533166  2071
2.5599066250361124  2098
2.561101383649056  2069
2.5622928644564746  2064
2.5634810853944106  2081
2.5646660642520893  2074
2.5658478186735176  2062
2.56702636615906  2093
2.568201724066995  2070
2.569373909615046  2079
2.5705429398818973  2066
2.571708831808688  2071
2.5728716022004803  2075
2.574031267727719  2084
2.575187844927661  2074
2.576341350205793  2065
2.5774917998372255  2076
2.578639209968072  2067
2.57978359661681  2066
2.5809249756756194  2055
2.582063362911709  2063
2.583198773968623  2079
2.584331224367531  2052
2.5854607295085006  2059
2.586587304671755  2073
2.5877109650189114  2065
2.5888317255942073  2043
2.5899496013257077  2060
2.591064607026499  2054
2.5921767573958667  2051
2.593286067020457  2034
2.5943925503754266  2042
2.595496221825574  2044
2.59659709562646  2031
2.597695185925512  2006
2.598790506763115  2025
2.5998830720736876  2015
2.6009728956867484  2011
2.6020599913279625  1986
2.603144372620182  1972
2.60422605308447  1967
2.6053050461411096  1954
2.606381365110605  1943
2.6074550232146687  1916
2.6085260335771943  1897
2.60959440922522  1899
2.61066016308988  1849
2.611723308007342  1848
2.6127838567197355  1847
2.6138418218760693  1819
2.6148972160331345  1784
2.615950051656401  1759
2.617000341120899  1755
2.6180480967120925  1701
2.6190933306267428  1672
2.6201360549737576  1632
2.621176281775035  1613
2.622214022966295  1581
2.6232492903979003  1558
2.6242820958356683  1517
2.625312450961674  1476
2.6263403673750423  1439
2.6273658565927325  1404
2.6283889300503116  1383
2.629409599102719  1313
2.630427875025024  1291
2.6314437690131722  1264
2.6324572921847245  1208
2.6334684555795866  1173
2.6344772701607315  1134
2.635483746814912  1090
2.6364878963533656  1051
2.637489729512511  1011
2.6384892569546374  956
2.639486489268586  936
2.640481436970422  889
2.6414741105040997  853
2.6424645202421213  823
2.6434526764861874  771
2.6444385894678386  734
2.645422269349092  695
2.6464037262230695  668
2.6473829701146196  610
2.6483600109809315  574
2.649334858712142  538
2.6503075231319366  503
2.651278013998144  463
2.6522463410033232  438
2.6532125137753435  391
2.6541765418779604  368
2.655138434811382  345
2.656098202012832  324
2.6570558528571038  295
2.6580113966571126  279
2.658964842664435  247
2.6599162000698504  231
2.660865478003869  206
2.661812685537261  196
2.662757831681574  183
2.663700925389648  162
2.6646419755561257  154
2.6655809910179533  138
2.6665179805548807  131
2.667452952889954  116
2.66838591669  111
2.6693168805661123  95
2.670245853074124  87
2.6711728427150834  81
2.6720978579357175  77
2.673020907128896  67
2.673941998634088  59
2.6748611407378116  52
2.6757783416740852  44
2.6766936096248664  42
2.677606952720493  37
2.678518379040114  30
2.6794278966121188  24
2.680335513414563  19
2.681241237375587  15
2.682145076373832  14
2.6830470382388496  9
2.683947130751512  6
2.6848453616444123  6
2.6857417386022635  3
2.6866362692622934  3
2.6875289612146345  3
2.6884198220027105  2
2.6893088591236203  2
2.690196080028514  3
2.6910814921229687  2
2.69196510276736  2
2.69284691927723  2
2.693726948923647  2
2.694605198933569  1
2.6954816764901977  1
2.696356388733332  1
2.6972293427597176  1
2.6981005456233897  1
2.6989700043360187  1
2.699837725867246  1
2.7007037171450192  1
2.7015679850559273  1
2.7024305364455254  1
2.7032913781186614  1
2.7041505168397992  1
2.705007959333336  1
