0.3010299956639812  6389
0.47712125471966244  6029
0.6020599913279624  6112
0.6989700043360189  6097
0.7781512503836436  6251
0.8450980400142568  6559
0.9030899869919435  6274
0.9542425094393249  6359
1.0  6174
1.0413926851582251  6056
1.0791812460476249  6100
1.1139433523068367  6076
1.146128035678238  6107
1.1760912590556813  6199
1.2041199826559248  6199
1.2304489213782739  6235
1.255272505103306  6283
1.2787536009528289  6095
1.3010299956639813  6095
1.3222192947339193  6268
1.3424226808222062  6233
1.3617278360175928  6024
1.380211241711606  6382
1.3979400086720377  6238
1.414973347970818  6242
1.4313637641589874  6343
1.4471580313422192  6271
1.462397997898956  6277
1.4771212547196624  5893
1.4913616938342726  5854
1.505149978319906  5974
1.5185139398778875  5504
1.5314789170422551  5583
1.5440680443502757  5278
1.5563025007672873  5145
1.568201724066995  4611
1.5797835966168101  4940
1.591064607026499  4909
1.6020599913279623  4698
1.6127838567197355  4733
1.6232492903979006  4455
1.6334684555795864  4634
1.6434526764861874  4421
1.6532125137753437  4641
1.662757831681574  4676
1.6720978579357175  4465
1.6812412373755872  4387
1.6901960800285136  4568
1.6989700043360187  4433
1.7075701760979363  4834
1.7160033436347992  4590
1.724275869600789  4568
1.7323937598229686  4471
1.7403626894942439  4483
1.7481880270062005  4622
1.7558748556724915  4444
1.7634279935629373  4328
1.7708520116421442  4623
1.7781512503836436  4702
1.7853298350107671  4445
1.792391689498254  4651
1.7993405494535817  4495
1.806179973983887  4751
1.8129133566428555  4784
1.8195439355418688  4569
1.8260748027008264  4602
1.8325089127062364  4607
1.8388490907372552  4730
1.845098040014257  4632
1.8512583487190752  4425
1.8573324964312685  4547
1.863322860120456  4751
1.8692317197309762  4560
1.8750612633917  4605
1.8808135922807914  4507
1.8864907251724818  4598
1.8920946026904804  4571
1.8976270912904414  4660
1.9030899869919435  4506
1.9084850188786497  4569
1.9138138523837167  4468
1.919078092376074  4660
1.9242792860618816  4579
1.9294189257142926  4619
1.9344984512435677  4664
1.9395192526186185  4339
1.9444826721501687  4813
1.9493900066449128  4469
1.954242509439325  4491
1.9590413923210936  4635
1.9637878273455553  4577
1.968482948553935  4701
1.9731278535996986  4653
1.9777236052888478  4609
1.9822712330395684  4520
1.9867717342662448  4574
1.9912260756924949  4542
1.99563519459755  4452
2.0  4924
2.0043213737826426  4454
2.0086001717619175  4787
2.012837224705172  4409
2.0170333392987803  4505
2.0211892990699383  4475
2.0253058652647704  4571
2.0293837776852097  4512
2.03342375548695  4552
2.037426497940624  4830
2.041392685158225  4661
2.0453229787866576  4521
2.0492180226701815  4600
2.0530784434834195  4794
2.0569048513364727  4631
2.060697840353612  4643
2.0644579892269186  4628
2.0681858617461617  4553
2.0718820073061255  4671
2.0755469613925306  4479
2.0791812460476247  4760
2.0827853703164503  4609
2.0863598306747484  4488
2.089905111439398  4506
2.093421685162235  4624
2.0969100130080562  4676
2.100370545117563  4656
2.103803720955957  4451
2.1072099696478683  4584
2.110589710299249  4605
2.113943352306837  4678
2.1172712956557644  4351
2.12057393120585  4646
2.123851640967086  4832
2.1271047983648077  4317
2.130333768495006  4679
2.1335389083702174  4646
2.1367205671564067  4590
2.1398790864012365  4575
2.143014800254095  4544
2.146128035678238  4583
2.1492191126553797  4646
2.1522883443830563  4697
2.155336037465062  4548
2.1583624920952498  4688
2.161368002234975  4460
2.164352855784437  4500
2.167317334748176  4462
2.1702617153949575  4497
2.173186268412274  4541
2.1760912590556813  4658
2.1789769472931693  4684
2.1818435879447726  4710
2.184691430817599  4333
2.187520720836463  4459
2.1903316981702914  4537
2.1931245983544616  4384
2.1958996524092336  4581
2.1986570869544226  4799
2.2013971243204513  4526
2.2041199826559246  4443
2.2068258760318495  4619
2.2095150145426308  4510
2.2121876044039577  4412
2.214843848047698  4466
2.2174839442139063  4702
2.220108088040055  4258
2.2227164711475833  4490
2.225309281725863  4622
2.2278867046136734  4555
2.230448921378274  4767
2.2329961103921536  4493
2.2355284469075487  4613
2.2380461031287955  4751
2.2405492482826  4632
2.2430380486862944  4628
2.24551266781415  4523
2.247973266361807  4325
2.250420002308894  4242
2.2528530309798933  4603
2.255272505103306  4613
2.2576785748691846  4625
2.2600713879850747  4655
2.2624510897304293  4505
2.2648178230095364  4487
2.2671717284030137  4468
2.2695129442179165  4635
2.271841606536499  4511
2.27415784926368  4536
2.2764618041732443  4559
2.278753600952829  4544
2.2810333672477277  4689
2.2833012287035497  4518
2.285557309007774  4651
2.287801729930226  4620
2.290034611362518  4528
2.292256071356476  4864
2.294466226161593  4546
2.296665190261531  4626
2.298853076409707  4103
2.3010299956639813  4598
2.303196057420489  4668
2.305351369446624  4730
2.307496037913213  4542
2.3096301674258988  4397
2.311753861055754  4716
2.3138672203691533  4536
2.315970345456918  4815
2.3180633349627615  4619
2.3201462861110542  4592
2.322219294733919  4645
2.3242824552976926  4769
2.326335860928751  4584
2.3283796034387376  4670
2.330413773349191  4690
2.3324384599156054  4431
2.3344537511509307  4622
2.3364597338485296  4443
2.3384564936046046  4563
2.3404441148401185  4647
2.342422680822206  4675
2.3443922736851106  4731
2.346352974450639  4657
2.3483048630481607  4481
2.3502480183341627  4474
2.3521825181113627  4520
2.3541084391474008  4635
2.3560258571931225  4258
2.357934847000454  4697
2.359835482339888  4637
2.361727836017593  4430
2.3636119798921444  4555
2.3654879848909  4668
2.367355921026019  4621
2.369215857410143  4572
2.3710678622717363  4888
2.3729120029701067  4787
2.374748346010104  4468
2.376576957056512  4580
2.3783979009481375  4543
2.380211241711606  4595
2.3820170425748683  4361
2.383815365980431  4506
2.385606273598312  4585
2.387389826338729  4469
2.3891660843645326  4795
2.3909351071033793  4613
2.392696953259666  4615
2.3944516808262164  4608
2.3961993470957363  4648
2.3979400086720375  4424
2.399673721481038  4341
2.401400540781544  4558
2.403120521175818  4545
2.404833716619938  4587
2.406540180433955  4804
2.4082399653118496  4450
2.4099331233312946  4371
2.41161970596323  4856
2.413299764081252  4421
2.4149733479708178  4510
2.416640507338281  4560
2.4183012913197452  4639
2.419955748489758  4582
2.4216039268698313  4620
2.423245873936808  4532
2.424881636631067  4592
2.4265112613645754  4471
2.428134794028789  4662
2.429752280002408  4446
2.4313637641589874  4774
2.432969290874406  4440
2.4345689040341987  4709
2.436162647040756  4445
2.437750562820388  4699
2.439332693830263  4452
2.4409090820652177  4863
2.4424797690644486  4988
2.444044795918076  4598
2.4456042032735974  4485
2.4471580313422194  4554
2.44870631990508  4852
2.450249108319361  4516
2.45178643552429  4713
2.4533183400470375  4483
2.45484486000851  4575
2.456366033129043  4425
2.4578818967339924  4738
2.459392487759231  4719
2.4608978427565478  4571
2.462397997898956  4429
2.4638929889859074  4530
2.4653828514484184  4650
2.4668676203541096  4272
2.4683473304121573  4759
2.469822015978163  4635
2.4712917110589387  4419
2.4727564493172123  4711
2.4742162640762553  4661
2.4756711883244296  4468
2.4771212547196626  4561
2.4785664955938436  4603
2.4800069429571505  4698
2.481442628502305  4524
2.482873583608754  4776
2.484299839346786  4621
2.48572142648158  4431
2.4871383754771865  4364
2.4885507165004443  4448
2.4899584794248346  4792
2.4913616938342726  4845
2.4927603890268375  4572
2.494154594018443  4511
2.4955443375464483  4704
2.496929648073215  4600
2.4983105537896004  4696
2.499687082618404  4508
2.5010592622177517  4723
2.5024271199844326  4417
2.503790683057181  4698
2.505149978319906  4642
2.506505032404872  4662
2.507855871695831  4678
2.509202522331103  4501
2.510545010206612  4668
2.5118833609788744  4620
2.513217600067939  4629
2.514547752660286  4546
2.515873843711679  4396
2.5171958979499744  4421
2.5185139398778875  4621
2.519827993775719  4609
2.5211380837040362  4557
2.5224442335063197  4597
2.5237464668115646  4669
2.525044807036845  4504
2.526339277389844  4594
2.5276299008713385  4384
2.5289167002776547  4592
2.530199698203082  4659
2.531478917042255  4501
2.5327543789924976  4603
2.534026106056135  4559
2.5352941200427703  4797
2.53655844257153  4627
2.537819095073274  4555
2.5390760987927767  4468
2.5403294747908736  4475
2.5415792439465807  4456
2.5428254269591797  4457
2.5440680443502757  4778
2.545307116465824  4645
2.546542663478131  4650
2.5477747053878224  4497
2.5490032620257876  4474
2.550228353055094  4505
2.5514499979728753  4434
2.552668216112193  4458
2.5538830266438746  4562
2.5550944485783194  4499
2.5563025007672873  4873
2.5575072019056577  4446
2.558708570533166  4591
2.5599066250361124  4773
2.561101383649056  4609
2.5622928644564746  4596
2.5634810853944106  4466
2.5646660642520893  4510
2.5658478186735176  4630
2.56702636615906  4552
2.568201724066995  4495
2.569373909615046  4602
2.5705429398818973  4438
2.571708831808688  4576
2.5728716022004803  4463
2.574031267727719  4387
2.575187844927661  4628
2.576341350205793  4446
2.5774917998372255  4490
2.578639209968072  4493
2.57978359661681  4367
2.5809249756756194  4530
2.582063362911709  4637
2.583198773968623  4341
2.584331224367531  4625
2.5854607295085006  4589
2.586587304671755  4704
2.5877109650189114  4716
2.5888317255942073  4571
2.5899496013257077  4667
2.591064607026499  4555
2.5921767573958667  4706
2.593286067020457  4447
2.5943925503754266  4530
2.595496221825574  4722
2.59659709562646  4527
2.597695185925512  4440
2.598790506763115  4560
2.5998830720736876  4403
2.6009728956867484  4626
2.6020599913279625  4850
2.603144372620182  4788
2.60422605308447  4437
2.6053050461411096  4844
2.606381365110605  4285
2.6074550232146687  4594
2.6085260335771943  4534
2.60959440922522  4794
2.61066016308988  4431
2.611723308007342  4421
2.6127838567197355  4475
2.6138418218760693  4288
2.6148972160331345  4437
2.615950051656401  4438
2.617000341120899  4531
2.6180480967120925  4531
2.6190933306267428  4523
2.6201360549737576  4627
2.621176281775035  4613
2.622214022966295  4816
2.6232492903979003  4631
2.6242820958356683  4571
2.625312450961674  4427
2.6263403673750423  4714
2.6273658565927325  4547
2.6283889300503116  4849
2.629409599102719  4613
2.630427875025024  4638
2.6314437690131722  4694
2.6324572921847245  4744
2.6334684555795866  4611
2.6344772701607315  4563
2.635483746814912  4572
2.6364878963533656  4764
2.637489729512511  4652
2.6384892569546374  4497
2.639486489268586  4474
2.640481436970422  4669
2.6414741105040997  4340
2.6424645202421213  4593
2.6434526764861874  4309
2.6444385894678386  4578
2.645422269349092  4590
2.6464037262230695  4475
2.6473829701146196  4736
2.6483600109809315  4615
2.649334858712142  4540
2.6503075231319366  4783
2.651278013998144  4555
2.6522463410033232  4428
2.6532125137753435  4546
2.6541765418779604  4642
2.655138434811382  4453
2.656098202012832  4443
2.6570558528571038  4539
2.6580113966571126  4690
2.658964842664435  4573
2.6599162000698504  4634
2.660865478003869  4573
2.661812685537261  4510
2.662757831681574  4629
2.663700925389648  4374
2.6646419755561257  4936
2.6655809910179533  4507
2.6665179805548807  4529
2.667452952889954  4666
2.66838591669  4717
2.6693168805661123  4402
2.670245853074124  4590
2.6711728427150834  4605
2.6720978579357175  4425
2.673020907128896  4621
2.673941998634088  4446
2.6748611407378116  4616
2.6757783416740852  4638
2.6766936096248664  4497
2.677606952720493  4638
2.678518379040114  4664
2.6794278966121188  4465
2.680335513414563  4417
2.681241237375587  4726
2.682145076373832  4587
2.6830470382388496  4570
2.683947130751512  4613
2.6848453616444123  4555
2.6857417386022635  4723
2.6866362692622934  4647
2.6875289612146345  4545
2.6884198220027105  4521
2.6893088591236203  4465
2.690196080028514  4707
2.6910814921229687  4408
2.69196510276736  4355
2.69284691927723  4486
2.693726948923647  4559
2.694605198933569  4982
2.6954816764901977  4488
2.696356388733332  4773
2.6972293427597176  4568
2.6981005456233897  4656
2.6989700043360187  4314
2.699837725867246  4793
2.7007037171450192  4713
2.7015679850559273  4664
2.7024305364455254  4533
2.7032913781186614  4756
2.7041505168397992  4734
2.705007959333336  4528
2.7058637122839193  4251
2.7067177823367587  4548
2.7075701760979363  4480
2.708420900134713  4621
2.709269960975831  4710
2.7101173651118162  4711
2.710963118995276  4399
2.711807229041191  4634
2.7126497016272113  4626
2.7134905430939424  4682
2.714329759745233  4466
2.7151673578484576  4468
2.716003343634799  4383
2.7168377232995247  4615
2.717670503002262  4785
2.718501688867274  4578
2.7193312869837265  4723
2.720159303405957  4489
2.7209857441537393  4436
2.7218106152125467  4674
2.722633922533812  4623
2.7234556720351857  4371
2.724275869600789  4551
2.725094521081469  4869
2.7259116322950483  4417
2.7267272090265724  4725
2.727541257028556  4278
2.7283537820212285  4705
2.72916478969277  4655
2.7299742856995555  4655
2.7307822756663893  4656
2.7315887651867388  4432
2.7323937598229686  4778
2.7331972651065692  4570
2.733999286538387  4723
2.734799829588847  4618
2.73559889969818  4535
2.7363965022766426  4543
2.7371926427047373  4648
2.737987326333431  4462
2.738780558484369  4722
2.739572344450092  4544
2.7403626894942437  4562
2.741151598851785  4907
2.741939077729199  4484
2.7427251313046983  4612
2.74350976472843  4767
2.7442929831226763  4523
2.7450747915820575  4733
2.745855195173729  4517
2.7466341989375787  4479
2.747411807886423  4565
2.7481880270062002  4592
2.7489628612561616  4681
2.749736315569061  4692
2.7505083948513462  4551
2.751279103983342  4595
2.7520484478194387  4715
2.7528164311882715  4444
2.7535830588929064  4504
2.754348335711019  4593
2.7551122663950713  4459
2.7558748556724915  4587
2.756636108245848  4608
2.7573960287930244  4672
2.75815462196739  4557
2.7589118923979736  4640
2.7596678446896306  4603
2.760422483423212  4762
2.7611758131557314  4520
2.761927838420529  4778
2.762678563727436  4888
2.7634279935629373  4700
2.7641761323903307  4567
2.7649229846498886  4387
2.765668554759014  4584
2.7664128471123997  4413
2.7671558660821804  4459
2.767897616018091  4742
2.7686381012476144  4534
2.7693773260761385  4360
2.7701152947871015  4515
2.7708520116421442  4867
2.7715874808812555  4617
2.77232170672292  4439
2.7730546933642626  4691
2.7737864449811935  4370
2.7745169657285498  4658
2.7752462597402365  4721
2.775974331129369  4544
2.776701183988411  4467
2.7774268223893115  4572
2.7781512503836434  4697
2.7788744720027396  4542
2.7795964912578244  4687
2.780317312140151  4492
2.7810369386211318  4482
2.781755374652469  4508
2.782472624166286  4702
2.7831886910752575  4604
2.783903579272735  4477
2.784617292632875  4300
2.785329835010767  4457
2.786041210242554  4571
2.7867514221455614  4575
2.787460474518415  4563
2.788168371141168  4262
2.788875115775417  4702
2.7895807121644256  4505
2.7902851640332416  4355
2.790988475088816  4451
2.791690649020118  4522
2.792391689498254  4340
2.79309160017658  4544
2.7937903846908188  4600
2.7944880466591697  4720
2.795184589682424  4663
2.7958800173440754  4567
2.7965743332104296  4671
2.7972675408307164  4557
2.797959643737196  4570
2.798650645445269  4821
2.7993405494535817  4629
2.8000293592441343  4573
2.800717078282385  4501
2.801403710017355  4788
2.802089257881733  4522
2.8027737252919755  4645
2.803457115648414  4356
2.8041394323353503  4805
2.8048206787211623  4648
2.8055008581584002  4392
2.806179973983887  4665
2.8068580295188172  4484
2.807535028068853  4519
2.808210972924222  4426
2.808885867359812  4383
2.8095597146352675  4713
2.8102325179950842  4634
2.8109042806687006  4616
2.8115750058705933  4520
2.812244696800369  4519
2.8129133566428557  4576
2.813580988568192  4447
2.81424759573192  4459
2.814913181275074  4608
2.815577748324267  4504
2.816241299991783  4394
2.8169038393756605  4618
2.8175653695597807  4532
2.8182258936139557  4724
2.8188854145940097  4317
2.8195439355418688  4530
2.82020145948564  4691
2.8208579894397  4539
2.821513528404773  4511
2.8221680793680175  4391
2.8228216453031045  4499
2.823474229170301  4452
2.824125833916549  4913
2.824776462475546  4545
2.8254261177678233  4450
2.8260748027008264  4757
2.826722520168992  4451
2.8273692730538253  4438
2.828015064223977  4568
2.82865989653532  4608
2.829303772831025  4644
2.829946695941636  4714
2.8305886686851442  4394
2.8312296938670634  4560
2.8318697742805017  4405
2.832508912706236  4545
2.833147111912785  4673
2.833784374656479  4719
2.8344207036815328  4412
2.835056101720116  4680
2.8356905714924254  4565
2.8363241157067516  4341
2.8369567370595505  4485
2.837588438235511  4689
2.8382192219076257  4611
2.838849090737255  4554
2.8394780473741985  4743
2.840106094456758  4698
2.8407332346118066  4608
2.841359470454855  4700
2.8419848045901137  4698
2.842609239610562  4796
2.8432327780980096  4571
2.843855422623161  4541
2.8444771757456815  4664
2.845098040014257  4611
2.8457180179666586  4598
2.846337112129805  4649
2.846955325019824  4778
2.847572659142112  4515
2.848189116991399  4615
2.8488047010518036  4270
2.8494194137968996  4524
2.850033257689769  4412
2.8506462351830666  4401
2.8512583487190755  4474
2.851869600729766  4552
2.8524799936368566  4589
2.8530895298518657  4641
2.8536982117761744  4410
2.8543060418010806  4701
2.8549130223078554  4530
2.8555191556678  4444
2.8561244442423  4512
2.8567288903828825  4648
2.8573324964312685  4693
2.857935264719429  4763
2.858537197569639  4597
2.859138297294531  4312
2.859738566197147  4543
2.8603380065709936  4445
2.8609366207000937  4513
2.8615344108590377  4526
2.862131379313037  4647
2.8627275283179747  4732
2.863322860120456  4480
2.8639173769578603  4832
2.864511081058392  4512
2.8651039746411278  4540
2.8656960599160706  4811
2.8662873390841948  4617
2.866877814337499  4675
2.8674674878590514  4518
2.8680563618230415  4488
2.8686444383948255  4497
2.8692317197309762  4683
2.869818207979328  4403
2.870403905279027  4420
2.8709888137605755  4694
2.8715729355458786  4622
2.8721562727482928  4556
2.8727388274726686  4519
2.873320601815399  4440
2.8739015978644615  4522
2.8744818176994666  4548
2.8750612633917  4600
2.8756399370041685  4544
2.876217840591642  4533
2.8767949762007006  4612
2.877371345869774  4648
2.8779469516291885  4780
2.8785217955012063  4792
2.8790958795000727  4564
2.8796692056320534  4685
2.88024177589548  4592
2.8808135922807914  4592
2.8813846567705728  4715
2.8819549713396007  4711
2.8825245379548803  4500
2.8830933585756897  4461
2.8836614351536176  4854
2.884228769632604  4343
2.884795363948981  4817
2.885361220031512  4590
2.885926339801431  4879
2.886490725172482  4654
2.8870543780509568  4489
2.887617300335736  4365
2.888179493918325  4474
2.8887409606828927  4475
2.88930170250631  4623
2.8898617212581885  4782
2.890421018800914  4491
2.890979596989689  4425
2.8915374576725643  4597
2.8920946026904804  4525
2.8926510338773004  4746
2.893206753059848  4358
2.8937617620579434  4592
2.8943160626844384  4522
2.8948696567452528  4637
2.895422546039408  4636
2.8959747323590648  4565
2.8965262174895554  4466
2.89707700320942  4427
2.8976270912904414  4419
2.8981764834976764  4529
2.8987251815894934  4404
2.8992731873176036  4407
2.8998205024270964  4525
2.9003671286564705  4401
2.900913067737669  4656
2.9014583213961123  4570
2.9020028913507296  4530
2.902546779313991  4533
2.9030899869919438  4586
2.9036325160842376  4505
2.9041743682841634  4437
2.904715545278681  4310
2.905256048748451  4485
2.9057958803678687  4502
2.906335041805091  4441
2.90687353472207  4634
2.907411360774586  4464
2.9079485216122722  4788
2.90848501887865  4420
2.909020854211156  4478
2.9095560292411755  4579
2.910090545594068  4440
2.910624404889201  4706
2.9111576087399764  4674
2.9116901587538613  4644
2.9122220565324155  4541
2.912753303671323  4524
2.9132839017604186  4500
2.9138138523837167  4824
2.9143431571194407  4749
2.9148718175400505  4454
2.91539983521227  4669
2.9159272116971158  4645
2.916453948549925  4570
2.9169800473203824  4680
2.9175055095525466  4567
2.9180303367848803  4540
2.9185545305502734  4542
2.9190780923760737  4617
2.919601023784111  4593
2.920123326290724  4542
2.9206450014067875  4739
2.921166050637739  4530
2.921686475483602  4559
2.9222062774390163  4581
2.92272545799326  4349
2.9232440186302764  4418
2.9237619608287004  4646
2.9242792860618816  4575
2.924795995797912  4462
2.9253120914996495  4840
2.9258275746247424  4687
2.926342446625655  4782
2.926856708949692  4454
2.9273703630390235  4557
2.9278834103307068  4469
2.9283958522567137  4664
2.928907690243953  4466
2.929418925714293  4585
2.929929560084588  4536
2.9304395947667  4753
2.930949031167523  4530
2.931457870689005  4350
2.931966114728173  4450
2.932473764677153  4735
2.932980821923198  4539
2.9334872878487053  4506
2.9339931638312424  4396
2.934498451243568  4431
2.935003151453655  4377
2.9355072658247128  4564
2.9360107957152097  4811
2.936513742478893  4406
2.9370161074648142  4548
2.937517892017347  4522
2.9380190974762104  4572
2.938519725176492  4851
2.9390197764486663  4497
2.9395192526186187  4603
2.9400181550076634  4653
2.940516484932567  4673
2.9410142437055695  4757
2.941511432634403  4252
2.942008053022313  4472
2.9425041061680806  4833
2.9429995933660407  4872
2.9434945159061026  4696
2.9439888750737717  4512
2.9444826721501687  4632
2.9449759084120477  4622
2.94546858513182  4470
2.9459607035775686  4610
2.946452265013073  4661
2.9469432706978256  4475
2.9474337218870508  4800
2.9479236198317262  4585
2.948412965778601  4528
2.9489017609702137  4729
2.949390006644913  4928
2.949877704036875  4506
2.950364854376123  4537
2.9508514588885464  4526
2.951337518795918  4472
2.951823035315912  4531
2.9523080096621253  4669
2.952792443044092  4580
2.9532763366673045  4792
2.9537596917332287  4553
2.9542425094393248  4760
2.954724790979063  4531
2.9552065375419416  4655
2.9556877503135057  4615
2.9561684304753633  4617
2.9566485792052033  4416
2.957128197676813  4412
2.957607287060095  4487
2.958085848521085  4379
2.9585638832219674  4536
2.9590413923210934  4681
2.9595183769729982  4536
2.959994838328416  4567
2.960470777534299  4527
2.960946195733831  4636
2.9614210940664485  4563
2.9618954736678504  4566
2.962369335670021  4577
2.9628426812012423  4721
2.9633155113861114  4598
2.963787827345555  4529
2.964259630196849  4537
2.9647309210536292  4462
2.965201701025912  4522
2.9656719712201065  4528
2.9661417327390325  4638
2.966610986681934  4432
2.967079734144497  4642
2.967547976218862  4525
2.968015713993642  4687
2.9684829485539352  4560
2.9689496809813427  4562
2.9694159123539814  4651
2.9698816437465  4714
2.9703468762300935  4723
2.9708116108725178  4630
2.971275848738105  4589
2.971739590887778  4764
2.9722028383790646  4572
2.972665592266111  4695
2.9731278535996988  4531
2.973589623427257  4623
2.9740509027928774  4661
2.9745116927373285  4638
2.974971994298069  4660
2.975431808509263  4567
2.975891136401793  4517
2.9763499790032735  4682
2.976808337338066  4695
2.977266212427293  4659
2.9777236052888476  4790
2.978180516937414  4469
2.9786369483844743  4561
2.979092900638326  4591
2.979548374704095  4619
2.9800033715837464  4566
2.9804578922761  4656
2.9809119377768436  4723
2.9813655090785445  4591
2.9818186071706636  4572
2.9822712330395684  4417
2.9827233876685453  4633
2.983175072037813  4507
2.9836262871245345  4459
2.984077033902831  4679
2.9845273133437926  4467
2.9849771264154934  4687
2.9854264740830017  4516
2.9858753573083936  4741
2.986323777050765  4519
2.9867717342662448  4644
2.9872192299080047  4577
2.9876662649262746  4616
2.988112840268352  4830
2.9885589568786157  4678
2.989004615698537  4381
2.9894498176666917  4441
2.989894563718773  4433
2.9903388547876015  4480
2.9907826918031377  4724
2.9912260756924947  4570
2.9916690073799486  4455
2.9921114877869495  4442
2.9925535178321354  4351
2.9929950984313414  4374
2.9934362304976116  4412
2.993876914941211  4498
2.9943171526696366  4676
2.9947569445876283  4640
2.9951962915971793  4624
2.99563519459755  4665
2.9960736544852753  4469
2.9965116721541785  4372
2.996949248495381  4525
2.997386384397313  4837
2.9978230807457256  4572
2.998259338423699  4550
2.998695158311656  4482
2.999130541287371  4674
2.9995654882259823  4499
3.0  4610
3.000434077479319  4716
3.0008677215312267  4695
3.0013009330204183  4351
3.0017337128090005  4322
3.002166061756508  4609
3.0025979807199086  4688
3.003029470553618  4330
3.0034605321095067  4727
3.0038911662369103  4427
3.0043213737826426  4572
3.004751155591001  4542
3.0051805125037805  4576
3.0056094453602804  4573
3.0060379549973173  4445
3.0064660422492318  4431
3.0068937079479006  4529
3.0073209529227447  4656
3.00774777800074  4439
3.0081741840064264  4599
3.0086001717619175  4431
3.0090257420869104  4640
3.009450895798694  4626
3.00987563371216  4599
3.010299956639812  4476
3.010723865391773  4419
3.0111473607757975  4700
3.0115704435972783  4818
3.011993114659257  4508
3.012415374762433  4493
3.012837224705172  4636
3.0132586652835167  4540
3.0136796972911926  4537
3.0141003215196207  4489
3.0145205387579237  4539
3.0149403497929366  4597
3.0153597554092144  4476
3.015778756389041  4451
3.016197353512439  4581
3.016615547557177  4425
3.0170333392987803  4672
3.017450729510536  4304
3.0178677189635055  4511
3.018284308426531  4511
3.0187004986662433  4526
3.019116290447073  4691
3.0195316845312554  4679
3.0199466816788423  4669
3.0203612826477078  4568
3.020775488193558  4526
3.0211892990699383  4749
3.021602716028242  4740
3.02201573981772  4676
3.0224283711854865  4571
3.022840610876528  4257
3.0232524596337114  4724
3.0236639181977933  4330
3.024074987307426  4797
3.024485667699167  4584
3.024895960107485  4734
3.0253058652647704  4304
3.025715383901341  4645
3.0261245167454502  4495
3.0265332645232967  4690
3.0269416279590295  4501
3.0273496077747564  4659
3.0277572046905536  4728
3.0281644194244697  4570
3.0285712526925375  4369
3.028977705208778  4687
3.0293837776852097  4552
3.029789470831856  4768
3.030194785356751  4661
3.030599721965951  4866
3.0310042813635367  4627
3.031408464251624  4591
3.0318122713303706  4603
3.0322157032979815  4832
3.03261876085072  4554
3.0330214446829107  4573
3.03342375548695  4494
3.03382569395331  4665
3.0342272607705505  4374
3.0346284566253203  4584
3.0350292822023683  4482
3.0354297381845483  4549
3.035829825252828  4638
3.0362295440862948  4599
3.036628895362161  4578
3.037027879755775  4673
3.037426497940624  4393
3.037824750588342  4529
3.0382226383687185  4654
3.038620161949703  4502
3.039017321997412  4764
3.0394141191761372  4690
3.0398105541483504  4440
3.0402066275747113  4611
3.040602340114073  4777
3.0409976924234905  4858
3.041392685158225  4453
3.041787318971752  4988
3.042181594515766  4632
3.0425755124401905  4477
3.0429690733931802  4501
3.0433622780211294  4605
3.0437551269686796  4568
3.044147620878723  4364
3.044539760392411  4453
3.04493154614916  4778
3.0453229787866576  4661
3.0457140589408676  4328
3.0461047872460387  4653
3.0464951643347082  4531
3.04688519083771  4618
3.0472748673841794  4666
3.04766419460156  4765
3.048053173115609  4686
3.0484418035504044  4574
3.04883008652835  4247
3.0492180226701815  4446
3.049605612594973  4619
3.0499928569201424  4520
3.050379756261458  4578
3.0507663112330423  4353
3.0511525224473814  4743
3.0515383905153275  4488
3.0519239160461065  4525
3.0523090996473234  4583
3.052693941924968  4493
3.0530784434834195  4508
3.053462604925455  4670
3.0538464268522527  4574
3.0542299098633974  4699
3.0546130545568877  4620
3.0549958615291417  4586
3.055378331375  4777
3.0557604646877348  4575
3.056142262059052  4538
3.0565237240791006  4704
3.0569048513364727  4558
3.0572856444182146  4409
3.0576661039098294  4556
3.0580462303952816  4439
3.058426024457005  4462
3.0588054866759067  4578
3.059184617631371  4626
3.0595634179012676  4582
3.059941888061955  4553
3.060320028688285  4698
3.060697840353612  4454
3.0610753236297916  4576
3.061452479087193  4661
3.061829307294699  4491
3.0622058088197126  4479
3.062581984228163  4613
3.0629578340845103  4621
3.0633333589517497  4584
3.0637085593914173  4849
3.064083435963596  4682
3.0644579892269186  4598
3.064832219738574  4905
3.065206128054312  4404
3.0655797147284485  4549
3.06595298031387  4446
3.0663259253620376  4539
3.0666985504229953  4483
3.0670708560453703  4626
3.0674428427763805  4462
3.0678145111618402  4784
3.0681858617461617  4467
3.068556895072363  4693
3.068927611682072  4479
3.0692980121155293  4620
3.0696680969115957  4789
3.070037866607755  4472
3.0704073217401198  4685
3.0707764628434346  4493
3.0711452904510828  4498
3.071513805095089  4538
3.0718820073061255  4581
3.072249897613515  4483
3.0726174765452368  4350
3.0729847446279304  4575
3.073351702386901  4388
3.0737183503461227  4258
3.074084689028244  4751
3.074450718954591  4485
3.074816440645175  4692
3.0751818546186915  4436
3.0755469613925306  4490
3.0759117614827773  4619
3.076276255404218  4468
3.076640443670342  4859
3.0770043267933502  4516
3.0773679052841563  4596
3.077731179652392  4248
3.0780941504064105  4680
3.0784568180532927  4665
3.0788191830988487  4325
3.0791812460476247  4512
3.079543007402906  4611
3.079904467666721  4512
3.0802656273398448  4398
3.0806264869218056  4674
3.080987046910887  4496
3.0813473078041325  4674
3.081707270097349  4770
3.082066934285113  4595
3.0824263008607717  4495
3.0827853703164503  4482
3.0831441431430524  4575
3.0835026198302673  4558
3.083860800866573  4488
3.0842186867392387  4647
3.084576277934331  4671
3.084933574936716  4640
3.085290578230065  4496
3.0856472882968564  4324
3.0860037056183818  4633
3.0863598306747484  4514
3.0867156639448825  4548
3.0870712059065353  4598
3.0874264570362855  4522
3.087781417809542  4478
3.0881360887005513  4578
3.0884904701823963  4514
3.088844562727004  4532
3.089198366805149  4553
3.089551882886454  4645
3.089905111439398  4689
3.090258052931316  4696
3.090610707828407  4724
3.0909630765957314  4709
3.091315159697223  4530
3.0916669575956846  4693
3.092018470752797  4819
3.0923696996291206  4526
3.0927206446840994  4622
3.0930713063760633  4593
3.093421685162235  4576
3.09377178149873  4549
3.0941215958405612  4536
3.094471128641645  4374
3.0948203803548  4541
3.095169351431755  4642
3.095518042323151  4318
3.0958664534785427  4566
3.0962145853464054  4503
3.0965624383741357  4604
3.0969100130080562  4550
3.09725730969342  4658
3.097604328874411  4613
3.09795107099415  4695
3.0982975364946976  4729
3.098643725817057  4623
3.0989896394011773  4484
3.0993352776859577  4470
3.09968064110925  4334
3.1000257301078626  4570
3.100370545117563  4579
3.1007150865730817  4550
3.1010593549081156  4466
3.101403350555331  4400
3.1017470739463664  4709
3.1020905255118367  4604
3.1024337056813365  4570
3.1027766148834415  4544
3.1031192535457137  4650
3.103461622094705  4710
3.103803720955957  4597
3.104145550554008  4495
3.104487111312395  4529
3.1048284036536553  4687
3.1051694279993316  4710
3.1055101847699738  4491
3.1058506743851435  4510
3.1061908972634154  4393
3.1065308538223815  4541
3.106870544478654  4680
3.1072099696478683  4384
3.1075491297446862  4681
3.1078880251827985  4669
3.1082266563749283  4462
3.1085650237328344  4686
3.1089031276673134  4715
3.109240968588203  4610
3.1095785469043866  4937
3.1099158630237933  4335
3.110252917353403  4858
3.110589710299249  4785
3.1109262422664203  4820
3.1112625136590655  4527
3.111598524880394  4419
3.1119342763326814  4545
3.1122697684172707  4514
3.1126050015345745  4478
3.11293997608408  4511
3.1132746924643504  4606
3.1136091510730277  4651
3.113943352306837  4581
3.1142772965615864  4807
3.114610984232173  4601
3.1149444157125847  4492
3.1152775913959014  4482
3.1156105116742996  4483
3.115943176939055  4710
3.116275587580544  4553
3.1166077439882485  4605
3.116939646550756  4779
3.1172712956557644  4640
3.117602691690084  4524
3.1179338350396413  4589
3.118264726089479  4409
3.118595365223762  4482
3.1189257528257768  4613
3.1192558892779365  4526
3.119585774961784  4682
3.119915410257991  4476
3.1202447955463652  4551
3.12057393120585  4607
3.1209028176145273  4799
3.1212314551496214  4748
3.1215598441875008  4661
3.121887985103681  4643
3.1222158782728267  4618
3.1225435240687545  4466
3.1228709228644354  4609
3.1231980750319988  4748
3.123524980942732  4371
3.123851640967086  4620
3.124178055474675  4857
3.1245042248342823  4447
3.1248301494138593  4692
3.12515582958053  4600
3.125481265700594  4755
3.125806458139527  4495
3.1261314072619846  4578
3.1264561134318045  4653
3.126780577012009  4523
3.1271047983648077  4560
3.127428777851599  4373
3.1277525158329733  4475
3.1280760126687155  4276
3.1283992687178066  4720
3.128722284338427  4496
3.1290450598879582  4461
3.1293675957229854  4424
3.129689892199301  4674
3.1300119496719043  4493
3.130333768495006  4507
3.130655349022031  4757
3.130976691605617  4389
3.131297796597623  4543
3.1316186643491255  4508
3.1319392952104246  4914
3.1322596895310446  4705
3.132579847659737  4339
3.132899769944483  4540
3.1332194567324945  4776
3.1335389083702174  4455
3.133858125203335  4556
3.1341771075767664  4542
3.1344958558346736  4492
3.13481437032046  4748
3.1351326513767748  4495
3.1354506993455136  4591
3.1357685145678222  4569
3.1360860973840974  4653
3.13640344813399  4457
3.1367205671564067  4761
3.1370374547895126  4470
3.137354111370733  4709
3.137670537236755  4703
3.137986732723532  4612
3.1383026981662816  4646
3.1386184338994925  4501
3.1389339402569236  4530
3.139249217571607  4631
3.13956426617585  4695
3.1398790864012365  4709
3.140193678578631  4587
3.1405080430381798  4414
3.1408221801093106  4424
3.141136090120739  4462
3.1414497734004674  4545
3.141763230275788  4406
3.1420764610732848  4633
3.142389466118836  4490
3.1427022457376155  4438
3.143014800254095  4670
3.143327129992046  4583
3.1436392352745433  4604
3.1439511164239633  4518
3.144262773761991  4612
3.144574207609616  4520
3.144885418287142  4564
3.1451964061141817  4612
3.1455071714096627  4527
3.1458177144918276  4489
3.146128035678238  4537
3.1464381352857744  4633
3.14674801363064  4751
3.1470576710283598  4444
3.1473671077937864  4520
3.1476763242410986  4758
3.147985320683805  4338
3.1482940974347455  4668
3.1486026548060932  4377
3.1489109931093564  4603
3.1492191126553797  4562
3.149527013754348  4427
3.149834696715785  4754
3.1501421618485588  4442
3.150449409460881  4651
3.150756439860309  4728
3.15106325335375  4686
3.1513698502474603  4309
3.151676230847048  4607
3.151982395457474  4645
3.1522883443830563  4580
3.15259407792747  4697
3.1528995963937474  4883
3.153204900084284  4617
3.1535099893008374  4519
3.153814864344529  4542
3.154119525515847  4736
3.154423973114647  4606
3.1547282074401557  4480
3.1550322287909704  4539
3.155336037465062  4513
3.1556396337597765  4609
3.1559430179718366  4609
3.1562461903973444  4686
3.1565491513317814  4332
3.156851901070011  4572
3.1571544399062814  4662
3.157456768134226  4709
3.1577588860468637  4655
3.158060793936605  4409
3.1583624920952498  4295
3.1586639808139894  4841
3.15896526038341  4608
3.159266331093494  4493
3.1595671932336202  4583
3.1598678470925665  4380
3.160168292958512  4696
3.1604685311190375  4510
3.1607685618611283  4813
3.1610683854711747  4646
3.161368002234975  4692
3.161667412437736  4742
3.161966616364075  4631
3.1622656142980214  4548
3.162564406523019  4451
3.162862993321926  4444
3.1631613749770184  4675
3.16345955176999  4671
3.163757523981956  4706
3.1640552918934515  4637
3.164352855784437  4671
3.1646502159342966  4443
3.1649473726218416  4258
3.1652443261253107  4549
3.165541076722373  4555
3.1658376246901283  4665
3.166133970305109  4474
3.166430113843283  4532
3.166726055580052  4417
3.1670217957902564  4623
3.167317334748176  4478
3.16761267272753  4575
3.16790781000148  4421
3.168202746842631  4759
3.1684974835230326  4348
3.1687920203141817  4604
3.1690863574870227  4526
3.1693804953119495  4571
3.1696744340588068  4425
3.1699681739968923  4675
3.1702617153949575  4312
3.1705550585212086  4682
3.170848203643309  4434
3.1711411510283822  4615
3.171433900943008  4694
3.171726453653231  4486
3.1720188094245563  4167
3.172310968521954  4690
3.17260293120986  4568
3.1728946977521764  4575
3.173186268412274  4572
3.1734776434529945  4640
3.17376882313665  4621
3.1740598077250253  4599
3.1743505974793798  4545
3.1746411926604483  4601
3.1749315935284423  4497
3.1752218003430523  4718
3.1755118133634475  4379
3.1758016328482794  4483
3.1760912590556813  4784
3.1763806922432702  4349
3.17666993266815  4448
3.176958980586908  4579
3.1772478362556233  4415
3.1775364999298623  4398
3.177824971864682  4700
3.1781132523146316  4576
3.178401341533755  4550
3.17868923977559  4508
3.1789769472931693  4510
3.1792644643390253  4666
3.1795517911651876  4337
3.179838928023187  4475
3.180125875164054  4497
3.180412632838324  4761
3.1806992012960347  4516
3.1809855807867304  4640
3.1812717715594614  4374
3.1815577738627865  4611
3.1818435879447726  4597
3.182129214052998  4573
3.182414652434554  4551
3.1826999033360424  4734
3.182984967003582  4652
3.1832698436828046  4807
3.1835545336188615  4485
3.1838390370564214  4545
3.184123354239671  4899
3.1844074854123203  4619
3.184691430817599  4726
3.184975190698261  4557
3.185258765296585  4664
3.185542154854375  4492
3.185825359612962  4443
3.1861083798132053  4664
3.186391215695493  4609
3.1866738674997452  4441
3.1869563354654122  4630
3.187238619831479  4689
3.187520720836463  4802
3.1878026387184195  4540
3.188084373714938  4413
3.188365926063148  4499
3.188647295999717  4607
3.1889284837608534  4716
3.189209489582306  4480
3.1894903136993675  4693
3.189770956346874  4659
3.190051417759206  4646
3.1903316981702914  4346
3.190611797813605  4538
3.1908917169221698  4461
3.1911714557285586  4378
3.1914510144648953  4630
3.1917303933628562  4525
3.1920095926536702  4558
3.1922886125681202  4595
3.1925674533365456  4445
3.192846115188842  4411
3.1931245983544616  4660
3.1934029030624176  4421
3.1936810295412816  4620
3.193958978019187  4601
3.1942367487238292  4645
3.194514341882467  4778
3.1947917577219247  4674
3.1950689964685903  4785
3.1953460583484197  4461
3.1956229435869368  4451
3.1958996524092336  4729
3.1961761850399735  4631
3.196452541703389  4644
3.196728722623287  4559
3.1970047280230456  4786
3.197280558125619  4601
3.1975562131535367  4589
3.197831693328903  4568
3.1981069988734014  4607
3.1983821300082944  4421
3.1986570869544226  4774
3.198931869932209  4396
3.1992064791616577  4744
3.199480914862356  4688
3.1997551772534747  4708
3.2000292665537704  4463
3.200303182981585  4704
3.2005769267548483  4599
3.2008504980910772  4414
3.2011238972073794  4522
3.2013971243204513  4432
3.2016701796465816  4656
3.20194306340165  4179
3.2022157758011316  4610
3.2024883170600935  4668
3.2027606873931997  4582
3.2030328870147105  4581
3.203304916138483  4803
3.2035767749779724  4543
3.2038484637462346  4571
3.2041199826559246  4577
3.2043913319193  4879
3.204662511748219  4604
3.204933522354145  4774
3.2052043639481447  4546
3.205475036740891  4413
3.205745540942662  4530
3.2060158767633444  4510
3.2062860444124324  4387
3.2065560440990297  4632
3.2068258760318495  4663
3.207095540419218  4600
3.2073650374690716  4841
3.2076343673889616  4624
3.2079035303860515  4314
3.2081725266671217  4670
3.208441356438567  4885
3.208710019906401  4514
3.2089785172762535  4229
3.2092468487533736  4674
3.2095150145426308  4658
3.209783014848515  4449
3.2100508498751372  4601
3.210318519826232  4578
3.2105860249051563  4469
3.210853365314893  4364
3.2111205412580492  4802
3.2113875529368587  4687
3.2116544005531824  4664
3.2119210843085093  4468
3.2121876044039577  4498
3.212453961040276  4374
3.2127201544178425  4763
3.212986184736668  4780
3.2132520521963968  4615
3.2135177569963047  4500
3.2137832993353044  4520
3.2140486794119414  4761
3.2143138974244  4638
3.214578953570499  4478
3.214843848047698  4723
3.215108581053093  4689
3.215373152783422  4559
3.215637563435062  4452
3.215901813204032  4557
3.216165902285993  4620
3.216429830876251  4609
3.2166935991697545  4564
3.216957207361097  4460
3.217220655644519  4478
3.2174839442139063  4696
3.2177470732627937  4497
3.218010042984363  4546
3.2182728535714475  4653
3.218535505216528  4421
3.2187979981117376  4792
3.219060332448861  4534
3.219322508419337  4618
3.2195845262142546  4408
3.219846386024361  4644
3.220108088040055  4424
3.2203696324513946  4537
3.220631019448092  4615
3.2208922492195193  4405
3.2211533219547053  4575
3.2214142378423385  4640
3.2216749970707688  4231
3.2219355998280053  4636
3.22219604630172  4526
3.222456336679247  4725
3.2227164711475833  4554
3.2229764498933915  4348
3.2232362731029975  4472
3.2234959409623944  4693
3.2237554536572413  4406
3.224014811372864  4532
3.2242740142942576  4524
3.2245330626060857  4559
3.2247919564926817  4561
3.225050696138049  4620
3.225309281725863  4621
3.225567713439471  4631
3.2258259914618934  4839
3.226084115975824  4698
3.226342087163631  4334
3.2265999052073573  4656
3.2268575702887237  4688
3.2271150825891253  4629
3.2273724422896364  4487
3.227629649571009  4448
3.2278867046136734  4655
3.2281436075977417  4660
3.228400358703005  4470
3.2286569581089353  4583
3.228913405994688  5008
3.229169702539101  4691
3.229425847920695  4677
3.229681842317676  4688
3.229937685907934  4350
3.230193378869046  4781
3.230448921378274  4488
3.230704313612569  4396
3.230959555748569  4361
3.231214647962601  4544
3.2314695904306814  4591
3.2317243833285163  4719
3.231979026831504  4431
3.2322335211147335  4556
3.232487866352986  4758
3.232742062720737  4686
3.2329961103921536  4685
3.2332500095411003  4444
3.2335037603411343  4730
3.2337573629655103  4483
3.2340108175871793  4637
3.2342641243787895  4722
3.2345172835126865  4597
3.2347702951609163  4772
3.2350231594952237  4481
3.2352758766870524  4631
3.2355284469075487  4760
3.2357808703275603  4433
3.236033147117636  4573
3.2362852774480286  4331
3.236537261488694  4680
3.2367890994092927  4652
3.237040791379191  4408
3.237292337567459  4502
3.2375437381428744  4568
3.2377949932739227  4590
3.2380461031287955  4415
3.238297067875394  4654
3.2385478876813276  4778
3.238798562713917  4402
3.2390490931401916  4828
3.2392994791268923  4739
3.239549720840473  4594
3.2397998184470986  4547
3.2400497721126476  4665
3.2402995820027125  4550
3.2405492482826  4463
3.240798771117331  4703
3.241048150671644  4461
3.2412973871099933  4565
3.2415464805965484  4571
3.241795431295199  4459
3.2420442393695508  4841
3.2422929049829308  4557
3.2425414282983844  4487
3.2427898094786767  4731
3.2430380486862944  4542
3.243286146083446  4499
3.243534101832062  4492
3.243781916093795  4653
3.244029589030022  4627
3.244277120801843  4498
3.244524511570084  4430
3.244771761495295  4608
3.245018870737753  4631
3.245265839457461  4639
3.24551266781415  4621
3.245759355967277  4456
3.246005904076029  4538
3.246252312299322  4637
3.246498580795801  4618
3.2467447097238415  4683
3.24699069924155  4639
3.247236549506764  4741
3.2474822606770544  4525
3.2477278329097232  4518
3.247973266361807  4560
3.248218561190075  4665
3.248463717551032  4600
3.2487087356009177  4506
3.2489536154957075  4660
3.249198357391113  4586
3.249442961442582  4490
3.2496874278053016  4807
3.249931756634195  4579
3.250175948083925  4690
3.250420002308894  4555
3.2506639194632436  4636
3.250907699700856  4348
3.2511513431753545  4670
3.2513948500401044  4754
3.251638220448212  4485
3.2518814545525276  4656
3.252124552505644  4556
3.2523675144598987  4673
3.252610340567373  4732
3.2528530309798933  4556
3.2530955858490316  4649
3.2533380053261065  4537
3.253580289562183  4442
3.2538224387080734  4761
3.254064452914338  4444
3.2543063323312857  4585
3.2545480771089736  4615
3.25478968739721  4682
3.2550311633455515  4856
3.255272505103306  4517
3.2555137128195333  4484
3.255754786643044  4571
3.255995726722402  4540
3.256236533205923  4661
3.256477206241677  4532
3.256717745977487  4491
3.256958152560932  4468
3.2571984261393445  4766
3.257438566859814  4333
3.2576785748691846  4944
3.2579184503140586  4417
3.2581581933407944  4749
3.258397804095509  4571
3.2586372827240764  4496
3.258876629372131  4578
3.2591158441850663  4637
3.2593549273080344  4593
3.2595938788859486  4676
3.2598326990634834  4553
3.2600713879850747  4462
3.26030994579492  4437
3.2605483726369795  4466
3.2607866686549762  4541
3.2610248339923973  4443
3.2612628687924934  4642
3.2615007731982804  4352
3.2617385473525378  4536
3.2619761913978125  4449
3.262213705476417  4520
3.2624510897304293  4552
3.2626883443016963  4574
3.2629254693318317  4720
3.2631624649622166  4671
3.263399331334002  4444
3.263636068588108  4727
3.2638726768652235  4254
3.2641091563058082  4783
3.2643455070500926  4656
3.2645817292380777  4375
3.2648178230095364  4570
3.2650537885040145  4592
3.26528962586083  4511
3.2655253352190736  4673
3.2657609167176105  4716
3.265996370495079  4924
3.266231696689893  4658
3.2664668954402414  4447
3.2667019668840878  4574
3.266936911159173  4474
3.2671717284030137  4617
3.267406418752904  4563
3.2676409823459154  4715
3.2678754193188975  4481
3.2681097298084785  4582
3.268343913951065  4363
3.268577971882843  4645
3.2688119037397803  4733
3.269045709657623  4528
3.2692793897718984  4678
3.2695129442179165  4539
3.269746373130767  4357
3.269979676645324  4645
3.2702128548962426  4797
3.2704459080179626  4534
3.2706788361447066  4545
3.2709116394104814  4362
3.2711443179490782  4521
3.2713768718940743  4598
3.271609301378832  4594
3.271841606536499  4484
3.27207378750001  4720
3.2723058444020863  4305
3.2725377773752373  4518
3.2727695865517594  4406
3.2730012720637376  4568
3.2732328340430454  4559
3.273464272621346  4423
3.273695587930092  4782
3.2739267801005254  4472
3.27415784926368  4599
3.274388795550379  4515
3.274619619091238  4275
3.274850320016665  4703
3.2750808984568587  4478
3.2753113545418118  4685
3.2755416884013098  4688
3.2757719001649312  4417
3.27600198996205  4661
3.2762319579218335  4600
3.2764618041732443  4797
3.27669152884504  4745
3.276921132065774  4533
3.277150613963797  4420
3.2773799746672547  4625
3.2776092143040914  4452
3.2778383330020473  4552
3.2780673308886628  4656
3.2782962080912736  4691
3.2785249647370174  4687
3.278753600952829  4283
3.278982116865443  4392
3.279210512601395  4712
3.2794387882870204  4327
3.2796669440484556  4469
3.279894980011638  4206
3.2801228963023075  4374
3.280350693046006  4897
3.2805783703680764  4655
3.280805928393667  4880
3.2810333672477277  4551
3.281260687055013  4386
3.2814878879400813  4677
3.281714970027296  4655
3.281941933440825  4626
3.2821687783046416  4469
3.2823955047425257  4693
3.2826221128780624  4515
3.282848602834645  4421
3.2830749747354715  4602
3.2833012287035497  4706
3.2835273648616936  4710
3.2837533833325265  4537
3.28397928423848  4779
3.284205067701794  4789
3.2844307338445193  4832
3.2846562827885157  4558
3.284881714655453  4424
3.285107029566812  4525
3.2853322276438846  4643
3.285557309007774  4437
3.285782273779395  4562
3.2860071220794747  4759
3.286231854028553  4774
3.286456469746983  4666
3.28668096935493  4562
3.286905352972375  4649
3.287129620719111  4412
3.2873537727147464  4680
3.2875778090787056  4713
3.287801729930226  4361
3.2880255353883627  4795
3.288249225571986  4586
3.2884728005997825  4898
3.288696260590256  4529
3.2889196056617265  4339
3.289142835932333  4535
3.2893659515200318  4676
3.2895889525425965  4392
3.2898118391176214  4527
3.290034611362518  4702
3.2902572693945182  4527
3.290479813330673  4491
3.2907022432878543  4550
3.2909245593827543  4534
3.2911467617318855  4535
3.291368850451583  4542
3.2915908256580013  4623
3.291812687467119  4649
3.2920344359947364  4553
3.292256071356476  4694
3.292477593667784  4541
3.29269900304393  4679
3.292920299600006  4619
3.2931414834509307  4843
3.2933625547114453  4844
3.2935835134961167  4455
3.2938043599193367  4493
3.2940250940953226  4489
3.2942457161381182  4573
3.294466226161593  4579
3.2946866242794433  4729
3.2949069106051923  4486
3.295127085252191  4562
3.295347148333618  4466
3.295567099962479  4585
3.295786940251609  4416
3.2960066693136723  4754
3.2962262872611605  4500
3.296445794206396  4890
3.296665190261531  4582
3.296884475538547  4283
3.2971036501492565  4399
3.2973227142053028  4629
3.2975416678181597  4621
3.297760511099134  4601
3.2979792441593623  4681
3.298197867109815  4699
3.2984163800612945  4301
3.2986347831244354  4534
3.298853076409707  4650
3.2990712600274095  4599
3.29928933408768  4577
3.2995072987004876  4727
3.2997251539756367  4777
3.299942900022767  4471
3.3001605369513523  4322
3.3003780648707024  4528
3.3005954838899636  4739
3.300812794118117  4689
3.3010299956639813  4548
3.3012470886362113  4462
3.3014640731433  4361
3.3016809492935764  4528
3.301897717195208  4633
3.302114376956201  4705
3.302330928684399  4426
3.3025473724874854  4511
3.3027637084729817  4618
3.3029799367482493  4510
3.303196057420489  4891
3.303412070596742  4760
3.30362797638389  4670
3.3038437748886547  4557
3.3040594662175993  4639
3.3042750504771283  4632
3.3044905277734875  4484
3.3047058982127653  4783
3.3049211619008916  4573
3.305136318943639  4567
3.305351369446624  4481
3.305566313515304  4662
3.3057811512549824  4476
3.3059958827708047  4748
3.3062105081677613  4683
3.3064250275506875  4646
3.3066394410242617  4468
3.3068537486930087  4659
3.3070679506612985  4374
3.307282047033346  4649
3.307496037913213  4711
3.307709923404807  4727
3.307923703611882  4517
3.3081373786380386  4633
3.308350948586726  4884
3.3085644135612386  4434
3.3087777736647213  4482
3.3089910290001643  4407
3.3092041796704077  4486
3.30941722577814  4649
3.3096301674258988  4481
3.3098430047160705  4797
3.3100557377508912  4542
3.3102683666324477  4719
3.3104808914626753  4498
3.3106933123433606  4651
3.3109056293761414  4745
3.311117842662506  4381
3.3113299523037933  4608
3.311541958401195  4720
3.311753861055754  4507
3.3119656603683665  4392
3.3121773564397787  4451
3.312388949370592  4533
3.3126004392612596  4562
3.312811826212088  4668
3.313023110323238  4499
3.313234291694724  4585
3.313445370426414  4481
3.3136563466180315  4584
3.3138672203691533  4365
3.3140779917792127  4925
3.3142886609474975  4435
3.3144992279731516  4774
3.314709692955174  4720
3.31492005599242  4694
3.315130317183602  4620
3.3153404766272883  4422
3.315550534421905  4448
3.3157604906657347  4662
3.315970345456918  4400
3.3161800988934527  4620
3.3163897510731952  4753
3.3165993020938607  4582
3.316808752053022  4569
3.3170181010481117  4482
3.31722734917642  4442
3.317436496535099  4602
3.3176455432211585  4342
3.317854489331469  4553
3.3180633349627615  4508
3.318272080211627  4513
3.3184807251745174  4841
3.318689269947746  4646
3.3188977146274867  4600
3.3191060593097763  4323
3.319314304090512  4519
3.3195224490654542  4443
3.3197304943302246  4758
3.3199384399803087  4508
3.3201462861110542  4460
3.3203540328176717  4718
3.3205616801952367  4439
3.3207692283386865  4517
3.3209766773428235  4503
3.3211840273023143  4358
3.321391278311689  4701
3.3215984304653436  4316
3.3218054838575393  4623
3.3220124385824006  4602
3.322219294733919  4621
3.3224260524059526  4510
3.3226327116922234  4548
3.322839272686321  4400
3.3230457354817013  4575
3.323252100171687  4694
3.3234583668494677  4501
3.3236645356081  4400
3.323870606540509  4757
3.3240765797394864  4656
3.3242824552976926  4549
3.3244882333076564  4530
3.3246939138617746  4731
3.3248994970523134  4630
3.3251049829714074  4539
3.325310371711061  4336
3.325515663363148  4486
3.325720858019412  4772
3.325925955771466  4723
3.3261309567107946  4696
3.326335860928751  4535
3.3265406685165617  4676
3.3267453795653217  4329
3.326949994165999  4681
3.3271545124094315  4824
3.3273589343863303  4687
3.327563260187278  4658
3.327767489902729  4629
3.3279716236230104  4679
3.3281756614383227  4614
3.3283796034387376  4585
3.328583449714202  4676
3.3287872003545345  4421
3.3289908554494287  4722
3.329194415088451  4346
3.329397879361043  4776
3.3296012483565187  4608
3.3298045221640695  4507
3.330007700872759  4577
3.330210784571528  4657
3.330413773349191  4717
3.3306166672944384  4583
3.330819466495837  4930
3.3310221710418286  4756
3.3312247810207323  4732
3.331427296520743  4420
3.3316297176299323  4593
3.331832044436249  4411
3.332034277027518  4838
3.3322364154914434  4653
3.3324384599156054  4707
3.3326404103874627  4700
3.3328422669943514  4556
3.3330440298234874  4457
3.3332456989619628  4838
3.3334472744967503  4499
3.3336487565147013  4284
3.333850145102545  4795
3.334051440346892  4836
3.334252642334231  4613
3.3344537511509307  4627
3.3346547668832414  4707
3.3348556896172914  4606
3.3350565194390915  4493
3.3352572564345317  4702
3.3354579006893843  4711
3.3356584522893016  4502
3.335858911319818  4697
3.336059277866349  4466
3.336259552014193  4598
3.3364597338485296  4602
3.3366598234544202  4515
3.336859820916809  4615
3.3370597263205246  4534
3.3372595397502756  4627
3.337459261290656  4512
3.3376588910261424  4897
3.3378584290410944  4379
3.3380578754197563  4422
3.3382572302462554  4472
3.3384564936046046  4483
3.3386556655787003  4614
3.338854746252323  4474
3.339053735709139  4644
3.3392526340327  4443
3.3394514413064407  4415
3.339650157613684  4629
3.339848783037637  4651
3.340047317661393  4539
3.3402457615679317  4594
3.3404441148401185  4508
3.3406423775607053  4583
3.3408405498123317  4474
3.341038631677523  4550
3.3412366232386925  4449
3.34143452457814  4515
3.3416323357780544  4365
3.3418300569205104  4528
3.3420276880874717  4555
3.3422252293607904  4689
3.342422680822206  4609
3.342620042553348  4505
3.342817314635733  4471
3.343014497150768  4376
3.3432115901797474  4586
3.3434085938038574  4676
3.343605508104172  4551
3.343802333161655  4885
3.3439990690571615  4642
3.344195715871435  4659
3.3443922736851106  4457
3.344588742578714  4589
3.344785122632661  4702
3.344981413927258  4616
3.345177616542704  4358
3.3453737305590883  4653
3.345569756056392  4583
3.345765693114488  4414
3.3459615418131414  4533
3.346157302232008  4638
3.346352974450639  4929
3.346548558548474  4737
3.346744054604849  4339
3.3469394626989906  4773
3.34713478291002  4520
3.3473300153169503  4598
3.3475251599986895  4695
3.347720217034038  4683
3.3479151865016914  4641
3.3481100684802376  4455
3.3483048630481607  4555
3.348499570283838  4512
3.348694190265541  4298
3.348888723071438  4767
3.34908316877959  4632
3.3492775274679554  4534
3.3494717992143856  4412
3.34966598409663  4376
3.3498600821923312  4759
3.3500540935790304  4751
3.3502480183341627  4396
3.350441856535061  4341
3.3506356082589543  4532
3.350829273582968  4484
3.3510228525841237  4716
3.351216345339342  4490
3.351409751925439  4416
3.351603072419129  4525
3.3517963068970236  4671
3.351989455435632  4597
3.3521825181113627  4521
3.35237549500052  4640
3.3525683861793087  4673
3.3527611917238307  4525
3.3529539117100877  4596
3.3531465462139796  4776
3.3533390953113047  4420
3.353531559077762  4547
3.353723937588949  4719
3.353916230920363  4449
3.3541084391474008  4575
3.35430056234536  4534
3.3544926005894364  4837
3.3546845539547285  4505
3.354876422516234  4535
3.3550682063488506  4583
3.3552599055273786  4492
3.3554515201265174  4488
3.355643050220869  4540
3.355834495884936  4555
3.3560258571931225  4445
3.3562171342197353  4582
3.3564083270389813  4548
3.356599435724971  4558
3.356790460351716  4648
3.3569814009931314  4825
3.3571722577230334  4267
3.3573630306151427  4601
3.3575537197430814  4621
3.3577443251803754  4577
3.357934847000454  4498
3.3581252852766488  4374
3.358315640082196  4560
3.3585059114902354  4392
3.3586960995738107  4592
3.358886204405869  4546
3.359076226059263  4629
3.3592661646067485  4526
3.3594560201209864  4653
3.359645792674543  4865
3.359835482339888  4626
3.3600250891893975  4643
3.3602146132953523  4453
3.3604040547299387  4540
3.360593413565249  4537
3.36078268987328  4353
3.3609718837259357  4619
3.361160995195026  4680
3.3613500243522663  4466
3.361538971269279  4523
3.361727836017593  4486
3.3619166186686433  4560
3.362105319293773  4531
3.362293937964231  4616
3.3624824747511743  4757
3.362670929725667  4281
3.36285930295868  4713
3.3630475945210936  4503
3.363235804483694  4525
3.3634239329171765  4660
3.3636119798921444  4608
3.3637999454791094  4370
3.3639878297484915  4495
3.3641756327706194  4637
3.3643633546157306  4450
3.364550995353972  4737
3.3647385550553985  4659
3.364926033789976  4694
3.3651134316275773  4535
3.3653007486379876  4854
3.3654879848909  4764
3.3656751404559175  4487
3.365862215402555  4531
3.3660492098002353  4631
3.366236123718293  4727
3.3664229572259727  4648
3.3666097103924297  4454
3.36679638328673  4582
3.3669829759778507  4608
3.367169488534681  4412
3.367355921026019  4346
3.3675422735205767  4280
3.3677285460869766  4436
3.3679147387937527  4439
3.3681008517093516  4728
3.368286884902131  4425
3.3684728384403617  4627
3.368658712392227  4518
3.3688445068258215  4704
3.3690302218091532  4340
3.369215857410143  4580
3.3694014136966244  4481
3.369586890736344  4668
3.369772288596963  4472
3.369957607346053  4602
3.370142847051102  4374
3.3703280077795106  4634
3.3705130895985924  4565
3.370698092575577  4751
3.370883016777606  4453
3.3710678622717363  4542
3.3712526291249394  4613
3.371437317404101  4506
3.3716219271760215  4614
3.371806458507416  4346
3.371990911464915  4594
3.372175286115064  4672
3.3723595825243238  4655
3.3725438007590705  4609
3.3727279408855955  4397
3.3729120029701067  4561
3.373095987078727  4673
3.373279893277496  4449
3.373463721632369  4506
3.3736474722092176  4297
3.3738311450738303  4521
3.3740147402919116  4444
3.374198257929083  4744
3.374381698050882  4589
3.374565060722765  4510
3.374748346010104  4694
3.3749315539781883  4258
3.375114684692225  4575
3.375297738217339  4506
3.3754807146185724  4512
3.3756636139608855  4572
3.375846436309156  4535
3.3760291817281805  4516
3.376211850282673  4486
3.3763944420372662  4490
3.376576957056512  4563
3.37675939540488  4507
3.3769417571467586  4603
3.377124042346456  4462
3.377306251068199  4573
3.3774883833761327  4998
3.377670439334323  4422
3.3778524190067545  4620
3.3780343224573315  4541
3.378216149749878  4620
3.3783979009481375  4607
3.378579576115775  4535
3.3787611753163733  4758
3.378942698613437  4556
3.379124146070392  4523
3.379305517750582  4495
3.3794868137172736  4620
3.379668034033654  4502
3.37984917876283  4411
3.380030247967831  4619
3.380211241711606  4289
3.3803921600570273  4572
3.3805730030668872  4686
3.3807537708039  4440
3.380934463330702  4648
3.3811150807098507  4588
3.381295623003826  4588
3.38147609027503  4623
3.381656482585787  4360
3.3818367999983434  4788
3.3820170425748683  4622
3.382197210377454  4725
3.3823773034681137  4659
3.3825573219087857  4466
3.3827372657613304  4744
3.382917135087531  4555
3.3830969299490943  4636
3.3832766504076504  4937
3.383456296524753  4611
3.3836358683618797  4680
3.383815365980431  4664
3.383994789441733  4569
3.3841741388070337  4666
3.384353414137506  4764
3.3845326154942486  4807
3.3847117429382823  4550
3.3848907965305544  4401
3.385069776331935  4579
3.38524868240322  4634
3.3854275148051305  4769
3.385606273598312  4227
3.3857849588433355  4648
3.385963570600697  4545
3.3861421089308186  4407
3.386320573894046  4772
3.386498965550653  4494
3.3866772839608377  4611
3.386855529184724  4710
3.387033701282363  4627
3.3872118003137306  4632
3.387389826338729  4509
3.387567779417189  4503
3.3877456596088638  4622
3.3879234669734366  4437
3.3881012015705165  4700
3.388278863459639  4602
3.3884564527002667  4445
3.388633969351789  4462
3.3888114134735234  4486
3.388988785124714  4641
3.3891660843645326  4589
3.389343311252078  4443
3.3895204658463776  4523
3.3896975482063856  4549
3.3898745583909853  4982
3.3900514964589874  4659
3.3902283624691303  4774
3.390405156480081  4650
3.390581878550435  4627
3.390758528738717  4625
3.3909351071033793  4612
3.3911116137028023  4641
3.3912880485952974  4659
3.3914644118391033  4790
3.3916407034923877  4782
3.391816923613249  4602
3.3919930722597127  4574
3.392169149489736  4539
3.392345155361204  4442
3.3925210899319325  4594
3.392696953259666  4602
3.3928727454020793  4734
3.3930484664167784  4566
3.3932241163612975  4591
3.393399695293102  4687
3.3935752032695876  4616
3.39375064034808  4401
3.3939260065858368  4285
3.3941013020400446  4745
3.3942765267678214  4563
3.3944516808262164  4494
3.394626764272209  4409
3.394801777162711  4551
3.394976719554564  4432
3.3951515915045425  4586
3.395326393069351  4370
3.395501124305626  4611
3.395675785269936  4488
3.3958503760187813  4579
3.3960248966085933  4408
3.3961993470957363  4585
3.3963737275365067  4393
3.396548037987132  4716
3.3967222785037734  4377
3.396896449142524  4607
3.397070549959409  4442
3.397244581010386  4403
3.397418542351348  4520
3.3975924340381165  4742
3.39776625612645  4610
3.3979400086720375  4434
3.3981136917305026  4695
3.398287305357401  4684
3.3984608496082234  4321
3.398634324538392  4761
3.3988077302032647  4653
3.398981066658131  4605
3.3991543339582164  4740
3.399327532158679  4548
3.3995006613146104  4680
3.399673721481038  4454
3.3998467127129226  4385
3.4000196350651586  4572
3.400192488592576  4667
3.400365273349939  4558
3.400537989391946  4437
3.400710636773231  4649
3.4008832155483626  4408
3.401055725771844  4658
3.401228167498113  4548
3.401400540781544  4657
3.401572845676446  4594
3.401745082237063  4706
3.4019172505175748  4404
3.402089350572097  4773
3.40226138245468  4594
3.402433346219312  4750
3.4026052419199146  4667
3.402777069610347  4430
3.4029488293444046  4465
3.403120521175818  4817
3.4032921451582543  4629
3.4034637013453173  4324
3.403635189790548  4545
3.4038066105474227  4407
3.403977963669355  4478
3.404149249209695  4517
3.404320467221731  4538
3.404491617758686  4712
3.4046627008737222  4270
3.404833716619938  4622
3.4050046650503694  4720
3.4051755462179893  4461
3.405346360175709  4477
3.4055171069763763  4658
3.4056877866727775  4466
3.4058583993176366  4719
3.406028944963615  4633
3.406199423663313  4606
3.4063698354692673  4522
3.406540180433955  4425
3.40671045860979  4526
3.4068806700491248  4581
3.40705081480425  4518
3.4072208929273966  4581
3.4073909044707316  4508
3.4075608494863627  4553
3.4077307280263356  4605
3.407900540142635  4676
3.4080702858871854  4529
3.4082399653118496  4768
3.40840957846843  4573
3.4085791254086675  4543
3.408748606184244  4558
3.4089180208467798  4256
3.409087369447835  4498
3.4092566520389096  4704
3.4094258686714434  4412
3.4095950193968156  4419
3.4097641042663462  4660
3.4099331233312946  4659
3.4101020766428607  4318
3.4102709642521845  4732
3.4104397862103464  4482
3.410608542568368  4655
3.41077723337721  4515
3.4109458586877746  4623
3.4111144185509046  4524
3.4112829130173843  4562
3.4114513421379375  4644
3.41161970596323  4642
3.411788004543869  4512
3.4119562379304016  4636
3.412124406173317  4450
3.4122925093230463  4608
3.412460547429961  4702
3.4126285205443754  4487
3.4127964287165433  4642
3.4129642719966626  4525
3.413132050434872  4525
3.413299764081252  4538
3.413467412985825  4676
3.413634997198556  4564
3.4138025167693513  4573
3.4139699717480614  4499
3.414137362184477  4580
3.4143046881283317  4463
3.4144719496293026  4507
3.414639146737009  4476
3.4148062795010126  4575
3.4149733479708178  4520
3.4151403521958725  4631
3.4153072922255676  4587
3.4154741681092355  4540
3.4156409798961542  4748
3.4158077276355434  4493
3.415974411376566  4522
3.416141031168329  4597
3.4163075870598827  4698
3.4164740791002206  4434
3.416640507338281  4417
3.4168068718229443  4753
3.4169731726030363  4779
3.4171394097273255  4642
3.4173055832445254  4362
3.417471693203293  4361
3.4176377396522297  4499
3.417803722639881  4660
3.417969642214737  4532
3.418135498425232  4426
3.4183012913197452  4483
3.4184670209466006  4653
3.4186326873540653  4397
3.4187982905903533  4569
3.4189638307036225  4428
3.4191293077419758  4678
3.4192947217534604  4803
3.4194600727860704  4618
3.419625360887743  4258
3.419790586106363  4616
3.419955748489758  4490
3.420120848085703  4459
3.4202858849419178  4698
3.4204508591060683  4584
3.420615770625765  4570
3.4207806195485655  4328
3.420945405921972  4554
3.4211101297934343  4752
3.4212747912103465  4644
3.4214393902200495  4437
3.4216039268698313  4780
3.421768401206924  4641
3.4219328132785085  4756
3.4220971631317103  4735
3.4222614508136027  4428
3.4224256763712044  4495
3.422589839851482  4529
3.422753941301348  4390
3.422917980767662  4543
3.423081958297231  4590
3.423245873936808  4665
3.4234097277330933  4504
3.4235735197327357  4677
3.423737249982329  4810
3.4239009185284166  4453
3.4240645254174877  4508
3.42422807069598  4651
3.4243915544102776  4608
3.4245549766067134  4487
3.424718337331567  4371
3.424881636631067  4835
3.425044874551389  4477
3.4252080511386565  4524
3.425371166438941  4702
3.4255342204982635  4659
3.425697213362591  4492
3.4258601450778405  4761
3.4260230156898763  4622
3.426185825244511  4851
3.4263485737875077  4632
3.4265112613645754  4547
3.426673888021373  4464
3.426836453803508  4657
3.426998958756537  4522
3.4271614029259654  4487
3.427323786357247  4745
3.4274861090957853  4630
3.4276483711869328  4636
3.42781057267599  4523
3.427972713608209  4694
3.428134794028789  4502
3.4282968139828798  4332
3.42845877351558  4282
3.428620672671939  4651
3.4287825114969546  4797
3.428944290035574  4353
3.4291060083326967  4673
3.4292676664331685  4409
3.429429264381788  4392
3.4295908022233017  4522
3.429752280002408  4602
3.4299136977637543  4728
3.430075055551939  4607
3.4302363534115106  4646
3.4303975913869666  4536
3.4305587695227575  4415
3.4307198878632823  4582
3.4308809464528913  4424
3.4310419453358856  4493
3.431202884556517  4512
3.4313637641589874  4561
3.431524584187451  4776
3.4316853446860116  4603
3.4318460456987254  4589
3.4320066872695985  4443
3.4321672694425884  4647
3.4323277922616042  4611
3.4324882557705063  4334
3.4326486600131068  4579
3.4328090050331683  4519
3.432969290874406  4525
3.4331295175804857  4458
3.433289685195026  4468
3.433449793761596  4843
3.433609843323718  4418
3.433769833924866  4631
3.433929765608464  4597
3.4340896384178907  4637
3.4342494523964757  4617
3.4344092075875  4547
3.4345689040341987  4409
3.4347285417797577  4941
3.434888120867316  4453
3.4350476413399647  4495
3.4352071032407476  4601
3.4353665066126613  4610
3.435525851498655  4460
3.43568513794163  4641
3.4358443659844413  4825
3.4360035356698964  4660
3.436162647040756  4578
3.4363217001397333  4552
3.436480695009495  4344
3.436639631692661  4557
3.4367985102318035  4432
3.4369573306694496  4635
3.4371160930480786  4606
3.4372747974101237  4557
3.437433443797971  4698
3.4375920322539613  4397
3.437750562820388  4305
3.4379090355394983  4580
3.438067450453494  4652
3.4382258076045296  4645
3.438384107034714  4767
3.4385423487861106  4730
3.4387005329007363  4411
3.438858659420562  4821
3.4390167283875126  4782
3.4391747398434687  4682
3.439332693830263  4677
3.4394905903896835  4452
3.4396484295634737  4560
3.4398062113933303  4572
3.439963935920905  4562
3.4401216031878037  4702
3.440279213235588  4510
3.4404367661057735  4611
3.440594261839831  4449
3.4407517004791854  4703
3.4409090820652177  4557
3.4410664066392633  4556
3.4412236742426123  4659
3.4413808849165113  4487
3.441538038702161  4697
3.441695135640717  4504
3.441852175773292  4555
3.442009159140952  4500
3.44216608578472  4553
3.4423229557455746  4853
3.4424797690644486  4751
3.442636525782232  4546
3.442793225939769  4633
3.4429498695778618  4521
3.443106456737266  4487
3.443262987458695  4648
3.4434194617828173  4472
3.4435758797502576  4776
3.4437322414015967  4532
3.443888546777372  4533
3.444044795918076  4635
3.4442009888641594  4509
3.4443571256560275  4435
3.444513206334043  4646
3.4446692309385245  4557
3.4448251995097476  4622
3.4449811120879446  4803
3.445136968713304  4521
3.4452927694259716  4432
3.44544851426605  4820
3.4456042032735974  4579
3.445759836488631  4426
3.4459154139511234  4614
3.446070935701005  4651
3.446226401778163  4736
3.446381812222442  4679
3.446537167073644  4585
3.4466924663715273  4496
3.446847710155809  4538
3.4470028984661623  4568
3.4471580313422194  4518
3.4473131088235682  4354
3.4474681309497557  4669
3.447623097760286  4565
3.447778009294621  4506
3.4479328655921804  4586
3.448087666692341  4564
3.448242412634439  4639
3.4483971034577676  4515
3.448551739201578  4500
3.44870631990508  4751
3.4488608456074408  4229
3.4490153163477864  4783
3.449169732165201  4542
3.449324093098727  4607
3.449478399187365  4617
3.4496326504700745  4692
3.4497868469857735  4555
3.4499409887733377  4822
3.4500950758716025  4689
3.450249108319361  4683
3.450403086155366  4710
3.450557009418329  4579
3.450710878146919  4923
3.450864692379766  4369
3.4510184521554574  4686
3.45117215751254  4447
3.4513258084895195  4497
3.4514794051248616  4590
3.4516329474569907  4444
3.45178643552429  4675
3.451939869365103  4760
3.4520932490177314  4682
3.452246574520437  4643
3.4523998459114416  4465
3.452553063228925  4729
3.452706226511029  4565
3.452859335795852  4477
3.4530123911214554  4653
3.4531653925258574  4614
3.4533183400470375  4428
3.453471233722936  4754
3.4536240735914507  4478
3.4537768596904423  4373
3.4539295920577286  4729
3.45408227073109  4435
3.4542348957482654  4667
3.454387467146955  4583
3.4545399849648186  4463
3.454692449239477  4414
3.45484486000851  4630
3.45499721730946  4667
3.4551495211798278  4519
3.4553017716570764  4676
3.4554539687786283  4435
3.455606112581867  4348
3.455758203104137  4536
3.455910240382743  4800
3.4560622244549513  4615
3.456214155357989  4528
3.456366033129043  4771
3.4565178578052627  4803
3.4566696294237578  4579
3.456821348021599  4581
3.456973013635818  4729
3.457124626303409  4734
3.4572761860613257  4618
3.4574276929464847  4654
3.4575791469957626  4726
3.4577305482459986  4432
3.4578818967339924  4457
3.458033192496506  4678
3.4581844355702627  4664
3.4583356259919475  4735
3.4584867637982066  4661
3.4586378490256493  4410
3.458788881710845  4673
3.458939861890326  4565
3.4590907896005865  4767
3.459241664878082  4459
3.459392487759231  4609
3.459543258280413  4652
3.4596939764779706  4576
3.459844642388208  4475
3.4599952560473914  4621
3.46014581749175  4480
3.4602963267574753  4575
3.4604467838807205  4809
3.4605971888976015  4537
3.460747541844197  4686
3.4608978427565478  4600
3.4610480916706576  4475
3.461198288622493  4716
3.461348433647983  4644
3.4614985267830187  4644
3.4616485680634552  4622
3.461798557525109  4723
3.461948495203762  4400
3.462098381135156  4691
3.4622482153549976  4449
3.462397997898956  4679
3.4625477288026643  4428
3.4626974081017172  4619
3.4628470358316736  4421
3.462996612028056  4679
3.4631461367263494  4464
3.4632956099620027  4620
3.4634450317704277  4448
3.463594402187  4727
3.463743721247059  4405
3.4638929889859074  4401
3.464042205438811  4764
3.4641913706409997  4424
3.4643404846276673  4543
3.4644895474339714  4665
3.464638559095033  4541
3.4647875196459372  4610
3.4649364291217326  4495
3.4650852875574327  4574
3.4652340949880145  4449
3.4653828514484184  4491
3.46553155697355  4556
3.465680211598278  4539
3.4658288153574364  4631
3.465977368285823  4716
3.466125870418199  4651
3.466274321789292  4594
3.466422722433792  4464
3.4665710723863543  4401
3.4667193716815987  4672
3.4668676203541096  4458
3.4670158184384356  4688
3.4671639659690903  4588
3.467312062980552  4607
3.4674601095072637  4610
3.467608105583633  4719
3.467756051244033  4616
3.4679039465228003  4496
3.4680517914542377  4724
3.4681995860726125  4490
3.4683473304121573  4859
3.468495024507069  4722
3.4686426683915115  4668
3.468790262099611  4650
3.4689378056654614  4450
3.4690852991231202  4555
3.469232742506612  4290
3.469380135849925  4789
3.469527479187014  4909
3.469674772551798  4277
3.469822015978163  4537
3.4699692094999595  4565
3.470116353151004  4565
3.4702634469650784  4513
3.470410490975931  4578
3.4705574852172743  4410
3.470704429722788  4511
3.4708513245261177  4567
3.4709981696608736  4694
3.471144965160633  4765
3.4712917110589387  4560
3.471438407389299  4363
3.47158505418519  4609
3.471731651480051  4835
3.4718781993072905  4534
3.4720246977002813  4360
3.472171146692363  4593
3.472317546316842  4308
3.4724638966069894  4726
3.472610197596045  4710
3.4727564493172123  4504
3.472902651803664  4551
3.4730488050885375  4801
3.473194909204938  4588
3.4733409641859354  4669
3.4734869700645685  4644
3.473632926873841  4579
3.473778834646725  4630
3.473924693416157  4661
3.4740705032150436  4970
3.4742162640762553  4647
3.4743619760326307  4474
3.474507639116976  4579
3.474653253362063  4629
3.474798818800631  4405
3.4749443354653877  4464
3.4750898033890065  4565
3.475235222604128  4443
3.475380593143361  4543
3.4755259150392805  4635
3.4756711883244296  4536
3.475816413031318  4567
3.4759615891924236  4507
3.4761067168401913  4617
3.4762517960070336  4615
3.4763968267253302  4778
3.4765418090274287  4767
3.476686742945645  4495
3.4768316285122607  4513
3.476976465759527  4365
3.4771212547196626  4598
3.477265995424853  4511
3.4774106879072515  4603
3.477555332198981  4379
3.4776999283321306  4733
3.4778444763387584  4460
3.4779889762508893  4733
3.4781334281005174  4655
3.4782778319196046  4672
3.4784221877400805  4623
3.4785664955938436  4481
3.4787107555127594  4604
3.478854967528663  4565
3.478999131673357  4453
3.479143247978613  4574
3.47928731647617  4585
3.4794313371977363  4454
3.4795753101749884  4365
3.479719235439571  4845
3.479863113023098  4581
3.4800069429571505  4683
3.4801507252732806  4383
3.4802944600030066  4652
3.480438147177817  4596
3.480581786829169  4820
3.4807253789884878  4650
3.4808689236871677  4513
3.481012420956573  4809
3.4811558708280352  4480
3.481299273332856  4517
3.481442628502305  4562
3.4815859363676225  4405
3.481729196960016  4507
3.4818724103106633  4524
3.4820155764507117  4627
3.482158695411276  4446
3.4823017672234426  4426
3.4824447919182653  4669
3.4825877695267677  4513
3.482730700079943  4499
3.482873583608754  4471
3.483016420144132  4740
3.4831592097169795  4466
3.483301952358167  4495
3.4834446480985353  4525
3.4835872969688944  4761
3.4837298990000236  4681
3.4838724542226736  4792
3.4840149626675627  4454
3.484157424365381  4420
3.484299839346786  4474
3.484442207642407  4660
3.484584529282843  4452
3.4847268042986617  4629
3.484869032720402  4413
3.485011214578573  4451
3.485153349903652  4399
3.485295438726089  4498
3.485437481076301  4466
3.485579476984679  4605
3.48572142648158  4528
3.4858633295973345  4268
3.486005186362242  4691
3.4861469968065726  4468
3.486288760960566  4785
3.486430478854434  4711
3.4865721505183562  4356
3.4867137759824853  4802
3.4868553552769432  4503
3.4869968884318228  4618
3.4871383754771865  4425
3.4872798164430687  4442
3.4874212113594742  4402
3.4875625602563782  4874
3.4877038631637265  4822
3.4878451201114355  4587
3.4879863311293935  4716
3.4881274962474587  4442
3.48826861549546  4543
3.488409688903198  4610
3.4885507165004443  4459
3.4886916983169405  4728
3.4888326343824003  4626
3.488973524726508  4598
3.4891143693789193  4532
3.4892551683692603  4419
3.4893959217271293  4366
3.4895366294820955  4689
3.4896772916636984  4669
3.4898179083014504  4576
3.4899584794248346  4335
3.4900990050633047  4710
3.4902394852462875  4408
3.490379920003179  4682
3.490520309363349  4752
3.490660653356137  4836
3.490800952010855  4543
3.490941205356787  4695
3.491081413423187  4359
3.491221576239283  4570
3.4913616938342726  4667
3.4915017662373264  4729
3.4916417934775863  4584
3.491781775584166  4700
3.491921712586151  4531
3.492061604512599  4660
3.49220145139254  4532
3.4923412532549745  4483
3.4924810101288766  4615
3.492620722043192  4670
3.4927603890268375  4533
3.4929000111087034  4535
3.4930395883176515  4614
3.493179120682515  4596
3.4933186082321015  4338
3.4934580509951885  4563
3.493597449000527  4624
3.49373680227684  4534
3.4938761108528227  4803
3.4940153747571436  4611
3.494154594018443  4481
3.4942937686653326  4648
3.494432898726399  4585
3.4945719842301988  4570
3.494711025205263  4714
3.494850021680094  4695
3.494988973683168  4442
3.4951278812429334  4437
3.4952667443878105  4636
3.495405563146193  4604
3.4955443375464483  4520
3.4956830676169153  4667
3.495821753385906  4614
3.4959603948817053  4634
3.496098992132571  4459
3.496237545166735  4603
3.496376054012401  4430
3.496514518697745  4645
3.496652939250918  4588
3.4967913157000425  4317
3.496929648073215  4670
3.497067936398505  4776
3.4972061807039547  4431
3.49734438101758  4374
3.4974825373673704  4384
3.497620649781288  4447
3.497758718287268  4390
3.49789674291322  4418
3.498034723687027  4704
3.498172660636544  4412
3.4983105537896004  4808
3.4984484031739997  4893
3.498586208817518  4410
3.4987239707479048  4308
3.498861688992884  4784
3.498999363580153  4457
3.4991369945373827  4645
3.4992745818922173  4698
3.499412125672275  4748
3.499549625905149  4369
3.499687082618404  4458
3.49982449583958  4413
3.49996186559619  4537
3.500099191915723  4505
3.500236474825639  4433
3.500373714353374  4453
3.5005109105263372  4508
3.500648063371912  4487
3.500785172917456  4689
3.5009222391903005  4612
3.5010592622177517  4503
3.501196242027089  4611
3.501333178645566  4925
3.501470072100412  4456
3.5016069224188295  4625
3.5017437296279943  4547
3.5018804937550585  4714
3.5020172148271476  4639
3.5021538928713607  4437
3.5022905279147727  4746
3.5024271199844326  4593
3.502563669107363  4776
3.502700175310563  4460
3.502836638621003  4594
3.5029730590656314  4684
3.503109436671369  4482
3.503245771465113  4580
3.5033820634737327  4438
3.5035183127240748  4281
3.5036545192429593  4405
3.503790683057181  4749
3.5039268041935103  4494
3.5040628826786917  4598
3.504198918539445  4798
3.5043349118024643  4410
3.504470862494419  4526
3.5046067706419537  4633
3.504742636271688  4393
3.504878459410216  4710
3.505014240084107  4388
3.505149978319906  4414
3.5052856741441323  4386
3.505421327583281  4421
3.5055569386638217  4622
3.5056925074122  4684
3.5058280338548364  4564
3.505963518018126  4364
3.5060989599284405  4895
3.506234359612126  4542
3.506369717095504  4576
3.506505032404872  4473
3.5066403055665023  4540
3.5067755366066433  4594
3.506910725551518  4403
3.5070458724273257  4495
3.5071809772602407  4187
3.5073160400764136  4448
3.50745106090197  4592
3.5075860397630105  4515
3.5077209766856137  4497
3.507855871695831  4247
3.5079907248196913  4340
3.5081255360831993  4370
3.5082603055123345  4315
3.508395033133053  4396
3.5085297189712867  4357
3.508664363052943  4568
3.508798965403905  4213
3.5089335260500327  4477
3.5090680450171616  4285
3.509202522331103  4387
3.509336958017644  4500
3.5094713521025485  4458
3.5096057046115563  4447
3.509740015570382  4278
3.5098742850047193  4550
3.5100085129402347  4432
3.5101426994025733  4460
3.510276844417355  4379
3.510410948010177  4140
3.510545010206612  4610
3.51067903103221  4185
3.510813010512496  4446
3.5109469486729727  4542
3.5110808455391185  4432
3.511214701136388  4529
3.511348515490213  4282
3.5114822886260013  4444
3.5116160205691376  4503
3.511749711344983  4311
3.5118833609788744  4452
3.5120169694961265  4116
3.5121505369220305  4256
3.5122840632818537  4039
3.51241754860084  4133
3.512550992904211  4512
3.5126843962171637  4081
3.512817758564873  4158
3.5129510799724906  4223
3.513084360465144  4246
3.513217600067939  4122
3.513350798805957  4075
3.513483956704257  4339
3.513617073787875  4140
3.5137501500818233  4152
3.5138831856110926  4040
3.5140161804006493  4046
3.514149134475437  4207
3.514282047860378  3986
3.514414920580369  4152
3.514547752660286  4232
3.5146805441249818  3902
3.514813294999285  4155
3.5149460053080044  3991
3.5150786750759226  4021
3.515211304327802  4086
3.5153438930883807  3933
3.515476441382376  3937
3.51560894923448  3927
3.515741416669365  3881
3.515873843711679  3946
3.5160062303860475  4017
3.5161385767170743  3997
3.5162708827293403  3890
3.516403148447403  3890
3.5165353738957994  3566
3.516667559099043  3758
3.5167997040816243  3829
3.5169318088680126  3783
3.5170638734826545  3848
3.5171958979499744  3764
3.5173278822943734  3709
3.5174598265402324  3664
3.517591730711908  3601
3.5177235948337358  3630
3.517855418930029  3675
3.5179872030250783  3633
3.518118947143153  3671
3.5182506513085  3437
3.518382315545344  3581
3.5185139398778875  3461
3.5186455243303114  3432
3.518777068926775  3540
3.518908573691414  3438
3.5190400386483445  3307
3.519171463821659  3333
3.519302849235429  3229
3.519434194913703  3353
3.519565500880509  3167
3.519696767159853  3261
3.519827993775719  3134
3.5199591807520685  3208
3.5200903281128424  3119
3.52022143588196  3161
3.520352504083318  3131
3.520483532740792  2962
3.520614521878236  2964
3.5207454715194824  2922
3.5208763816883417  3010
3.521007252408604  2923
3.5211380837040362  2900
3.5212688755983854  2805
3.521399628115376  2824
3.521530341278711  2715
3.5216610151120733  2693
3.5217916496391233  2718
3.5219222448835006  2635
3.5220528008688223  2665
3.5221833176186865  2666
3.522313795156667  2616
3.5224442335063197  2552
3.522574632691177  2513
3.52270499273475  2476
3.52283531366053  2459
3.5229655954919865  2407
3.523095838252568  2361
3.523226041965701  2359
3.5233562066547925  2310
3.5234863323432277  2235
3.523616419054371  2192
3.5237464668115646  2106
3.523876475638131  2101
3.5240064455573727  2001
3.5241363765925686  1930
3.524266268766979  1979
3.524396122103842  1910
3.5245259366263757  1869
3.5246557123577773  1905
3.5247854493212225  1879
3.524915147539867  1796
3.525044807036845  1683
3.5251744278352715  1722
3.525304009958239  1633
3.52543355342882  1562
3.525563058270067  1589
3.525692524505011  1518
3.5258219521566625  1473
3.5259513412480126  1395
3.5260806918020298  1446
3.526210003841664  1348
3.526339277389844  1351
3.5264685124694775  1299
3.526597709103452  1244
3.5267268673146357  1282
3.5268559871258747  1181
3.5269850685599957  1131
3.527114111639805  1116
3.5272431163880884  1067
3.527372082827612  1090
3.52750101098112  1034
3.5276299008713385  992
3.5277587525209717  951
3.527887565952705  904
3.5280163411892014  857
3.5281450782531065  903
3.5282737771670436  812
3.5284024379536176  777
3.5285310606354114  768
3.5286596452349897  715
3.5287881917748964  716
3.5289167002776547  663
3.529045170765769  628
3.529173603261723  633
3.5293019977879805  616
3.529430354366986  582
3.529558673021163  548
3.5296869537729165  504
3.5298151966446305  499
3.5299434016586693  494
3.530071568837378  459
3.530199698203082  463
3.5303277897780863  410
3.5304558435846762  381
3.530583859645118  376
3.530711837981657  379
3.5308397786165204  342
3.530967681571915  357
3.531095546870028  312
3.5312233745330266  314
3.5313511645830595  271
3.531478917042255  265
3.531606631932722  242
3.5317343092765503  270
3.531861949095809  239
3.53198955141255  215
3.532117116248804  237
3.532244643626582  219
3.5323721335678773  196
3.5324995860946626  169
3.532627001228891  176
3.5327543789924976  158
3.5328817194073974  161
3.5330090224954853  159
3.533136288278639  132
3.5332635167787148  130
3.5333907080175515  117
3.5335178620169674  112
3.5336449787987627  108
3.533772058384718  109
3.5338991007965945  102
3.534026106056135  90
3.5341530741850624  66
3.5342800052050816  66
3.534406899137877  66
3.5345337560051155  51
3.534660575828444  67
3.5347873586294916  54
3.534914104429867  53
3.5350408132511606  55
3.535167485114944  49
3.5352941200427703  35
3.5354207180561734  29
3.535547279176668  36
3.53567380342575  38
3.5358002908248976  34
3.5359267413955693  37
3.5360531551592045  26
3.536179532137225  35
3.5363058723510337  25
3.5364321758220134  27
3.53655844257153  15
3.5366846726209302  19
3.5368108659915416  19
3.5369370227046737  14
3.537063142781617  12
3.5371892262436444  21
3.53731527311201  14
3.5374412834079476  15
3.5375672571526753  13
3.5376931943673906  9
3.537819095073274  8
3.5379449592914867  4
3.538070787043172  8
3.5381965783494542  10
3.53832233323144  6
3.5384480517102173  4
3.5385737338068557  7
3.5386993795424067  5
3.5388249889379035  3
3.5389505620143615  2
3.5390760987927767  4
3.539201599294128  9
3.539327063539375  1
3.539452491549461  2
3.539577883345309  2
3.5397032389478253  2
3.539828558377898  7
3.5399538416563967  1
3.540079088804173  2
3.5402042998420598  2
3.5403294747908736  2
3.540454613671412  3
3.540579716504454  1
3.5407047833107623  5
3.54082981411108  1
3.540954808926133  1
3.541079767776629  1
3.5412046906832586  3
3.5413295776666938  2
3.541454428747589  1
3.5415792439465807  1
3.5417040232842885  2
3.5418287667813124  1
3.541953474458236  1
3.5420781463356255  1
3.5422027824340283  1
3.5424519473759766  3
3.5425764762605296  1
3.5427009694481106  1
3.5428254269591797  1
