0.3010299956639812  19129
0.47712125471966244  19746
0.6020599913279624  19879
0.6989700043360189  19660
0.7781512503836436  19212
0.8450980400142568  21215
0.9030899869919435  19911
0.9542425094393249  20934
1.0  19233
1.0413926851582251  20357
1.0791812460476249  19469
1.1139433523068367  21555
1.146128035678238  19465
1.1760912590556813  19422
1.2041199826559248  20041
1.2304489213782739  20556
1.255272505103306  21549
1.2787536009528289  19365
1.3010299956639813  20256
1.3222192947339193  21192
1.3424226808222062  19767
1.3617278360175928  20243
1.380211241711606  20603
1.3979400086720377  20522
1.414973347970818  20564
1.4313637641589874  20295
1.4471580313422192  19204
1.462397997898956  20098
1.4771212547196624  20058
1.4913616938342726  18672
1.505149978319906  19252
1.5185139398778875  19133
1.5314789170422551  17064
1.5440680443502757  17118
1.5563025007672873  15049
1.568201724066995  14552
1.5797835966168101  12687
1.591064607026499  11046
1.6020599913279623  10413
1.6127838567197355  9921
1.6232492903979006  9175
1.6334684555795864  9251
1.6434526764861874  8973
1.6532125137753437  8360
1.662757831681574  8075
1.6720978579357175  8449
1.6812412373755872  8405
1.6901960800285136  8722
1.6989700043360187  8069
1.7075701760979363  7196
1.7160033436347992  8906
1.724275869600789  8057
1.7323937598229686  8658
1.7403626894942439  8393
1.7481880270062005  7647
1.7558748556724915  8212
1.7634279935629373  7775
1.7708520116421442  8264
1.7781512503836436  8248
1.7853298350107671  8299
1.792391689498254  7454
1.7993405494535817  8832
1.806179973983887  8746
1.8129133566428555  8491
1.8195439355418688  8756
1.8260748027008264  8509
1.8325089127062364  8200
1.8388490907372552  8003
1.845098040014257  9489
1.8512583487190752  9386
1.8573324964312685  9448
1.863322860120456  8791
1.8692317197309762  7970
1.8750612633917  8932
1.8808135922807914  7107
1.8864907251724818  8525
1.8920946026904804  8500
1.8976270912904414  8443
1.9030899869919435  7959
1.9084850188786497  8148
1.9138138523837167  8853
1.919078092376074  8175
1.9242792860618816  8645
1.9294189257142926  8417
1.9344984512435677  8117
1.9395192526186185  7154
1.9444826721501687  8272
1.9493900066449128  8123
1.954242509439325  8121
1.9590413923210936  8116
1.9637878273455553  8417
1.968482948553935  8731
1.9731278535996986  8224
1.9777236052888478  8876
1.9822712330395684  8077
1.9867717342662448  9205
1.9912260756924949  8917
1.99563519459755  7506
2.0  8663
2.0043213737826426  8481
2.0086001717619175  7692
2.012837224705172  8363
2.0170333392987803  8463
2.0211892990699383  8592
2.0253058652647704  8074
2.0293837776852097  8801
2.03342375548695  7444
2.037426497940624  8210
2.041392685158225  8411
2.0453229787866576  7985
2.0492180226701815  8143
2.0530784434834195  8249
2.0569048513364727  7040
2.060697840353612  8437
2.0644579892269186  7760
2.0681858617461617  8382
2.0718820073061255  7906
2.0755469613925306  8449
2.0791812460476247  8217
2.0827853703164503  8622
2.0863598306747484  8080
2.089905111439398  8222
2.093421685162235  8927
2.0969100130080562  7740
2.100370545117563  7719
2.103803720955957  8442
2.1072099696478683  8726
2.110589710299249  8119
2.113943352306837  8283
2.1172712956557644  8279
2.12057393120585  8459
2.123851640967086  8641
2.1271047983648077  7508
2.130333768495006  8673
2.1335389083702174  7853
2.1367205671564067  8457
2.1398790864012365  8273
2.143014800254095  8516
2.146128035678238  8174
2.1492191126553797  7860
2.1522883443830563  7249
2.155336037465062  8148
2.1583624920952498  7982
2.161368002234975  8283
2.164352855784437  8559
2.167317334748176  8634
2.1702617153949575  7762
2.173186268412274  7977
2.1760912590556813  8365
2.1789769472931693  7351
2.1818435879447726  8217
2.184691430817599  8665
2.187520720836463  8544
2.1903316981702914  7522
2.1931245983544616  8191
2.1958996524092336  7811
2.1986570869544226  8506
2.2013971243204513  7561
2.2041199826559246  8489
2.2068258760318495  8762
2.2095150145426308  8257
2.2121876044039577  8949
2.214843848047698  8736
2.2174839442139063  8405
2.220108088040055  8353
2.2227164711475833  8329
2.225309281725863  8864
2.2278867046136734  8517
2.230448921378274  8296
2.2329961103921536  8317
2.2355284469075487  7928
2.2380461031287955  8058
2.2405492482826  8416
2.2430380486862944  8343
2.24551266781415  7763
2.247973266361807  7740
2.250420002308894  8292
2.2528530309798933  8235
2.255272505103306  7670
2.2576785748691846  7884
2.2600713879850747  8534
2.2624510897304293  8236
2.2648178230095364  8397
2.2671717284030137  8505
2.2695129442179165  8408
2.271841606536499  8262
2.27415784926368  7800
2.2764618041732443  7980
2.278753600952829  8194
2.2810333672477277  8541
2.2833012287035497  8335
2.285557309007774  9195
2.287801729930226  8181
2.290034611362518  8538
2.292256071356476  8381
2.294466226161593  8126
2.296665190261531  8098
2.298853076409707  7968
2.3010299956639813  7719
2.303196057420489  8438
2.305351369446624  8226
2.307496037913213  8202
2.3096301674258988  7616
2.311753861055754  8180
2.3138672203691533  8151
2.315970345456918  8643
2.3180633349627615  8488
2.3201462861110542  8075
2.322219294733919  8572
2.3242824552976926  8252
2.326335860928751  8934
2.3283796034387376  8402
2.330413773349191  8281
2.3324384599156054  8435
2.3344537511509307  9700
2.3364597338485296  8118
2.3384564936046046  8727
2.3404441148401185  8018
2.342422680822206  8114
2.3443922736851106  8922
2.346352974450639  7874
2.3483048630481607  8867
2.3502480183341627  8591
2.3521825181113627  7668
2.3541084391474008  8601
2.3560258571931225  7651
2.357934847000454  8597
2.359835482339888  7380
2.361727836017593  8384
2.3636119798921444  8226
2.3654879848909  8178
2.367355921026019  8253
2.369215857410143  8379
2.3710678622717363  8083
2.3729120029701067  9079
2.374748346010104  8754
2.376576957056512  7530
2.3783979009481375  8089
2.380211241711606  8446
2.3820170425748683  7879
2.383815365980431  7832
2.385606273598312  8695
2.387389826338729  8539
2.3891660843645326  8728
2.3909351071033793  7785
2.392696953259666  7811
2.3944516808262164  8251
2.3961993470957363  8109
2.3979400086720375  8281
2.399673721481038  8423
2.401400540781544  8207
2.403120521175818  8372
2.404833716619938  8455
2.406540180433955  8197
2.4082399653118496  8080
2.4099331233312946  8212
2.41161970596323  8435
2.413299764081252  8896
2.4149733479708178  8278
2.416640507338281  8619
2.4183012913197452  8197
2.419955748489758  9367
2.4216039268698313  8462
2.423245873936808  8217
2.424881636631067  7850
2.4265112613645754  8306
2.428134794028789  7743
2.429752280002408  7768
2.4313637641589874  8592
2.432969290874406  8712
2.4345689040341987  8467
2.436162647040756  8250
2.437750562820388  8150
2.439332693830263  8310
2.4409090820652177  7709
2.4424797690644486  7523
2.444044795918076  8437
2.4456042032735974  8316
2.4471580313422194  8447
2.44870631990508  7728
2.450249108319361  7868
2.45178643552429  7676
2.4533183400470375  8120
2.45484486000851  8383
2.456366033129043  7807
2.4578818967339924  8136
2.459392487759231  7315
2.4608978427565478  9138
2.462397997898956  8298
2.4638929889859074  8447
2.4653828514484184  8109
2.4668676203541096  8217
2.4683473304121573  8714
2.469822015978163  8190
2.4712917110589387  8447
2.4727564493172123  7830
2.4742162640762553  8847
2.4756711883244296  8964
2.4771212547196626  7424
2.4785664955938436  8533
2.4800069429571505  7990
2.481442628502305  8379
2.482873583608754  8011
2.484299839346786  8148
2.48572142648158  8514
2.4871383754771865  8554
2.4885507165004443  8568
2.4899584794248346  7793
2.4913616938342726  8880
2.4927603890268375  7808
2.494154594018443  7689
2.4955443375464483  8369
2.496929648073215  8470
2.4983105537896004  7896
2.499687082618404  8930
2.5010592622177517  7845
2.5024271199844326  8552
2.503790683057181  7767
2.505149978319906  8297
2.506505032404872  7586
2.507855871695831  7917
2.509202522331103  8047
2.510545010206612  8259
2.5118833609788744  8002
2.513217600067939  8634
2.514547752660286  7883
2.515873843711679  8259
2.5171958979499744  7763
2.5185139398778875  7802
2.519827993775719  7848
2.5211380837040362  8598
2.5224442335063197  8149
2.5237464668115646  8129
2.525044807036845  8833
2.526339277389844  8356
2.5276299008713385  8571
2.5289167002776547  7886
2.530199698203082  8262
2.531478917042255  8353
2.5327543789924976  8593
2.534026106056135  9135
2.5352941200427703  8416
2.53655844257153  8475
2.537819095073274  8181
2.5390760987927767  9171
2.5403294747908736  8973
2.5415792439465807  7923
2.5428254269591797  8397
2.5440680443502757  7933
2.545307116465824  8583
2.546542663478131  7919
2.5477747053878224  7865
2.5490032620257876  7385
2.550228353055094  8305
2.5514499979728753  8699
2.552668216112193  7502
2.5538830266438746  7957
2.5550944485783194  8612
2.5563025007672873  7778
2.5575072019056577  8146
2.558708570533166  8246
2.5599066250361124  8165
2.561101383649056  8395
2.5622928644564746  7694
2.5634810853944106  7619
2.5646660642520893  8426
2.5658478186735176  9113
2.56702636615906  7646
2.568201724066995  8863
2.569373909615046  8530
2.5705429398818973  8008
2.571708831808688  8444
2.5728716022004803  8452
2.574031267727719  8206
2.575187844927661  8900
2.576341350205793  7810
2.5774917998372255  7367
2.578639209968072  7785
2.57978359661681  8355
2.5809249756756194  7933
2.582063362911709  8805
2.583198773968623  7270
2.584331224367531  8753
2.5854607295085006  7412
2.586587304671755  8739
2.5877109650189114  8431
2.5888317255942073  7831
2.5899496013257077  7842
2.591064607026499  7304
2.5921767573958667  8561
2.593286067020457  8147
2.5943925503754266  8561
2.595496221825574  8008
2.59659709562646  8141
2.597695185925512  8694
2.598790506763115  8262
2.5998830720736876  9467
2.6009728956867484  8225
2.6020599913279625  8636
2.603144372620182  8287
2.60422605308447  7933
2.6053050461411096  8246
2.606381365110605  8162
2.6074550232146687  7496
2.6085260335771943  7666
2.60959440922522  9011
2.61066016308988  8720
2.611723308007342  7968
2.6127838567197355  8303
2.6138418218760693  8180
2.6148972160331345  7685
2.615950051656401  8244
2.617000341120899  7753
2.6180480967120925  9009
2.6190933306267428  7221
2.6201360549737576  8399
2.621176281775035  8500
2.622214022966295  8154
2.6232492903979003  8047
2.6242820958356683  7615
2.625312450961674  8333
2.6263403673750423  8023
2.6273658565927325  8386
2.6283889300503116  8059
2.629409599102719  7698
2.630427875025024  7772
2.6314437690131722  8186
2.6324572921847245  8198
2.6334684555795866  7724
2.6344772701607315  8433
2.635483746814912  8670
2.6364878963533656  7936
2.637489729512511  7786
2.6384892569546374  7920
2.639486489268586  8436
2.640481436970422  8746
2.6414741105040997  7599
2.6424645202421213  8711
2.6434526764861874  8564
2.6444385894678386  7532
2.645422269349092  8756
2.6464037262230695  8875
2.6473829701146196  8336
2.6483600109809315  8117
2.649334858712142  8027
2.6503075231319366  9225
2.651278013998144  8031
2.6522463410033232  7915
2.6532125137753435  8079
2.6541765418779604  8757
2.655138434811382  8577
2.656098202012832  7971
2.6570558528571038  8956
2.6580113966571126  7882
2.658964842664435  8087
2.6599162000698504  8437
2.660865478003869  8255
2.661812685537261  8499
2.662757831681574  8916
2.663700925389648  9211
2.6646419755561257  8686
2.6655809910179533  8595
2.6665179805548807  8351
2.667452952889954  8357
2.66838591669  8643
2.6693168805661123  8789
2.670245853074124  7267
2.6711728427150834  8376
2.6720978579357175  7799
2.673020907128896  7932
2.673941998634088  8352
2.6748611407378116  8345
2.6757783416740852  7508
2.6766936096248664  8272
2.677606952720493  8172
2.678518379040114  8710
2.6794278966121188  8743
2.680335513414563  7593
2.681241237375587  8314
2.682145076373832  8826
2.6830470382388496  8211
2.683947130751512  8429
2.6848453616444123  7655
2.6857417386022635  8934
2.6866362692622934  8372
2.6875289612146345  8858
2.6884198220027105  8395
2.6893088591236203  8410
2.690196080028514  8421
2.6910814921229687  8020
2.69196510276736  8686
2.69284691927723  8980
2.693726948923647  9033
2.694605198933569  8445
2.6954816764901977  8581
2.696356388733332  8119
2.6972293427597176  8378
2.6981005456233897  8167
2.6989700043360187  7917
2.699837725867246  7729
2.7007037171450192  8339
2.7015679850559273  8997
2.7024305364455254  7911
2.7032913781186614  8319
2.7041505168397992  8187
2.705007959333336  8542
2.7058637122839193  8392
2.7067177823367587  8031
2.7075701760979363  8854
2.708420900134713  7865
2.709269960975831  8476
2.7101173651118162  8022
2.710963118995276  8309
2.711807229041191  8494
2.7126497016272113  8302
2.7134905430939424  8837
2.714329759745233  8000
2.7151673578484576  8193
2.716003343634799  8339
2.7168377232995247  8061
2.717670503002262  8591
2.718501688867274  9246
2.7193312869837265  8946
2.720159303405957  8437
2.7209857441537393  8047
2.7218106152125467  7807
2.722633922533812  8277
2.7234556720351857  7816
2.724275869600789  8925
2.725094521081469  8524
2.7259116322950483  8487
2.7267272090265724  8199
2.727541257028556  8393
2.7283537820212285  8199
2.72916478969277  9257
2.7299742856995555  8851
2.7307822756663893  9065
2.7315887651867388  7226
2.7323937598229686  8322
2.7331972651065692  7435
2.733999286538387  8560
2.734799829588847  8534
2.73559889969818  8741
2.7363965022766426  7938
2.7371926427047373  7875
2.737987326333431  8129
2.738780558484369  8578
2.739572344450092  8473
2.7403626894942437  9054
2.741151598851785  7750
2.741939077729199  7505
2.7427251313046983  8329
2.74350976472843  8115
2.7442929831226763  7561
2.7450747915820575  7966
2.745855195173729  7715
2.7466341989375787  8512
2.747411807886423  7777
2.7481880270062002  8474
2.7489628612561616  8530
2.749736315569061  8025
2.7505083948513462  8307
2.751279103983342  8144
2.7520484478194387  8083
2.7528164311882715  8423
2.7535830588929064  8459
2.754348335711019  7299
2.7551122663950713  7546
2.7558748556724915  7700
2.756636108245848  7798
2.7573960287930244  8471
2.75815462196739  8335
2.7589118923979736  7916
2.7596678446896306  8798
2.760422483423212  8036
2.7611758131557314  8775
2.761927838420529  8344
2.762678563727436  8551
2.7634279935629373  8021
2.7641761323903307  8168
2.7649229846498886  8550
2.765668554759014  8530
2.7664128471123997  8724
2.7671558660821804  8506
2.767897616018091  8252
2.7686381012476144  8207
2.7693773260761385  8439
2.7701152947871015  9487
2.7708520116421442  8711
2.7715874808812555  7983
2.77232170672292  8917
2.7730546933642626  8165
2.7737864449811935  8218
2.7745169657285498  7713
2.7752462597402365  8089
2.775974331129369  8249
2.776701183988411  8976
2.7774268223893115  8144
2.7781512503836434  7432
2.7788744720027396  8424
2.7795964912578244  7401
2.780317312140151  8685
2.7810369386211318  9243
2.781755374652469  8462
2.782472624166286  7906
2.7831886910752575  8441
2.783903579272735  7104
2.784617292632875  8010
2.785329835010767  8304
2.786041210242554  8358
2.7867514221455614  8196
2.787460474518415  8002
2.788168371141168  7955
2.788875115775417  8157
2.7895807121644256  8417
2.7902851640332416  8495
2.790988475088816  8812
2.791690649020118  8023
2.792391689498254  8873
2.79309160017658  8508
2.7937903846908188  8632
2.7944880466591697  8169
2.795184589682424  8764
2.7958800173440754  8376
2.7965743332104296  8646
2.7972675408307164  8482
2.797959643737196  8216
2.798650645445269  8081
2.7993405494535817  8450
2.8000293592441343  8268
2.800717078282385  8028
2.801403710017355  8574
2.802089257881733  8461
2.8027737252919755  9488
2.803457115648414  8065
2.8041394323353503  7621
2.8048206787211623  8788
2.8055008581584002  8551
2.806179973983887  8056
2.8068580295188172  8433
2.807535028068853  8770
2.808210972924222  8544
2.808885867359812  8526
2.8095597146352675  7869
2.8102325179950842  7294
2.8109042806687006  8158
2.8115750058705933  8204
2.812244696800369  7059
2.8129133566428557  7963
2.813580988568192  8209
2.81424759573192  8171
2.814913181275074  7332
2.815577748324267  8219
2.816241299991783  8410
2.8169038393756605  8520
2.8175653695597807  8308
2.8182258936139557  8327
2.8188854145940097  7417
2.8195439355418688  7917
2.82020145948564  8906
2.8208579894397  8169
2.821513528404773  8259
2.8221680793680175  8427
2.8228216453031045  7670
2.823474229170301  8775
2.824125833916549  8466
2.824776462475546  7748
2.8254261177678233  7957
2.8260748027008264  7875
2.826722520168992  8413
2.8273692730538253  8138
2.828015064223977  8510
2.82865989653532  8627
2.829303772831025  8749
2.829946695941636  8451
2.8305886686851442  8127
2.8312296938670634  7600
2.8318697742805017  8922
2.832508912706236  8667
2.833147111912785  8381
2.833784374656479  8468
2.8344207036815328  7512
2.835056101720116  8191
2.8356905714924254  8033
2.8363241157067516  8470
2.8369567370595505  8484
2.837588438235511  8530
2.8382192219076257  8806
2.838849090737255  8865
2.8394780473741985  7869
2.840106094456758  9260
2.8407332346118066  7893
2.841359470454855  8908
2.8419848045901137  8447
2.842609239610562  8876
2.8432327780980096  8024
2.843855422623161  7851
2.8444771757456815  7948
2.845098040014257  7961
2.8457180179666586  9210
2.846337112129805  7781
2.846955325019824  8647
2.847572659142112  8065
2.848189116991399  7908
2.8488047010518036  7784
2.8494194137968996  8997
2.850033257689769  8594
2.8506462351830666  7913
2.8512583487190755  8358
2.851869600729766  8417
2.8524799936368566  8733
2.8530895298518657  8033
2.8536982117761744  8186
2.8543060418010806  7796
2.8549130223078554  8968
2.8555191556678  8209
2.8561244442423  7730
2.8567288903828825  7744
2.8573324964312685  8443
2.857935264719429  9229
2.858537197569639  8716
2.859138297294531  8125
2.859738566197147  7863
2.8603380065709936  8812
2.8609366207000937  8610
2.8615344108590377  8398
2.862131379313037  8177
2.8627275283179747  7653
2.863322860120456  8250
2.8639173769578603  7947
2.864511081058392  7771
2.8651039746411278  8993
2.8656960599160706  8662
2.8662873390841948  7801
2.866877814337499  8497
2.8674674878590514  7890
2.8680563618230415  9143
2.8686444383948255  8221
2.8692317197309762  8717
2.869818207979328  8142
2.870403905279027  7760
2.8709888137605755  8013
2.8715729355458786  8504
2.8721562727482928  8230
2.8727388274726686  8339
2.873320601815399  7667
2.8739015978644615  8660
2.8744818176994666  7386
2.8750612633917  8922
2.8756399370041685  8467
2.876217840591642  8298
2.8767949762007006  7773
2.877371345869774  8427
2.8779469516291885  7960
2.8785217955012063  7512
2.8790958795000727  8889
2.8796692056320534  8553
2.88024177589548  8485
2.8808135922807914  8348
2.8813846567705728  8313
2.8819549713396007  8765
2.8825245379548803  8673
2.8830933585756897  8884
2.8836614351536176  8003
2.884228769632604  8476
2.884795363948981  8350
2.885361220031512  8577
2.885926339801431  8300
2.886490725172482  8720
2.8870543780509568  8251
2.887617300335736  8816
2.888179493918325  8880
2.8887409606828927  8388
2.88930170250631  8656
2.8898617212581885  8506
2.890421018800914  7767
2.890979596989689  7589
2.8915374576725643  8238
2.8920946026904804  7733
2.8926510338773004  8095
2.893206753059848  7977
2.8937617620579434  8290
2.8943160626844384  8493
2.8948696567452528  8436
2.895422546039408  7371
2.8959747323590648  9071
2.8965262174895554  8118
2.89707700320942  8445
2.8976270912904414  8527
2.8981764834976764  8451
2.8987251815894934  8095
2.8992731873176036  8300
2.8998205024270964  8758
2.9003671286564705  8823
2.900913067737669  7614
2.9014583213961123  7739
2.9020028913507296  7613
2.902546779313991  8037
2.9030899869919438  8381
2.9036325160842376  8013
2.9041743682841634  8219
2.904715545278681  8162
2.905256048748451  9309
2.9057958803678687  8042
2.906335041805091  7995
2.90687353472207  8237
2.907411360774586  9612
2.9079485216122722  8119
2.90848501887865  8025
2.909020854211156  8250
2.9095560292411755  8542
2.910090545594068  8638
2.910624404889201  8223
2.9111576087399764  7759
2.9116901587538613  8771
2.9122220565324155  7773
2.912753303671323  8203
2.9132839017604186  7861
2.9138138523837167  8300
2.9143431571194407  7780
2.9148718175400505  8714
2.91539983521227  8466
2.9159272116971158  8460
2.916453948549925  8029
2.9169800473203824  7899
2.9175055095525466  8360
2.9180303367848803  8001
2.9185545305502734  8363
2.9190780923760737  8603
2.919601023784111  8727
2.920123326290724  8506
2.9206450014067875  7723
2.921166050637739  8762
2.921686475483602  8114
2.9222062774390163  8339
2.92272545799326  8666
2.9232440186302764  8672
2.9237619608287004  7858
2.9242792860618816  7360
2.924795995797912  8467
2.9253120914996495  7766
2.9258275746247424  8008
2.926342446625655  7921
2.926856708949692  8675
2.9273703630390235  9053
2.9278834103307068  8358
2.9283958522567137  7913
2.928907690243953  9212
2.929418925714293  7574
2.929929560084588  8849
2.9304395947667  8049
2.930949031167523  8051
2.931457870689005  8000
2.931966114728173  7695
2.932473764677153  7694
2.932980821923198  8216
2.9334872878487053  8636
2.9339931638312424  8556
2.934498451243568  7845
2.935003151453655  7609
2.9355072658247128  9649
2.9360107957152097  7639
2.936513742478893  8590
2.9370161074648142  7944
2.937517892017347  7437
2.9380190974762104  8147
2.938519725176492  8994
2.9390197764486663  8478
2.9395192526186187  8002
2.9400181550076634  8686
2.940516484932567  8284
2.9410142437055695  8538
2.941511432634403  7549
2.942008053022313  8181
2.9425041061680806  8189
2.9429995933660407  8236
2.9434945159061026  7388
2.9439888750737717  8453
2.9444826721501687  7998
2.9449759084120477  8293
2.94546858513182  8321
2.9459607035775686  8358
2.946452265013073  8442
2.9469432706978256  8442
2.9474337218870508  8139
2.9479236198317262  8247
2.948412965778601  8168
2.9489017609702137  8429
2.949390006644913  8366
2.949877704036875  8442
2.950364854376123  8505
2.9508514588885464  8351
2.951337518795918  8956
2.951823035315912  9038
2.9523080096621253  8332
2.952792443044092  8906
2.9532763366673045  7964
2.9537596917332287  8869
2.9542425094393248  8161
2.954724790979063  8115
2.9552065375419416  8171
2.9556877503135057  8306
2.9561684304753633  9100
2.9566485792052033  7761
2.957128197676813  8901
2.957607287060095  8074
2.958085848521085  8564
2.9585638832219674  8406
2.9590413923210934  9015
2.9595183769729982  9327
2.959994838328416  8342
2.960470777534299  8195
2.960946195733831  8451
2.9614210940664485  7545
2.9618954736678504  8439
2.962369335670021  8408
2.9628426812012423  8139
2.9633155113861114  8392
2.963787827345555  8013
2.964259630196849  7401
2.9647309210536292  7783
2.965201701025912  8113
2.9656719712201065  7801
2.9661417327390325  8059
2.966610986681934  9043
2.967079734144497  7911
2.967547976218862  8575
2.968015713993642  7890
2.9684829485539352  8243
2.9689496809813427  8237
2.9694159123539814  8006
2.9698816437465  8592
2.9703468762300935  8713
2.9708116108725178  8126
2.971275848738105  8173
2.971739590887778  7558
2.9722028383790646  9101
2.972665592266111  7924
2.9731278535996988  8257
2.973589623427257  7913
2.9740509027928774  8038
2.9745116927373285  8151
2.974971994298069  7853
2.975431808509263  8842
2.975891136401793  8861
2.9763499790032735  8509
2.976808337338066  8608
2.977266212427293  8793
2.9777236052888476  7594
2.978180516937414  8408
2.9786369483844743  8442
2.979092900638326  7689
2.979548374704095  8186
2.9800033715837464  8261
2.9804578922761  8732
2.9809119377768436  8160
2.9813655090785445  8038
2.9818186071706636  8885
2.9822712330395684  7994
2.9827233876685453  8591
2.983175072037813  7544
2.9836262871245345  8800
2.984077033902831  8279
2.9845273133437926  8605
2.9849771264154934  8115
2.9854264740830017  8105
2.9858753573083936  8732
2.986323777050765  7707
2.9867717342662448  8318
2.9872192299080047  8177
2.9876662649262746  7291
2.988112840268352  8330
2.9885589568786157  8469
2.989004615698537  8940
2.9894498176666917  8502
2.989894563718773  8181
2.9903388547876015  8128
2.9907826918031377  8161
2.9912260756924947  7788
2.9916690073799486  8188
2.9921114877869495  7998
2.9925535178321354  8000
2.9929950984313414  8317
2.9934362304976116  7525
2.993876914941211  8181
2.9943171526696366  8121
2.9947569445876283  8660
2.9951962915971793  8495
2.99563519459755  7535
2.9960736544852753  8686
2.9965116721541785  8965
2.996949248495381  8606
2.997386384397313  8288
2.9978230807457256  8711
2.998259338423699  8332
2.998695158311656  8240
2.999130541287371  8229
2.9995654882259823  8184
3.0  8451
3.000434077479319  8387
3.0008677215312267  9064
3.0013009330204183  9069
3.0017337128090005  8170
3.002166061756508  8361
3.0025979807199086  7860
3.003029470553618  8232
3.0034605321095067  7703
3.0038911662369103  7738
3.0043213737826426  8059
3.004751155591001  7732
3.0051805125037805  8037
3.0056094453602804  8351
3.0060379549973173  8659
3.0064660422492318  7854
3.0068937079479006  9030
3.0073209529227447  7979
3.00774777800074  8351
3.0081741840064264  8115
3.0086001717619175  8980
3.0090257420869104  8799
3.009450895798694  8524
3.00987563371216  8517
3.010299956639812  8189
3.010723865391773  8953
3.0111473607757975  7972
3.0115704435972783  8698
3.011993114659257  7428
3.012415374762433  8178
3.012837224705172  7658
3.0132586652835167  8691
3.0136796972911926  8030
3.0141003215196207  7873
3.0145205387579237  8536
3.0149403497929366  8583
3.0153597554092144  8038
3.015778756389041  9321
3.016197353512439  7768
3.016615547557177  8408
3.0170333392987803  7463
3.017450729510536  7318
3.0178677189635055  8357
3.018284308426531  8153
3.0187004986662433  8309
3.019116290447073  8190
3.0195316845312554  8356
3.0199466816788423  8498
3.0203612826477078  8925
3.020775488193558  8097
3.0211892990699383  8082
3.021602716028242  8033
3.02201573981772  8235
3.0224283711854865  7442
3.022840610876528  8191
3.0232524596337114  8517
3.0236639181977933  7413
3.024074987307426  9177
3.024485667699167  7877
3.024895960107485  7632
3.0253058652647704  9344
3.025715383901341  8462
3.0261245167454502  8375
3.0265332645232967  8329
3.0269416279590295  8721
3.0273496077747564  8439
3.0277572046905536  8190
3.0281644194244697  8255
3.0285712526925375  8149
3.028977705208778  8253
3.0293837776852097  8115
3.029789470831856  9074
3.030194785356751  7551
3.030599721965951  8429
3.0310042813635367  9276
3.031408464251624  8838
3.0318122713303706  9531
3.0322157032979815  8669
3.03261876085072  7868
3.0330214446829107  7813
3.03342375548695  7868
3.03382569395331  8694
3.0342272607705505  7838
3.0346284566253203  8427
3.0350292822023683  8691
3.0354297381845483  8820
3.035829825252828  8888
3.0362295440862948  8436
3.036628895362161  8133
3.037027879755775  7524
3.037426497940624  8884
3.037824750588342  8191
3.0382226383687185  8727
3.038620161949703  7842
3.039017321997412  8639
3.0394141191761372  7869
3.0398105541483504  8097
3.0402066275747113  8002
3.040602340114073  7137
3.0409976924234905  7923
3.041392685158225  9203
3.041787318971752  9283
3.042181594515766  7940
3.0425755124401905  9387
3.0429690733931802  8000
3.0433622780211294  7712
3.0437551269686796  8924
3.044147620878723  8150
3.044539760392411  7833
3.04493154614916  8227
3.0453229787866576  7514
3.0457140589408676  7676
3.0461047872460387  8021
3.0464951643347082  8709
3.04688519083771  8458
3.0472748673841794  8365
3.04766419460156  7930
3.048053173115609  8584
3.0484418035504044  9021
3.04883008652835  8377
3.0492180226701815  7851
3.049605612594973  8878
3.0499928569201424  7182
3.050379756261458  8684
3.0507663112330423  7871
3.0511525224473814  8219
3.0515383905153275  7866
3.0519239160461065  7928
3.0523090996473234  7484
3.052693941924968  8470
3.0530784434834195  8118
3.053462604925455  8422
3.0538464268522527  7724
3.0542299098633974  8901
3.0546130545568877  8030
3.0549958615291417  8311
3.055378331375  7923
3.0557604646877348  7695
3.056142262059052  9043
3.0565237240791006  7712
3.0569048513364727  7753
3.0572856444182146  8269
3.0576661039098294  8295
3.0580462303952816  8452
3.058426024457005  8716
3.0588054866759067  8447
3.059184617631371  8228
3.0595634179012676  9042
3.059941888061955  8698
3.060320028688285  8306
3.060697840353612  8722
3.0610753236297916  8630
3.061452479087193  7801
3.061829307294699  9025
3.0622058088197126  8309
3.062581984228163  8030
3.0629578340845103  8709
3.0633333589517497  9221
3.0637085593914173  8215
3.064083435963596  8290
3.0644579892269186  8624
3.064832219738574  8588
3.065206128054312  8500
3.0655797147284485  8525
3.06595298031387  8103
3.0663259253620376  8946
3.0666985504229953  8126
3.0670708560453703  8945
3.0674428427763805  8456
3.0678145111618402  8591
3.0681858617461617  8061
3.068556895072363  8686
3.068927611682072  8761
3.0692980121155293  7883
3.0696680969115957  8401
3.070037866607755  7931
3.0704073217401198  8050
3.0707764628434346  8381
3.0711452904510828  8557
3.071513805095089  8562
3.0718820073061255  7826
3.072249897613515  7534
3.0726174765452368  8323
3.0729847446279304  8285
3.073351702386901  8486
3.0737183503461227  8010
3.074084689028244  8423
3.074450718954591  8810
3.074816440645175  7906
3.0751818546186915  8795
3.0755469613925306  7764
3.0759117614827773  8576
3.076276255404218  7573
3.076640443670342  9048
3.0770043267933502  8526
3.0773679052841563  8591
3.077731179652392  7977
3.0780941504064105  8810
3.0784568180532927  8120
3.0788191830988487  8064
3.0791812460476247  8591
3.079543007402906  8167
3.079904467666721  7725
3.0802656273398448  8986
3.0806264869218056  7864
3.080987046910887  8133
3.0813473078041325  8417
3.081707270097349  8838
3.082066934285113  9393
3.0824263008607717  8140
3.0827853703164503  7861
3.0831441431430524  7840
3.0835026198302673  8052
3.083860800866573  8025
3.0842186867392387  8484
3.084576277934331  7239
3.084933574936716  8956
3.085290578230065  7797
3.0856472882968564  7554
3.0860037056183818  7910
3.0863598306747484  8432
3.0867156639448825  7358
3.0870712059065353  8407
3.0874264570362855  8015
3.087781417809542  8385
3.0881360887005513  8371
3.0884904701823963  7716
3.088844562727004  7761
3.089198366805149  8299
3.089551882886454  8609
3.089905111439398  8329
3.090258052931316  8841
3.090610707828407  8493
3.0909630765957314  8088
3.091315159697223  8537
3.0916669575956846  8719
3.092018470752797  7790
3.0923696996291206  7548
3.0927206446840994  8156
3.0930713063760633  8378
3.093421685162235  8175
3.09377178149873  8313
3.0941215958405612  8689
3.094471128641645  7984
3.0948203803548  8539
3.095169351431755  8261
3.095518042323151  8527
3.0958664534785427  8126
3.0962145853464054  8229
3.0965624383741357  8094
3.0969100130080562  8641
3.09725730969342  7897
3.097604328874411  7858
3.09795107099415  8202
3.0982975364946976  8606
3.098643725817057  8662
3.0989896394011773  7857
3.0993352776859577  8549
3.09968064110925  8342
3.1000257301078626  8508
3.100370545117563  7898
3.1007150865730817  7056
3.1010593549081156  8125
3.101403350555331  8113
3.1017470739463664  8851
3.1020905255118367  8569
3.1024337056813365  8997
3.1027766148834415  8364
3.1031192535457137  8657
3.103461622094705  8710
3.103803720955957  7896
3.104145550554008  8613
3.104487111312395  9178
3.1048284036536553  7057
3.1051694279993316  9774
3.1055101847699738  7858
3.1058506743851435  7835
3.1061908972634154  8901
3.1065308538223815  8712
3.106870544478654  7645
3.1072099696478683  9486
3.1075491297446862  8632
3.1078880251827985  7964
3.1082266563749283  8022
3.1085650237328344  7650
3.1089031276673134  7947
3.109240968588203  7913
3.1095785469043866  8569
3.1099158630237933  7683
3.110252917353403  8605
3.110589710299249  7565
3.1109262422664203  8120
3.1112625136590655  8835
3.111598524880394  7568
3.1119342763326814  8314
3.1122697684172707  8300
3.1126050015345745  8021
3.11293997608408  7920
3.1132746924643504  8594
3.1136091510730277  8473
3.113943352306837  7758
3.1142772965615864  7712
3.114610984232173  7725
3.1149444157125847  7858
3.1152775913959014  8569
3.1156105116742996  8081
3.115943176939055  8491
3.116275587580544  7608
3.1166077439882485  8243
3.116939646550756  8396
3.1172712956557644  8164
3.117602691690084  8783
3.1179338350396413  7766
3.118264726089479  7498
3.118595365223762  7717
3.1189257528257768  8066
3.1192558892779365  8266
3.119585774961784  7973
3.119915410257991  8466
3.1202447955463652  7985
3.12057393120585  7443
3.1209028176145273  8598
3.1212314551496214  8362
3.1215598441875008  8472
3.121887985103681  8032
3.1222158782728267  8868
3.1225435240687545  8625
3.1228709228644354  8175
3.1231980750319988  7584
3.123524980942732  7961
3.123851640967086  8361
3.124178055474675  8999
3.1245042248342823  7497
3.1248301494138593  7788
3.12515582958053  9040
3.125481265700594  8319
3.125806458139527  7867
3.1261314072619846  7585
3.1264561134318045  8347
3.126780577012009  8857
3.1271047983648077  8576
3.127428777851599  7570
3.1277525158329733  8410
3.1280760126687155  8649
3.1283992687178066  8294
3.128722284338427  8303
3.1290450598879582  8513
3.1293675957229854  8404
3.129689892199301  8182
3.1300119496719043  8521
3.130333768495006  7796
3.130655349022031  8121
3.130976691605617  7324
3.131297796597623  7537
3.1316186643491255  8235
3.1319392952104246  7712
3.1322596895310446  8279
3.132579847659737  8184
3.132899769944483  8435
3.1332194567324945  7903
3.1335389083702174  7906
3.133858125203335  8249
3.1341771075767664  9229
3.1344958558346736  8624
3.13481437032046  9065
3.1351326513767748  8290
3.1354506993455136  8320
3.1357685145678222  8730
3.1360860973840974  8523
3.13640344813399  8183
3.1367205671564067  8319
3.1370374547895126  7359
3.137354111370733  8403
3.137670537236755  7682
3.137986732723532  7791
3.1383026981662816  7881
3.1386184338994925  7667
3.1389339402569236  8560
3.139249217571607  8475
3.13956426617585  8020
3.1398790864012365  8284
3.140193678578631  8710
3.1405080430381798  8754
3.1408221801093106  7651
3.141136090120739  7441
3.1414497734004674  8165
3.141763230275788  8993
3.1420764610732848  8005
3.142389466118836  8715
3.1427022457376155  8389
3.143014800254095  7771
3.143327129992046  8208
3.1436392352745433  8321
3.1439511164239633  8612
3.144262773761991  9154
3.144574207609616  7903
3.144885418287142  8409
3.1451964061141817  8245
3.1455071714096627  7663
3.1458177144918276  8960
3.146128035678238  7447
3.1464381352857744  8649
3.14674801363064  8187
3.1470576710283598  8238
3.1473671077937864  8553
3.1476763242410986  7989
3.147985320683805  9079
3.1482940974347455  8917
3.1486026548060932  7950
3.1489109931093564  8881
3.1492191126553797  9022
3.149527013754348  9042
3.149834696715785  7940
3.1501421618485588  8586
3.150449409460881  8489
3.150756439860309  7184
3.15106325335375  8125
3.1513698502474603  8174
3.151676230847048  8373
3.151982395457474  8724
3.1522883443830563  7591
3.15259407792747  7755
3.1528995963937474  8870
3.153204900084284  8350
3.1535099893008374  8488
3.153814864344529  7977
3.154119525515847  8196
3.154423973114647  8100
3.1547282074401557  8827
3.1550322287909704  8975
3.155336037465062  8504
3.1556396337597765  8423
3.1559430179718366  7792
3.1562461903973444  8363
3.1565491513317814  8981
3.156851901070011  7582
3.1571544399062814  8682
3.157456768134226  8296
3.1577588860468637  8630
3.158060793936605  8300
3.1583624920952498  7845
3.1586639808139894  8171
3.15896526038341  8766
3.159266331093494  8939
3.1595671932336202  7828
3.1598678470925665  8128
3.160168292958512  7794
3.1604685311190375  8333
3.1607685618611283  7877
3.1610683854711747  7502
3.161368002234975  7822
3.161667412437736  8294
3.161966616364075  8402
3.1622656142980214  7705
3.162564406523019  8326
3.162862993321926  8410
3.1631613749770184  8205
3.16345955176999  7762
3.163757523981956  7825
3.1640552918934515  8387
3.164352855784437  8043
3.1646502159342966  8457
3.1649473726218416  8708
3.1652443261253107  7979
3.165541076722373  7986
3.1658376246901283  7823
3.166133970305109  8268
3.166430113843283  8534
3.166726055580052  7466
3.1670217957902564  8279
3.167317334748176  8083
3.16761267272753  7481
3.16790781000148  8608
3.168202746842631  7855
3.1684974835230326  7806
3.1687920203141817  8317
3.1690863574870227  9057
3.1693804953119495  8817
3.1696744340588068  9216
3.1699681739968923  8296
3.1702617153949575  8068
3.1705550585212086  8782
3.170848203643309  8545
3.1711411510283822  8505
3.171433900943008  8544
3.171726453653231  8563
3.1720188094245563  7982
3.172310968521954  8082
3.17260293120986  8180
3.1728946977521764  8414
3.173186268412274  8149
3.1734776434529945  7989
3.17376882313665  8359
3.1740598077250253  8446
3.1743505974793798  7822
3.1746411926604483  8494
3.1749315935284423  8374
3.1752218003430523  7825
3.1755118133634475  8968
3.1758016328482794  8347
3.1760912590556813  7651
3.1763806922432702  7600
3.17666993266815  8739
3.176958980586908  8535
3.1772478362556233  8354
3.1775364999298623  8167
3.177824971864682  8840
3.1781132523146316  8012
3.178401341533755  9025
3.17868923977559  8049
3.1789769472931693  8098
3.1792644643390253  8582
3.1795517911651876  8010
3.179838928023187  7890
3.180125875164054  8086
3.180412632838324  7874
3.1806992012960347  8332
3.1809855807867304  8019
3.1812717715594614  7614
3.1815577738627865  8510
3.1818435879447726  8532
3.182129214052998  8087
3.182414652434554  8516
3.1826999033360424  8275
3.182984967003582  8069
3.1832698436828046  8247
3.1835545336188615  8246
3.1838390370564214  9367
3.184123354239671  8779
3.1844074854123203  8295
3.184691430817599  8186
3.184975190698261  8092
3.185258765296585  7795
3.185542154854375  8616
3.185825359612962  8194
3.1861083798132053  7786
3.186391215695493  8556
3.1866738674997452  8646
3.1869563354654122  8523
3.187238619831479  8433
3.187520720836463  8534
3.1878026387184195  8512
3.188084373714938  8242
3.188365926063148  8130
3.188647295999717  8664
3.1889284837608534  7485
3.189209489582306  7564
3.1894903136993675  8145
3.189770956346874  8535
3.190051417759206  7880
3.1903316981702914  7478
3.190611797813605  7465
3.1908917169221698  8116
3.1911714557285586  7237
3.1914510144648953  8191
3.1917303933628562  8716
3.1920095926536702  7927
3.1922886125681202  8719
3.1925674533365456  7879
3.192846115188842  8158
3.1931245983544616  8792
3.1934029030624176  7872
3.1936810295412816  7854
3.193958978019187  8379
3.1942367487238292  7509
3.194514341882467  8060
3.1947917577219247  8306
3.1950689964685903  8162
3.1953460583484197  9241
3.1956229435869368  8339
3.1958996524092336  8182
3.1961761850399735  8440
3.196452541703389  7307
3.196728722623287  8171
3.1970047280230456  8522
3.197280558125619  8637
3.1975562131535367  8291
3.197831693328903  8967
3.1981069988734014  8036
3.1983821300082944  8217
3.1986570869544226  7715
3.198931869932209  8513
3.1992064791616577  8661
3.199480914862356  8617
3.1997551772534747  8175
3.2000292665537704  8662
3.200303182981585  8159
3.2005769267548483  8155
3.2008504980910772  8808
3.2011238972073794  7745
3.2013971243204513  8150
3.2016701796465816  8067
3.20194306340165  8178
3.2022157758011316  8431
3.2024883170600935  8460
3.2027606873931997  8797
3.2030328870147105  7618
3.203304916138483  7717
3.2035767749779724  7788
3.2038484637462346  8149
3.2041199826559246  8975
3.2043913319193  8079
3.204662511748219  8046
3.204933522354145  8777
3.2052043639481447  8045
3.205475036740891  8149
3.205745540942662  8411
3.2060158767633444  8586
3.2062860444124324  8517
3.2065560440990297  8307
3.2068258760318495  8971
3.207095540419218  7949
3.2073650374690716  7938
3.2076343673889616  8375
3.2079035303860515  8346
3.2081725266671217  8271
3.208441356438567  8742
3.208710019906401  8611
3.2089785172762535  8326
3.2092468487533736  8148
3.2095150145426308  7889
3.209783014848515  7712
3.2100508498751372  8242
3.210318519826232  8339
3.2105860249051563  8449
3.210853365314893  8416
3.2111205412580492  8515
3.2113875529368587  8312
3.2116544005531824  8566
3.2119210843085093  8057
3.2121876044039577  8599
3.212453961040276  8429
3.2127201544178425  7619
3.212986184736668  8420
3.2132520521963968  7938
3.2135177569963047  7688
3.2137832993353044  8288
3.2140486794119414  8669
3.2143138974244  8136
3.214578953570499  7487
3.214843848047698  8070
3.215108581053093  8164
3.215373152783422  7894
3.215637563435062  8822
3.215901813204032  8073
3.216165902285993  8430
3.216429830876251  7994
3.2166935991697545  8924
3.216957207361097  8640
3.217220655644519  8775
3.2174839442139063  8288
3.2177470732627937  7924
3.218010042984363  8770
3.2182728535714475  7544
3.218535505216528  8222
3.2187979981117376  7799
3.219060332448861  8818
3.219322508419337  8921
3.2195845262142546  7701
3.219846386024361  8193
3.220108088040055  8741
3.2203696324513946  9196
3.220631019448092  7940
3.2208922492195193  8481
3.2211533219547053  8917
3.2214142378423385  8674
3.2216749970707688  9216
3.2219355998280053  9061
3.22219604630172  8030
3.222456336679247  8173
3.2227164711475833  7405
3.2229764498933915  8567
3.2232362731029975  8440
3.2234959409623944  7760
3.2237554536572413  8228
3.224014811372864  8351
3.2242740142942576  8609
3.2245330626060857  8722
3.2247919564926817  8298
3.225050696138049  8058
3.225309281725863  8101
3.225567713439471  8983
3.2258259914618934  8523
3.226084115975824  8528
3.226342087163631  8204
3.2265999052073573  8119
3.2268575702887237  8392
3.2271150825891253  9273
3.2273724422896364  9091
3.227629649571009  7533
3.2278867046136734  9082
3.2281436075977417  8563
3.228400358703005  8923
3.2286569581089353  7958
3.228913405994688  7522
3.229169702539101  8701
3.229425847920695  8436
3.229681842317676  8541
3.229937685907934  8105
3.230193378869046  8224
3.230448921378274  7949
3.230704313612569  8663
3.230959555748569  8247
3.231214647962601  7664
3.2314695904306814  8522
3.2317243833285163  7415
3.231979026831504  8623
3.2322335211147335  8391
3.232487866352986  8310
3.232742062720737  8896
3.2329961103921536  8105
3.2332500095411003  8106
3.2335037603411343  7534
3.2337573629655103  8779
3.2340108175871793  8295
3.2342641243787895  8855
3.2345172835126865  7919
3.2347702951609163  7908
3.2350231594952237  8281
3.2352758766870524  7968
3.2355284469075487  8582
3.2357808703275603  8573
3.236033147117636  7981
3.2362852774480286  8236
3.236537261488694  8055
3.2367890994092927  8012
3.237040791379191  8469
3.237292337567459  8658
3.2375437381428744  7970
3.2377949932739227  8178
3.2380461031287955  8782
3.238297067875394  8133
3.2385478876813276  8299
3.238798562713917  8443
3.2390490931401916  7928
3.2392994791268923  7709
3.239549720840473  8110
3.2397998184470986  8592
3.2400497721126476  7880
3.2402995820027125  7739
3.2405492482826  7737
3.240798771117331  8956
3.241048150671644  7597
3.2412973871099933  8700
3.2415464805965484  8390
3.241795431295199  8761
3.2420442393695508  8242
3.2422929049829308  8574
3.2425414282983844  8089
3.2427898094786767  8262
3.2430380486862944  8322
3.243286146083446  8594
3.243534101832062  7955
3.243781916093795  8035
3.244029589030022  7899
3.244277120801843  8040
3.244524511570084  8312
3.244771761495295  8118
3.245018870737753  8027
3.245265839457461  7488
3.24551266781415  8275
3.245759355967277  7426
3.246005904076029  8259
3.246252312299322  8269
3.246498580795801  8054
3.2467447097238415  7860
3.24699069924155  8758
3.247236549506764  8057
3.2474822606770544  8420
3.2477278329097232  7995
3.247973266361807  8766
3.248218561190075  7326
3.248463717551032  8829
3.2487087356009177  8251
3.2489536154957075  8111
3.249198357391113  8611
3.249442961442582  8556
3.2496874278053016  9335
3.249931756634195  8476
3.250175948083925  7775
3.250420002308894  8098
3.2506639194632436  7716
3.250907699700856  8263
3.2511513431753545  7634
3.2513948500401044  8268
3.251638220448212  8933
3.2518814545525276  8071
3.252124552505644  8546
3.2523675144598987  8408
3.252610340567373  8056
3.2528530309798933  8513
3.2530955858490316  8016
3.2533380053261065  9415
3.253580289562183  8901
3.2538224387080734  8637
3.254064452914338  7541
3.2543063323312857  8066
3.2545480771089736  8206
3.25478968739721  8354
3.2550311633455515  8067
3.255272505103306  8469
3.2555137128195333  8582
3.255754786643044  8223
3.255995726722402  8421
3.256236533205923  8507
3.256477206241677  8808
3.256717745977487  8071
3.256958152560932  7712
3.2571984261393445  7980
3.257438566859814  8193
3.2576785748691846  9082
3.2579184503140586  8205
3.2581581933407944  7412
3.258397804095509  8929
3.2586372827240764  8438
3.258876629372131  8417
3.2591158441850663  8941
3.2593549273080344  8534
3.2595938788859486  8690
3.2598326990634834  9225
3.2600713879850747  7807
3.26030994579492  8417
3.2605483726369795  8726
3.2607866686549762  8754
3.2610248339923973  8663
3.2612628687924934  8133
3.2615007731982804  7549
3.2617385473525378  8404
3.2619761913978125  7913
3.262213705476417  8668
3.2624510897304293  7737
3.2626883443016963  8605
3.2629254693318317  7798
3.2631624649622166  7688
3.263399331334002  8821
3.263636068588108  7973
3.2638726768652235  8790
3.2641091563058082  7918
3.2643455070500926  7779
3.2645817292380777  8190
3.2648178230095364  8006
3.2650537885040145  7841
3.26528962586083  7599
3.2655253352190736  8278
3.2657609167176105  8256
3.265996370495079  8525
3.266231696689893  9133
3.2664668954402414  8411
3.2667019668840878  8140
3.266936911159173  7685
3.2671717284030137  7989
3.267406418752904  9107
3.2676409823459154  8132
3.2678754193188975  7675
3.2681097298084785  7931
3.268343913951065  8865
3.268577971882843  8255
3.2688119037397803  8122
3.269045709657623  7533
3.2692793897718984  8541
3.2695129442179165  7417
3.269746373130767  8888
3.269979676645324  8114
3.2702128548962426  8946
3.2704459080179626  8293
3.2706788361447066  8444
3.2709116394104814  8220
3.2711443179490782  8030
3.2713768718940743  7806
3.271609301378832  7969
3.271841606536499  8732
3.27207378750001  7894
3.2723058444020863  8636
3.2725377773752373  7929
3.2727695865517594  7815
3.2730012720637376  8312
3.2732328340430454  7552
3.273464272621346  8405
3.273695587930092  8445
3.2739267801005254  8066
3.27415784926368  8236
3.274388795550379  8139
3.274619619091238  8092
3.274850320016665  8236
3.2750808984568587  7945
3.2753113545418118  8030
3.2755416884013098  7645
3.2757719001649312  8503
3.27600198996205  8173
3.2762319579218335  8495
3.2764618041732443  7748
3.27669152884504  8340
3.276921132065774  8337
3.277150613963797  7830
3.2773799746672547  7642
3.2776092143040914  8608
3.2778383330020473  8601
3.2780673308886628  8388
3.2782962080912736  7776
3.2785249647370174  8700
3.278753600952829  9174
3.278982116865443  8154
3.279210512601395  8351
3.2794387882870204  7758
3.2796669440484556  8351
3.279894980011638  8665
3.2801228963023075  8969
3.280350693046006  7776
3.2805783703680764  8566
3.280805928393667  8045
3.2810333672477277  8349
3.281260687055013  8240
3.2814878879400813  7576
3.281714970027296  8048
3.281941933440825  8148
3.2821687783046416  8720
3.2823955047425257  8123
3.2826221128780624  8677
3.282848602834645  7953
3.2830749747354715  8331
3.2833012287035497  8264
3.2835273648616936  8377
3.2837533833325265  8081
3.28397928423848  7564
3.284205067701794  7878
3.2844307338445193  8743
3.2846562827885157  8886
3.284881714655453  8247
3.285107029566812  8057
3.2853322276438846  9027
3.285557309007774  8033
3.285782273779395  8656
3.2860071220794747  8067
3.286231854028553  8151
3.286456469746983  8126
3.28668096935493  8194
3.286905352972375  8213
3.287129620719111  8728
3.2873537727147464  8223
3.2875778090787056  8848
3.287801729930226  8748
3.2880255353883627  8879
3.288249225571986  7762
3.2884728005997825  8615
3.288696260590256  9085
3.2889196056617265  7921
3.289142835932333  8898
3.2893659515200318  7980
3.2895889525425965  8753
3.2898118391176214  8156
3.290034611362518  7869
3.2902572693945182  8849
3.290479813330673  8073
3.2907022432878543  7643
3.2909245593827543  8374
3.2911467617318855  7597
3.291368850451583  8566
3.2915908256580013  7883
3.291812687467119  8758
3.2920344359947364  7471
3.292256071356476  8691
3.292477593667784  8567
3.29269900304393  7917
3.292920299600006  7667
3.2931414834509307  8023
3.2933625547114453  8098
3.2935835134961167  8742
3.2938043599193367  8182
3.2940250940953226  8188
3.2942457161381182  8594
3.294466226161593  8677
3.2946866242794433  7727
3.2949069106051923  8289
3.295127085252191  9251
3.295347148333618  9085
3.295567099962479  8183
3.295786940251609  8450
3.2960066693136723  7385
3.2962262872611605  8596
3.296445794206396  8084
3.296665190261531  8086
3.296884475538547  7846
3.2971036501492565  8123
3.2973227142053028  8818
3.2975416678181597  8207
3.297760511099134  8691
3.2979792441593623  8010
3.298197867109815  8009
3.2984163800612945  8384
3.2986347831244354  8005
3.298853076409707  8387
3.2990712600274095  8401
3.29928933408768  8717
3.2995072987004876  8544
3.2997251539756367  7860
3.299942900022767  7710
3.3001605369513523  8467
3.3003780648707024  8385
3.3005954838899636  8853
3.300812794118117  8582
3.3010299956639813  8298
3.3012470886362113  7512
3.3014640731433  8107
3.3016809492935764  8226
3.301897717195208  8671
3.302114376956201  8156
3.302330928684399  8199
3.3025473724874854  8167
3.3027637084729817  7759
3.3029799367482493  8312
3.303196057420489  8246
3.303412070596742  8658
3.30362797638389  8161
3.3038437748886547  8381
3.3040594662175993  7610
3.3042750504771283  8233
3.3044905277734875  8406
3.3047058982127653  8972
3.3049211619008916  7476
3.305136318943639  7820
3.305351369446624  8901
3.305566313515304  8349
3.3057811512549824  8140
3.3059958827708047  8367
3.3062105081677613  8451
3.3064250275506875  8550
3.3066394410242617  8252
3.3068537486930087  7814
3.3070679506612985  7882
3.307282047033346  8683
3.307496037913213  7995
3.307709923404807  8369
3.307923703611882  9036
3.3081373786380386  8116
3.308350948586726  8182
3.3085644135612386  8028
3.3087777736647213  8212
3.3089910290001643  7683
3.3092041796704077  8521
3.30941722577814  8504
3.3096301674258988  8299
3.3098430047160705  8012
3.3100557377508912  8189
3.3102683666324477  8191
3.3104808914626753  8567
3.3106933123433606  8177
3.3109056293761414  8186
3.311117842662506  8504
3.3113299523037933  8141
3.311541958401195  9038
3.311753861055754  7815
3.3119656603683665  7947
3.3121773564397787  8500
3.312388949370592  8810
3.3126004392612596  8431
3.312811826212088  8401
3.313023110323238  7588
3.313234291694724  7708
3.313445370426414  9287
3.3136563466180315  8305
3.3138672203691533  8490
3.3140779917792127  8569
3.3142886609474975  8390
3.3144992279731516  8367
3.314709692955174  7807
3.31492005599242  7665
3.315130317183602  8674
3.3153404766272883  8673
3.315550534421905  7644
3.3157604906657347  8740
3.315970345456918  8055
3.3161800988934527  8002
3.3163897510731952  8413
3.3165993020938607  8457
3.316808752053022  8203
3.3170181010481117  7823
3.31722734917642  8515
3.317436496535099  7508
3.3176455432211585  8165
3.317854489331469  8212
3.3180633349627615  8716
3.318272080211627  7929
3.3184807251745174  8249
3.318689269947746  7913
3.3188977146274867  8434
3.3191060593097763  8441
3.319314304090512  8482
3.3195224490654542  8361
3.3197304943302246  8230
3.3199384399803087  8728
3.3201462861110542  8793
3.3203540328176717  9040
3.3205616801952367  8333
3.3207692283386865  8600
3.3209766773428235  9061
3.3211840273023143  9507
3.321391278311689  8079
3.3215984304653436  7853
3.3218054838575393  8252
3.3220124385824006  8230
3.322219294733919  8642
3.3224260524059526  8513
3.3226327116922234  8613
3.322839272686321  8441
3.3230457354817013  8086
3.323252100171687  7809
3.3234583668494677  7673
3.3236645356081  8395
3.323870606540509  8329
3.3240765797394864  8152
3.3242824552976926  9158
3.3244882333076564  7872
3.3246939138617746  8528
3.3248994970523134  8611
3.3251049829714074  8618
3.325310371711061  7939
3.325515663363148  8832
3.325720858019412  7509
3.325925955771466  8074
3.3261309567107946  7795
3.326335860928751  8303
3.3265406685165617  8195
3.3267453795653217  7971
3.326949994165999  8352
3.3271545124094315  8219
3.3273589343863303  8768
3.327563260187278  8066
3.327767489902729  7998
3.3279716236230104  8001
3.3281756614383227  8044
3.3283796034387376  8411
3.328583449714202  8330
3.3287872003545345  7701
3.3289908554494287  8716
3.329194415088451  8240
3.329397879361043  7982
3.3296012483565187  8261
3.3298045221640695  8120
3.330007700872759  7946
3.330210784571528  8076
3.330413773349191  7903
3.3306166672944384  8096
3.330819466495837  7594
3.3310221710418286  8313
3.3312247810207323  8336
3.331427296520743  9150
3.3316297176299323  8963
3.331832044436249  7674
3.332034277027518  8465
3.3322364154914434  8671
3.3324384599156054  8873
3.3326404103874627  7924
3.3328422669943514  8870
3.3330440298234874  7795
3.3332456989619628  7878
3.3334472744967503  7746
3.3336487565147013  8523
3.333850145102545  8221
3.334051440346892  8671
3.334252642334231  7786
3.3344537511509307  8592
3.3346547668832414  8985
3.3348556896172914  8376
3.3350565194390915  7586
3.3352572564345317  8955
3.3354579006893843  8175
3.3356584522893016  8136
3.335858911319818  7872
3.336059277866349  8147
3.336259552014193  8895
3.3364597338485296  7173
3.3366598234544202  7333
3.336859820916809  8496
3.3370597263205246  8686
3.3372595397502756  8101
3.337459261290656  8916
3.3376588910261424  8207
3.3378584290410944  8263
3.3380578754197563  8636
3.3382572302462554  8166
3.3384564936046046  8450
3.3386556655787003  9135
3.338854746252323  7941
3.339053735709139  7784
3.3392526340327  8684
3.3394514413064407  8349
3.339650157613684  7636
3.339848783037637  8768
3.340047317661393  9374
3.3402457615679317  7322
3.3404441148401185  8690
3.3406423775607053  8034
3.3408405498123317  8631
3.341038631677523  8437
3.3412366232386925  8346
3.34143452457814  9231
3.3416323357780544  8641
3.3418300569205104  7816
3.3420276880874717  7729
3.3422252293607904  7519
3.342422680822206  8269
3.342620042553348  7588
3.342817314635733  8796
3.343014497150768  8488
3.3432115901797474  8040
3.3434085938038574  7719
3.343605508104172  7804
3.343802333161655  8306
3.3439990690571615  7467
3.344195715871435  8231
3.3443922736851106  7833
3.344588742578714  8734
3.344785122632661  8867
3.344981413927258  7726
3.345177616542704  8559
3.3453737305590883  7446
3.345569756056392  9068
3.345765693114488  8088
3.3459615418131414  8078
3.346157302232008  7785
3.346352974450639  8314
3.346548558548474  8317
3.346744054604849  7980
3.3469394626989906  7510
3.34713478291002  7634
3.3473300153169503  8179
3.3475251599986895  8060
3.347720217034038  8322
3.3479151865016914  7830
3.3481100684802376  9433
3.3483048630481607  8276
3.348499570283838  8373
3.348694190265541  8609
3.348888723071438  8161
3.34908316877959  7755
3.3492775274679554  8908
3.3494717992143856  8081
3.34966598409663  8100
3.3498600821923312  7912
3.3500540935790304  7797
3.3502480183341627  8212
3.350441856535061  8472
3.3506356082589543  8492
3.350829273582968  8529
3.3510228525841237  8776
3.351216345339342  7718
3.351409751925439  8112
3.351603072419129  8687
3.3517963068970236  7990
3.351989455435632  7776
3.3521825181113627  7942
3.35237549500052  8621
3.3525683861793087  7759
3.3527611917238307  7812
3.3529539117100877  8380
3.3531465462139796  8526
3.3533390953113047  7927
3.353531559077762  8437
3.353723937588949  8916
3.353916230920363  7727
3.3541084391474008  7897
3.35430056234536  7930
3.3544926005894364  7892
3.3546845539547285  7839
3.354876422516234  8802
3.3550682063488506  8913
3.3552599055273786  7722
3.3554515201265174  9436
3.355643050220869  8547
3.355834495884936  8592
3.3560258571931225  8793
3.3562171342197353  7746
3.3564083270389813  8495
3.356599435724971  8567
3.356790460351716  8649
3.3569814009931314  8782
3.3571722577230334  8213
3.3573630306151427  7977
3.3575537197430814  7435
3.3577443251803754  8405
3.357934847000454  8503
3.3581252852766488  9550
3.358315640082196  8539
3.3585059114902354  7311
3.3586960995738107  8086
3.358886204405869  8236
3.359076226059263  8981
3.3592661646067485  8263
3.3594560201209864  7961
3.359645792674543  8306
3.359835482339888  8328
3.3600250891893975  7905
3.3602146132953523  8888
3.3604040547299387  8109
3.360593413565249  8104
3.36078268987328  8531
3.3609718837259357  7632
3.361160995195026  8412
3.3613500243522663  9120
3.361538971269279  9202
3.361727836017593  7603
3.3619166186686433  8239
3.362105319293773  8194
3.362293937964231  8078
3.3624824747511743  7978
3.362670929725667  8557
3.36285930295868  8077
3.3630475945210936  8123
3.363235804483694  8154
3.3634239329171765  8345
3.3636119798921444  8534
3.3637999454791094  8270
3.3639878297484915  8270
3.3641756327706194  7957
3.3643633546157306  7959
3.364550995353972  8400
3.3647385550553985  7494
3.364926033789976  7906
3.3651134316275773  8399
3.3653007486379876  7839
3.3654879848909  8672
3.3656751404559175  7343
3.365862215402555  7624
3.3660492098002353  9373
3.366236123718293  8198
3.3664229572259727  8665
3.3666097103924297  8039
3.36679638328673  8512
3.3669829759778507  8601
3.367169488534681  8392
3.367355921026019  8409
3.3675422735205767  7426
3.3677285460869766  8671
3.3679147387937527  8010
3.3681008517093516  8038
3.368286884902131  8624
3.3684728384403617  8058
3.368658712392227  8883
3.3688445068258215  8497
3.3690302218091532  8453
3.369215857410143  8086
3.3694014136966244  8962
3.369586890736344  8313
3.369772288596963  8174
3.369957607346053  8591
3.370142847051102  8432
3.3703280077795106  8265
3.3705130895985924  8857
3.370698092575577  8275
3.370883016777606  7803
3.3710678622717363  7981
3.3712526291249394  8408
3.371437317404101  8353
3.3716219271760215  8523
3.371806458507416  7869
3.371990911464915  7971
3.372175286115064  8506
3.3723595825243238  7629
3.3725438007590705  8277
3.3727279408855955  7683
3.3729120029701067  8536
3.373095987078727  6986
3.373279893277496  8246
3.373463721632369  8092
3.3736474722092176  7892
3.3738311450738303  8697
3.3740147402919116  8376
3.374198257929083  7399
3.374381698050882  8267
3.374565060722765  8168
3.374748346010104  7785
3.3749315539781883  8074
3.375114684692225  8158
3.375297738217339  8170
3.3754807146185724  7671
3.3756636139608855  8178
3.375846436309156  8091
3.3760291817281805  8374
3.376211850282673  8473
3.3763944420372662  7926
3.376576957056512  8475
3.37675939540488  7526
3.3769417571467586  8249
3.377124042346456  8727
3.377306251068199  7904
3.3774883833761327  8003
3.377670439334323  7803
3.3778524190067545  7956
3.3780343224573315  8283
3.378216149749878  7779
3.3783979009481375  8898
3.378579576115775  8321
3.3787611753163733  8716
3.378942698613437  8705
3.379124146070392  7394
3.379305517750582  8483
3.3794868137172736  8253
3.379668034033654  8704
3.37984917876283  8507
3.380030247967831  8546
3.380211241711606  8579
3.3803921600570273  8256
3.3805730030668872  8570
3.3807537708039  8650
3.380934463330702  8130
3.3811150807098507  8679
3.381295623003826  7883
3.38147609027503  8212
3.381656482585787  7864
3.3818367999983434  7609
3.3820170425748683  7883
3.382197210377454  7687
3.3823773034681137  8443
3.3825573219087857  8591
3.3827372657613304  8339
3.382917135087531  8295
3.3830969299490943  8486
3.3832766504076504  8264
3.383456296524753  8039
3.3836358683618797  8518
3.383815365980431  8163
3.383994789441733  9103
3.3841741388070337  7825
3.384353414137506  8477
3.3845326154942486  8503
3.3847117429382823  7947
3.3848907965305544  7979
3.385069776331935  7676
3.38524868240322  8659
3.3854275148051305  7935
3.385606273598312  7940
3.3857849588433355  8712
3.385963570600697  8124
3.3861421089308186  7926
3.386320573894046  8243
3.386498965550653  8303
3.3866772839608377  8942
3.386855529184724  8474
3.387033701282363  7870
3.3872118003137306  7859
3.387389826338729  8543
3.387567779417189  7628
3.3877456596088638  7344
3.3879234669734366  7920
3.3881012015705165  8314
3.388278863459639  7872
3.3884564527002667  7870
3.388633969351789  8529
3.3888114134735234  7910
3.388988785124714  8230
3.3891660843645326  8316
3.389343311252078  8345
3.3895204658463776  7831
3.3896975482063856  7417
3.3898745583909853  8088
3.3900514964589874  8947
3.3902283624691303  8060
3.390405156480081  8044
3.390581878550435  8755
3.390758528738717  7586
3.3909351071033793  8521
3.3911116137028023  7852
3.3912880485952974  8206
3.3914644118391033  8121
3.3916407034923877  8506
3.391816923613249  8703
3.3919930722597127  8283
3.392169149489736  7583
3.392345155361204  8171
3.3925210899319325  9080
3.392696953259666  8046
3.3928727454020793  7382
3.3930484664167784  7903
3.3932241163612975  7123
3.393399695293102  8943
3.3935752032695876  7993
3.39375064034808  8536
3.3939260065858368  7664
3.3941013020400446  7380
3.3942765267678214  7394
3.3944516808262164  8604
3.394626764272209  7907
3.394801777162711  8718
3.394976719554564  8186
3.3951515915045425  7896
3.395326393069351  8149
3.395501124305626  8107
3.395675785269936  8358
3.3958503760187813  8076
3.3960248966085933  8935
3.3961993470957363  7464
3.3963737275365067  8535
3.396548037987132  7824
3.3967222785037734  8211
3.396896449142524  7901
3.397070549959409  7921
3.397244581010386  8752
3.397418542351348  8369
3.3975924340381165  8732
3.39776625612645  7883
3.3979400086720375  7643
3.3981136917305026  8056
3.398287305357401  7693
3.3984608496082234  7809
3.398634324538392  7943
3.3988077302032647  8012
3.398981066658131  7180
3.3991543339582164  8836
3.399327532158679  7960
3.3995006613146104  7754
3.399673721481038  8376
3.3998467127129226  7298
3.4000196350651586  7693
3.400192488592576  8254
3.400365273349939  7431
3.400537989391946  7836
3.400710636773231  8585
3.4008832155483626  8253
3.401055725771844  8054
3.401228167498113  8199
3.401400540781544  7962
3.401572845676446  8680
3.401745082237063  8224
3.4019172505175748  8209
3.402089350572097  7669
3.40226138245468  8222
3.402433346219312  8511
3.4026052419199146  8353
3.402777069610347  7921
3.4029488293444046  7356
3.403120521175818  7460
3.4032921451582543  8473
3.4034637013453173  7432
3.403635189790548  8020
3.4038066105474227  7546
3.403977963669355  8172
3.404149249209695  7309
3.404320467221731  8356
3.404491617758686  8201
3.4046627008737222  7680
3.404833716619938  8513
3.4050046650503694  8248
3.4051755462179893  7450
3.405346360175709  7752
3.4055171069763763  7848
3.4056877866727775  8402
3.4058583993176366  7600
3.406028944963615  7826
3.406199423663313  8178
3.4063698354692673  8145
3.406540180433955  7624
3.40671045860979  7434
3.4068806700491248  7851
3.40705081480425  8081
3.4072208929273966  7260
3.4073909044707316  8007
3.4075608494863627  8467
3.4077307280263356  7583
3.407900540142635  7531
3.4080702858871854  8792
3.4082399653118496  7423
3.40840957846843  8190
3.4085791254086675  7780
3.408748606184244  8055
3.4089180208467798  8057
3.409087369447835  7944
3.4092566520389096  8008
3.4094258686714434  7678
3.4095950193968156  7530
3.4097641042663462  7560
3.4099331233312946  7577
3.4101020766428607  7726
3.4102709642521845  7932
3.4104397862103464  8067
3.410608542568368  7903
3.41077723337721  7614
3.4109458586877746  7723
3.4111144185509046  7344
3.4112829130173843  7174
3.4114513421379375  7520
3.41161970596323  7971
3.411788004543869  7714
3.4119562379304016  7503
3.412124406173317  7260
3.4122925093230463  7905
3.412460547429961  8188
3.4126285205443754  7913
3.4127964287165433  8064
3.4129642719966626  7571
3.413132050434872  7944
3.413299764081252  7494
3.413467412985825  8340
3.413634997198556  6754
3.4138025167693513  7514
3.4139699717480614  8445
3.414137362184477  7993
3.4143046881283317  7580
3.4144719496293026  7723
3.414639146737009  8318
3.4148062795010126  7555
3.4149733479708178  7570
3.4151403521958725  7789
3.4153072922255676  6940
3.4154741681092355  7074
3.4156409798961542  7564
3.4158077276355434  7618
3.415974411376566  7251
3.416141031168329  7364
3.4163075870598827  8265
3.4164740791002206  7144
3.416640507338281  8134
3.4168068718229443  6934
3.4169731726030363  7368
3.4171394097273255  7459
3.4173055832445254  7073
3.417471693203293  7313
3.4176377396522297  7572
3.417803722639881  6663
3.417969642214737  7080
3.418135498425232  7401
3.4183012913197452  7510
3.4184670209466006  7438
3.4186326873540653  8003
3.4187982905903533  6702
3.4189638307036225  7296
3.4191293077419758  7183
3.4192947217534604  7430
3.4194600727860704  6716
3.419625360887743  6576
3.419790586106363  7143
3.419955748489758  7415
3.420120848085703  6843
3.4202858849419178  7646
3.4204508591060683  7003
3.420615770625765  7015
3.4207806195485655  6278
3.420945405921972  6895
3.4211101297934343  6568
3.4212747912103465  6946
3.4214393902200495  6658
3.4216039268698313  6667
3.421768401206924  7057
3.4219328132785085  6634
3.4220971631317103  6828
3.4222614508136027  6788
3.4224256763712044  6890
3.422589839851482  7364
3.422753941301348  6935
3.422917980767662  6824
3.423081958297231  7327
3.423245873936808  6906
3.4234097277330933  6580
3.4235735197327357  6923
3.423737249982329  7020
3.4239009185284166  6713
3.4240645254174877  7032
3.42422807069598  6833
3.4243915544102776  6749
3.4245549766067134  7322
3.424718337331567  6392
3.424881636631067  6757
3.425044874551389  6100
3.4252080511386565  6632
3.425371166438941  6712
3.4255342204982635  6954
3.425697213362591  6672
3.4258601450778405  6067
3.4260230156898763  6474
3.426185825244511  6283
3.4263485737875077  6394
3.4265112613645754  7042
3.426673888021373  6752
3.426836453803508  6486
3.426998958756537  6412
3.4271614029259654  6736
3.427323786357247  6302
3.4274861090957853  6286
3.4276483711869328  5712
3.42781057267599  6122
3.427972713608209  6038
3.428134794028789  6296
3.4282968139828798  6505
3.42845877351558  6068
3.428620672671939  6320
3.4287825114969546  6053
3.428944290035574  6067
3.4291060083326967  5667
3.4292676664331685  6037
3.429429264381788  5510
3.4295908022233017  6181
3.429752280002408  5549
3.4299136977637543  5718
3.430075055551939  5718
3.4302363534115106  5569
3.4303975913869666  5812
3.4305587695227575  5698
3.4307198878632823  5526
3.4308809464528913  5209
3.4310419453358856  5751
3.431202884556517  5398
3.4313637641589874  5789
3.431524584187451  5774
3.4316853446860116  5586
3.4318460456987254  5204
3.4320066872695985  5190
3.4321672694425884  5746
3.4323277922616042  5258
3.4324882557705063  5212
3.4326486600131068  5451
3.4328090050331683  5064
3.432969290874406  5477
3.4331295175804857  5274
3.433289685195026  5282
3.433449793761596  5326
3.433609843323718  5104
3.433769833924866  4602
3.433929765608464  5036
3.4340896384178907  5151
3.4342494523964757  4794
3.4344092075875  4727
3.4345689040341987  5004
3.4347285417797577  5128
3.434888120867316  4820
3.4350476413399647  4589
3.4352071032407476  4541
3.4353665066126613  4549
3.435525851498655  4598
3.43568513794163  4405
3.4358443659844413  4381
3.4360035356698964  4585
3.436162647040756  4309
3.4363217001397333  4430
3.436480695009495  4132
3.436639631692661  4344
3.4367985102318035  4351
3.4369573306694496  4046
3.4371160930480786  4451
3.4372747974101237  4268
3.437433443797971  4250
3.4375920322539613  4025
3.437750562820388  3929
3.4379090355394983  3975
3.438067450453494  3996
3.4382258076045296  4051
3.438384107034714  4197
3.4385423487861106  3751
3.4387005329007363  3492
3.438858659420562  3746
3.4390167283875126  3530
3.4391747398434687  3628
3.439332693830263  3581
3.4394905903896835  3249
3.4396484295634737  3550
3.4398062113933303  3502
3.439963935920905  3340
3.4401216031878037  3335
3.440279213235588  3284
3.4404367661057735  3315
3.440594261839831  3157
3.4407517004791854  3127
3.4409090820652177  3427
3.4410664066392633  3232
3.4412236742426123  2941
3.4413808849165113  2918
3.441538038702161  2846
3.441695135640717  2989
3.441852175773292  3018
3.442009159140952  2921
3.44216608578472  2697
3.4423229557455746  2788
3.4424797690644486  2533
3.442636525782232  2546
3.442793225939769  2476
3.4429498695778618  2522
3.443106456737266  2471
3.443262987458695  2374
3.4434194617828173  2392
3.4435758797502576  2207
3.4437322414015967  2202
3.443888546777372  2150
3.444044795918076  1983
3.4442009888641594  2130
3.4443571256560275  2116
3.444513206334043  1994
3.4446692309385245  2217
3.4448251995097476  1906
3.4449811120879446  1840
3.445136968713304  2019
3.4452927694259716  1720
3.44544851426605  1599
3.4456042032735974  1853
3.445759836488631  1760
3.4459154139511234  1691
3.446070935701005  1500
3.446226401778163  1492
3.446381812222442  1576
3.446537167073644  1403
3.4466924663715273  1469
3.446847710155809  1415
3.4470028984661623  1577
3.4471580313422194  1413
3.4473131088235682  1405
3.4474681309497557  1268
3.447623097760286  1221
3.447778009294621  1260
3.4479328655921804  1236
3.448087666692341  1067
3.448242412634439  1136
3.4483971034577676  918
3.448551739201578  1048
3.44870631990508  1030
3.4488608456074408  994
3.4490153163477864  829
3.449169732165201  844
3.449324093098727  932
3.449478399187365  883
3.4496326504700745  792
3.4497868469857735  663
3.4499409887733377  820
3.4500950758716025  794
3.450249108319361  668
3.450403086155366  723
3.450557009418329  715
3.450710878146919  748
3.450864692379766  598
3.4510184521554574  657
3.45117215751254  620
3.4513258084895195  559
3.4514794051248616  558
3.4516329474569907  464
3.45178643552429  510
3.451939869365103  543
3.4520932490177314  429
3.452246574520437  454
3.4523998459114416  462
3.452553063228925  402
3.452706226511029  411
3.452859335795852  368
3.4530123911214554  339
3.4531653925258574  318
3.4533183400470375  339
3.453471233722936  304
3.4536240735914507  326
3.4537768596904423  262
3.4539295920577286  258
3.45408227073109  231
3.4542348957482654  236
3.454387467146955  190
3.4545399849648186  217
3.454692449239477  225
3.45484486000851  204
3.45499721730946  186
3.4551495211798278  179
3.4553017716570764  191
3.4554539687786283  202
3.455606112581867  191
3.455758203104137  165
3.455910240382743  160
3.4560622244549513  140
3.456214155357989  165
3.456366033129043  135
3.4565178578052627  104
3.4566696294237578  123
3.456821348021599  120
3.456973013635818  120
3.457124626303409  115
3.4572761860613257  82
3.4574276929464847  103
3.4575791469957626  109
3.4577305482459986  98
3.4578818967339924  58
3.458033192496506  76
3.4581844355702627  58
3.4583356259919475  95
3.4584867637982066  69
3.4586378490256493  33
3.458788881710845  60
3.458939861890326  74
3.4590907896005865  44
3.459241664878082  43
3.459392487759231  47
3.459543258280413  31
3.4596939764779706  36
3.459844642388208  38
3.4599952560473914  37
3.46014581749175  32
3.4602963267574753  63
3.4604467838807205  27
3.4605971888976015  46
3.460747541844197  25
3.4608978427565478  23
3.4610480916706576  24
3.461198288622493  17
3.461348433647983  12
3.4614985267830187  15
3.4616485680634552  35
3.461798557525109  15
3.461948495203762  16
3.462098381135156  15
3.4622482153549976  11
3.462397997898956  14
3.4625477288026643  22
3.4626974081017172  16
3.4628470358316736  15
3.462996612028056  9
3.4631461367263494  11
3.4632956099620027  11
3.4634450317704277  13
3.463594402187  12
3.463743721247059  8
3.4638929889859074  16
3.464042205438811  4
3.4641913706409997  13
3.4643404846276673  11
3.4644895474339714  4
3.464638559095033  2
3.4647875196459372  6
3.4649364291217326  2
3.4650852875574327  5
3.4652340949880145  5
3.4653828514484184  1
3.46553155697355  1
3.465680211598278  1
3.4658288153574364  4
3.465977368285823  2
3.466125870418199  4
3.466274321789292  3
3.466422722433792  1
3.4665710723863543  1
3.4670158184384356  1
3.4671639659690903  1
3.467608105583633  1
3.467756051244033  2
