0.3010299956639812  2178
0.47712125471966244  2122
0.6020599913279624  2233
0.6989700043360189  2253
0.7781512503836436  2175
0.8450980400142568  2241
0.9030899869919435  2243
0.9542425094393249  2168
1.0  2152
1.0413926851582251  2173
1.0791812460476249  2209
1.1139433523068367  2039
1.146128035678238  2237
1.1760912590556813  2174
1.2041199826559248  2121
1.2304489213782739  2089
1.255272505103306  2064
1.2787536009528289  2015
1.3010299956639813  2003
1.3222192947339193  2027
1.3424226808222062  1872
1.3617278360175928  1848
1.380211241711606  1918
1.3979400086720377  1767
1.414973347970818  1812
1.4313637641589874  1745
1.4471580313422192  1720
1.462397997898956  1814
1.4771212547196624  1808
1.4913616938342726  1854
1.505149978319906  1773
1.5185139398778875  1759
1.5314789170422551  1839
1.5440680443502757  1900
1.5563025007672873  1850
1.568201724066995  1838
1.5797835966168101  1827
1.591064607026499  1807
1.6020599913279623  1823
1.6127838567197355  1808
1.6232492903979006  1910
1.6334684555795864  1700
1.6434526764861874  1930
1.6532125137753437  1809
1.662757831681574  1806
1.6720978579357175  1799
1.6812412373755872  1745
1.6901960800285136  1813
1.6989700043360187  1694
1.7075701760979363  1762
1.7160033436347992  1794
1.724275869600789  1633
1.7323937598229686  1828
1.7403626894942439  1865
1.7481880270062005  1799
1.7558748556724915  1914
1.7634279935629373  1819
1.7708520116421442  1906
1.7781512503836436  1718
1.7853298350107671  1832
1.792391689498254  1833
1.7993405494535817  1889
1.806179973983887  1784
1.8129133566428555  1738
1.8195439355418688  1791
1.8260748027008264  1852
1.8325089127062364  1867
1.8388490907372552  1971
1.845098040014257  1754
1.8512583487190752  1861
1.8573324964312685  1800
1.863322860120456  1880
1.8692317197309762  1783
1.8750612633917  1743
1.8808135922807914  1836
1.8864907251724818  1724
1.8920946026904804  1833
1.8976270912904414  1834
1.9030899869919435  1833
1.9084850188786497  1777
1.9138138523837167  1829
1.919078092376074  1860
1.9242792860618816  1819
1.9294189257142926  1791
1.9344984512435677  1775
1.9395192526186185  1875
1.9444826721501687  1826
1.9493900066449128  1790
1.954242509439325  1818
1.9590413923210936  1924
1.9637878273455553  1816
1.968482948553935  1975
1.9731278535996986  1869
1.9777236052888478  1759
1.9822712330395684  1840
1.9867717342662448  1875
1.9912260756924949  1793
1.99563519459755  1896
2.0  1855
2.0043213737826426  1772
2.0086001717619175  1927
2.012837224705172  1838
2.0170333392987803  1848
2.0211892990699383  1716
2.0253058652647704  1756
2.0293837776852097  1793
2.03342375548695  1857
2.037426497940624  1776
2.041392685158225  1716
2.0453229787866576  1764
2.0492180226701815  1756
2.0530784434834195  1854
2.0569048513364727  1783
2.060697840353612  1748
2.0644579892269186  1766
2.0681858617461617  1865
2.0718820073061255  1979
2.0755469613925306  1792
2.0791812460476247  1706
2.0827853703164503  1794
2.0863598306747484  1820
2.089905111439398  1844
2.093421685162235  1839
2.0969100130080562  1880
2.100370545117563  1848
2.103803720955957  1830
2.1072099696478683  1746
2.110589710299249  1726
2.113943352306837  1814
2.1172712956557644  1844
2.12057393120585  1796
2.123851640967086  1788
2.1271047983648077  1915
2.130333768495006  1852
2.1335389083702174  1817
2.1367205671564067  1787
2.1398790864012365  1846
2.143014800254095  1830
2.146128035678238  1898
2.1492191126553797  1823
2.1522883443830563  1747
2.155336037465062  1844
2.1583624920952498  1838
2.161368002234975  1680
2.164352855784437  1778
2.167317334748176  1773
2.1702617153949575  1905
2.173186268412274  1858
2.1760912590556813  1752
2.1789769472931693  1743
2.1818435879447726  1764
2.184691430817599  1816
2.187520720836463  1769
2.1903316981702914  1846
2.1931245983544616  1854
2.1958996524092336  1893
2.1986570869544226  1771
2.2013971243204513  1939
2.2041199826559246  1882
2.2068258760318495  1870
2.2095150145426308  1810
2.2121876044039577  1839
2.214843848047698  1872
2.2174839442139063  1848
2.220108088040055  1916
2.2227164711475833  1851
2.225309281725863  1703
2.2278867046136734  1759
2.230448921378274  1870
2.2329961103921536  1860
2.2355284469075487  1866
2.2380461031287955  1847
2.2405492482826  1743
2.2430380486862944  1779
2.24551266781415  1773
2.247973266361807  1809
2.250420002308894  1841
2.2528530309798933  1855
2.255272505103306  1831
2.2576785748691846  1850
2.2600713879850747  1880
2.2624510897304293  1788
2.2648178230095364  1761
2.2671717284030137  1732
2.2695129442179165  1699
2.271841606536499  1930
2.27415784926368  1863
2.2764618041732443  1838
2.278753600952829  1863
2.2810333672477277  1752
2.2833012287035497  1849
2.285557309007774  1803
2.287801729930226  1750
2.290034611362518  1809
2.292256071356476  1757
2.294466226161593  1773
2.296665190261531  1879
2.298853076409707  1702
2.3010299956639813  1851
2.303196057420489  1894
2.305351369446624  1748
2.307496037913213  1810
2.3096301674258988  1758
2.311753861055754  1755
2.3138672203691533  1781
2.315970345456918  1915
2.3180633349627615  1840
2.3201462861110542  1782
2.322219294733919  1794
2.3242824552976926  1858
2.326335860928751  1819
2.3283796034387376  1838
2.330413773349191  1756
2.3324384599156054  1865
2.3344537511509307  1903
2.3364597338485296  1958
2.3384564936046046  1823
2.3404441148401185  1787
2.342422680822206  1750
2.3443922736851106  1830
2.346352974450639  1836
2.3483048630481607  1854
2.3502480183341627  1901
2.3521825181113627  1847
2.3541084391474008  1871
2.3560258571931225  1856
2.357934847000454  1779
2.359835482339888  1769
2.361727836017593  1814
2.3636119798921444  1775
2.3654879848909  1819
2.367355921026019  1782
2.369215857410143  1757
2.3710678622717363  1804
2.3729120029701067  1763
2.374748346010104  1808
2.376576957056512  1841
2.3783979009481375  1837
2.380211241711606  1881
2.3820170425748683  1917
2.383815365980431  1916
2.385606273598312  1859
2.387389826338729  1809
2.3891660843645326  1721
2.3909351071033793  1861
2.392696953259666  1824
2.3944516808262164  1825
2.3961993470957363  1752
2.3979400086720375  1815
2.399673721481038  1719
2.401400540781544  1825
2.403120521175818  1871
2.404833716619938  1858
2.406540180433955  1861
2.4082399653118496  1762
2.4099331233312946  1773
2.41161970596323  1818
2.413299764081252  1846
2.4149733479708178  1796
2.416640507338281  1826
2.4183012913197452  1802
2.419955748489758  1817
2.4216039268698313  1806
2.423245873936808  1869
2.424881636631067  1787
2.4265112613645754  1750
2.428134794028789  1774
2.429752280002408  1831
2.4313637641589874  1813
2.432969290874406  1776
2.4345689040341987  1898
2.436162647040756  1805
2.437750562820388  1821
2.439332693830263  1856
2.4409090820652177  1718
2.4424797690644486  1701
2.444044795918076  1838
2.4456042032735974  1890
2.4471580313422194  1876
2.44870631990508  1777
2.450249108319361  1897
2.45178643552429  1777
2.4533183400470375  1684
2.45484486000851  1842
2.456366033129043  1751
2.4578818967339924  1804
2.459392487759231  1865
2.4608978427565478  1835
2.462397997898956  1836
2.4638929889859074  1914
2.4653828514484184  1821
2.4668676203541096  1919
2.4683473304121573  1833
2.469822015978163  1805
2.4712917110589387  1827
2.4727564493172123  1845
2.4742162640762553  1840
2.4756711883244296  1829
2.4771212547196626  1813
2.4785664955938436  1847
2.4800069429571505  1894
2.481442628502305  1916
2.482873583608754  1872
2.484299839346786  1782
2.48572142648158  1808
2.4871383754771865  1925
2.4885507165004443  1787
2.4899584794248346  1921
2.4913616938342726  1756
2.4927603890268375  1954
2.494154594018443  1864
2.4955443375464483  1787
2.496929648073215  1790
2.4983105537896004  1779
2.499687082618404  1742
2.5010592622177517  1813
2.5024271199844326  1862
2.503790683057181  1822
2.505149978319906  1818
2.506505032404872  1783
2.507855871695831  1796
2.509202522331103  1889
2.510545010206612  1904
2.5118833609788744  1797
2.513217600067939  1848
2.514547752660286  1741
2.515873843711679  1849
2.5171958979499744  1849
2.5185139398778875  1792
2.519827993775719  1807
2.5211380837040362  1853
2.5224442335063197  1834
2.5237464668115646  1769
2.525044807036845  1837
2.526339277389844  1878
2.5276299008713385  1766
2.5289167002776547  1961
2.530199698203082  1804
2.531478917042255  1826
2.5327543789924976  1781
2.534026106056135  1788
2.5352941200427703  1891
2.53655844257153  1915
2.537819095073274  1783
2.5390760987927767  1838
2.5403294747908736  1919
2.5415792439465807  1790
2.5428254269591797  1764
2.5440680443502757  1904
2.545307116465824  1867
2.546542663478131  1764
2.5477747053878224  1784
2.5490032620257876  1884
2.550228353055094  1778
2.5514499979728753  1790
2.552668216112193  1889
2.5538830266438746  1772
2.5550944485783194  1760
2.5563025007672873  1917
2.5575072019056577  1756
2.558708570533166  1865
2.5599066250361124  1871
2.561101383649056  1893
2.5622928644564746  1930
2.5634810853944106  1792
2.5646660642520893  1803
2.5658478186735176  1743
2.56702636615906  1750
2.568201724066995  1763
2.569373909615046  1852
2.5705429398818973  1786
2.571708831808688  1745
2.5728716022004803  1740
2.574031267727719  1821
2.575187844927661  1798
2.576341350205793  1824
2.5774917998372255  1780
2.578639209968072  1835
2.57978359661681  1793
2.5809249756756194  1789
2.582063362911709  1786
2.583198773968623  1828
2.584331224367531  1719
2.5854607295085006  1867
2.586587304671755  1825
2.5877109650189114  1808
2.5888317255942073  1730
2.5899496013257077  1762
2.591064607026499  1890
2.5921767573958667  1801
2.593286067020457  1858
2.5943925503754266  1792
2.595496221825574  1903
2.59659709562646  1869
2.597695185925512  1923
2.598790506763115  1798
2.5998830720736876  1818
2.6009728956867484  1809
2.6020599913279625  1828
2.603144372620182  1745
2.60422605308447  1847
2.6053050461411096  1866
2.606381365110605  1894
2.6074550232146687  1910
2.6085260335771943  1783
2.60959440922522  1807
2.61066016308988  1760
2.611723308007342  1881
2.6127838567197355  1866
2.6138418218760693  1765
2.6148972160331345  1897
2.615950051656401  1797
2.617000341120899  1865
2.6180480967120925  1852
2.6190933306267428  1833
2.6201360549737576  1779
2.621176281775035  1882
2.622214022966295  1817
2.6232492903979003  1858
2.6242820958356683  1781
2.625312450961674  1900
2.6263403673750423  1746
2.6273658565927325  1899
2.6283889300503116  1837
2.629409599102719  1840
2.630427875025024  1744
2.6314437690131722  1792
2.6324572921847245  1788
2.6334684555795866  1726
2.6344772701607315  1710
2.635483746814912  1831
2.6364878963533656  1999
2.637489729512511  1775
2.6384892569546374  1770
2.639486489268586  1770
2.640481436970422  1881
2.6414741105040997  1771
2.6424645202421213  1822
2.6434526764861874  1914
2.6444385894678386  1864
2.645422269349092  1877
2.6464037262230695  1885
2.6473829701146196  1827
2.6483600109809315  1797
2.649334858712142  1911
2.6503075231319366  1772
2.651278013998144  1787
2.6522463410033232  1864
2.6532125137753435  1788
2.6541765418779604  1845
2.655138434811382  1750
2.656098202012832  1744
2.6570558528571038  1836
2.6580113966571126  1758
2.658964842664435  1804
2.6599162000698504  1852
2.660865478003869  1736
2.661812685537261  1841
2.662757831681574  1812
2.663700925389648  1910
2.6646419755561257  1892
2.6655809910179533  1787
2.6665179805548807  1777
2.667452952889954  1726
2.66838591669  1781
2.6693168805661123  1908
2.670245853074124  1824
2.6711728427150834  1851
2.6720978579357175  1795
2.673020907128896  1788
2.673941998634088  1810
2.6748611407378116  1908
2.6757783416740852  1800
2.6766936096248664  1861
2.677606952720493  1725
2.678518379040114  1767
2.6794278966121188  1844
2.680335513414563  1820
2.681241237375587  1852
2.682145076373832  1781
2.6830470382388496  1856
2.683947130751512  1782
2.6848453616444123  1802
2.6857417386022635  1846
2.6866362692622934  1858
2.6875289612146345  1747
2.6884198220027105  1725
2.6893088591236203  1916
2.690196080028514  1825
2.6910814921229687  1944
2.69196510276736  1782
2.69284691927723  1773
2.693726948923647  1868
2.694605198933569  1759
2.6954816764901977  1852
2.696356388733332  1774
2.6972293427597176  1845
2.6981005456233897  1773
2.6989700043360187  1821
2.699837725867246  1841
2.7007037171450192  1772
2.7015679850559273  1807
2.7024305364455254  1888
2.7032913781186614  1902
2.7041505168397992  1854
2.705007959333336  1727
2.7058637122839193  1858
2.7067177823367587  1798
2.7075701760979363  1897
2.708420900134713  1821
2.709269960975831  1912
2.7101173651118162  1776
2.710963118995276  1791
2.711807229041191  1752
2.7126497016272113  1886
2.7134905430939424  1840
2.714329759745233  1755
2.7151673578484576  1837
2.716003343634799  1761
2.7168377232995247  1861
2.717670503002262  1887
2.718501688867274  1830
2.7193312869837265  1815
2.720159303405957  1890
2.7209857441537393  1865
2.7218106152125467  1758
2.722633922533812  1767
2.7234556720351857  1769
2.724275869600789  1765
2.725094521081469  1819
2.7259116322950483  1895
2.7267272090265724  1927
2.727541257028556  1871
2.7283537820212285  1835
2.72916478969277  1792
2.7299742856995555  2015
2.7307822756663893  1781
2.7315887651867388  1834
2.7323937598229686  1835
2.7331972651065692  1787
2.733999286538387  1893
2.734799829588847  1869
2.73559889969818  1766
2.7363965022766426  1848
2.7371926427047373  1754
2.737987326333431  1835
2.738780558484369  1792
2.739572344450092  1752
2.7403626894942437  1805
2.741151598851785  1762
2.741939077729199  1935
2.7427251313046983  1777
2.74350976472843  1802
2.7442929831226763  1851
2.7450747915820575  1814
2.745855195173729  1879
2.7466341989375787  1931
2.747411807886423  1773
2.7481880270062002  1927
2.7489628612561616  1814
2.749736315569061  1746
2.7505083948513462  1797
2.751279103983342  1785
2.7520484478194387  1862
2.7528164311882715  1823
2.7535830588929064  1823
2.754348335711019  1780
2.7551122663950713  1734
2.7558748556724915  1721
2.756636108245848  1757
2.7573960287930244  1870
2.75815462196739  1824
2.7589118923979736  1766
2.7596678446896306  1796
2.760422483423212  1814
2.7611758131557314  1856
2.761927838420529  1904
2.762678563727436  1840
2.7634279935629373  1782
2.7641761323903307  1905
2.7649229846498886  1763
2.765668554759014  1798
2.7664128471123997  1774
2.7671558660821804  1824
2.767897616018091  1795
2.7686381012476144  1785
2.7693773260761385  1840
2.7701152947871015  1804
2.7708520116421442  1848
2.7715874808812555  1821
2.77232170672292  1887
2.7730546933642626  1738
2.7737864449811935  1777
2.7745169657285498  1789
2.7752462597402365  1830
2.775974331129369  1908
2.776701183988411  1862
2.7774268223893115  1910
2.7781512503836434  1841
2.7788744720027396  1811
2.7795964912578244  1802
2.780317312140151  1817
2.7810369386211318  1882
2.781755374652469  1798
2.782472624166286  1823
2.7831886910752575  1818
2.783903579272735  1796
2.784617292632875  1853
2.785329835010767  1861
2.786041210242554  1927
2.7867514221455614  1931
2.787460474518415  1855
2.788168371141168  1820
2.788875115775417  1855
2.7895807121644256  1826
2.7902851640332416  1853
2.790988475088816  1820
2.791690649020118  1714
2.792391689498254  1719
2.79309160017658  1774
2.7937903846908188  1823
2.7944880466591697  1771
2.795184589682424  1904
2.7958800173440754  1767
2.7965743332104296  1780
2.7972675408307164  1858
2.797959643737196  1757
2.798650645445269  1781
2.7993405494535817  1852
2.8000293592441343  1757
2.800717078282385  1854
2.801403710017355  1739
2.802089257881733  1840
2.8027737252919755  1758
2.803457115648414  1858
2.8041394323353503  1846
2.8048206787211623  1825
2.8055008581584002  1902
2.806179973983887  1781
2.8068580295188172  1939
2.807535028068853  1858
2.808210972924222  1895
2.808885867359812  1860
2.8095597146352675  1799
2.8102325179950842  1915
2.8109042806687006  1859
2.8115750058705933  1823
2.812244696800369  1836
2.8129133566428557  1719
2.813580988568192  1758
2.81424759573192  1837
2.814913181275074  1879
2.815577748324267  1779
2.816241299991783  1762
2.8169038393756605  1895
2.8175653695597807  1819
2.8182258936139557  1783
2.8188854145940097  1723
2.8195439355418688  1743
2.82020145948564  1933
2.8208579894397  1849
2.821513528404773  1824
2.8221680793680175  1844
2.8228216453031045  1821
2.823474229170301  1853
2.824125833916549  1867
2.824776462475546  1866
2.8254261177678233  1819
2.8260748027008264  1814
2.826722520168992  1810
2.8273692730538253  1773
2.828015064223977  1771
2.82865989653532  1766
2.829303772831025  1680
2.829946695941636  1863
2.8305886686851442  1853
2.8312296938670634  1848
2.8318697742805017  1822
2.832508912706236  1808
2.833147111912785  1811
2.833784374656479  1797
2.8344207036815328  1808
2.835056101720116  1713
2.8356905714924254  1801
2.8363241157067516  1794
2.8369567370595505  1833
2.837588438235511  1826
2.8382192219076257  1730
2.838849090737255  1847
2.8394780473741985  1844
2.840106094456758  1960
2.8407332346118066  1810
2.841359470454855  1883
2.8419848045901137  1807
2.842609239610562  1798
2.8432327780980096  1717
2.843855422623161  1834
2.8444771757456815  1869
2.845098040014257  1803
2.8457180179666586  1810
2.846337112129805  1828
2.846955325019824  1860
2.847572659142112  1800
2.848189116991399  1692
2.8488047010518036  1866
2.8494194137968996  1839
2.850033257689769  1687
2.8506462351830666  1816
2.8512583487190755  1904
2.851869600729766  1791
2.8524799936368566  1773
2.8530895298518657  1894
2.8536982117761744  1822
2.8543060418010806  1821
2.8549130223078554  1706
2.8555191556678  1828
2.8561244442423  1846
2.8567288903828825  1924
2.8573324964312685  1801
2.857935264719429  1919
2.858537197569639  1690
2.859138297294531  1838
2.859738566197147  1845
2.8603380065709936  1797
2.8609366207000937  1721
2.8615344108590377  1826
2.862131379313037  1776
2.8627275283179747  1832
2.863322860120456  1749
2.8639173769578603  1940
2.864511081058392  1794
2.8651039746411278  1759
2.8656960599160706  1837
2.8662873390841948  1782
2.866877814337499  1843
2.8674674878590514  1957
2.8680563618230415  1779
2.8686444383948255  1822
2.8692317197309762  1787
2.869818207979328  1748
2.870403905279027  1827
2.8709888137605755  1755
2.8715729355458786  1740
2.8721562727482928  1764
2.8727388274726686  1842
2.873320601815399  1849
2.8739015978644615  1724
2.8744818176994666  1828
2.8750612633917  1797
2.8756399370041685  1822
2.876217840591642  1898
2.8767949762007006  1845
2.877371345869774  1841
2.8779469516291885  1871
2.8785217955012063  1812
2.8790958795000727  1832
2.8796692056320534  1863
2.88024177589548  1918
2.8808135922807914  1719
2.8813846567705728  1915
2.8819549713396007  1727
2.8825245379548803  1860
2.8830933585756897  1826
2.8836614351536176  1836
2.884228769632604  1822
2.884795363948981  1898
2.885361220031512  1926
2.885926339801431  1883
2.886490725172482  1851
2.8870543780509568  1893
2.887617300335736  1896
2.888179493918325  1785
2.8887409606828927  1809
2.88930170250631  1887
2.8898617212581885  1796
2.890421018800914  1753
2.890979596989689  1900
2.8915374576725643  1798
2.8920946026904804  1797
2.8926510338773004  1765
2.893206753059848  1902
2.8937617620579434  1877
2.8943160626844384  1797
2.8948696567452528  1815
2.895422546039408  1778
2.8959747323590648  1698
2.8965262174895554  1856
2.89707700320942  1808
2.8976270912904414  1895
2.8981764834976764  1848
2.8987251815894934  1921
2.8992731873176036  1857
2.8998205024270964  1902
2.9003671286564705  1726
2.900913067737669  1852
2.9014583213961123  1833
2.9020028913507296  1803
2.902546779313991  1835
2.9030899869919438  1902
2.9036325160842376  1879
2.9041743682841634  1799
2.904715545278681  1839
2.905256048748451  1771
2.9057958803678687  1780
2.906335041805091  1773
2.90687353472207  1896
2.907411360774586  1748
2.9079485216122722  1791
2.90848501887865  1875
2.909020854211156  1902
2.9095560292411755  1865
2.910090545594068  1879
2.910624404889201  1777
2.9111576087399764  1865
2.9116901587538613  1831
2.9122220565324155  1782
2.912753303671323  1792
2.9132839017604186  1733
2.9138138523837167  1848
2.9143431571194407  1783
2.9148718175400505  1818
2.91539983521227  1824
2.9159272116971158  1764
2.916453948549925  1892
2.9169800473203824  1765
2.9175055095525466  1929
2.9180303367848803  1834
2.9185545305502734  1806
2.9190780923760737  1775
2.919601023784111  1802
2.920123326290724  1828
2.9206450014067875  1894
2.921166050637739  1863
2.921686475483602  1860
2.9222062774390163  1911
2.92272545799326  1798
2.9232440186302764  1790
2.9237619608287004  1791
2.9242792860618816  1751
2.924795995797912  1781
2.9253120914996495  1810
2.9258275746247424  1837
2.926342446625655  1827
2.926856708949692  1818
2.9273703630390235  1764
2.9278834103307068  1815
2.9283958522567137  1759
2.928907690243953  1821
2.929418925714293  1801
2.929929560084588  1842
2.9304395947667  1870
2.930949031167523  1820
2.931457870689005  1877
2.931966114728173  1855
2.932473764677153  1798
2.932980821923198  1803
2.9334872878487053  1814
2.9339931638312424  1847
2.934498451243568  1752
2.935003151453655  1862
2.9355072658247128  1691
2.9360107957152097  1775
2.936513742478893  1759
2.9370161074648142  1892
2.937517892017347  1911
2.9380190974762104  1826
2.938519725176492  1851
2.9390197764486663  1769
2.9395192526186187  1783
2.9400181550076634  1836
2.940516484932567  1907
2.9410142437055695  1734
2.941511432634403  1842
2.942008053022313  1862
2.9425041061680806  1923
2.9429995933660407  1835
2.9434945159061026  1790
2.9439888750737717  1860
2.9444826721501687  1845
2.9449759084120477  1840
2.94546858513182  1791
2.9459607035775686  1720
2.946452265013073  1795
2.9469432706978256  1786
2.9474337218870508  1887
2.9479236198317262  1833
2.948412965778601  1867
2.9489017609702137  1841
2.949390006644913  1789
2.949877704036875  1846
2.950364854376123  1828
2.9508514588885464  1791
2.951337518795918  1853
2.951823035315912  1872
2.9523080096621253  1833
2.952792443044092  1851
2.9532763366673045  1875
2.9537596917332287  1883
2.9542425094393248  1839
2.954724790979063  1738
2.9552065375419416  1876
2.9556877503135057  1856
2.9561684304753633  1777
2.9566485792052033  1699
2.957128197676813  1946
2.957607287060095  1821
2.958085848521085  1829
2.9585638832219674  1740
2.9590413923210934  1715
2.9595183769729982  1747
2.959994838328416  1637
2.960470777534299  1849
2.960946195733831  1785
2.9614210940664485  1735
2.9618954736678504  1725
2.962369335670021  1801
2.9628426812012423  1861
2.9633155113861114  1777
2.963787827345555  1841
2.964259630196849  1909
2.9647309210536292  1789
2.965201701025912  1821
2.9656719712201065  1724
2.9661417327390325  1844
2.966610986681934  1857
2.967079734144497  1740
2.967547976218862  1875
2.968015713993642  1789
2.9684829485539352  1794
2.9689496809813427  1748
2.9694159123539814  1816
2.9698816437465  1698
2.9703468762300935  1865
2.9708116108725178  1819
2.971275848738105  1767
2.971739590887778  1782
2.9722028383790646  1793
2.972665592266111  1754
2.9731278535996988  1825
2.973589623427257  1758
2.9740509027928774  1815
2.9745116927373285  1777
2.974971994298069  1825
2.975431808509263  1740
2.975891136401793  1835
2.9763499790032735  1852
2.976808337338066  1906
2.977266212427293  1882
2.9777236052888476  1771
2.978180516937414  1892
2.9786369483844743  1805
2.979092900638326  1863
2.979548374704095  1728
2.9800033715837464  1788
2.9804578922761  1895
2.9809119377768436  1683
2.9813655090785445  1826
2.9818186071706636  1905
2.9822712330395684  1782
2.9827233876685453  1854
2.983175072037813  1781
2.9836262871245345  1807
2.984077033902831  1812
2.9845273133437926  1749
2.9849771264154934  1910
2.9854264740830017  1794
2.9858753573083936  1791
2.986323777050765  1812
2.9867717342662448  1814
2.9872192299080047  1809
2.9876662649262746  1772
2.988112840268352  1884
2.9885589568786157  1850
2.989004615698537  1831
2.9894498176666917  1895
2.989894563718773  1776
2.9903388547876015  1834
2.9907826918031377  1813
2.9912260756924947  1817
2.9916690073799486  1999
2.9921114877869495  1859
2.9925535178321354  1785
2.9929950984313414  1782
2.9934362304976116  1898
2.993876914941211  1756
2.9943171526696366  1793
2.9947569445876283  1953
2.9951962915971793  1846
2.99563519459755  1821
2.9960736544852753  1813
2.9965116721541785  1875
2.996949248495381  1822
2.997386384397313  1865
2.9978230807457256  1834
2.998259338423699  1723
2.998695158311656  1878
2.999130541287371  1771
2.9995654882259823  1868
3.0  1811
3.000434077479319  1736
3.0008677215312267  1711
3.0013009330204183  1810
3.0017337128090005  1811
3.002166061756508  1779
3.0025979807199086  1783
3.003029470553618  1806
3.0034605321095067  1778
3.0038911662369103  1827
3.0043213737826426  1809
3.004751155591001  1952
3.0051805125037805  1849
3.0056094453602804  1846
3.0060379549973173  1858
3.0064660422492318  1771
3.0068937079479006  1780
3.0073209529227447  1845
3.00774777800074  1869
3.0081741840064264  1777
3.0086001717619175  1902
3.0090257420869104  1742
3.009450895798694  1831
3.00987563371216  1749
3.010299956639812  1800
3.010723865391773  1784
3.0111473607757975  1777
3.0115704435972783  1867
3.011993114659257  1856
3.012415374762433  1765
3.012837224705172  1788
3.0132586652835167  1841
3.0136796972911926  1812
3.0141003215196207  1926
3.0145205387579237  1765
3.0149403497929366  1864
3.0153597554092144  1721
3.015778756389041  1745
3.016197353512439  1856
3.016615547557177  1791
3.0170333392987803  1843
3.017450729510536  1760
3.0178677189635055  1739
3.018284308426531  1817
3.0187004986662433  1827
3.019116290447073  1777
3.0195316845312554  1845
3.0199466816788423  1892
3.0203612826477078  1845
3.020775488193558  1880
3.0211892990699383  1769
3.021602716028242  1827
3.02201573981772  1878
3.0224283711854865  1737
3.022840610876528  1866
3.0232524596337114  1794
3.0236639181977933  1822
3.024074987307426  1876
3.024485667699167  1833
3.024895960107485  1819
3.0253058652647704  1811
3.025715383901341  1861
3.0261245167454502  1831
3.0265332645232967  1815
3.0269416279590295  1906
3.0273496077747564  1728
3.0277572046905536  1816
3.0281644194244697  1796
3.0285712526925375  1755
3.028977705208778  1773
3.0293837776852097  1686
3.029789470831856  1920
3.030194785356751  1748
3.030599721965951  1858
3.0310042813635367  1769
3.031408464251624  1839
3.0318122713303706  1835
3.0322157032979815  1815
3.03261876085072  1667
3.0330214446829107  1882
3.03342375548695  1790
3.03382569395331  1875
3.0342272607705505  1822
3.0346284566253203  1848
3.0350292822023683  1662
3.0354297381845483  1858
3.035829825252828  1784
3.0362295440862948  1824
3.036628895362161  1757
3.037027879755775  1840
3.037426497940624  1764
3.037824750588342  1783
3.0382226383687185  1805
3.038620161949703  1912
3.039017321997412  1804
3.0394141191761372  1796
3.0398105541483504  1926
3.0402066275747113  1820
3.040602340114073  1823
3.0409976924234905  1853
3.041392685158225  1802
3.041787318971752  1861
3.042181594515766  1868
3.0425755124401905  1866
3.0429690733931802  1826
3.0433622780211294  1751
3.0437551269686796  1856
3.044147620878723  1824
3.044539760392411  1836
3.04493154614916  1810
3.0453229787866576  1779
3.0457140589408676  1857
3.0461047872460387  1853
3.0464951643347082  1877
3.04688519083771  1857
3.0472748673841794  1972
3.04766419460156  1758
3.048053173115609  1827
3.0484418035504044  1808
3.04883008652835  1853
3.0492180226701815  1713
3.049605612594973  1816
3.0499928569201424  1811
3.050379756261458  1810
3.0507663112330423  1761
3.0511525224473814  1814
3.0515383905153275  1843
3.0519239160461065  1747
3.0523090996473234  1775
3.052693941924968  1816
3.0530784434834195  1837
3.053462604925455  1902
3.0538464268522527  1790
3.0542299098633974  1789
3.0546130545568877  1782
3.0549958615291417  1735
3.055378331375  1795
3.0557604646877348  1793
3.056142262059052  1862
3.0565237240791006  1802
3.0569048513364727  1847
3.0572856444182146  1824
3.0576661039098294  1901
3.0580462303952816  1916
3.058426024457005  1795
3.0588054866759067  1920
3.059184617631371  1787
3.0595634179012676  1780
3.059941888061955  1807
3.060320028688285  1884
3.060697840353612  1721
3.0610753236297916  1808
3.061452479087193  1830
3.061829307294699  1873
3.0622058088197126  1831
3.062581984228163  1752
3.0629578340845103  1634
3.0633333589517497  1786
3.0637085593914173  1730
3.064083435963596  1839
3.0644579892269186  1851
3.064832219738574  1776
3.065206128054312  1858
3.0655797147284485  1810
3.06595298031387  1767
3.0663259253620376  1850
3.0666985504229953  1849
3.0670708560453703  1987
3.0674428427763805  1864
3.0678145111618402  1883
3.0681858617461617  1807
3.068556895072363  1780
3.068927611682072  1843
3.0692980121155293  1856
3.0696680969115957  1810
3.070037866607755  1780
3.0704073217401198  1770
3.0707764628434346  1763
3.0711452904510828  1810
3.071513805095089  1941
3.0718820073061255  1840
3.072249897613515  1850
3.0726174765452368  1728
3.0729847446279304  1820
3.073351702386901  1814
3.0737183503461227  1839
3.074084689028244  1869
3.074450718954591  1764
3.074816440645175  1871
3.0751818546186915  1861
3.0755469613925306  1854
3.0759117614827773  1750
3.076276255404218  1739
3.076640443670342  1691
3.0770043267933502  1878
3.0773679052841563  1811
3.077731179652392  1827
3.0780941504064105  1810
3.0784568180532927  1854
3.0788191830988487  1835
3.0791812460476247  1875
3.079543007402906  1852
3.079904467666721  1873
3.0802656273398448  1811
3.0806264869218056  1713
3.080987046910887  1645
3.0813473078041325  1785
3.081707270097349  1936
3.082066934285113  1789
3.0824263008607717  1836
3.0827853703164503  1793
3.0831441431430524  1815
3.0835026198302673  1888
3.083860800866573  1819
3.0842186867392387  1872
3.084576277934331  1875
3.084933574936716  1779
3.085290578230065  1757
3.0856472882968564  1932
3.0860037056183818  1840
3.0863598306747484  1762
3.0867156639448825  1866
3.0870712059065353  1808
3.0874264570362855  1962
3.087781417809542  1762
3.0881360887005513  1837
3.0884904701823963  1821
3.088844562727004  1820
3.089198366805149  1797
3.089551882886454  1764
3.089905111439398  1827
3.090258052931316  1776
3.090610707828407  1923
3.0909630765957314  1904
3.091315159697223  1728
3.0916669575956846  1820
3.092018470752797  1821
3.0923696996291206  1832
3.0927206446840994  1838
3.0930713063760633  1859
3.093421685162235  1841
3.09377178149873  1788
3.0941215958405612  1785
3.094471128641645  1746
3.0948203803548  1820
3.095169351431755  1840
3.095518042323151  1904
3.0958664534785427  1732
3.0962145853464054  1804
3.0965624383741357  1766
3.0969100130080562  1906
3.09725730969342  1928
3.097604328874411  1712
3.09795107099415  1816
3.0982975364946976  1820
3.098643725817057  1751
3.0989896394011773  1890
3.0993352776859577  1854
3.09968064110925  1678
3.1000257301078626  1837
3.100370545117563  1808
3.1007150865730817  1792
3.1010593549081156  1892
3.101403350555331  1875
3.1017470739463664  1758
3.1020905255118367  1694
3.1024337056813365  1705
3.1027766148834415  1961
3.1031192535457137  1768
3.103461622094705  1845
3.103803720955957  1801
3.104145550554008  1853
3.104487111312395  1775
3.1048284036536553  1754
3.1051694279993316  1792
3.1055101847699738  1786
3.1058506743851435  1852
3.1061908972634154  1747
3.1065308538223815  1880
3.106870544478654  1831
3.1072099696478683  1869
3.1075491297446862  1903
3.1078880251827985  1740
3.1082266563749283  1810
3.1085650237328344  1870
3.1089031276673134  1845
3.109240968588203  1874
3.1095785469043866  1856
3.1099158630237933  1797
3.110252917353403  1775
3.110589710299249  1788
3.1109262422664203  1806
3.1112625136590655  1789
3.111598524880394  1763
3.1119342763326814  1947
3.1122697684172707  1893
3.1126050015345745  1744
3.11293997608408  1767
3.1132746924643504  1845
3.1136091510730277  1775
3.113943352306837  1868
3.1142772965615864  1737
3.114610984232173  1811
3.1149444157125847  1830
3.1152775913959014  1912
3.1156105116742996  1761
3.115943176939055  1800
3.116275587580544  1785
3.1166077439882485  1815
3.116939646550756  1810
3.1172712956557644  1778
3.117602691690084  1787
3.1179338350396413  1780
3.118264726089479  1756
3.118595365223762  1780
3.1189257528257768  1779
3.1192558892779365  1832
3.119585774961784  1807
3.119915410257991  1820
3.1202447955463652  1836
3.12057393120585  1892
3.1209028176145273  1811
3.1212314551496214  1831
3.1215598441875008  1817
3.121887985103681  1789
3.1222158782728267  1730
3.1225435240687545  1914
3.1228709228644354  1676
3.1231980750319988  1830
3.123524980942732  1756
3.123851640967086  1846
3.124178055474675  1784
3.1245042248342823  1820
3.1248301494138593  1784
3.12515582958053  1933
3.125481265700594  1721
3.125806458139527  1837
3.1261314072619846  1876
3.1264561134318045  1867
3.126780577012009  1905
3.1271047983648077  1713
3.127428777851599  1783
3.1277525158329733  1794
3.1280760126687155  1779
3.1283992687178066  1780
3.128722284338427  1880
3.1290450598879582  1904
3.1293675957229854  1743
3.129689892199301  1875
3.1300119496719043  1831
3.130333768495006  1798
3.130655349022031  1846
3.130976691605617  1798
3.131297796597623  1792
3.1316186643491255  1776
3.1319392952104246  1861
3.1322596895310446  1668
3.132579847659737  1924
3.132899769944483  1844
3.1332194567324945  1807
3.1335389083702174  1923
3.133858125203335  1774
3.1341771075767664  1739
3.1344958558346736  1797
3.13481437032046  1763
3.1351326513767748  1813
3.1354506993455136  1862
3.1357685145678222  1840
3.1360860973840974  1731
3.13640344813399  1821
3.1367205671564067  1728
3.1370374547895126  1697
3.137354111370733  1762
3.137670537236755  1893
3.137986732723532  1822
3.1383026981662816  1776
3.1386184338994925  1795
3.1389339402569236  1711
3.139249217571607  1663
3.13956426617585  1770
3.1398790864012365  1728
3.140193678578631  1771
3.1405080430381798  1739
3.1408221801093106  1745
3.141136090120739  1713
3.1414497734004674  1669
3.141763230275788  1718
3.1420764610732848  1706
3.142389466118836  1727
3.1427022457376155  1648
3.143014800254095  1648
3.143327129992046  1641
3.1436392352745433  1601
3.1439511164239633  1726
3.144262773761991  1571
3.144574207609616  1517
3.144885418287142  1694
3.1451964061141817  1550
3.1455071714096627  1566
3.1458177144918276  1602
3.146128035678238  1546
3.1464381352857744  1620
3.14674801363064  1520
3.1470576710283598  1411
3.1473671077937864  1449
3.1476763242410986  1359
3.147985320683805  1390
3.1482940974347455  1428
3.1486026548060932  1329
3.1489109931093564  1303
3.1492191126553797  1314
3.149527013754348  1346
3.149834696715785  1294
3.1501421618485588  1313
3.150449409460881  1220
3.150756439860309  1236
3.15106325335375  1266
3.1513698502474603  1165
3.151676230847048  1166
3.151982395457474  1107
3.1522883443830563  1088
3.15259407792747  1006
3.1528995963937474  1070
3.153204900084284  1012
3.1535099893008374  1025
3.153814864344529  979
3.154119525515847  989
3.154423973114647  866
3.1547282074401557  887
3.1550322287909704  936
3.155336037465062  880
3.1556396337597765  776
3.1559430179718366  791
3.1562461903973444  762
3.1565491513317814  731
3.156851901070011  708
3.1571544399062814  682
3.157456768134226  655
3.1577588860468637  589
3.158060793936605  586
3.1583624920952498  584
3.1586639808139894  568
3.15896526038341  520
3.159266331093494  472
3.1595671932336202  483
3.1598678470925665  434
3.160168292958512  433
3.1604685311190375  429
3.1607685618611283  389
3.1610683854711747  346
3.161368002234975  310
3.161667412437736  284
3.161966616364075  288
3.1622656142980214  263
3.162564406523019  235
3.162862993321926  240
3.1631613749770184  208
3.16345955176999  209
3.163757523981956  201
3.1640552918934515  195
3.164352855784437  180
3.1646502159342966  162
3.1649473726218416  152
3.1652443261253107  151
3.165541076722373  150
3.1658376246901283  141
3.166133970305109  116
3.166430113843283  118
3.166726055580052  102
3.1670217957902564  96
3.167317334748176  89
3.16761267272753  79
3.16790781000148  74
3.168202746842631  70
3.1684974835230326  63
3.1687920203141817  56
3.1690863574870227  60
3.1693804953119495  55
3.1696744340588068  42
3.1699681739968923  41
3.1702617153949575  41
3.1705550585212086  33
3.170848203643309  34
3.1711411510283822  21
3.171433900943008  29
3.171726453653231  22
3.1720188094245563  21
3.172310968521954  17
3.17260293120986  20
3.1728946977521764  18
3.173186268412274  13
3.1734776434529945  9
3.17376882313665  12
3.1740598077250253  8
3.1743505974793798  10
3.1746411926604483  8
3.1749315935284423  10
3.1752218003430523  8
3.1755118133634475  8
3.1758016328482794  11
3.1760912590556813  8
3.1763806922432702  7
3.17666993266815  4
3.176958980586908  4
3.1772478362556233  3
3.1775364999298623  3
3.177824971864682  3
3.1781132523146316  3
3.178401341533755  3
3.17868923977559  3
3.1789769472931693  2
3.1792644643390253  2
3.1795517911651876  1
3.179838928023187  1
3.180125875164054  1
3.180412632838324  1
3.1806992012960347  1
