0.3010299956639812  206574
0.47712125471966244  38441
0.6020599913279624  34106
0.6989700043360189  25238
0.7781512503836436  18479
0.8450980400142568  15404
0.9030899869919435  10164
0.9542425094393249  8781
1.0  7326
1.0413926851582251  6375
1.0791812460476249  3382
1.1139433523068367  3803
1.146128035678238  4548
1.1760912590556813  4988
1.2041199826559248  2689
1.2304489213782739  3770
1.255272505103306  5351
1.2787536009528289  4957
1.3010299956639813  3210
1.3222192947339193  4148
1.3424226808222062  3728
1.3617278360175928  3216
1.380211241711606  5206
1.3979400086720377  4972
1.414973347970818  2652
1.4313637641589874  3677
1.4471580313422192  3405
1.462397997898956  4437
1.4771212547196624  3719
1.4913616938342726  2088
1.505149978319906  3723
1.5185139398778875  2224
1.5314789170422551  3137
1.5440680443502757  2126
1.5563025007672873  3004
1.568201724066995  2420
1.5797835966168101  2989
1.591064607026499  3862
1.6020599913279623  4195
1.6127838567197355  1949
1.6232492903979006  3269
1.6334684555795864  2419
1.6434526764861874  2739
1.6532125137753437  1780
1.662757831681574  3472
1.6720978579357175  3140
1.6812412373755872  1524
1.6901960800285136  3198
1.6989700043360187  1834
1.7075701760979363  2681
1.7160033436347992  2289
1.724275869600789  1896
1.7323937598229686  2440
1.7403626894942439  3954
1.7481880270062005  3281
1.7558748556724915  1629
1.7634279935629373  2893
1.7708520116421442  1833
1.7781512503836436  2027
1.7853298350107671  3126
1.792391689498254  2367
1.7993405494535817  1790
1.806179973983887  1149
1.8129133566428555  1561
1.8195439355418688  1329
1.8260748027008264  1124
1.8325089127062364  1583
1.8388490907372552  2343
1.845098040014257  1048
1.8512583487190752  1552
1.8573324964312685  1482
1.863322860120456  1044
1.8692317197309762  1244
1.8750612633917  1252
1.8808135922807914  1550
1.8864907251724818  1334
1.8920946026904804  1548
1.8976270912904414  1109
1.9030899869919435  990
1.9084850188786497  1048
1.9138138523837167  907
1.919078092376074  1586
1.9242792860618816  648
1.9294189257142926  935
1.9344984512435677  919
1.9395192526186185  789
1.9444826721501687  719
1.9493900066449128  1024
1.954242509439325  1224
1.9590413923210936  1175
1.9637878273455553  584
1.968482948553935  851
1.9731278535996986  703
1.9777236052888478  587
1.9822712330395684  661
1.9867717342662448  433
1.9912260756924949  618
1.99563519459755  499
2.0  489
2.0043213737826426  582
2.0086001717619175  510
2.012837224705172  542
2.0170333392987803  610
2.0211892990699383  308
2.0253058652647704  432
2.0293837776852097  224
2.03342375548695  409
2.037426497940624  389
2.041392685158225  263
2.0453229787866576  195
2.0492180226701815  232
2.0530784434834195  182
2.0569048513364727  340
2.060697840353612  232
2.0644579892269186  128
2.0681858617461617  184
2.0718820073061255  183
2.0755469613925306  192
2.0791812460476247  195
2.0827853703164503  69
2.0863598306747484  126
2.089905111439398  113
2.093421685162235  65
2.0969100130080562  65
2.100370545117563  107
2.103803720955957  134
2.1072099696478683  26
2.110589710299249  63
2.113943352306837  42
2.1172712956557644  45
2.12057393120585  41
2.123851640967086  46
2.1271047983648077  33
2.130333768495006  49
2.1335389083702174  21
2.1367205671564067  27
2.1398790864012365  33
2.143014800254095  15
2.146128035678238  14
2.1492191126553797  6
2.1522883443830563  10
2.155336037465062  7
2.1583624920952498  12
2.161368002234975  7
2.164352855784437  2
2.167317334748176  2
2.1702617153949575  5
2.173186268412274  3
2.1760912590556813  10
2.1789769472931693  5
2.1818435879447726  3
2.184691430817599  10
2.1903316981702914  1
