1  79.8860
2  20.6860
3  13.0370
4  8.9130
5  6.4020
6  4.9360
7  3.8470
8  3.2330
9  2.5750
10  2.2930
11  1.9810
12  1.7020
13  1.4660
14  1.2690
15  1.1830
16  1.0250
17  0.9280
18  0.8260
19  0.7450
20  0.6850
21  0.6750
22  0.6260
23  0.5620
24  0.5500
25  0.4980
26  0.4630
27  0.4260
28  0.4250
29  0.3720
30  0.3540
31  0.3470
32  0.3290
33  0.3120
34  0.2640
35  0.2790
36  0.2620
37  0.2320
38  0.2600
39  0.2350
40  0.2110
41  0.2360
42  0.2080
43  0.1850
44  0.1810
45  0.2000
46  0.1810
47  0.1670
48  0.1400
49  0.1550
50  0.1330
51  0.1630
52  0.1070
53  0.1280
54  0.1320
55  0.1080
56  0.1120
57  0.1130
58  0.0950
59  0.0820
60  0.0970
61  0.0820
62  0.0890
63  0.0850
64  0.0760
65  0.0880
66  0.0630
67  0.0710
68  0.0750
69  0.0820
70  0.0610
71  0.0560
72  0.0680
73  0.0520
74  0.0640
75  0.0640
76  0.0540
77  0.0590
78  0.0550
79  0.0550
80  0.0560
81  0.0450
82  0.0540
83  0.0540
84  0.0550
85  0.0440
86  0.0430
87  0.0450
88  0.0320
89  0.0410
90  0.0300
91  0.0320
92  0.0430
93  0.0310
94  0.0320
95  0.0340
96  0.0380
97  0.0390
98  0.0400
99  0.0260
100  0.0250
101  0.0340
102  0.0270
103  0.0220
104  0.0320
105  0.0300
106  0.0320
107  0.0260
108  0.0270
109  0.0260
110  0.0300
111  0.0230
112  0.0190
113  0.0210
114  0.0270
115  0.0220
116  0.0180
117  0.0220
118  0.0160
119  0.0260
120  0.0230
121  0.0150
122  0.0280
123  0.0220
124  0.0190
125  0.0150
126  0.0180
127  0.0170
128  0.0140
129  0.0180
130  0.0190
131  0.0130
132  0.0210
133  0.0130
134  0.0100
135  0.0160
136  0.0090
137  0.0110
138  0.0140
139  0.0180
140  0.0120
141  0.0090
142  0.0070
143  0.0120
144  0.0110
145  0.0100
146  0.0130
147  0.0080
148  0.0110
149  0.0100
150  0.0100
151  0.0070
152  0.0090
153  0.0080
154  0.0110
155  0.0110
156  0.0070
157  0.0090
158  0.0080
159  0.0040
160  0.0090
161  0.0090
162  0.0070
163  0.0090
164  0.0100
165  0.0040
166  0.0030
167  0.0030
168  0.0100
169  0.0100
170  0.0050
171  0.0110
172  0.0080
173  0.0060
174  0.0040
175  0.0030
176  0.0040
177  0.0040
178  0.0020
179  0.0060
180  0.0080
181  0.0030
182  0.0040
183  0.0060
184  0.0050
185  0.0060
186  0.0060
187  0.0030
188  0.0050
189  0.0050
190  0.0040
191  0.0040
192  0.0040
193  0.0040
194  0.0040
195  0.0050
196  0.0020
197  0.0030
198  0.0010
199  0.0050
200  0.0030
201  0.0040
202  0.0030
203  0.0020
204  0.0080
205  0.0020
206  0.0020
207  0.0030
208  0.0070
209  0.0030
211  0.0010
213  0.0010
214  0.0030
215  0.0020
216  0.0050
217  0.0030
218  0.0050
219  0.0030
220  0.0020
221  0.0010
222  0.0030
223  0.0040
224  0.0020
225  0.0030
227  0.0020
228  0.0020
229  0.0020
230  0.0010
231  0.0040
232  0.0010
233  0.0020
234  0.0020
235  0.0030
236  0.0010
237  0.0020
238  0.0010
240  0.0010
241  0.0030
242  0.0040
243  0.0030
244  0.0030
245  0.0010
246  0.0020
248  0.0010
249  0.0030
250  0.0020
251  0.0030
253  0.0020
254  0.0020
256  0.0020
257  0.0010
259  0.0020
260  0.0010
261  0.0010
262  0.0030
264  0.0020
266  0.0060
269  0.0040
273  0.0020
274  0.0010
275  0.0010
276  0.0040
277  0.0020
278  0.0010
279  0.0030
281  0.0020
284  0.0020
285  0.0030
287  0.0010
289  0.0010
291  0.0020
293  0.0010
294  0.0010
296  0.0020
303  0.0010
306  0.0020
309  0.0020
311  0.0020
312  0.0010
313  0.0010
314  0.0010
316  0.0020
317  0.0010
320  0.0010
321  0.0010
322  0.0030
324  0.0030
328  0.0030
334  0.0030
336  0.0010
337  0.0010
340  0.0010
341  0.0010
357  0.0010
368  0.0010
372  0.0010
380  0.0010
383  0.0010
384  0.0010
387  0.0010
390  0.0010
392  0.0020
393  0.0010
421  0.0010
444  0.0010
450  0.0010
547  0.0010
