1  0.7640
2  0.0540
3  0.0180
4  0.0080
5  0.0010
6  0.0050
7  0.0010
2153  0.0020
2154  0.0020
2156  0.0010
2157  0.0040
2158  0.0020
2159  0.0010
2160  0.0010
2161  0.0040
2163  0.0030
2164  0.0020
2165  0.0010
2166  0.0020
2167  0.0050
2168  0.0050
2169  0.0090
2170  0.0050
2171  0.0060
2172  0.0030
2173  0.0070
2174  0.0130
2175  0.0100
2176  0.0090
2177  0.0110
2178  0.0080
2179  0.0150
2180  0.0170
2181  0.0100
2182  0.0090
2183  0.0120
2184  0.0150
2185  0.0210
2186  0.0100
2187  0.0140
2188  0.0160
2189  0.0220
2190  0.0170
2191  0.0230
2192  0.0180
2193  0.0200
2194  0.0320
2195  0.0300
2196  0.0220
2197  0.0330
2198  0.0290
2199  0.0180
2200  0.0270
2201  0.0220
2202  0.0140
2203  0.0340
2204  0.0240
2205  0.0190
2206  0.0230
2207  0.0160
2208  0.0190
2209  0.0170
2210  0.0190
2211  0.0150
2212  0.0170
2213  0.0140
2214  0.0190
2215  0.0110
2216  0.0120
2217  0.0150
2218  0.0170
2219  0.0120
2220  0.0070
2221  0.0110
2222  0.0100
2223  0.0040
2224  0.0110
2225  0.0110
2226  0.0040
2227  0.0060
2228  0.0070
2229  0.0060
2230  0.0080
2231  0.0040
2233  0.0020
2234  0.0040
2235  0.0030
2236  0.0020
2237  0.0020
2238  0.0030
2240  0.0010
2242  0.0020
2244  0.0010
2245  0.0010
2246  0.0020
2247  0.0010
2253  0.0010
2254  0.0010
