1  104.9860
2  29.0990
3  18.5160
4  12.3600
5  9.0880
6  7.0110
7  5.2900
8  4.3700
9  3.6910
10  3.1320
11  2.5830
12  2.2300
13  1.9690
14  1.8150
15  1.5460
16  1.2990
17  1.2190
18  1.1010
19  0.9970
20  0.9120
21  0.8390
22  0.6710
23  0.6380
24  0.5670
25  0.5540
26  0.5060
27  0.4790
28  0.4110
29  0.4090
30  0.3890
31  0.3490
32  0.3210
33  0.3090
34  0.2800
35  0.2610
36  0.2360
37  0.2360
38  0.2010
39  0.1690
40  0.1990
41  0.1840
42  0.1610
43  0.1500
44  0.1470
45  0.1520
46  0.1450
47  0.1000
48  0.1130
49  0.1200
50  0.0930
51  0.0980
52  0.0880
53  0.0750
54  0.0890
55  0.0700
56  0.0790
57  0.0760
58  0.0630
59  0.0680
60  0.0500
61  0.0600
62  0.0350
63  0.0490
64  0.0550
65  0.0470
66  0.0380
67  0.0440
68  0.0370
69  0.0420
70  0.0320
71  0.0480
72  0.0300
73  0.0310
74  0.0210
75  0.0300
76  0.0260
77  0.0240
78  0.0280
79  0.0300
80  0.0270
81  0.0190
82  0.0230
83  0.0170
84  0.0220
85  0.0160
86  0.0280
87  0.0190
88  0.0150
89  0.0120
90  0.0150
91  0.0140
92  0.0140
93  0.0110
94  0.0100
95  0.0100
96  0.0080
97  0.0080
98  0.0080
99  0.0120
100  0.0060
101  0.0040
102  0.0100
103  0.0100
104  0.0030
105  0.0090
106  0.0060
107  0.0030
108  0.0060
109  0.0060
110  0.0070
111  0.0130
112  0.0070
113  0.0060
114  0.0030
115  0.0030
116  0.0040
117  0.0040
118  0.0020
119  0.0010
120  0.0040
121  0.0020
122  0.0010
123  0.0010
124  0.0070
125  0.0060
126  0.0020
127  0.0010
128  0.0050
129  0.0040
132  0.0030
133  0.0010
136  0.0020
137  0.0030
138  0.0010
139  0.0010
140  0.0030
141  0.0010
142  0.0010
144  0.0030
145  0.0010
146  0.0020
148  0.0010
149  0.0010
150  0.0020
151  0.0010
152  0.0020
153  0.0020
154  0.0010
156  0.0010
157  0.0010
160  0.0010
161  0.0010
162  0.0020
163  0.0020
164  0.0010
165  0.0020
168  0.0010
169  0.0010
173  0.0020
174  0.0010
177  0.0010
178  0.0010
180  0.0010
185  0.0020
186  0.0010
206  0.0010
210  0.0010
223  0.0010
242  0.0010
