1  8.4590
2  0.6300
3  0.2250
4  0.1080
5  0.0370
6  0.0350
7  0.0160
8  0.0100
9  0.0030
10  0.0010
11  0.0030
12  0.0040
15  0.0020
16  0.0020
17  0.0010
18  0.0010
20  0.0010
43  0.0010
8168  0.0010
8174  0.0010
8178  0.0010
8184  0.0010
8185  0.0010
8187  0.0010
8188  0.0010
8190  0.0010
8191  0.0010
8192  0.0010
8194  0.0020
8196  0.0020
8199  0.0010
8206  0.0010
8207  0.0030
8208  0.0010
8210  0.0010
8211  0.0010
8213  0.0010
8214  0.0010
8215  0.0010
8216  0.0040
8217  0.0020
8219  0.0020
8220  0.0030
8221  0.0020
8222  0.0010
8223  0.0020
8224  0.0050
8225  0.0050
8226  0.0010
8227  0.0020
8228  0.0020
8229  0.0070
8230  0.0040
8231  0.0040
8232  0.0100
8233  0.0040
8234  0.0020
8235  0.0040
8236  0.0010
8237  0.0040
8238  0.0020
8239  0.0050
8240  0.0060
8241  0.0030
8242  0.0050
8243  0.0080
8244  0.0070
8245  0.0090
8246  0.0040
8247  0.0040
8248  0.0060
8249  0.0070
8250  0.0030
8251  0.0030
8252  0.0060
8253  0.0090
8254  0.0080
8255  0.0060
8256  0.0040
8257  0.0130
8258  0.0080
8259  0.0060
8260  0.0120
8261  0.0060
8262  0.0050
8263  0.0070
8264  0.0100
8265  0.0060
8266  0.0090
8267  0.0100
8268  0.0070
8269  0.0170
8270  0.0060
8271  0.0100
8272  0.0160
8273  0.0060
8274  0.0070
8275  0.0090
8276  0.0090
8277  0.0100
8278  0.0100
8279  0.0110
8280  0.0130
8281  0.0140
8282  0.0100
8283  0.0120
8284  0.0120
8285  0.0150
8286  0.0090
8287  0.0210
8288  0.0160
8289  0.0060
8290  0.0090
8291  0.0100
8292  0.0110
8293  0.0080
8294  0.0060
8295  0.0040
8296  0.0110
8297  0.0070
8298  0.0080
8299  0.0070
8300  0.0120
8301  0.0070
8302  0.0060
8303  0.0110
8304  0.0120
8305  0.0080
8306  0.0120
8307  0.0080
8308  0.0050
8309  0.0070
8310  0.0100
8311  0.0050
8312  0.0060
8313  0.0110
8314  0.0100
8315  0.0130
8316  0.0090
8317  0.0040
8318  0.0040
8319  0.0050
8320  0.0070
8321  0.0090
8322  0.0060
8323  0.0060
8324  0.0050
8325  0.0050
8326  0.0070
8327  0.0040
8328  0.0070
8329  0.0090
8330  0.0060
8331  0.0010
8332  0.0100
8333  0.0100
8334  0.0060
8335  0.0050
8336  0.0030
8337  0.0030
8338  0.0040
8339  0.0030
8340  0.0030
8341  0.0070
8342  0.0030
8343  0.0070
8344  0.0020
8345  0.0020
8346  0.0030
8347  0.0060
8348  0.0030
8349  0.0070
8350  0.0030
8351  0.0030
8352  0.0010
8354  0.0020
8355  0.0030
8356  0.0040
8357  0.0020
8358  0.0020
8359  0.0020
8360  0.0010
8361  0.0020
8362  0.0010
8364  0.0010
8365  0.0010
8368  0.0020
8370  0.0010
8371  0.0020
8372  0.0020
8373  0.0010
8374  0.0010
8375  0.0030
8377  0.0020
8380  0.0030
8381  0.0020
8382  0.0010
8383  0.0010
8386  0.0030
8387  0.0010
8395  0.0010
8411  0.0010
8425  0.0010
