1  5.1510
2  0.5670
3  0.2300
4  0.1310
5  0.0640
6  0.0420
7  0.0300
8  0.0180
9  0.0120
10  0.0100
11  0.0050
12  0.0050
13  0.0040
14  0.0050
15  0.0040
16  0.0040
17  0.0020
19  0.0020
20  0.0010
21  0.0020
23  0.0020
24  0.0010
26  0.0010
28  0.0010
29  0.0010
30  0.0010
37  0.0010
38  0.0010
1891  0.0010
1895  0.0010
1900  0.0010
1903  0.0010
1905  0.0010
1907  0.0010
1908  0.0020
1909  0.0010
1910  0.0020
1912  0.0020
1913  0.0010
1914  0.0010
1915  0.0020
1916  0.0020
1917  0.0030
1918  0.0020
1919  0.0020
1920  0.0010
1921  0.0020
1923  0.0040
1924  0.0050
1925  0.0060
1926  0.0020
1927  0.0060
1928  0.0020
1929  0.0010
1930  0.0050
1931  0.0030
1932  0.0060
1933  0.0060
1934  0.0050
1935  0.0070
1936  0.0060
1937  0.0110
1938  0.0080
1939  0.0120
1940  0.0080
1941  0.0100
1942  0.0080
1943  0.0120
1944  0.0130
1945  0.0060
1946  0.0150
1947  0.0170
1948  0.0110
1949  0.0090
1950  0.0190
1951  0.0060
1952  0.0120
1953  0.0210
1954  0.0180
1955  0.0210
1956  0.0120
1957  0.0130
1958  0.0180
1959  0.0210
1960  0.0120
1961  0.0140
1962  0.0160
1963  0.0130
1964  0.0270
1965  0.0170
1966  0.0200
1967  0.0270
1968  0.0210
1969  0.0190
1970  0.0170
1971  0.0230
1972  0.0120
1973  0.0150
1974  0.0110
1975  0.0140
1976  0.0110
1977  0.0190
1978  0.0100
1979  0.0280
1980  0.0180
1981  0.0110
1982  0.0170
1983  0.0080
1984  0.0130
1985  0.0170
1986  0.0060
1987  0.0070
1988  0.0110
1989  0.0080
1990  0.0110
1991  0.0090
1992  0.0110
1993  0.0040
1994  0.0110
1995  0.0090
1996  0.0030
1997  0.0070
1998  0.0050
1999  0.0070
2000  0.0060
2001  0.0050
2002  0.0070
2003  0.0050
2004  0.0040
2005  0.0040
2006  0.0060
2007  0.0020
2008  0.0030
2009  0.0030
2010  0.0010
2011  0.0010
2012  0.0050
2013  0.0040
2014  0.0010
2015  0.0020
2016  0.0010
2017  0.0020
2019  0.0010
2021  0.0010
2023  0.0010
2029  0.0010
2035  0.0010
