1  0.0020
9862  0.0005
9863  0.0005
9866  0.0005
9868  0.0005
9869  0.0005
9870  0.0005
9871  0.0005
9872  0.0010
9873  0.0020
9875  0.0015
9876  0.0020
9877  0.0035
9878  0.0035
9879  0.0065
9880  0.0055
9881  0.0060
9882  0.0115
9883  0.0095
9884  0.0090
9885  0.0150
9886  0.0155
9887  0.0180
9888  0.0170
9889  0.0225
9890  0.0205
9891  0.0230
9892  0.0305
9893  0.0315
9894  0.0285
9895  0.0300
9896  0.0375
9897  0.0395
9898  0.0355
9899  0.0345
9900  0.0340
9901  0.0405
9902  0.0375
9903  0.0450
9904  0.0395
9905  0.0385
9906  0.0320
9907  0.0290
9908  0.0335
9909  0.0350
9910  0.0280
9911  0.0225
9912  0.0185
9913  0.0235
9914  0.0095
9915  0.0110
9916  0.0100
9917  0.0095
9918  0.0085
9919  0.0065
9920  0.0065
9921  0.0040
9922  0.0040
9923  0.0055
9924  0.0020
9925  0.0010
9926  0.0005
9928  0.0005
