1  115.3020
2  20.7510
3  11.5690
4  7.1660
5  4.7050
6  3.2850
7  2.4460
8  1.8440
9  1.5450
10  1.1620
11  1.0000
12  0.8010
13  0.7000
14  0.5950
15  0.5490
16  0.4580
17  0.4290
18  0.3630
19  0.3430
20  0.2860
21  0.2550
22  0.2380
23  0.1720
24  0.1650
25  0.1740
26  0.1480
27  0.1280
28  0.1360
29  0.1120
30  0.1260
31  0.1130
32  0.1130
33  0.0990
34  0.0920
35  0.0940
36  0.0690
37  0.0710
38  0.0680
39  0.0640
40  0.0690
41  0.0650
42  0.0670
43  0.0450
44  0.0480
45  0.0460
46  0.0350
47  0.0370
48  0.0490
49  0.0390
50  0.0340
51  0.0450
52  0.0260
53  0.0330
54  0.0320
55  0.0260
56  0.0190
57  0.0320
58  0.0280
59  0.0220
60  0.0210
61  0.0220
62  0.0250
63  0.0240
64  0.0200
65  0.0220
66  0.0230
67  0.0170
68  0.0230
69  0.0220
70  0.0160
71  0.0260
72  0.0180
73  0.0110
74  0.0230
75  0.0130
76  0.0100
77  0.0130
78  0.0160
79  0.0070
80  0.0090
81  0.0200
82  0.0090
83  0.0120
84  0.0120
85  0.0190
86  0.0150
87  0.0070
88  0.0110
89  0.0130
90  0.0040
91  0.0050
92  0.0080
93  0.0070
94  0.0090
95  0.0090
96  0.0110
97  0.0050
98  0.0090
99  0.0110
100  0.0090
101  0.0090
102  0.0040
103  0.0040
104  0.0060
105  0.0040
106  0.0080
107  0.0040
108  0.0050
109  0.0060
110  0.0100
111  0.0110
112  0.0050
113  0.0120
114  0.0070
115  0.0050
116  0.0100
117  0.0080
118  0.0060
119  0.0060
120  0.0020
121  0.0040
122  0.0090
123  0.0080
124  0.0020
125  0.0010
126  0.0020
127  0.0030
128  0.0060
129  0.0050
130  0.0020
131  0.0010
132  0.0040
133  0.0020
134  0.0040
135  0.0050
136  0.0020
137  0.0050
138  0.0020
139  0.0020
140  0.0030
141  0.0030
142  0.0020
143  0.0040
144  0.0020
145  0.0010
146  0.0090
147  0.0050
148  0.0010
149  0.0040
150  0.0020
151  0.0020
152  0.0010
153  0.0040
154  0.0050
155  0.0010
156  0.0030
157  0.0010
159  0.0010
160  0.0060
161  0.0040
162  0.0030
163  0.0040
164  0.0060
166  0.0010
167  0.0010
168  0.0020
169  0.0010
170  0.0040
171  0.0010
172  0.0040
173  0.0010
174  0.0030
175  0.0030
176  0.0030
177  0.0010
178  0.0040
179  0.0050
182  0.0030
184  0.0030
186  0.0010
187  0.0010
188  0.0020
189  0.0030
191  0.0010
192  0.0040
193  0.0040
195  0.0020
196  0.0010
197  0.0010
198  0.0030
199  0.0030
201  0.0020
202  0.0030
205  0.0030
206  0.0030
207  0.0010
209  0.0010
210  0.0020
211  0.0030
213  0.0020
216  0.0010
218  0.0020
219  0.0020
220  0.0010
221  0.0020
222  0.0020
223  0.0060
224  0.0010
226  0.0030
227  0.0020
228  0.0010
229  0.0010
230  0.0020
231  0.0020
232  0.0010
234  0.0010
235  0.0020
236  0.0010
237  0.0020
238  0.0030
240  0.0020
241  0.0010
243  0.0010
244  0.0020
245  0.0010
246  0.0030
247  0.0020
248  0.0020
251  0.0010
252  0.0010
254  0.0010
255  0.0010
258  0.0010
261  0.0010
263  0.0010
265  0.0020
266  0.0010
268  0.0020
269  0.0010
270  0.0010
271  0.0020
274  0.0020
276  0.0020
277  0.0020
279  0.0010
281  0.0010
283  0.0020
284  0.0010
285  0.0010
289  0.0020
290  0.0030
296  0.0010
297  0.0010
300  0.0020
301  0.0010
302  0.0010
303  0.0010
309  0.0010
313  0.0010
316  0.0010
320  0.0030
323  0.0010
324  0.0030
325  0.0010
327  0.0010
329  0.0010
331  0.0010
332  0.0020
333  0.0010
344  0.0010
345  0.0010
348  0.0010
353  0.0030
365  0.0010
366  0.0020
367  0.0010
368  0.0010
369  0.0010
373  0.0020
374  0.0010
376  0.0010
377  0.0010
382  0.0010
384  0.0010
386  0.0010
393  0.0010
395  0.0010
399  0.0010
404  0.0010
408  0.0020
411  0.0010
412  0.0010
418  0.0010
423  0.0010
424  0.0010
426  0.0010
427  0.0010
432  0.0010
456  0.0010
459  0.0010
460  0.0010
466  0.0010
468  0.0020
475  0.0010
483  0.0010
486  0.0010
487  0.0010
495  0.0010
503  0.0010
509  0.0010
522  0.0010
524  0.0010
544  0.0010
550  0.0010
555  0.0010
561  0.0010
564  0.0010
565  0.0010
568  0.0010
584  0.0010
592  0.0010
598  0.0010
613  0.0010
619  0.0010
653  0.0020
672  0.0010
721  0.0010
740  0.0010
766  0.0010
772  0.0010
778  0.0010
801  0.0010
861  0.0010
888  0.0010
947  0.0010
995  0.0010
1138  0.0010
1156  0.0010
1372  0.0010
1745  0.0010
1983  0.0010
2086  0.0010
2154  0.0010
2253  0.0010
2301  0.0010
2490  0.0010
2823  0.0010
2837  0.0010
2976  0.0010
3006  0.0010
3130  0.0010
3543  0.0010
3618  0.0010
3741  0.0010
4025  0.0010
4147  0.0010
4366  0.0010
4445  0.0010
4537  0.0010
4547  0.0010
4551  0.0010
4667  0.0010
4675  0.0010
4723  0.0010
4737  0.0010
4765  0.0010
4779  0.0010
4872  0.0010
4875  0.0010
4923  0.0010
4932  0.0010
4942  0.0010
4943  0.0010
4960  0.0010
4968  0.0010
4976  0.0010
5001  0.0010
5033  0.0010
5034  0.0020
5041  0.0010
5059  0.0010
5070  0.0010
5074  0.0010
5083  0.0010
5087  0.0010
5100  0.0010
5105  0.0010
5108  0.0010
5117  0.0010
5133  0.0010
5145  0.0010
5148  0.0010
5158  0.0010
5165  0.0010
5168  0.0010
5177  0.0010
5182  0.0010
5189  0.0010
5192  0.0010
5194  0.0010
5197  0.0010
5202  0.0010
5214  0.0020
5220  0.0010
5221  0.0020
5228  0.0010
5236  0.0010
5240  0.0010
5247  0.0010
5253  0.0010
5254  0.0010
5259  0.0010
5264  0.0010
5265  0.0010
5275  0.0010
5282  0.0020
5286  0.0010
5290  0.0010
5295  0.0010
5301  0.0010
5302  0.0010
5316  0.0010
5317  0.0010
5321  0.0010
5322  0.0010
5325  0.0010
5335  0.0010
5337  0.0010
5349  0.0010
5351  0.0020
5356  0.0020
5361  0.0010
5362  0.0010
5366  0.0010
5368  0.0010
5371  0.0010
5372  0.0010
5373  0.0010
5375  0.0010
5378  0.0030
5380  0.0010
5389  0.0010
5394  0.0010
5396  0.0010
5398  0.0010
5399  0.0010
5401  0.0010
5402  0.0010
5403  0.0010
5405  0.0020
5406  0.0010
5409  0.0010
5410  0.0030
5411  0.0010
5413  0.0010
5419  0.0010
5421  0.0010
5422  0.0010
5423  0.0010
5424  0.0020
5426  0.0010
5427  0.0010
5434  0.0010
5435  0.0010
5439  0.0010
5446  0.0010
5449  0.0010
5453  0.0010
5454  0.0010
5456  0.0010
5457  0.0020
5461  0.0020
5462  0.0010
5463  0.0010
5466  0.0020
5469  0.0020
5470  0.0010
5476  0.0010
5477  0.0010
5479  0.0030
5480  0.0010
5482  0.0010
5483  0.0010
5484  0.0010
5486  0.0010
5487  0.0010
5490  0.0010
5491  0.0030
5492  0.0010
5493  0.0020
5494  0.0010
5496  0.0010
5497  0.0010
5498  0.0010
5501  0.0020
5502  0.0010
5505  0.0010
5506  0.0020
5509  0.0010
5514  0.0010
5515  0.0030
5517  0.0010
5521  0.0010
5522  0.0010
5524  0.0010
5525  0.0010
5528  0.0020
5532  0.0020
5534  0.0010
5535  0.0020
5540  0.0020
5545  0.0010
5548  0.0010
5549  0.0010
5550  0.0010
5551  0.0010
5553  0.0010
5554  0.0010
5558  0.0030
5559  0.0010
5560  0.0010
5561  0.0030
5563  0.0010
5565  0.0030
5568  0.0010
5569  0.0010
5571  0.0010
5572  0.0010
5578  0.0020
5579  0.0020
5580  0.0010
5581  0.0020
5582  0.0010
5583  0.0030
5585  0.0020
5586  0.0010
5588  0.0010
5589  0.0010
5590  0.0010
5591  0.0010
5592  0.0020
5593  0.0010
5594  0.0020
5596  0.0030
5597  0.0010
5598  0.0010
5599  0.0010
5600  0.0010
5601  0.0020
5602  0.0030
5603  0.0030
5606  0.0010
5609  0.0010
5613  0.0010
5614  0.0030
5616  0.0010
5617  0.0020
5618  0.0020
5619  0.0010
5620  0.0010
5621  0.0010
5622  0.0010
5623  0.0010
5624  0.0010
5626  0.0010
5627  0.0010
5628  0.0010
5629  0.0020
5631  0.0010
5632  0.0010
5638  0.0010
5640  0.0020
5641  0.0010
5642  0.0010
5643  0.0010
5644  0.0020
5645  0.0030
5646  0.0010
5647  0.0010
5648  0.0010
5649  0.0010
5651  0.0030
5652  0.0020
5653  0.0010
5654  0.0010
5655  0.0010
5656  0.0010
5657  0.0050
5658  0.0020
5659  0.0010
5660  0.0010
5663  0.0030
5664  0.0030
5668  0.0010
5670  0.0010
5671  0.0050
5672  0.0020
5673  0.0020
5675  0.0040
5676  0.0010
5677  0.0040
5680  0.0010
5683  0.0010
5684  0.0020
5685  0.0010
5686  0.0010
5688  0.0010
5689  0.0030
5690  0.0020
5691  0.0010
5692  0.0020
5695  0.0040
5696  0.0020
5697  0.0010
5698  0.0040
5701  0.0010
5702  0.0030
5703  0.0020
5704  0.0020
5705  0.0010
5706  0.0020
5707  0.0010
5708  0.0010
5710  0.0020
5712  0.0020
5713  0.0010
5714  0.0030
5716  0.0020
5717  0.0030
5718  0.0010
5720  0.0010
5721  0.0020
5722  0.0010
5726  0.0020
5727  0.0050
5728  0.0030
5730  0.0010
5731  0.0030
5732  0.0020
5734  0.0020
5735  0.0040
5738  0.0040
5739  0.0010
5741  0.0030
5742  0.0020
5743  0.0020
5744  0.0030
5745  0.0030
5746  0.0020
5747  0.0010
5749  0.0050
5750  0.0010
5751  0.0030
5754  0.0020
5755  0.0020
5756  0.0020
5757  0.0020
5758  0.0020
5762  0.0010
5763  0.0010
5764  0.0020
5765  0.0030
5766  0.0010
5768  0.0040
5769  0.0020
5770  0.0040
5771  0.0010
5772  0.0030
5773  0.0060
5774  0.0030
5775  0.0020
5777  0.0030
5778  0.0040
5779  0.0010
5780  0.0010
5781  0.0010
5782  0.0020
5783  0.0020
5784  0.0010
5785  0.0030
5786  0.0010
5787  0.0010
5789  0.0010
5790  0.0030
5791  0.0010
5792  0.0040
5793  0.0020
5794  0.0010
5796  0.0040
5797  0.0010
5798  0.0030
5799  0.0010
5800  0.0040
5801  0.0020
5803  0.0020
5805  0.0010
5806  0.0010
5807  0.0010
5809  0.0010
5810  0.0010
5811  0.0030
5813  0.0050
5814  0.0010
5815  0.0050
5816  0.0020
5817  0.0030
5818  0.0030
5819  0.0030
5820  0.0040
5821  0.0020
5822  0.0040
5823  0.0030
5824  0.0020
5825  0.0030
5826  0.0010
5827  0.0020
5828  0.0020
5829  0.0050
5830  0.0010
5831  0.0010
5832  0.0010
5833  0.0020
5834  0.0010
5835  0.0030
5836  0.0020
5837  0.0020
5838  0.0030
5839  0.0020
5840  0.0020
5841  0.0020
5844  0.0020
5845  0.0010
5846  0.0030
5847  0.0030
5848  0.0010
5849  0.0030
5850  0.0010
5851  0.0010
5852  0.0010
5853  0.0020
5854  0.0010
5855  0.0040
5856  0.0030
5857  0.0010
5858  0.0040
5859  0.0010
5860  0.0010
5861  0.0010
5862  0.0040
5863  0.0010
5864  0.0030
5865  0.0010
5866  0.0010
5867  0.0020
5868  0.0010
5869  0.0010
5870  0.0010
5871  0.0010
5872  0.0020
5873  0.0010
5874  0.0010
5875  0.0010
5876  0.0050
5878  0.0010
5880  0.0010
5881  0.0010
5882  0.0010
5883  0.0040
5884  0.0030
5885  0.0040
5886  0.0040
5887  0.0060
5888  0.0020
5889  0.0020
5890  0.0020
5891  0.0020
5893  0.0010
5894  0.0030
5896  0.0010
5897  0.0030
5898  0.0010
5899  0.0020
5900  0.0030
5901  0.0020
5902  0.0030
5903  0.0030
5904  0.0020
5906  0.0030
5907  0.0020
5908  0.0030
5910  0.0040
5911  0.0020
5914  0.0020
5915  0.0020
5916  0.0030
5917  0.0010
5918  0.0010
5919  0.0040
5920  0.0020
5921  0.0020
5922  0.0020
5923  0.0020
5925  0.0040
5928  0.0030
5929  0.0030
5930  0.0010
5931  0.0010
5932  0.0040
5933  0.0010
5934  0.0010
5935  0.0010
5936  0.0040
5937  0.0010
5938  0.0020
5939  0.0040
5940  0.0020
5941  0.0030
5942  0.0020
5943  0.0030
5944  0.0010
5945  0.0030
5946  0.0010
5947  0.0020
5948  0.0020
5952  0.0020
5954  0.0020
5955  0.0020
5956  0.0020
5957  0.0010
5961  0.0020
5962  0.0010
5963  0.0040
5964  0.0030
5965  0.0030
5966  0.0040
5968  0.0020
5969  0.0010
5970  0.0030
5972  0.0020
5973  0.0010
5975  0.0040
5978  0.0020
5979  0.0030
5980  0.0060
5982  0.0020
5983  0.0010
5984  0.0010
5985  0.0030
5987  0.0020
5989  0.0020
5990  0.0020
5991  0.0020
5992  0.0010
5993  0.0010
5995  0.0010
5996  0.0030
5997  0.0010
5998  0.0010
5999  0.0020
6000  0.0020
6001  0.0020
6003  0.0010
6004  0.0010
6005  0.0030
6006  0.0030
6007  0.0010
6009  0.0020
6011  0.0020
6012  0.0020
6015  0.0010
6022  0.0010
6024  0.0010
6025  0.0010
6027  0.0010
6028  0.0020
6029  0.0030
6030  0.0010
6032  0.0010
6035  0.0020
6036  0.0010
6038  0.0020
6039  0.0010
6040  0.0030
6043  0.0030
6044  0.0030
6045  0.0020
6047  0.0010
6048  0.0010
6051  0.0010
6052  0.0020
6053  0.0020
6057  0.0020
6060  0.0010
6061  0.0010
6062  0.0020
6065  0.0020
6070  0.0030
6071  0.0010
6073  0.0030
6075  0.0010
6076  0.0020
6078  0.0010
6080  0.0010
6083  0.0010
6085  0.0010
6087  0.0010
6094  0.0020
6095  0.0020
6096  0.0010
6097  0.0020
6100  0.0010
6101  0.0010
6102  0.0020
6104  0.0010
6107  0.0010
6110  0.0010
6113  0.0010
6115  0.0010
6118  0.0010
6121  0.0010
6122  0.0010
6131  0.0010
6139  0.0010
6141  0.0010
6143  0.0010
6147  0.0010
6153  0.0010
6160  0.0010
6182  0.0010
6217  0.0010
