1  0.0500
2  0.0030
9516  0.0010
9519  0.0010
9537  0.0010
9538  0.0010
9542  0.0010
9544  0.0010
9545  0.0020
9549  0.0020
9552  0.0030
9553  0.0010
9554  0.0010
9557  0.0030
9558  0.0010
9560  0.0040
9561  0.0030
9562  0.0010
9563  0.0050
9564  0.0020
9565  0.0040
9566  0.0060
9567  0.0030
9568  0.0080
9569  0.0130
9570  0.0110
9571  0.0080
9572  0.0060
9573  0.0050
9574  0.0060
9575  0.0110
9576  0.0130
9577  0.0130
9578  0.0100
9579  0.0030
9580  0.0110
9581  0.0100
9582  0.0180
9583  0.0160
9584  0.0160
9585  0.0140
9586  0.0130
9587  0.0110
9588  0.0220
9589  0.0110
9590  0.0110
9591  0.0220
9592  0.0260
9593  0.0170
9594  0.0180
9595  0.0150
9596  0.0130
9597  0.0150
9598  0.0210
9599  0.0270
9600  0.0170
9601  0.0230
9602  0.0180
9603  0.0180
9604  0.0220
9605  0.0180
9606  0.0140
9607  0.0160
9608  0.0160
9609  0.0220
9610  0.0250
9611  0.0190
9612  0.0130
9613  0.0140
9614  0.0170
9615  0.0160
9616  0.0100
9617  0.0220
9618  0.0130
9619  0.0150
9620  0.0090
9621  0.0160
9622  0.0090
9623  0.0100
9624  0.0100
9625  0.0110
9626  0.0070
9627  0.0110
9628  0.0120
9629  0.0080
9630  0.0050
9631  0.0090
9632  0.0050
9633  0.0050
9634  0.0070
9635  0.0040
9636  0.0060
9637  0.0020
9638  0.0030
9639  0.0030
9640  0.0020
9641  0.0020
9643  0.0020
9644  0.0030
9645  0.0010
9648  0.0010
9649  0.0010
9650  0.0010
9651  0.0010
9652  0.0010
9653  0.0010
9654  0.0010
9655  0.0010
9657  0.0010
