1  20.8930
2  3.5010
3  1.9580
4  1.1620
5  0.7550
6  0.5170
7  0.3640
8  0.2990
9  0.2290
10  0.1700
11  0.1440
12  0.1260
13  0.1160
14  0.0910
15  0.0820
16  0.0690
17  0.0510
18  0.0510
19  0.0440
20  0.0350
21  0.0370
22  0.0290
23  0.0350
24  0.0220
25  0.0140
26  0.0170
27  0.0200
28  0.0190
29  0.0240
30  0.0100
31  0.0130
32  0.0090
33  0.0120
34  0.0070
35  0.0070
36  0.0130
37  0.0070
38  0.0090
39  0.0090
40  0.0090
41  0.0120
42  0.0020
43  0.0070
44  0.0070
45  0.0020
46  0.0040
47  0.0100
48  0.0040
49  0.0050
50  0.0040
51  0.0040
52  0.0020
53  0.0050
54  0.0020
55  0.0050
56  0.0050
57  0.0070
58  0.0010
59  0.0020
60  0.0020
61  0.0020
62  0.0030
63  0.0010
64  0.0040
65  0.0010
66  0.0020
67  0.0030
68  0.0030
69  0.0010
70  0.0040
72  0.0010
73  0.0010
74  0.0010
75  0.0020
76  0.0010
77  0.0010
78  0.0010
80  0.0010
81  0.0010
82  0.0010
84  0.0020
85  0.0010
86  0.0020
88  0.0010
90  0.0010
91  0.0020
92  0.0030
95  0.0010
96  0.0010
98  0.0010
99  0.0020
100  0.0020
102  0.0030
105  0.0010
108  0.0010
109  0.0010
116  0.0020
117  0.0010
118  0.0020
119  0.0020
121  0.0010
123  0.0010
124  0.0010
125  0.0010
135  0.0010
137  0.0010
138  0.0010
141  0.0020
148  0.0010
153  0.0010
155  0.0010
164  0.0010
169  0.0010
181  0.0010
184  0.0010
187  0.0010
191  0.0020
194  0.0010
227  0.0010
278  0.0010
360  0.0010
500  0.0010
1045  0.0010
1248  0.0010
1291  0.0010
1295  0.0010
1319  0.0010
1337  0.0010
1372  0.0010
1378  0.0010
1381  0.0010
1384  0.0010
1394  0.0010
1417  0.0010
1419  0.0010
1421  0.0010
1423  0.0010
1427  0.0010
1431  0.0010
1438  0.0010
1439  0.0010
1448  0.0010
1456  0.0010
1463  0.0010
1465  0.0010
1469  0.0010
1470  0.0020
1471  0.0010
1472  0.0020
1473  0.0010
1474  0.0010
1475  0.0020
1478  0.0010
1480  0.0040
1482  0.0030
1487  0.0010
1490  0.0020
1492  0.0020
1495  0.0030
1497  0.0020
1499  0.0010
1501  0.0010
1503  0.0010
1506  0.0020
1507  0.0030
1510  0.0010
1511  0.0010
1513  0.0010
1514  0.0010
1515  0.0040
1516  0.0010
1517  0.0020
1519  0.0020
1520  0.0010
1521  0.0010
1522  0.0030
1523  0.0010
1524  0.0040
1526  0.0040
1527  0.0010
1528  0.0010
1529  0.0020
1530  0.0020
1531  0.0010
1532  0.0020
1533  0.0040
1534  0.0020
1535  0.0020
1536  0.0010
1537  0.0010
1538  0.0010
1539  0.0010
1541  0.0030
1543  0.0020
1544  0.0010
1545  0.0030
1546  0.0020
1547  0.0030
1548  0.0030
1549  0.0020
1550  0.0020
1551  0.0030
1552  0.0020
1553  0.0030
1555  0.0030
1556  0.0030
1557  0.0010
1558  0.0020
1559  0.0040
1560  0.0020
1561  0.0030
1562  0.0040
1563  0.0020
1564  0.0020
1565  0.0010
1566  0.0040
1567  0.0050
1568  0.0050
1569  0.0030
1570  0.0030
1571  0.0040
1572  0.0030
1573  0.0060
1574  0.0040
1575  0.0050
1576  0.0040
1577  0.0040
1578  0.0040
1579  0.0030
1580  0.0060
1581  0.0020
1582  0.0070
1583  0.0080
1584  0.0060
1585  0.0030
1586  0.0090
1587  0.0050
1588  0.0040
1589  0.0070
1590  0.0110
1591  0.0040
1592  0.0040
1593  0.0060
1594  0.0050
1595  0.0040
1596  0.0080
1597  0.0010
1598  0.0020
1599  0.0030
1600  0.0060
1601  0.0050
1602  0.0070
1603  0.0060
1604  0.0060
1605  0.0090
1606  0.0050
1607  0.0080
1608  0.0110
1609  0.0090
1610  0.0050
1611  0.0070
1612  0.0070
1613  0.0080
1614  0.0080
1615  0.0100
1616  0.0090
1617  0.0100
1618  0.0070
1619  0.0040
1620  0.0100
1621  0.0060
1622  0.0040
1623  0.0070
1624  0.0130
1625  0.0150
1626  0.0070
1627  0.0060
1628  0.0090
1629  0.0100
1630  0.0100
1631  0.0100
1632  0.0070
1633  0.0070
1634  0.0050
1635  0.0110
1636  0.0110
1637  0.0080
1638  0.0090
1639  0.0070
1640  0.0070
1641  0.0090
1642  0.0090
1643  0.0060
1644  0.0070
1645  0.0130
1646  0.0100
1647  0.0070
1648  0.0110
1649  0.0040
1650  0.0070
1651  0.0090
1652  0.0060
1653  0.0060
1654  0.0070
1655  0.0070
1656  0.0090
1657  0.0130
1658  0.0080
1659  0.0100
1660  0.0120
1661  0.0050
1662  0.0080
1663  0.0030
1664  0.0040
1665  0.0060
1666  0.0050
1667  0.0030
1668  0.0080
1669  0.0060
1670  0.0050
1671  0.0070
1672  0.0070
1673  0.0050
1674  0.0060
1675  0.0040
1676  0.0050
1677  0.0110
1678  0.0060
1679  0.0030
1680  0.0030
1681  0.0030
1682  0.0030
1683  0.0010
1684  0.0010
1685  0.0030
1686  0.0010
1687  0.0010
1688  0.0020
1689  0.0020
1690  0.0010
1691  0.0050
1692  0.0010
1694  0.0030
1695  0.0020
1696  0.0020
1697  0.0020
1698  0.0050
1700  0.0040
1701  0.0010
1702  0.0010
1703  0.0020
1704  0.0020
1705  0.0030
1706  0.0030
1709  0.0020
1710  0.0010
1711  0.0010
1713  0.0010
1715  0.0030
1716  0.0010
1717  0.0020
1718  0.0010
1722  0.0010
1732  0.0010
1741  0.0010
