1  405.0055
2  110.9315
3  70.1570
4  47.7520
5  34.4395
6  26.4045
7  20.8855
8  16.8880
9  14.0335
10  11.6765
11  10.0210
12  8.6200
13  7.6360
14  6.6580
15  5.6955
16  5.2725
17  4.6560
18  4.2845
19  3.8290
20  3.5075
21  3.0975
22  2.8940
23  2.6435
24  2.4335
25  2.2585
26  2.0755
27  1.9040
28  1.7610
29  1.6290
30  1.5300
31  1.4315
32  1.3100
33  1.2155
34  1.1620
35  1.0890
36  1.0165
37  0.9445
38  0.8640
39  0.7805
40  0.7720
41  0.6830
42  0.6440
43  0.6780
44  0.6110
45  0.5765
46  0.5410
47  0.5340
48  0.4985
49  0.4755
50  0.4465
51  0.4320
52  0.3710
53  0.3695
54  0.3615
55  0.3385
56  0.3240
57  0.3065
58  0.2825
59  0.2740
60  0.2755
61  0.2490
62  0.2230
63  0.2435
64  0.2115
65  0.1725
66  0.1905
67  0.1935
68  0.1845
69  0.1530
70  0.1610
71  0.1645
72  0.1415
73  0.1510
74  0.1390
75  0.1310
76  0.1165
77  0.1090
78  0.1095
79  0.0985
80  0.0850
81  0.0960
82  0.0960
83  0.0880
84  0.0920
85  0.0755
86  0.0850
87  0.0715
88  0.0665
89  0.0640
90  0.0730
91  0.0680
92  0.0570
93  0.0565
94  0.0475
95  0.0470
96  0.0500
97  0.0545
98  0.0455
99  0.0415
100  0.0465
101  0.0415
102  0.0480
103  0.0390
104  0.0335
105  0.0395
106  0.0390
107  0.0300
108  0.0305
109  0.0270
110  0.0265
111  0.0290
112  0.0195
113  0.0280
114  0.0200
115  0.0225
116  0.0165
117  0.0180
118  0.0230
119  0.0235
120  0.0160
121  0.0200
122  0.0155
123  0.0140
124  0.0230
125  0.0120
126  0.0200
127  0.0190
128  0.0110
129  0.0115
130  0.0160
131  0.0140
132  0.0110
133  0.0075
134  0.0095
135  0.0125
136  0.0100
137  0.0055
138  0.0095
139  0.0090
140  0.0125
141  0.0095
142  0.0105
143  0.0055
144  0.0065
145  0.0065
146  0.0105
147  0.0075
148  0.0055
149  0.0100
150  0.0050
151  0.0065
152  0.0045
153  0.0035
154  0.0080
155  0.0075
156  0.0045
157  0.0060
158  0.0060
159  0.0070
160  0.0050
161  0.0035
162  0.0045
163  0.0055
164  0.0040
165  0.0060
166  0.0025
167  0.0040
168  0.0030
169  0.0015
170  0.0025
171  0.0035
172  0.0005
173  0.0030
174  0.0020
175  0.0020
176  0.0020
177  0.0005
178  0.0010
179  0.0030
180  0.0050
181  0.0020
182  0.0020
183  0.0005
184  0.0015
185  0.0030
186  0.0015
187  0.0005
188  0.0025
189  0.0015
190  0.0005
191  0.0010
193  0.0005
194  0.0005
196  0.0020
197  0.0010
198  0.0005
199  0.0015
200  0.0015
201  0.0005
202  0.0010
203  0.0020
204  0.0010
205  0.0010
207  0.0005
208  0.0005
209  0.0010
210  0.0010
211  0.0020
212  0.0005
213  0.0015
214  0.0005
215  0.0005
216  0.0010
217  0.0005
218  0.0005
219  0.0005
220  0.0005
222  0.0005
223  0.0015
224  0.0010
227  0.0010
228  0.0005
230  0.0005
231  0.0005
232  0.0005
234  0.0005
237  0.0005
239  0.0005
244  0.0005
245  0.0005
246  0.0010
249  0.0005
257  0.0005
258  0.0005
260  0.0005
264  0.0005
266  0.0005
269  0.0005
276  0.0005
280  0.0005
281  0.0005
283  0.0005
287  0.0005
290  0.0005
315  0.0005
325  0.0005
347  0.0005
