1  94.4320
2  25.6520
3  15.9410
4  11.0280
5  8.1010
6  6.0090
7  4.7720
8  4.0230
9  3.2910
10  2.7950
11  2.2460
12  2.0380
13  1.8250
14  1.5660
15  1.3980
16  1.2190
17  1.1360
18  1.0300
19  0.8940
20  0.8320
21  0.7500
22  0.7140
23  0.6370
24  0.5900
25  0.5340
26  0.5520
27  0.4850
28  0.4370
29  0.4240
30  0.4040
31  0.3750
32  0.3430
33  0.3440
34  0.3000
35  0.2660
36  0.2530
37  0.2390
38  0.2210
39  0.2300
40  0.1820
41  0.1960
42  0.2050
43  0.1990
44  0.1890
45  0.1650
46  0.1330
47  0.1560
48  0.1260
49  0.1430
50  0.1030
51  0.1130
52  0.1180
53  0.1060
54  0.0980
55  0.1040
56  0.1040
57  0.1150
58  0.0860
59  0.0900
60  0.0880
61  0.0760
62  0.0820
63  0.0720
64  0.0670
65  0.0520
66  0.0730
67  0.0630
68  0.0480
69  0.0500
70  0.0510
71  0.0500
72  0.0560
73  0.0460
74  0.0520
75  0.0390
76  0.0480
77  0.0440
78  0.0350
79  0.0280
80  0.0370
81  0.0480
82  0.0350
83  0.0270
84  0.0300
85  0.0290
86  0.0370
87  0.0270
88  0.0360
89  0.0240
90  0.0330
91  0.0310
92  0.0170
93  0.0240
94  0.0200
95  0.0210
96  0.0210
97  0.0260
98  0.0270
99  0.0190
100  0.0210
101  0.0100
102  0.0180
103  0.0170
104  0.0110
105  0.0140
106  0.0130
107  0.0130
108  0.0100
109  0.0150
110  0.0100
111  0.0140
112  0.0040
113  0.0150
114  0.0090
115  0.0110
116  0.0100
117  0.0170
118  0.0090
119  0.0140
120  0.0040
121  0.0080
122  0.0060
123  0.0070
124  0.0070
125  0.0090
126  0.0080
127  0.0070
128  0.0020
129  0.0120
130  0.0060
131  0.0080
132  0.0080
133  0.0040
134  0.0070
135  0.0050
136  0.0080
137  0.0050
138  0.0050
139  0.0050
140  0.0060
141  0.0030
142  0.0040
143  0.0070
144  0.0030
145  0.0030
146  0.0030
147  0.0010
148  0.0060
149  0.0040
150  0.0030
151  0.0030
152  0.0040
153  0.0010
154  0.0040
155  0.0060
156  0.0020
157  0.0020
158  0.0040
159  0.0030
160  0.0080
161  0.0020
162  0.0020
163  0.0020
164  0.0010
166  0.0040
167  0.0010
168  0.0010
169  0.0010
170  0.0010
171  0.0030
172  0.0010
173  0.0010
174  0.0010
175  0.0030
177  0.0010
180  0.0010
182  0.0030
183  0.0010
185  0.0010
187  0.0010
188  0.0020
191  0.0020
192  0.0010
193  0.0010
194  0.0010
196  0.0010
198  0.0020
199  0.0010
201  0.0010
202  0.0020
205  0.0010
206  0.0010
208  0.0010
209  0.0010
210  0.0020
215  0.0020
217  0.0010
224  0.0020
225  0.0010
227  0.0010
230  0.0010
236  0.0010
237  0.0010
249  0.0020
253  0.0020
256  0.0010
265  0.0020
267  0.0010
281  0.0010
288  0.0010
295  0.0010
335  0.0010
350  0.0010
390  0.0010
