1  715.3560
2  212.2400
3  121.1710
4  74.3310
5  48.0120
6  32.3670
7  22.4330
8  15.9150
9  11.5300
10  8.4220
11  6.2770
12  4.7890
13  3.5470
14  2.7190
15  2.1010
16  1.5910
17  1.3110
18  0.9850
19  0.7790
20  0.5570
21  0.5130
22  0.3750
23  0.2850
24  0.2330
25  0.1940
26  0.1270
27  0.1240
28  0.0850
29  0.0670
30  0.0510
31  0.0450
32  0.0420
33  0.0350
34  0.0260
35  0.0180
36  0.0200
37  0.0160
38  0.0140
39  0.0080
40  0.0060
41  0.0030
42  0.0030
43  0.0030
44  0.0050
45  0.0020
46  0.0010
47  0.0020
48  0.0010
49  0.0030
51  0.0010
53  0.0010
56  0.0010
