1  176.5980
2  37.0380
3  22.0620
4  14.1470
5  10.0000
6  7.2460
7  5.6040
8  4.6020
9  3.5960
10  3.0510
11  2.5220
12  2.1440
13  1.8850
14  1.6510
15  1.4680
16  1.3070
17  1.2340
18  1.0620
19  0.9710
20  0.8870
21  0.7830
22  0.6970
23  0.6460
24  0.6450
25  0.5950
26  0.5310
27  0.5450
28  0.4690
29  0.4420
30  0.4550
31  0.3940
32  0.3540
33  0.3490
34  0.3210
35  0.3020
36  0.2870
37  0.2870
38  0.2650
39  0.2980
40  0.2440
41  0.2360
42  0.2280
43  0.1990
44  0.2300
45  0.2040
46  0.1820
47  0.1980
48  0.2120
49  0.1740
50  0.1720
51  0.1690
52  0.1570
53  0.1530
54  0.1280
55  0.1260
56  0.1430
57  0.1130
58  0.1350
59  0.0960
60  0.1010
61  0.1030
62  0.1100
63  0.1020
64  0.1030
65  0.1160
66  0.0960
67  0.0930
68  0.1240
69  0.1030
70  0.1000
71  0.0980
72  0.0880
73  0.0920
74  0.0940
75  0.0800
76  0.0950
77  0.0690
78  0.0840
79  0.0740
80  0.0630
81  0.0780
82  0.0760
83  0.0710
84  0.0840
85  0.0630
86  0.0600
87  0.0740
88  0.0630
89  0.0550
90  0.0560
91  0.0560
92  0.0470
93  0.0550
94  0.0660
95  0.0510
96  0.0620
97  0.0360
98  0.0370
99  0.0520
100  0.0500
101  0.0470
102  0.0480
103  0.0430
104  0.0480
105  0.0450
106  0.0360
107  0.0420
108  0.0390
109  0.0320
110  0.0410
111  0.0270
112  0.0420
113  0.0300
114  0.0370
115  0.0310
116  0.0450
117  0.0300
118  0.0400
119  0.0320
120  0.0340
121  0.0360
122  0.0350
123  0.0370
124  0.0330
125  0.0260
126  0.0290
127  0.0240
128  0.0310
129  0.0370
130  0.0380
131  0.0210
132  0.0300
133  0.0210
134  0.0280
135  0.0400
136  0.0360
137  0.0240
138  0.0330
139  0.0280
140  0.0230
141  0.0240
142  0.0300
143  0.0350
144  0.0230
145  0.0270
146  0.0250
147  0.0250
148  0.0240
149  0.0190
150  0.0170
151  0.0230
152  0.0250
153  0.0200
154  0.0150
155  0.0150
156  0.0270
157  0.0190
158  0.0240
159  0.0290
160  0.0230
161  0.0220
162  0.0250
163  0.0150
164  0.0210
165  0.0300
166  0.0200
167  0.0200
168  0.0150
169  0.0170
170  0.0180
171  0.0120
172  0.0160
173  0.0220
174  0.0200
175  0.0140
176  0.0220
177  0.0200
178  0.0220
179  0.0210
180  0.0140
181  0.0170
182  0.0140
183  0.0130
184  0.0190
185  0.0150
186  0.0100
187  0.0190
188  0.0180
189  0.0150
190  0.0170
191  0.0140
192  0.0080
193  0.0150
194  0.0200
195  0.0190
196  0.0240
197  0.0140
198  0.0100
199  0.0220
200  0.0120
201  0.0210
202  0.0180
203  0.0170
204  0.0130
205  0.0180
206  0.0110
207  0.0150
208  0.0100
209  0.0190
210  0.0120
211  0.0170
212  0.0150
213  0.0150
214  0.0140
215  0.0140
216  0.0140
217  0.0140
218  0.0090
219  0.0070
220  0.0090
221  0.0070
222  0.0200
223  0.0110
224  0.0140
225  0.0110
226  0.0100
227  0.0150
228  0.0190
229  0.0150
230  0.0060
231  0.0200
232  0.0130
233  0.0140
234  0.0080
235  0.0160
236  0.0050
237  0.0080
238  0.0090
239  0.0130
240  0.0080
241  0.0100
242  0.0060
243  0.0050
244  0.0090
245  0.0080
246  0.0090
247  0.0130
248  0.0100
249  0.0090
250  0.0150
251  0.0100
252  0.0120
253  0.0070
254  0.0090
255  0.0080
256  0.0130
257  0.0050
258  0.0110
259  0.0060
260  0.0090
261  0.0180
262  0.0110
263  0.0060
264  0.0090
265  0.0080
266  0.0080
267  0.0110
268  0.0090
269  0.0080
270  0.0070
271  0.0050
272  0.0080
273  0.0110
274  0.0120
275  0.0100
276  0.0080
277  0.0020
278  0.0060
279  0.0080
280  0.0080
281  0.0070
282  0.0160
283  0.0050
284  0.0110
285  0.0090
286  0.0050
287  0.0070
288  0.0060
289  0.0040
290  0.0040
291  0.0100
292  0.0090
293  0.0100
294  0.0090
295  0.0070
296  0.0050
297  0.0080
298  0.0100
299  0.0070
300  0.0030
301  0.0110
302  0.0050
303  0.0110
304  0.0090
305  0.0090
306  0.0070
307  0.0080
308  0.0100
309  0.0080
310  0.0070
311  0.0030
312  0.0030
313  0.0050
314  0.0060
315  0.0060
316  0.0060
317  0.0070
318  0.0110
319  0.0020
320  0.0110
321  0.0030
322  0.0070
323  0.0020
324  0.0070
325  0.0050
326  0.0070
327  0.0080
328  0.0090
329  0.0050
330  0.0090
331  0.0070
332  0.0090
333  0.0050
334  0.0080
335  0.0070
336  0.0030
337  0.0040
338  0.0050
339  0.0050
340  0.0090
341  0.0040
342  0.0050
343  0.0040
344  0.0060
345  0.0120
346  0.0090
347  0.0020
348  0.0060
349  0.0110
350  0.0070
351  0.0040
352  0.0050
353  0.0040
354  0.0080
355  0.0050
356  0.0050
357  0.0070
358  0.0020
359  0.0030
360  0.0050
361  0.0020
362  0.0040
363  0.0090
364  0.0050
365  0.0070
366  0.0050
367  0.0110
368  0.0020
369  0.0030
370  0.0080
371  0.0010
372  0.0080
373  0.0090
374  0.0070
375  0.0070
376  0.0070
377  0.0060
378  0.0030
379  0.0050
380  0.0060
381  0.0050
382  0.0040
383  0.0060
384  0.0060
385  0.0030
386  0.0040
387  0.0010
388  0.0030
389  0.0030
390  0.0030
391  0.0060
392  0.0040
393  0.0050
394  0.0080
395  0.0030
396  0.0020
397  0.0040
398  0.0040
399  0.0030
400  0.0060
401  0.0030
402  0.0050
403  0.0020
404  0.0080
405  0.0030
406  0.0100
407  0.0040
408  0.0030
409  0.0050
410  0.0020
411  0.0030
412  0.0100
413  0.0030
414  0.0070
415  0.0060
416  0.0090
417  0.0020
418  0.0050
419  0.0060
420  0.0040
421  0.0010
422  0.0050
423  0.0060
424  0.0010
425  0.0050
426  0.0050
427  0.0010
428  0.0040
429  0.0040
430  0.0060
431  0.0030
432  0.0060
433  0.0020
434  0.0030
435  0.0030
436  0.0050
437  0.0060
438  0.0040
439  0.0030
440  0.0040
441  0.0030
442  0.0030
443  0.0030
444  0.0020
445  0.0030
446  0.0070
447  0.0050
448  0.0050
449  0.0080
450  0.0040
451  0.0040
452  0.0060
453  0.0070
454  0.0020
455  0.0050
456  0.0020
457  0.0050
459  0.0040
460  0.0060
461  0.0020
462  0.0050
463  0.0030
464  0.0010
465  0.0030
466  0.0050
467  0.0020
468  0.0030
469  0.0040
470  0.0030
471  0.0030
472  0.0030
473  0.0020
474  0.0020
475  0.0010
476  0.0030
477  0.0060
478  0.0020
479  0.0020
480  0.0030
481  0.0030
482  0.0020
483  0.0030
484  0.0060
485  0.0010
486  0.0040
487  0.0090
488  0.0030
489  0.0020
490  0.0020
491  0.0060
492  0.0030
493  0.0030
494  0.0070
495  0.0030
496  0.0050
497  0.0030
499  0.0010
500  0.0020
501  0.0010
502  0.0040
503  0.0030
504  0.0040
505  0.0040
506  0.0010
507  0.0020
508  0.0010
509  0.0020
510  0.0010
511  0.0010
512  0.0020
513  0.0040
514  0.0020
515  0.0030
516  0.0060
517  0.0020
519  0.0030
520  0.0030
521  0.0010
522  0.0020
523  0.0030
524  0.0050
525  0.0030
527  0.0040
528  0.0030
529  0.0050
531  0.0010
532  0.0040
533  0.0020
534  0.0010
535  0.0020
536  0.0010
537  0.0030
538  0.0050
540  0.0010
541  0.0010
542  0.0030
543  0.0030
544  0.0010
545  0.0020
546  0.0010
547  0.0030
548  0.0020
549  0.0010
551  0.0020
552  0.0020
553  0.0030
555  0.0020
556  0.0050
557  0.0020
558  0.0020
559  0.0020
561  0.0020
562  0.0030
564  0.0050
565  0.0010
567  0.0040
568  0.0010
569  0.0050
570  0.0030
571  0.0040
573  0.0030
575  0.0020
576  0.0030
577  0.0040
578  0.0010
579  0.0020
580  0.0030
581  0.0030
582  0.0050
583  0.0020
586  0.0010
588  0.0010
589  0.0060
590  0.0030
592  0.0020
593  0.0060
594  0.0010
595  0.0050
596  0.0010
597  0.0050
598  0.0010
599  0.0010
600  0.0010
601  0.0020
602  0.0030
604  0.0010
606  0.0040
607  0.0030
608  0.0010
609  0.0020
610  0.0030
611  0.0040
612  0.0020
613  0.0040
614  0.0030
615  0.0030
616  0.0030
617  0.0010
618  0.0030
619  0.0020
620  0.0010
622  0.0010
623  0.0010
624  0.0010
625  0.0020
626  0.0030
628  0.0010
629  0.0040
631  0.0030
632  0.0010
633  0.0050
634  0.0030
636  0.0010
637  0.0020
638  0.0020
639  0.0020
640  0.0040
641  0.0010
642  0.0040
643  0.0040
644  0.0010
647  0.0030
648  0.0040
649  0.0020
650  0.0040
651  0.0010
652  0.0020
653  0.0020
655  0.0040
656  0.0020
657  0.0010
658  0.0010
659  0.0020
660  0.0040
661  0.0010
662  0.0050
663  0.0030
665  0.0050
666  0.0030
667  0.0030
668  0.0020
669  0.0010
670  0.0030
671  0.0020
672  0.0020
673  0.0010
674  0.0010
675  0.0020
676  0.0020
677  0.0010
678  0.0030
679  0.0020
680  0.0010
682  0.0050
683  0.0040
684  0.0020
685  0.0010
686  0.0010
687  0.0030
688  0.0040
689  0.0040
690  0.0030
692  0.0010
693  0.0010
694  0.0010
695  0.0030
696  0.0020
698  0.0030
699  0.0010
700  0.0020
701  0.0030
702  0.0030
703  0.0020
704  0.0020
705  0.0010
706  0.0020
707  0.0020
708  0.0030
709  0.0010
710  0.0020
711  0.0040
712  0.0030
713  0.0020
714  0.0030
715  0.0030
716  0.0030
717  0.0010
718  0.0010
719  0.0010
720  0.0030
725  0.0020
727  0.0010
729  0.0010
730  0.0020
731  0.0020
732  0.0010
733  0.0020
734  0.0020
735  0.0010
736  0.0010
739  0.0010
740  0.0030
741  0.0020
742  0.0050
744  0.0010
745  0.0010
746  0.0010
747  0.0010
748  0.0010
751  0.0020
752  0.0010
753  0.0020
754  0.0020
755  0.0010
756  0.0010
759  0.0030
760  0.0020
761  0.0040
762  0.0010
763  0.0010
764  0.0040
765  0.0040
766  0.0030
767  0.0010
768  0.0040
769  0.0020
770  0.0010
771  0.0020
772  0.0010
773  0.0010
774  0.0030
775  0.0020
776  0.0020
779  0.0020
780  0.0020
781  0.0040
783  0.0010
784  0.0030
785  0.0020
787  0.0020
789  0.0040
790  0.0030
791  0.0020
793  0.0010
794  0.0010
795  0.0020
796  0.0010
797  0.0020
798  0.0020
799  0.0010
800  0.0010
801  0.0010
802  0.0010
803  0.0010
804  0.0010
806  0.0030
808  0.0030
812  0.0030
813  0.0010
815  0.0010
816  0.0020
817  0.0020
818  0.0020
820  0.0010
821  0.0020
823  0.0030
824  0.0020
825  0.0040
827  0.0030
828  0.0010
831  0.0020
833  0.0040
835  0.0020
837  0.0010
838  0.0030
842  0.0010
843  0.0020
844  0.0010
845  0.0030
846  0.0010
847  0.0040
849  0.0010
851  0.0010
853  0.0010
854  0.0010
856  0.0020
861  0.0020
862  0.0010
863  0.0010
864  0.0020
866  0.0010
868  0.0030
869  0.0020
870  0.0020
871  0.0010
872  0.0030
873  0.0020
875  0.0020
876  0.0030
877  0.0010
878  0.0020
879  0.0010
880  0.0020
883  0.0040
885  0.0020
886  0.0010
889  0.0010
890  0.0030
891  0.0010
892  0.0010
894  0.0010
895  0.0020
896  0.0010
897  0.0010
898  0.0030
899  0.0010
900  0.0010
903  0.0020
904  0.0020
905  0.0030
910  0.0020
911  0.0010
913  0.0030
914  0.0030
915  0.0020
916  0.0010
918  0.0030
922  0.0020
923  0.0030
924  0.0020
925  0.0020
927  0.0010
928  0.0020
929  0.0030
930  0.0010
931  0.0020
932  0.0010
934  0.0020
936  0.0020
939  0.0050
940  0.0010
943  0.0010
944  0.0010
947  0.0020
948  0.0030
950  0.0020
951  0.0010
955  0.0030
958  0.0010
961  0.0010
963  0.0040
964  0.0030
966  0.0020
967  0.0010
968  0.0020
969  0.0010
971  0.0010
972  0.0010
973  0.0010
974  0.0030
975  0.0010
976  0.0010
977  0.0010
978  0.0020
979  0.0030
981  0.0010
982  0.0010
983  0.0010
988  0.0010
989  0.0010
991  0.0010
992  0.0010
994  0.0010
995  0.0010
998  0.0010
999  0.0010
1000  0.0010
1001  0.0010
1002  0.0020
1003  0.0020
1006  0.0010
1010  0.0020
1011  0.0010
1013  0.0030
1014  0.0020
1015  0.0010
1016  0.0010
1018  0.0030
1019  0.0010
1020  0.0010
1023  0.0010
1024  0.0020
1027  0.0020
1030  0.0010
1031  0.0020
1032  0.0020
1033  0.0010
1034  0.0030
1035  0.0010
1037  0.0010
1038  0.0020
1039  0.0010
1044  0.0020
1045  0.0020
1047  0.0020
1048  0.0020
1050  0.0020
1054  0.0010
1055  0.0010
1056  0.0010
1058  0.0010
1059  0.0020
1060  0.0020
1061  0.0010
1062  0.0010
1063  0.0010
1064  0.0010
1065  0.0010
1066  0.0010
1067  0.0020
1068  0.0010
1071  0.0010
1073  0.0030
1075  0.0020
1076  0.0010
1077  0.0010
1080  0.0010
1081  0.0030
1084  0.0030
1085  0.0020
1086  0.0020
1087  0.0010
1088  0.0010
1089  0.0020
1090  0.0010
1091  0.0010
1096  0.0020
1097  0.0020
1098  0.0010
1099  0.0010
1100  0.0010
1101  0.0010
1104  0.0060
1107  0.0010
1108  0.0010
1109  0.0010
1112  0.0020
1113  0.0010
1116  0.0010
1117  0.0010
1118  0.0010
1120  0.0010
1121  0.0010
1123  0.0010
1124  0.0030
1125  0.0010
1127  0.0020
1129  0.0030
1133  0.0010
1134  0.0010
1137  0.0030
1139  0.0010
1140  0.0010
1141  0.0010
1142  0.0010
1143  0.0010
1146  0.0020
1147  0.0030
1150  0.0010
1152  0.0010
1153  0.0010
1154  0.0010
1155  0.0020
1156  0.0010
1165  0.0010
1170  0.0010
1171  0.0020
1174  0.0020
1178  0.0010
1183  0.0010
1185  0.0010
1186  0.0010
1189  0.0010
1191  0.0030
1193  0.0020
1194  0.0010
1196  0.0010
1198  0.0010
1202  0.0010
1204  0.0010
1209  0.0010
1211  0.0010
1212  0.0010
1213  0.0010
1214  0.0010
1216  0.0010
1217  0.0010
1218  0.0010
1220  0.0020
1221  0.0010
1222  0.0010
1223  0.0020
1227  0.0010
1229  0.0010
1232  0.0010
1233  0.0010
1234  0.0010
1238  0.0010
1240  0.0020
1242  0.0010
1246  0.0010
1247  0.0010
1248  0.0010
1249  0.0010
1252  0.0010
1255  0.0010
1261  0.0010
1268  0.0010
1269  0.0020
1271  0.0010
1273  0.0010
1274  0.0010
1276  0.0020
1277  0.0010
1279  0.0010
1281  0.0020
1282  0.0020
1283  0.0030
1287  0.0020
1295  0.0010
1296  0.0010
1297  0.0010
1298  0.0010
1304  0.0010
1306  0.0020
1311  0.0010
1313  0.0010
1315  0.0010
1316  0.0010
1317  0.0010
1318  0.0010
1319  0.0010
1321  0.0020
1322  0.0010
1326  0.0010
1328  0.0020
1330  0.0010
1331  0.0010
1338  0.0010
1339  0.0020
1341  0.0020
1342  0.0020
1344  0.0030
1346  0.0020
1347  0.0010
1348  0.0010
1349  0.0010
1355  0.0010
1356  0.0010
1359  0.0010
1362  0.0010
1363  0.0020
1365  0.0010
1368  0.0010
1369  0.0020
1372  0.0010
1373  0.0040
1374  0.0010
1376  0.0010
1377  0.0020
1382  0.0010
1384  0.0010
1386  0.0030
1387  0.0010
1390  0.0020
1393  0.0030
1395  0.0020
1399  0.0010
1401  0.0010
1403  0.0030
1406  0.0010
1407  0.0010
1409  0.0020
1416  0.0010
1417  0.0010
1420  0.0010
1421  0.0020
1422  0.0010
1423  0.0010
1424  0.0010
1425  0.0020
1430  0.0020
1431  0.0020
1433  0.0030
1434  0.0010
1439  0.0010
1441  0.0010
1443  0.0010
1444  0.0010
1448  0.0010
1449  0.0010
1452  0.0020
1454  0.0010
1455  0.0010
1456  0.0040
1457  0.0010
1458  0.0010
1459  0.0010
1462  0.0010
1463  0.0010
1465  0.0010
1475  0.0010
1477  0.0010
1480  0.0010
1483  0.0020
1484  0.0010
1487  0.0010
1488  0.0010
1489  0.0020
1493  0.0010
1497  0.0040
1498  0.0010
1501  0.0020
1504  0.0010
1506  0.0010
1508  0.0010
1510  0.0010
1513  0.0010
1514  0.0010
1515  0.0010
1517  0.0010
1528  0.0010
1530  0.0030
1531  0.0010
1533  0.0010
1542  0.0020
1543  0.0010
1544  0.0020
1545  0.0010
1547  0.0010
1548  0.0010
1550  0.0010
1555  0.0010
1556  0.0010
1560  0.0010
1561  0.0010
1564  0.0010
1568  0.0010
1573  0.0010
1576  0.0010
1578  0.0010
1579  0.0010
1588  0.0020
1590  0.0020
1591  0.0010
1595  0.0010
1596  0.0020
1597  0.0010
1600  0.0020
1602  0.0040
1603  0.0010
1604  0.0020
1606  0.0010
1608  0.0020
1609  0.0010
1615  0.0010
1623  0.0010
1625  0.0020
1626  0.0010
1627  0.0010
1632  0.0010
1634  0.0020
1638  0.0010
1642  0.0010
1644  0.0020
1645  0.0010
1646  0.0020
1655  0.0010
1656  0.0010
1660  0.0010
1662  0.0010
1670  0.0010
1674  0.0020
1675  0.0010
1679  0.0010
1682  0.0010
1684  0.0010
1685  0.0010
1687  0.0010
1688  0.0010
1689  0.0010
1690  0.0010
1693  0.0010
1694  0.0010
1695  0.0010
1697  0.0020
1704  0.0010
1705  0.0010
1707  0.0010
1711  0.0010
1715  0.0010
1716  0.0010
1717  0.0010
1719  0.0010
1721  0.0020
1725  0.0010
1729  0.0010
1730  0.0010
1731  0.0010
1733  0.0010
1734  0.0010
1743  0.0020
1744  0.0010
1746  0.0010
1747  0.0010
1750  0.0010
1752  0.0010
1754  0.0010
1756  0.0010
1757  0.0010
1765  0.0010
1767  0.0010
1769  0.0010
1774  0.0010
1776  0.0020
1780  0.0010
1783  0.0010
1789  0.0010
1790  0.0010
1792  0.0010
1793  0.0020
1796  0.0010
1797  0.0010
1798  0.0010
1799  0.0010
1800  0.0010
1801  0.0010
1802  0.0010
1807  0.0010
1811  0.0020
1814  0.0010
1820  0.0010
1821  0.0010
1822  0.0010
1828  0.0010
1831  0.0020
1832  0.0010
1834  0.0010
1836  0.0030
1842  0.0010
1845  0.0010
1849  0.0010
1851  0.0010
1852  0.0020
1854  0.0010
1856  0.0010
1859  0.0010
1860  0.0010
1861  0.0010
1863  0.0010
1867  0.0010
1869  0.0020
1873  0.0010
1875  0.0010
1878  0.0010
1879  0.0010
1882  0.0020
1883  0.0010
1884  0.0010
1888  0.0010
1889  0.0010
1893  0.0020
1895  0.0010
1897  0.0010
1901  0.0010
1902  0.0010
1904  0.0010
1909  0.0020
1911  0.0020
1918  0.0010
1921  0.0010
1924  0.0010
1926  0.0010
1928  0.0010
1931  0.0010
1932  0.0010
1936  0.0010
1941  0.0010
1944  0.0020
1946  0.0020
1948  0.0010
1951  0.0010
1952  0.0010
1954  0.0010
1958  0.0010
1960  0.0020
1961  0.0010
1963  0.0010
1965  0.0010
1967  0.0010
1968  0.0010
1969  0.0010
1970  0.0010
1973  0.0010
1974  0.0020
1975  0.0010
1978  0.0010
1979  0.0010
1980  0.0010
1981  0.0020
1983  0.0010
1992  0.0010
1993  0.0020
1994  0.0010
1995  0.0020
1996  0.0010
2004  0.0020
2008  0.0010
2009  0.0010
2010  0.0020
2012  0.0010
2013  0.0010
2014  0.0010
2021  0.0010
2025  0.0010
2026  0.0010
2028  0.0010
2030  0.0010
2033  0.0010
2036  0.0010
2040  0.0010
2043  0.0010
2046  0.0010
2047  0.0010
2048  0.0010
2050  0.0020
2051  0.0010
2054  0.0020
2055  0.0010
2063  0.0010
2064  0.0010
2072  0.0020
2075  0.0010
2077  0.0020
2078  0.0010
2079  0.0020
2080  0.0010
2082  0.0020
2083  0.0010
2085  0.0010
2086  0.0020
2089  0.0010
2090  0.0010
2097  0.0010
2099  0.0010
2102  0.0010
2111  0.0010
2112  0.0010
2115  0.0010
2127  0.0010
2131  0.0010
2137  0.0010
2138  0.0020
2141  0.0010
2145  0.0010
2146  0.0010
2148  0.0010
2151  0.0010
2152  0.0010
2153  0.0010
2156  0.0010
2158  0.0010
2160  0.0010
2161  0.0020
2167  0.0010
2168  0.0030
2173  0.0010
2174  0.0020
2180  0.0010
2182  0.0010
2183  0.0010
2184  0.0010
2190  0.0010
2193  0.0010
2195  0.0010
2199  0.0010
2200  0.0010
2201  0.0010
2204  0.0010
2217  0.0010
2224  0.0010
2226  0.0010
2229  0.0010
2234  0.0010
2238  0.0010
2239  0.0010
2241  0.0010
2246  0.0010
2247  0.0010
2249  0.0010
2257  0.0010
2258  0.0010
2262  0.0010
2268  0.0020
2273  0.0010
2278  0.0020
2282  0.0010
2284  0.0010
2285  0.0010
2286  0.0010
2288  0.0010
2290  0.0010
2292  0.0010
2293  0.0010
2294  0.0010
2299  0.0020
2312  0.0010
2313  0.0010
2315  0.0010
2316  0.0010
2317  0.0010
2318  0.0010
2322  0.0010
2334  0.0010
2335  0.0010
2339  0.0010
2344  0.0010
2350  0.0010
2352  0.0010
2366  0.0010
2367  0.0030
2380  0.0010
2389  0.0010
2390  0.0010
2391  0.0030
2392  0.0010
2393  0.0010
2397  0.0020
2400  0.0010
2402  0.0010
2407  0.0010
2411  0.0010
2412  0.0020
2413  0.0010
2414  0.0010
2416  0.0010
2417  0.0010
2418  0.0010
2419  0.0010
2421  0.0010
2422  0.0010
2428  0.0010
2433  0.0010
2438  0.0010
2441  0.0010
2443  0.0020
2444  0.0020
2451  0.0010
2452  0.0010
2458  0.0020
2461  0.0010
2462  0.0010
2463  0.0010
2464  0.0010
2465  0.0010
2469  0.0010
2472  0.0010
2473  0.0020
2475  0.0010
2477  0.0010
2480  0.0010
2484  0.0010
2486  0.0010
2488  0.0010
2490  0.0010
2492  0.0010
2501  0.0010
2503  0.0010
2504  0.0010
2509  0.0010
2511  0.0010
2515  0.0010
2520  0.0010
2522  0.0010
2527  0.0010
2533  0.0010
2546  0.0010
2554  0.0010
2561  0.0010
2563  0.0010
2565  0.0010
2566  0.0010
2569  0.0010
2570  0.0010
2575  0.0010
2577  0.0010
2578  0.0010
2584  0.0010
2588  0.0010
2590  0.0020
2592  0.0010
2593  0.0010
2606  0.0010
2607  0.0010
2608  0.0020
2609  0.0010
2610  0.0010
2613  0.0010
2615  0.0010
2620  0.0010
2623  0.0010
2624  0.0010
2630  0.0010
2631  0.0010
2634  0.0020
2635  0.0010
2641  0.0010
2649  0.0010
2652  0.0010
2667  0.0010
2668  0.0010
2670  0.0010
2673  0.0020
2680  0.0020
2682  0.0010
2690  0.0010
2692  0.0010
2698  0.0010
2702  0.0010
2703  0.0020
2705  0.0020
2707  0.0010
2708  0.0010
2729  0.0010
2730  0.0010
2737  0.0010
2746  0.0020
2749  0.0010
2750  0.0010
2755  0.0010
2763  0.0010
2765  0.0020
2767  0.0020
2770  0.0010
2776  0.0010
2778  0.0010
2780  0.0010
2783  0.0010
2784  0.0010
2787  0.0010
2792  0.0010
2795  0.0010
2801  0.0010
2814  0.0010
2816  0.0020
2821  0.0010
2826  0.0020
2827  0.0010
2834  0.0020
2835  0.0010
2836  0.0010
2838  0.0010
2839  0.0010
2840  0.0010
2858  0.0010
2866  0.0010
2868  0.0010
2875  0.0020
2878  0.0010
2883  0.0020
2885  0.0010
2891  0.0010
2894  0.0010
2897  0.0010
2901  0.0010
2902  0.0010
2904  0.0010
2923  0.0010
2928  0.0010
2930  0.0020
2952  0.0010
2956  0.0010
2959  0.0010
2960  0.0010
2965  0.0010
2967  0.0010
2972  0.0010
2975  0.0010
2978  0.0010
2979  0.0010
2981  0.0010
2985  0.0020
2987  0.0020
2990  0.0010
3002  0.0010
3007  0.0010
3008  0.0010
3009  0.0010
3010  0.0020
3011  0.0010
3012  0.0010
3013  0.0010
3019  0.0010
3022  0.0010
3025  0.0010
3034  0.0010
3037  0.0020
3038  0.0010
3041  0.0010
3048  0.0010
3054  0.0020
3055  0.0010
3061  0.0010
3066  0.0010
3067  0.0010
3069  0.0010
3073  0.0030
3083  0.0010
3084  0.0010
3086  0.0010
3098  0.0010
3117  0.0010
3118  0.0020
3119  0.0010
3126  0.0010
3130  0.0020
3141  0.0010
3148  0.0010
3150  0.0010
3167  0.0010
3170  0.0010
3179  0.0010
3183  0.0010
3184  0.0010
3186  0.0010
3190  0.0010
3192  0.0010
3193  0.0010
3194  0.0010
3200  0.0010
3204  0.0010
3211  0.0030
3212  0.0010
3218  0.0010
3219  0.0010
3221  0.0010
3227  0.0010
3231  0.0010
3234  0.0010
3235  0.0020
3246  0.0010
3249  0.0010
3250  0.0010
3252  0.0010
3259  0.0020
3260  0.0010
3262  0.0010
3264  0.0010
3266  0.0010
3270  0.0010
3271  0.0010
3273  0.0010
3277  0.0010
3288  0.0010
3289  0.0010
3291  0.0010
3292  0.0010
3297  0.0010
3299  0.0010
3309  0.0010
3315  0.0010
3316  0.0010
3317  0.0010
3330  0.0020
3338  0.0020
3357  0.0010
3358  0.0010
3359  0.0010
3360  0.0010
3362  0.0010
3364  0.0010
3365  0.0010
3368  0.0010
3369  0.0010
3370  0.0010
3380  0.0010
3388  0.0010
3394  0.0010
3398  0.0010
3402  0.0010
3403  0.0010
3413  0.0020
3416  0.0010
3419  0.0010
3420  0.0020
3421  0.0010
3423  0.0010
3425  0.0010
3426  0.0010
3427  0.0010
3442  0.0010
3444  0.0010
3445  0.0010
3448  0.0010
3457  0.0010
3458  0.0010
3461  0.0010
3462  0.0010
3463  0.0010
3474  0.0010
3480  0.0010
3483  0.0010
3486  0.0010
3488  0.0010
3490  0.0010
3500  0.0010
3507  0.0030
3514  0.0010
3518  0.0010
3520  0.0010
3525  0.0010
3538  0.0020
3541  0.0010
3544  0.0010
3547  0.0020
3552  0.0010
3568  0.0010
3569  0.0010
3581  0.0010
3582  0.0010
3591  0.0010
3594  0.0010
3601  0.0010
3605  0.0010
3612  0.0010
3615  0.0010
3630  0.0010
3634  0.0010
3638  0.0010
3641  0.0020
3642  0.0010
3647  0.0010
3653  0.0010
3658  0.0010
3670  0.0010
3673  0.0010
3674  0.0010
3678  0.0010
3682  0.0010
3683  0.0010
3686  0.0010
3695  0.0010
3696  0.0010
3697  0.0010
3698  0.0010
3705  0.0010
3706  0.0010
3712  0.0020
3715  0.0010
3716  0.0010
3723  0.0010
3733  0.0010
3735  0.0010
3738  0.0010
3745  0.0010
3751  0.0020
3767  0.0010
3773  0.0010
3774  0.0020
3776  0.0010
3782  0.0020
3787  0.0010
3793  0.0020
3798  0.0010
3809  0.0010
3810  0.0010
3815  0.0010
3818  0.0010
3820  0.0010
3821  0.0010
3822  0.0010
3833  0.0010
3839  0.0010
3845  0.0010
3850  0.0010
3853  0.0010
3854  0.0010
3860  0.0010
3871  0.0010
3881  0.0010
3883  0.0010
3889  0.0020
3890  0.0010
3892  0.0010
3894  0.0010
3898  0.0010
3900  0.0010
3912  0.0010
3913  0.0010
3914  0.0010
3919  0.0010
3920  0.0010
3927  0.0010
3928  0.0010
3932  0.0010
3938  0.0010
3950  0.0010
3952  0.0010
3961  0.0010
3965  0.0010
3973  0.0010
3976  0.0010
3986  0.0010
4002  0.0010
4009  0.0010
4015  0.0010
4024  0.0020
4025  0.0010
4030  0.0010
4033  0.0010
4041  0.0010
4047  0.0010
4052  0.0010
4062  0.0010
4063  0.0020
4069  0.0010
4072  0.0010
4074  0.0010
4083  0.0010
4091  0.0010
4095  0.0010
4096  0.0010
4109  0.0010
4114  0.0010
4128  0.0010
4132  0.0010
4137  0.0010
4138  0.0010
4142  0.0010
4152  0.0010
4161  0.0010
4172  0.0010
4176  0.0010
4183  0.0010
4185  0.0010
4186  0.0010
4194  0.0010
4202  0.0010
4224  0.0010
4242  0.0020
4243  0.0010
4247  0.0010
4260  0.0020
4261  0.0010
4287  0.0010
4291  0.0010
4302  0.0010
4304  0.0010
4316  0.0010
4318  0.0010
4320  0.0010
4335  0.0010
4343  0.0010
4355  0.0020
4372  0.0010
4376  0.0010
4393  0.0010
4419  0.0010
4445  0.0010
4463  0.0010
4475  0.0010
4487  0.0010
4493  0.0010
4510  0.0010
4533  0.0010
4546  0.0010
4553  0.0010
4555  0.0010
4560  0.0010
4575  0.0010
4584  0.0010
4591  0.0010
4607  0.0010
4608  0.0010
4638  0.0010
4649  0.0010
4674  0.0010
4791  0.0010
4801  0.0010
4847  0.0010
4866  0.0010
4901  0.0010
5029  0.0010
