1  678.7160
2  202.1880
3  118.9500
4  73.9960
5  49.7390
6  34.3520
7  24.6330
8  17.9780
9  13.3910
10  10.3610
11  7.8000
12  6.0680
13  4.7880
14  3.7330
15  3.0240
16  2.3990
17  1.8120
18  1.5030
19  1.2160
20  0.9450
21  0.7820
22  0.6350
23  0.5240
24  0.4360
25  0.3540
26  0.2880
27  0.2530
28  0.1780
29  0.1650
30  0.1340
31  0.1030
32  0.0950
33  0.0740
34  0.0570
35  0.0450
36  0.0440
37  0.0480
38  0.0370
39  0.0230
40  0.0130
41  0.0190
42  0.0120
43  0.0160
44  0.0060
45  0.0140
46  0.0090
47  0.0120
48  0.0040
49  0.0030
50  0.0040
51  0.0010
52  0.0040
53  0.0030
54  0.0010
55  0.0010
56  0.0010
57  0.0010
58  0.0020
59  0.0020
60  0.0010
61  0.0010
65  0.0020
