1  43.1870
2  5.3960
3  2.5560
4  1.4140
5  0.8000
6  0.5420
7  0.3865
8  0.2605
9  0.1845
10  0.1370
11  0.1010
12  0.0800
13  0.0665
14  0.0610
15  0.0465
16  0.0310
17  0.0315
18  0.0215
19  0.0230
20  0.0165
21  0.0165
22  0.0145
23  0.0170
24  0.0130
25  0.0140
26  0.0045
27  0.0025
28  0.0040
29  0.0070
30  0.0065
31  0.0025
32  0.0040
33  0.0030
34  0.0030
35  0.0030
36  0.0020
37  0.0020
38  0.0035
39  0.0020
40  0.0045
41  0.0020
42  0.0035
43  0.0020
44  0.0030
45  0.0005
46  0.0010
47  0.0020
48  0.0020
49  0.0020
50  0.0010
51  0.0025
52  0.0020
53  0.0020
54  0.0010
56  0.0005
57  0.0005
58  0.0010
59  0.0005
64  0.0005
65  0.0015
69  0.0005
72  0.0005
73  0.0005
74  0.0005
77  0.0010
83  0.0005
85  0.0005
86  0.0005
88  0.0005
90  0.0005
96  0.0005
98  0.0005
99  0.0005
103  0.0005
113  0.0005
126  0.0005
145  0.0005
216  0.0005
6941  0.0005
6975  0.0005
7007  0.0005
7010  0.0005
7014  0.0005
7016  0.0005
7019  0.0005
7022  0.0005
7026  0.0005
7027  0.0005
7028  0.0005
7033  0.0005
7035  0.0005
7037  0.0005
7038  0.0005
7039  0.0005
7041  0.0010
7044  0.0005
7050  0.0010
7051  0.0010
7052  0.0010
7056  0.0005
7057  0.0010
7058  0.0005
7059  0.0005
7060  0.0005
7061  0.0005
7068  0.0010
7069  0.0010
7071  0.0005
7072  0.0010
7073  0.0010
7076  0.0005
7080  0.0010
7081  0.0005
7082  0.0010
7083  0.0015
7084  0.0025
7085  0.0015
7086  0.0010
7087  0.0005
7088  0.0020
7089  0.0005
7090  0.0010
7091  0.0010
7092  0.0005
7093  0.0015
7094  0.0010
7095  0.0005
7096  0.0020
7097  0.0010
7098  0.0010
7099  0.0015
7100  0.0005
7101  0.0005
7102  0.0015
7103  0.0015
7104  0.0020
7105  0.0005
7106  0.0010
7107  0.0020
7108  0.0010
7109  0.0020
7110  0.0015
7111  0.0040
7112  0.0005
7113  0.0020
7114  0.0010
7115  0.0010
7116  0.0015
7117  0.0035
7118  0.0035
7119  0.0020
7120  0.0045
7121  0.0020
7122  0.0020
7123  0.0020
7124  0.0025
7125  0.0025
7126  0.0010
7127  0.0020
7128  0.0005
7129  0.0020
7130  0.0030
7131  0.0040
7132  0.0025
7133  0.0045
7134  0.0045
7135  0.0025
7136  0.0040
7137  0.0045
7138  0.0040
7139  0.0030
7140  0.0035
7141  0.0060
7142  0.0030
7143  0.0030
7144  0.0025
7145  0.0045
7146  0.0045
7147  0.0035
7148  0.0025
7149  0.0030
7150  0.0025
7151  0.0040
7152  0.0035
7153  0.0045
7154  0.0050
7155  0.0035
7156  0.0085
7157  0.0045
7158  0.0050
7159  0.0050
7160  0.0035
7161  0.0040
7162  0.0035
7163  0.0045
7164  0.0040
7165  0.0075
7166  0.0080
7167  0.0045
7168  0.0050
7169  0.0065
7170  0.0055
7171  0.0060
7172  0.0050
7173  0.0045
7174  0.0055
7175  0.0060
7176  0.0050
7177  0.0040
7178  0.0060
7179  0.0075
7180  0.0080
7181  0.0080
7182  0.0050
7183  0.0060
7184  0.0100
7185  0.0075
7186  0.0080
7187  0.0045
7188  0.0085
7189  0.0070
7190  0.0065
7191  0.0090
7192  0.0055
7193  0.0085
7194  0.0075
7195  0.0075
7196  0.0055
7197  0.0085
7198  0.0045
7199  0.0100
7200  0.0040
7201  0.0075
7202  0.0080
7203  0.0065
7204  0.0110
7205  0.0050
7206  0.0085
7207  0.0080
7208  0.0075
7209  0.0070
7210  0.0060
7211  0.0060
7212  0.0055
7213  0.0075
7214  0.0045
7215  0.0065
7216  0.0075
7217  0.0085
7218  0.0070
7219  0.0095
7220  0.0090
7221  0.0070
7222  0.0060
7223  0.0075
7224  0.0070
7225  0.0075
7226  0.0055
7227  0.0025
7228  0.0055
7229  0.0070
7230  0.0055
7231  0.0080
7232  0.0070
7233  0.0045
7234  0.0050
7235  0.0120
7236  0.0055
7237  0.0060
7238  0.0070
7239  0.0070
7240  0.0050
7241  0.0035
7242  0.0035
7243  0.0075
7244  0.0050
7245  0.0050
7246  0.0055
7247  0.0045
7248  0.0045
7249  0.0070
7250  0.0030
7251  0.0040
7252  0.0085
7253  0.0075
7254  0.0070
7255  0.0045
7256  0.0035
7257  0.0095
7258  0.0045
7259  0.0035
7260  0.0030
7261  0.0025
7262  0.0070
7263  0.0030
7264  0.0035
7265  0.0025
7266  0.0025
7267  0.0020
7268  0.0050
7269  0.0050
7270  0.0025
7271  0.0045
7272  0.0025
7273  0.0020
7274  0.0005
7275  0.0035
7276  0.0030
7277  0.0035
7278  0.0020
7279  0.0035
7280  0.0035
7281  0.0045
7282  0.0030
7283  0.0035
7284  0.0010
7285  0.0030
7286  0.0025
7287  0.0010
7288  0.0020
7289  0.0025
7290  0.0025
7292  0.0015
7293  0.0015
7294  0.0005
7295  0.0030
7296  0.0015
7297  0.0035
7298  0.0040
7299  0.0020
7300  0.0015
7301  0.0005
7302  0.0015
7303  0.0025
7305  0.0010
7306  0.0015
7307  0.0005
7308  0.0005
7309  0.0005
7310  0.0015
7311  0.0020
7312  0.0010
7313  0.0015
7315  0.0015
7316  0.0015
7317  0.0005
7319  0.0005
7320  0.0005
7321  0.0015
7322  0.0030
7323  0.0005
7326  0.0005
7327  0.0010
7331  0.0015
7332  0.0015
7335  0.0005
7336  0.0005
7337  0.0020
7339  0.0010
7340  0.0005
7343  0.0005
7344  0.0010
7352  0.0010
7353  0.0005
7354  0.0005
7357  0.0005
7358  0.0005
7362  0.0005
7370  0.0005
7371  0.0005
7373  0.0005
7375  0.0005
7426  0.0005
