1  14.7945
2  1.3330
3  0.5065
4  0.2360
5  0.1255
6  0.0740
7  0.0425
8  0.0260
9  0.0185
10  0.0090
11  0.0085
12  0.0105
13  0.0045
14  0.0040
15  0.0015
16  0.0045
17  0.0025
18  0.0035
19  0.0010
20  0.0015
21  0.0010
23  0.0025
28  0.0005
29  0.0005
34  0.0005
49  0.0005
72  0.0005
7823  0.0005
7841  0.0005
7858  0.0005
7862  0.0005
7863  0.0005
7865  0.0005
7866  0.0010
7867  0.0005
7871  0.0015
7873  0.0005
7876  0.0010
7877  0.0005
7880  0.0010
7882  0.0010
7883  0.0015
7884  0.0005
7885  0.0005
7887  0.0020
7888  0.0015
7889  0.0005
7890  0.0005
7891  0.0010
7892  0.0005
7893  0.0015
7894  0.0015
7895  0.0010
7896  0.0015
7897  0.0010
7898  0.0025
7899  0.0045
7900  0.0005
7901  0.0030
7902  0.0005
7903  0.0010
7904  0.0010
7905  0.0030
7906  0.0010
7907  0.0020
7908  0.0025
7909  0.0020
7910  0.0025
7911  0.0040
7912  0.0040
7913  0.0030
7914  0.0050
7915  0.0030
7916  0.0010
7917  0.0030
7918  0.0035
7919  0.0040
7920  0.0025
7921  0.0045
7922  0.0055
7923  0.0065
7924  0.0055
7925  0.0025
7926  0.0065
7927  0.0060
7928  0.0045
7929  0.0065
7930  0.0050
7931  0.0085
7932  0.0035
7933  0.0065
7934  0.0040
7935  0.0055
7936  0.0035
7937  0.0085
7938  0.0060
7939  0.0050
7940  0.0065
7941  0.0055
7942  0.0055
7943  0.0045
7944  0.0105
7945  0.0070
7946  0.0095
7947  0.0095
7948  0.0060
7949  0.0060
7950  0.0055
7951  0.0090
7952  0.0110
7953  0.0095
7954  0.0060
7955  0.0115
7956  0.0080
7957  0.0075
7958  0.0055
7959  0.0065
7960  0.0090
7961  0.0105
7962  0.0070
7963  0.0085
7964  0.0090
7965  0.0055
7966  0.0115
7967  0.0085
7968  0.0125
7969  0.0090
7970  0.0095
7971  0.0115
7972  0.0080
7973  0.0085
7974  0.0100
7975  0.0085
7976  0.0095
7977  0.0105
7978  0.0105
7979  0.0080
7980  0.0085
7981  0.0105
7982  0.0085
7983  0.0110
7984  0.0105
7985  0.0095
7986  0.0140
7987  0.0070
7988  0.0110
7989  0.0075
7990  0.0090
7991  0.0100
7992  0.0110
7993  0.0085
7994  0.0080
7995  0.0120
7996  0.0100
7997  0.0085
7998  0.0090
7999  0.0110
8000  0.0075
8001  0.0105
8002  0.0070
8003  0.0055
8004  0.0050
8005  0.0050
8006  0.0050
8007  0.0055
8008  0.0045
8009  0.0075
8010  0.0075
8011  0.0080
8012  0.0070
8013  0.0040
8014  0.0050
8015  0.0050
8016  0.0065
8017  0.0045
8018  0.0070
8019  0.0075
8020  0.0070
8021  0.0045
8022  0.0030
8023  0.0045
8024  0.0025
8025  0.0045
8026  0.0030
8027  0.0060
8028  0.0035
8029  0.0020
8030  0.0045
8031  0.0020
8032  0.0030
8033  0.0035
8034  0.0060
8035  0.0060
8036  0.0030
8037  0.0040
8038  0.0030
8039  0.0020
8040  0.0045
8041  0.0040
8042  0.0035
8043  0.0050
8044  0.0025
8045  0.0035
8046  0.0015
8047  0.0040
8048  0.0020
8049  0.0020
8050  0.0020
8051  0.0035
8052  0.0010
8053  0.0015
8054  0.0025
8055  0.0030
8056  0.0030
8057  0.0005
8058  0.0020
8059  0.0020
8060  0.0020
8061  0.0005
8062  0.0010
8063  0.0015
8064  0.0010
8065  0.0005
8066  0.0005
8068  0.0005
8069  0.0005
8071  0.0015
8072  0.0010
8073  0.0005
8074  0.0020
8075  0.0005
8077  0.0010
8081  0.0005
8083  0.0005
8084  0.0005
8087  0.0015
8088  0.0005
8089  0.0005
8090  0.0005
8093  0.0005
8094  0.0010
8095  0.0005
8096  0.0010
8099  0.0005
8101  0.0005
8104  0.0005
8106  0.0005
8110  0.0010
