1  425.1545
2  117.7005
3  74.7025
4  50.7735
5  36.7445
6  28.1005
7  21.9190
8  17.7380
9  14.6150
10  12.2485
11  10.4350
12  8.8885
13  7.8190
14  6.8790
15  6.1145
16  5.4585
17  4.7485
18  4.1645
19  3.8610
20  3.5270
21  3.1605
22  2.8585
23  2.6065
24  2.3650
25  2.1730
26  1.9475
27  1.8375
28  1.6455
29  1.5750
30  1.4625
31  1.3620
32  1.1980
33  1.1690
34  1.1170
35  1.0010
36  0.9145
37  0.8645
38  0.8105
39  0.8120
40  0.6765
41  0.6755
42  0.6490
43  0.5925
44  0.5815
45  0.5240
46  0.4805
47  0.4595
48  0.4340
49  0.3960
50  0.3965
51  0.3515
52  0.3465
53  0.3285
54  0.3165
55  0.3045
56  0.2540
57  0.2560
58  0.2450
59  0.2230
60  0.2025
61  0.2010
62  0.1855
63  0.1960
64  0.1680
65  0.1625
66  0.1655
67  0.1580
68  0.1280
69  0.1295
70  0.1295
71  0.1145
72  0.1160
73  0.1125
74  0.1085
75  0.0975
76  0.0835
77  0.0930
78  0.0865
79  0.0745
80  0.0670
81  0.0715
82  0.0760
83  0.0600
84  0.0550
85  0.0595
86  0.0505
87  0.0455
88  0.0520
89  0.0515
90  0.0510
91  0.0380
92  0.0385
93  0.0460
94  0.0365
95  0.0340
96  0.0350
97  0.0345
98  0.0355
99  0.0275
100  0.0330
101  0.0250
102  0.0320
103  0.0240
104  0.0260
105  0.0235
106  0.0190
107  0.0240
108  0.0180
109  0.0190
110  0.0150
111  0.0180
112  0.0175
113  0.0165
114  0.0140
115  0.0120
116  0.0120
117  0.0115
118  0.0170
119  0.0120
120  0.0160
121  0.0080
122  0.0060
123  0.0105
124  0.0110
125  0.0100
126  0.0075
127  0.0090
128  0.0080
129  0.0075
130  0.0090
131  0.0105
132  0.0090
133  0.0050
134  0.0080
135  0.0075
136  0.0070
137  0.0040
138  0.0055
139  0.0050
140  0.0065
141  0.0035
142  0.0050
143  0.0055
144  0.0020
145  0.0060
146  0.0035
147  0.0035
148  0.0045
149  0.0010
150  0.0030
151  0.0065
152  0.0040
153  0.0015
154  0.0010
155  0.0025
156  0.0030
157  0.0020
158  0.0020
159  0.0025
160  0.0030
161  0.0040
162  0.0015
163  0.0015
164  0.0015
165  0.0020
166  0.0015
167  0.0005
168  0.0015
169  0.0015
171  0.0010
172  0.0010
173  0.0030
174  0.0025
175  0.0010
177  0.0010
178  0.0015
179  0.0010
180  0.0010
181  0.0020
182  0.0015
185  0.0005
187  0.0015
188  0.0015
189  0.0010
190  0.0015
191  0.0005
193  0.0005
194  0.0010
195  0.0005
196  0.0015
197  0.0010
199  0.0005
204  0.0005
206  0.0005
207  0.0010
210  0.0010
212  0.0005
213  0.0005
214  0.0005
215  0.0005
218  0.0010
219  0.0005
221  0.0005
224  0.0010
227  0.0005
228  0.0005
230  0.0005
231  0.0005
234  0.0005
239  0.0005
258  0.0005
259  0.0010
