1  697.7260
2  207.1440
3  120.3570
4  74.2060
5  48.6950
6  33.3750
7  23.6470
8  17.0540
9  12.5900
10  9.3150
11  7.1420
12  5.3940
13  4.1610
14  3.1820
15  2.4850
16  2.0000
17  1.5950
18  1.2360
19  0.9470
20  0.7380
21  0.5990
22  0.5140
23  0.3980
24  0.3310
25  0.2640
26  0.2120
27  0.1820
28  0.1410
29  0.0910
30  0.1080
31  0.0710
32  0.0670
33  0.0460
34  0.0430
35  0.0320
36  0.0280
37  0.0210
38  0.0130
39  0.0170
40  0.0140
41  0.0100
42  0.0070
43  0.0100
44  0.0020
45  0.0030
46  0.0020
47  0.0040
48  0.0050
49  0.0030
50  0.0020
51  0.0010
53  0.0010
54  0.0010
55  0.0020
62  0.0010
75  0.0010
