1  126.4055
2  23.5950
3  13.3835
4  8.2815
5  5.5970
6  3.8975
7  2.9720
8  2.2780
9  1.8235
10  1.5175
11  1.2465
12  1.0240
13  0.8870
14  0.7420
15  0.6305
16  0.5650
17  0.5025
18  0.4650
19  0.4175
20  0.3615
21  0.3345
22  0.3050
23  0.2780
24  0.2335
25  0.2425
26  0.2130
27  0.2200
28  0.1635
29  0.1720
30  0.1610
31  0.1455
32  0.1330
33  0.1125
34  0.1285
35  0.1155
36  0.1130
37  0.1035
38  0.0870
39  0.0850
40  0.0850
41  0.0875
42  0.0855
43  0.0725
44  0.0645
45  0.0715
46  0.0690
47  0.0560
48  0.0535
49  0.0490
50  0.0495
51  0.0425
52  0.0525
53  0.0405
54  0.0475
55  0.0460
56  0.0415
57  0.0450
58  0.0405
59  0.0395
60  0.0345
61  0.0315
62  0.0310
63  0.0365
64  0.0345
65  0.0275
66  0.0310
67  0.0265
68  0.0290
69  0.0250
70  0.0255
71  0.0270
72  0.0250
73  0.0305
74  0.0250
75  0.0225
76  0.0215
77  0.0240
78  0.0210
79  0.0220
80  0.0240
81  0.0185
82  0.0145
83  0.0150
84  0.0175
85  0.0175
86  0.0100
87  0.0160
88  0.0110
89  0.0150
90  0.0160
91  0.0160
92  0.0170
93  0.0155
94  0.0145
95  0.0110
96  0.0130
97  0.0145
98  0.0125
99  0.0100
100  0.0090
101  0.0140
102  0.0085
103  0.0120
104  0.0125
105  0.0145
106  0.0125
107  0.0125
108  0.0125
109  0.0110
110  0.0080
111  0.0075
112  0.0105
113  0.0080
114  0.0120
115  0.0070
116  0.0075
117  0.0085
118  0.0070
119  0.0105
120  0.0090
121  0.0080
122  0.0040
123  0.0085
124  0.0060
125  0.0075
126  0.0065
127  0.0070
128  0.0070
129  0.0065
130  0.0070
131  0.0050
132  0.0065
133  0.0100
134  0.0105
135  0.0035
136  0.0070
137  0.0080
138  0.0070
139  0.0045
140  0.0035
141  0.0055
142  0.0095
143  0.0065
144  0.0055
145  0.0065
146  0.0065
147  0.0060
148  0.0110
149  0.0060
150  0.0030
151  0.0020
152  0.0035
153  0.0060
154  0.0010
155  0.0050
156  0.0045
157  0.0050
158  0.0030
159  0.0035
160  0.0020
161  0.0065
162  0.0050
163  0.0040
164  0.0040
165  0.0060
166  0.0055
167  0.0045
168  0.0020
169  0.0050
170  0.0050
171  0.0050
172  0.0015
173  0.0035
174  0.0020
175  0.0040
176  0.0055
177  0.0045
178  0.0030
179  0.0045
180  0.0045
181  0.0015
182  0.0005
183  0.0010
184  0.0055
185  0.0060
186  0.0040
187  0.0045
188  0.0040
189  0.0025
190  0.0040
191  0.0050
192  0.0020
193  0.0030
194  0.0015
195  0.0030
196  0.0025
197  0.0040
198  0.0030
199  0.0035
200  0.0025
201  0.0015
202  0.0040
203  0.0035
204  0.0025
205  0.0030
206  0.0015
207  0.0065
208  0.0035
209  0.0020
210  0.0010
211  0.0040
212  0.0020
213  0.0020
214  0.0010
215  0.0020
216  0.0010
217  0.0025
218  0.0055
219  0.0010
220  0.0025
221  0.0015
222  0.0015
223  0.0025
224  0.0040
225  0.0035
226  0.0025
227  0.0005
228  0.0020
229  0.0005
230  0.0025
231  0.0030
232  0.0005
233  0.0025
234  0.0025
235  0.0015
236  0.0030
237  0.0020
238  0.0020
239  0.0025
240  0.0020
241  0.0020
242  0.0010
243  0.0020
244  0.0015
245  0.0025
246  0.0030
247  0.0015
248  0.0010
249  0.0015
250  0.0030
251  0.0005
252  0.0030
253  0.0015
254  0.0005
255  0.0005
256  0.0005
257  0.0020
258  0.0010
259  0.0005
260  0.0015
261  0.0005
262  0.0010
263  0.0020
264  0.0005
265  0.0020
266  0.0015
267  0.0025
268  0.0020
269  0.0010
270  0.0020
271  0.0015
272  0.0005
273  0.0010
274  0.0025
275  0.0005
276  0.0005
277  0.0015
278  0.0005
279  0.0010
280  0.0015
281  0.0030
282  0.0020
283  0.0015
284  0.0005
285  0.0005
286  0.0010
287  0.0010
288  0.0005
289  0.0005
290  0.0005
291  0.0015
292  0.0005
293  0.0015
294  0.0015
296  0.0005
297  0.0005
298  0.0005
299  0.0035
300  0.0015
301  0.0010
302  0.0005
303  0.0020
304  0.0015
305  0.0010
306  0.0015
307  0.0010
309  0.0010
310  0.0015
312  0.0015
313  0.0015
314  0.0005
315  0.0005
316  0.0010
317  0.0015
318  0.0025
319  0.0005
320  0.0015
321  0.0010
322  0.0010
325  0.0015
327  0.0005
328  0.0010
329  0.0005
331  0.0015
332  0.0010
333  0.0020
334  0.0010
335  0.0005
336  0.0030
337  0.0020
338  0.0010
339  0.0020
340  0.0005
341  0.0015
342  0.0010
343  0.0030
344  0.0020
346  0.0010
347  0.0010
348  0.0015
349  0.0025
350  0.0015
351  0.0005
352  0.0020
353  0.0010
354  0.0010
355  0.0010
356  0.0005
357  0.0005
358  0.0005
359  0.0025
360  0.0005
361  0.0010
362  0.0015
363  0.0005
364  0.0005
365  0.0015
366  0.0010
367  0.0020
368  0.0005
369  0.0010
371  0.0005
372  0.0005
373  0.0020
374  0.0005
376  0.0005
377  0.0010
378  0.0005
379  0.0005
380  0.0005
381  0.0015
384  0.0010
385  0.0005
386  0.0010
387  0.0010
388  0.0005
389  0.0020
390  0.0005
391  0.0005
392  0.0005
393  0.0010
394  0.0005
395  0.0010
396  0.0005
399  0.0005
401  0.0005
402  0.0005
403  0.0010
404  0.0010
405  0.0005
406  0.0005
407  0.0005
408  0.0005
411  0.0005
412  0.0005
413  0.0005
414  0.0005
415  0.0015
416  0.0005
417  0.0005
418  0.0005
419  0.0005
420  0.0010
421  0.0005
424  0.0005
425  0.0015
426  0.0010
427  0.0005
428  0.0005
429  0.0005
430  0.0010
433  0.0010
434  0.0005
435  0.0005
439  0.0005
441  0.0010
442  0.0005
444  0.0015
445  0.0005
446  0.0010
447  0.0005
448  0.0005
449  0.0005
454  0.0005
455  0.0010
456  0.0005
459  0.0010
464  0.0010
465  0.0005
466  0.0010
468  0.0005
470  0.0005
472  0.0005
473  0.0015
474  0.0005
475  0.0005
476  0.0005
477  0.0005
478  0.0010
479  0.0010
485  0.0005
486  0.0005
488  0.0005
490  0.0005
491  0.0005
492  0.0005
493  0.0005
494  0.0005
502  0.0010
503  0.0005
505  0.0005
506  0.0010
507  0.0005
508  0.0010
509  0.0010
511  0.0010
512  0.0005
513  0.0005
514  0.0015
517  0.0005
518  0.0015
520  0.0005
521  0.0010
524  0.0005
525  0.0015
526  0.0005
527  0.0005
530  0.0005
531  0.0005
533  0.0010
534  0.0005
535  0.0005
536  0.0005
539  0.0005
540  0.0005
541  0.0010
542  0.0010
547  0.0010
550  0.0005
552  0.0005
553  0.0010
556  0.0005
557  0.0005
558  0.0010
559  0.0010
563  0.0005
566  0.0005
569  0.0005
571  0.0005
574  0.0005
583  0.0005
589  0.0020
593  0.0010
600  0.0005
601  0.0005
602  0.0010
603  0.0005
606  0.0005
614  0.0005
615  0.0005
616  0.0005
618  0.0005
619  0.0005
620  0.0005
621  0.0010
624  0.0005
626  0.0005
627  0.0010
630  0.0005
631  0.0010
636  0.0005
637  0.0005
642  0.0005
647  0.0005
650  0.0010
653  0.0005
656  0.0005
659  0.0010
663  0.0015
664  0.0010
666  0.0005
670  0.0005
671  0.0005
672  0.0005
673  0.0005
674  0.0005
678  0.0005
679  0.0010
680  0.0005
689  0.0005
693  0.0005
694  0.0005
695  0.0005
698  0.0010
700  0.0005
709  0.0005
714  0.0010
715  0.0005
727  0.0005
728  0.0010
730  0.0010
731  0.0005
732  0.0005
733  0.0005
736  0.0005
742  0.0005
751  0.0005
757  0.0005
761  0.0005
763  0.0005
768  0.0005
772  0.0010
774  0.0005
777  0.0005
783  0.0005
786  0.0005
788  0.0005
789  0.0005
790  0.0005
791  0.0005
799  0.0005
807  0.0005
812  0.0005
825  0.0005
833  0.0005
834  0.0005
836  0.0005
843  0.0005
846  0.0010
847  0.0005
848  0.0005
851  0.0005
852  0.0005
865  0.0005
869  0.0005
873  0.0005
879  0.0005
883  0.0005
895  0.0005
911  0.0005
913  0.0005
920  0.0005
925  0.0010
939  0.0005
952  0.0005
962  0.0005
978  0.0005
986  0.0005
997  0.0005
1006  0.0005
1022  0.0005
1029  0.0005
1041  0.0005
1049  0.0005
1058  0.0005
1064  0.0005
1073  0.0005
1076  0.0005
1089  0.0005
1104  0.0005
1111  0.0005
1112  0.0005
1121  0.0005
1125  0.0005
1127  0.0005
1135  0.0005
1183  0.0005
1235  0.0005
1245  0.0005
1247  0.0005
1261  0.0005
1296  0.0005
1303  0.0005
1325  0.0005
1342  0.0005
1343  0.0005
1358  0.0005
1413  0.0005
1457  0.0005
1473  0.0005
1490  0.0005
1497  0.0005
1502  0.0005
1525  0.0005
1531  0.0005
1547  0.0005
1564  0.0005
1584  0.0005
1585  0.0005
1592  0.0005
1610  0.0005
1616  0.0005
1632  0.0005
1643  0.0005
1673  0.0005
1690  0.0005
1737  0.0005
1770  0.0005
1871  0.0005
1893  0.0005
1902  0.0005
1912  0.0005
1916  0.0005
1924  0.0005
1932  0.0005
1963  0.0005
1968  0.0005
2005  0.0005
2006  0.0005
2008  0.0005
2053  0.0005
2060  0.0005
2108  0.0005
2149  0.0005
2267  0.0005
2300  0.0005
2321  0.0005
2330  0.0005
2416  0.0005
2431  0.0005
2457  0.0005
2503  0.0005
2637  0.0005
2668  0.0005
2672  0.0005
2691  0.0005
2749  0.0005
2751  0.0005
2786  0.0005
2790  0.0005
2793  0.0005
2833  0.0005
2839  0.0005
2888  0.0005
2899  0.0005
2939  0.0005
2951  0.0005
3057  0.0005
3102  0.0005
3114  0.0005
3173  0.0005
3247  0.0005
3278  0.0005
3298  0.0005
3299  0.0005
3306  0.0005
3331  0.0005
3385  0.0005
3395  0.0005
3435  0.0005
3459  0.0005
3462  0.0005
3465  0.0005
3505  0.0005
3528  0.0005
3531  0.0005
3570  0.0010
3574  0.0005
3590  0.0005
3620  0.0005
3669  0.0005
3743  0.0010
3759  0.0010
3806  0.0005
3810  0.0010
3812  0.0005
3813  0.0005
3824  0.0005
3842  0.0005
3852  0.0005
3895  0.0005
3917  0.0005
3927  0.0005
3960  0.0005
3965  0.0005
3982  0.0005
3984  0.0005
3997  0.0005
4005  0.0005
4025  0.0005
4030  0.0005
4078  0.0005
4084  0.0005
4089  0.0005
4132  0.0005
4174  0.0005
4176  0.0005
4183  0.0005
4197  0.0005
4205  0.0005
4215  0.0005
4222  0.0005
4252  0.0005
4280  0.0005
4290  0.0005
4294  0.0005
4295  0.0005
4298  0.0005
4301  0.0005
4302  0.0005
4316  0.0005
4318  0.0005
4328  0.0005
4331  0.0005
4350  0.0005
4352  0.0005
4353  0.0005
4354  0.0005
4370  0.0005
4374  0.0005
4376  0.0005
4378  0.0005
4379  0.0005
4382  0.0005
4385  0.0005
4386  0.0005
4395  0.0005
4400  0.0005
4405  0.0005
4407  0.0005
4410  0.0005
4413  0.0005
4415  0.0005
4426  0.0005
4430  0.0005
4431  0.0005
4433  0.0005
4438  0.0005
4439  0.0005
4442  0.0005
4459  0.0005
4461  0.0005
4467  0.0005
4474  0.0005
4482  0.0005
4491  0.0005
4495  0.0015
4498  0.0005
4499  0.0005
4510  0.0005
4513  0.0005
4527  0.0005
4529  0.0010
4531  0.0010
4533  0.0005
4534  0.0005
4537  0.0005
4543  0.0005
4562  0.0005
4570  0.0005
4575  0.0005
4577  0.0005
4581  0.0005
4583  0.0005
4587  0.0005
4589  0.0010
4590  0.0005
4606  0.0005
4617  0.0005
4624  0.0005
4626  0.0005
4629  0.0005
4634  0.0005
4636  0.0005
4640  0.0005
4653  0.0005
4655  0.0005
4656  0.0005
4657  0.0005
4659  0.0005
4667  0.0005
4669  0.0010
4670  0.0005
4678  0.0005
4680  0.0005
4690  0.0005
4695  0.0005
4699  0.0005
4700  0.0005
4702  0.0005
4703  0.0005
4704  0.0005
4706  0.0005
4708  0.0005
4716  0.0010
4717  0.0005
4722  0.0005
4724  0.0005
4725  0.0005
4730  0.0005
4737  0.0005
4739  0.0005
4740  0.0005
4741  0.0005
4744  0.0005
4751  0.0005
4755  0.0010
4757  0.0005
4759  0.0005
4765  0.0005
4768  0.0005
4771  0.0005
4776  0.0010
4777  0.0005
4781  0.0010
4782  0.0005
4785  0.0005
4786  0.0005
4787  0.0005
4788  0.0005
4791  0.0005
4794  0.0010
4795  0.0005
4797  0.0005
4798  0.0005
4800  0.0005
4802  0.0005
4804  0.0005
4806  0.0015
4811  0.0005
4816  0.0005
4818  0.0005
4821  0.0005
4822  0.0010
4823  0.0005
4824  0.0005
4826  0.0005
4831  0.0005
4835  0.0005
4836  0.0005
4844  0.0005
4845  0.0010
4850  0.0010
4853  0.0005
4855  0.0005
4856  0.0005
4858  0.0005
4859  0.0010
4860  0.0005
4861  0.0010
4863  0.0005
4864  0.0005
4867  0.0005
4869  0.0005
4871  0.0005
4873  0.0010
4874  0.0005
4876  0.0005
4879  0.0005
4880  0.0005
4884  0.0005
4887  0.0005
4889  0.0005
4890  0.0005
4892  0.0005
4895  0.0010
4898  0.0005
4900  0.0010
4901  0.0005
4904  0.0010
4905  0.0005
4906  0.0005
4907  0.0005
4909  0.0005
4910  0.0005
4912  0.0010
4913  0.0005
4916  0.0005
4918  0.0005
4919  0.0005
4921  0.0005
4922  0.0005
4924  0.0005
4925  0.0005
4926  0.0005
4927  0.0005
4928  0.0005
4930  0.0010
4931  0.0005
4932  0.0005
4935  0.0010
4939  0.0010
4940  0.0005
4944  0.0005
4945  0.0005
4948  0.0005
4949  0.0005
4950  0.0010
4953  0.0005
4954  0.0005
4955  0.0005
4956  0.0005
4957  0.0010
4958  0.0005
4959  0.0005
4960  0.0005
4962  0.0015
4965  0.0010
4969  0.0005
4970  0.0005
4971  0.0005
4977  0.0005
4979  0.0020
4982  0.0005
4985  0.0005
4988  0.0010
4990  0.0005
4992  0.0010
4993  0.0005
4996  0.0005
4998  0.0005
4999  0.0005
5003  0.0005
5004  0.0005
5005  0.0010
5006  0.0005
5007  0.0010
5008  0.0005
5009  0.0005
5011  0.0010
5013  0.0005
5014  0.0005
5016  0.0005
5017  0.0005
5018  0.0005
5019  0.0005
5020  0.0015
5021  0.0005
5022  0.0005
5023  0.0005
5024  0.0005
5025  0.0010
5026  0.0005
5027  0.0005
5032  0.0005
5033  0.0005
5036  0.0010
5038  0.0010
5044  0.0010
5047  0.0015
5048  0.0005
5049  0.0005
5050  0.0005
5052  0.0010
5053  0.0010
5054  0.0005
5056  0.0005
5057  0.0010
5058  0.0005
5059  0.0010
5060  0.0010
5062  0.0020
5063  0.0005
5065  0.0010
5066  0.0005
5067  0.0005
5068  0.0020
5070  0.0005
5071  0.0005
5072  0.0005
5073  0.0010
5074  0.0005
5077  0.0005
5079  0.0005
5080  0.0010
5081  0.0005
5083  0.0010
5084  0.0015
5086  0.0005
5087  0.0005
5088  0.0015
5089  0.0010
5090  0.0005
5091  0.0015
5094  0.0005
5095  0.0025
5097  0.0010
5098  0.0015
5099  0.0005
5101  0.0015
5102  0.0010
5105  0.0010
5106  0.0005
5107  0.0005
5108  0.0005
5110  0.0005
5112  0.0010
5113  0.0015
5115  0.0005
5116  0.0005
5117  0.0010
5119  0.0010
5121  0.0005
5122  0.0005
5125  0.0005
5126  0.0005
5127  0.0005
5129  0.0005
5132  0.0005
5134  0.0010
5136  0.0015
5137  0.0005
5140  0.0005
5142  0.0005
5143  0.0005
5144  0.0010
5145  0.0005
5146  0.0005
5147  0.0010
5148  0.0005
5149  0.0005
5150  0.0005
5151  0.0005
5152  0.0010
5153  0.0005
5155  0.0020
5156  0.0005
5157  0.0005
5158  0.0015
5159  0.0025
5161  0.0015
5162  0.0010
5163  0.0010
5164  0.0005
5165  0.0005
5167  0.0015
5168  0.0005
5169  0.0005
5172  0.0005
5174  0.0005
5176  0.0005
5177  0.0005
5178  0.0005
5179  0.0015
5180  0.0005
5181  0.0010
5183  0.0005
5184  0.0005
5185  0.0005
5186  0.0005
5188  0.0005
5189  0.0005
5191  0.0010
5192  0.0005
5193  0.0005
5194  0.0010
5196  0.0005
5197  0.0005
5198  0.0005
5200  0.0005
5203  0.0015
5205  0.0005
5206  0.0005
5207  0.0010
5208  0.0005
5209  0.0010
5210  0.0015
5211  0.0010
5213  0.0010
5214  0.0005
5216  0.0005
5217  0.0005
5218  0.0015
5219  0.0010
5220  0.0005
5224  0.0005
5225  0.0010
5227  0.0015
5228  0.0020
5229  0.0010
5230  0.0010
5231  0.0010
5232  0.0005
5233  0.0010
5236  0.0010
5238  0.0005
5240  0.0005
5242  0.0015
5243  0.0005
5244  0.0005
5246  0.0010
5247  0.0005
5248  0.0010
5250  0.0005
5251  0.0010
5254  0.0010
5255  0.0010
5256  0.0005
5258  0.0005
5259  0.0015
5260  0.0015
5261  0.0015
5262  0.0005
5263  0.0005
5264  0.0010
5265  0.0010
5266  0.0015
5267  0.0005
5268  0.0005
5269  0.0005
5270  0.0005
5271  0.0005
5272  0.0005
5273  0.0030
5274  0.0015
5275  0.0005
5276  0.0005
5279  0.0010
5281  0.0010
5282  0.0010
5283  0.0010
5284  0.0010
5285  0.0010
5286  0.0015
5287  0.0005
5288  0.0015
5289  0.0005
5290  0.0020
5292  0.0005
5293  0.0010
5294  0.0010
5295  0.0005
5296  0.0025
5297  0.0010
5298  0.0005
5299  0.0010
5300  0.0015
5301  0.0010
5302  0.0005
5303  0.0005
5305  0.0010
5307  0.0020
5308  0.0005
5310  0.0030
5311  0.0010
5312  0.0005
5313  0.0010
5314  0.0005
5315  0.0005
5316  0.0005
5317  0.0010
5318  0.0005
5319  0.0010
5322  0.0005
5323  0.0015
5324  0.0005
5325  0.0015
5326  0.0015
5327  0.0020
5328  0.0005
5329  0.0005
5330  0.0005
5331  0.0015
5332  0.0005
5333  0.0005
5334  0.0015
5336  0.0010
5337  0.0015
5338  0.0005
5339  0.0005
5340  0.0010
5341  0.0005
5342  0.0010
5343  0.0015
5344  0.0015
5346  0.0010
5349  0.0010
5350  0.0005
5352  0.0010
5353  0.0005
5355  0.0020
5356  0.0015
5359  0.0005
5360  0.0010
5361  0.0015
5362  0.0005
5363  0.0005
5364  0.0010
5365  0.0015
5366  0.0005
5367  0.0015
5370  0.0005
5371  0.0015
5372  0.0015
5373  0.0005
5374  0.0010
5375  0.0005
5376  0.0010
5377  0.0005
5379  0.0005
5380  0.0020
5381  0.0005
5382  0.0010
5383  0.0005
5384  0.0005
5385  0.0005
5386  0.0010
5387  0.0005
5388  0.0005
5389  0.0015
5390  0.0010
5393  0.0015
5394  0.0005
5395  0.0005
5396  0.0015
5397  0.0005
5400  0.0010
5401  0.0005
5403  0.0010
5404  0.0020
5405  0.0020
5406  0.0005
5407  0.0005
5409  0.0010
5410  0.0005
5411  0.0020
5412  0.0005
5413  0.0010
5414  0.0015
5415  0.0025
5416  0.0010
5417  0.0010
5418  0.0010
5420  0.0010
5421  0.0025
5422  0.0005
5423  0.0010
5424  0.0005
5425  0.0005
5426  0.0005
5427  0.0005
5428  0.0005
5429  0.0005
5430  0.0015
5431  0.0010
5432  0.0005
5433  0.0010
5434  0.0010
5435  0.0005
5436  0.0025
5437  0.0030
5438  0.0015
5439  0.0010
5440  0.0010
5441  0.0015
5443  0.0010
5444  0.0015
5445  0.0005
5446  0.0010
5447  0.0010
5448  0.0020
5450  0.0015
5451  0.0010
5452  0.0005
5453  0.0005
5454  0.0015
5455  0.0020
5456  0.0005
5457  0.0010
5458  0.0010
5459  0.0005
5460  0.0025
5461  0.0015
5463  0.0025
5464  0.0005
5466  0.0015
5467  0.0020
5468  0.0015
5469  0.0015
5470  0.0020
5471  0.0025
5472  0.0010
5474  0.0005
5475  0.0005
5476  0.0005
5477  0.0005
5478  0.0015
5480  0.0010
5481  0.0005
5482  0.0005
5483  0.0005
5484  0.0030
5485  0.0025
5486  0.0005
5487  0.0015
5488  0.0010
5489  0.0010
5490  0.0015
5491  0.0010
5492  0.0025
5493  0.0015
5494  0.0010
5495  0.0015
5496  0.0005
5497  0.0015
5498  0.0010
5500  0.0005
5502  0.0010
5503  0.0015
5504  0.0005
5505  0.0035
5506  0.0005
5507  0.0025
5508  0.0035
5509  0.0020
5510  0.0005
5511  0.0010
5512  0.0015
5513  0.0020
5515  0.0015
5516  0.0005
5517  0.0015
5518  0.0015
5519  0.0020
5520  0.0020
5521  0.0015
5523  0.0005
5525  0.0025
5526  0.0025
5527  0.0020
5528  0.0010
5529  0.0030
5530  0.0025
5531  0.0020
5532  0.0020
5533  0.0020
5534  0.0010
5535  0.0005
5536  0.0040
5537  0.0020
5538  0.0010
5539  0.0010
5540  0.0015
5541  0.0015
5542  0.0025
5543  0.0015
5544  0.0010
5545  0.0015
5547  0.0025
5548  0.0025
5549  0.0010
5550  0.0015
5551  0.0025
5552  0.0005
5553  0.0030
5554  0.0010
5555  0.0015
5556  0.0020
5557  0.0005
5558  0.0010
5559  0.0015
5560  0.0010
5561  0.0015
5562  0.0020
5563  0.0020
5564  0.0015
5565  0.0010
5567  0.0020
5568  0.0010
5569  0.0010
5570  0.0025
5571  0.0010
5572  0.0005
5573  0.0010
5574  0.0015
5575  0.0025
5576  0.0010
5577  0.0005
5578  0.0005
5579  0.0010
5580  0.0005
5581  0.0020
5582  0.0005
5583  0.0005
5584  0.0005
5585  0.0015
5586  0.0015
5587  0.0025
5588  0.0015
5589  0.0015
5590  0.0025
5591  0.0010
5592  0.0015
5593  0.0020
5594  0.0025
5595  0.0010
5596  0.0015
5597  0.0010
5598  0.0020
5599  0.0010
5600  0.0030
5601  0.0010
5602  0.0010
5603  0.0020
5604  0.0025
5605  0.0025
5606  0.0015
5607  0.0015
5609  0.0010
5610  0.0025
5611  0.0030
5612  0.0025
5613  0.0010
5614  0.0015
5615  0.0015
5616  0.0015
5617  0.0005
5618  0.0015
5619  0.0005
5620  0.0005
5621  0.0020
5622  0.0010
5623  0.0015
5624  0.0020
5625  0.0020
5626  0.0010
5627  0.0030
5629  0.0030
5630  0.0025
5631  0.0010
5632  0.0030
5633  0.0020
5634  0.0015
5635  0.0005
5636  0.0045
5637  0.0005
5638  0.0005
5639  0.0015
5640  0.0020
5641  0.0015
5642  0.0020
5643  0.0025
5644  0.0020
5645  0.0010
5646  0.0015
5647  0.0010
5648  0.0015
5649  0.0005
5650  0.0005
5651  0.0015
5652  0.0015
5653  0.0035
5654  0.0025
5655  0.0020
5656  0.0010
5657  0.0020
5658  0.0005
5659  0.0020
5660  0.0020
5661  0.0010
5663  0.0010
5664  0.0015
5665  0.0010
5666  0.0020
5667  0.0010
5668  0.0005
5669  0.0025
5670  0.0005
5671  0.0015
5672  0.0010
5673  0.0015
5674  0.0005
5675  0.0005
5676  0.0025
5677  0.0015
5678  0.0005
5679  0.0010
5680  0.0010
5681  0.0025
5682  0.0015
5683  0.0020
5684  0.0010
5685  0.0005
5686  0.0020
5687  0.0005
5688  0.0020
5689  0.0010
5690  0.0025
5691  0.0010
5692  0.0005
5693  0.0020
5694  0.0005
5695  0.0015
5696  0.0005
5698  0.0010
5699  0.0010
5700  0.0010
5701  0.0005
5702  0.0020
5703  0.0015
5704  0.0005
5705  0.0015
5706  0.0010
5707  0.0010
5708  0.0005
5709  0.0010
5711  0.0020
5712  0.0005
5713  0.0005
5714  0.0005
5715  0.0030
5716  0.0010
5717  0.0015
5718  0.0010
5719  0.0020
5720  0.0010
5721  0.0010
5722  0.0030
5723  0.0010
5725  0.0020
5726  0.0005
5727  0.0015
5728  0.0005
5730  0.0010
5731  0.0015
5732  0.0010
5733  0.0020
5734  0.0015
5735  0.0020
5736  0.0005
5737  0.0015
5738  0.0010
5739  0.0005
5740  0.0015
5741  0.0010
5742  0.0005
5743  0.0010
5744  0.0010
5745  0.0020
5746  0.0010
5747  0.0010
5748  0.0015
5749  0.0005
5750  0.0005
5751  0.0005
5752  0.0020
5753  0.0005
5754  0.0025
5755  0.0015
5756  0.0005
5757  0.0010
5758  0.0005
5759  0.0010
5760  0.0005
5761  0.0005
5762  0.0010
5763  0.0005
5765  0.0010
5766  0.0005
5767  0.0005
5768  0.0005
5769  0.0010
5770  0.0020
5771  0.0010
5772  0.0015
5773  0.0010
5774  0.0015
5775  0.0005
5776  0.0005
5777  0.0010
5778  0.0005
5779  0.0005
5780  0.0015
5781  0.0005
5782  0.0005
5783  0.0005
5784  0.0010
5785  0.0025
5786  0.0005
5788  0.0005
5789  0.0010
5790  0.0010
5791  0.0010
5792  0.0010
5794  0.0015
5795  0.0015
5796  0.0010
5797  0.0010
5798  0.0010
5799  0.0010
5800  0.0025
5801  0.0005
5803  0.0020
5804  0.0005
5805  0.0015
5806  0.0010
5807  0.0005
5808  0.0015
5809  0.0015
5811  0.0010
5812  0.0005
5813  0.0005
5814  0.0005
5816  0.0015
5817  0.0005
5818  0.0010
5819  0.0005
5820  0.0015
5821  0.0005
5822  0.0015
5824  0.0015
5827  0.0005
5831  0.0005
5833  0.0020
5834  0.0015
5835  0.0010
5836  0.0005
5837  0.0005
5838  0.0010
5839  0.0005
5844  0.0010
5845  0.0005
5846  0.0010
5847  0.0005
5848  0.0005
5852  0.0005
5855  0.0005
5856  0.0020
5857  0.0005
5858  0.0005
5859  0.0005
5860  0.0005
5861  0.0010
5862  0.0005
5863  0.0005
5865  0.0005
5866  0.0005
5869  0.0005
5871  0.0005
5873  0.0005
5876  0.0005
5878  0.0005
5879  0.0005
5881  0.0010
5882  0.0005
5885  0.0005
5886  0.0005
5889  0.0005
5892  0.0005
5893  0.0005
5894  0.0005
5895  0.0005
5897  0.0005
5898  0.0005
5899  0.0005
5900  0.0005
5902  0.0005
5903  0.0005
5904  0.0005
5907  0.0005
5913  0.0005
5915  0.0005
5917  0.0005
5920  0.0005
5921  0.0010
5923  0.0005
5926  0.0010
5928  0.0005
5929  0.0010
5930  0.0005
5931  0.0005
5935  0.0005
5937  0.0005
5940  0.0005
5942  0.0005
5943  0.0005
5944  0.0005
5948  0.0010
5952  0.0005
5953  0.0005
5956  0.0005
5957  0.0005
5958  0.0010
5959  0.0005
5961  0.0010
5965  0.0005
5967  0.0005
5969  0.0005
5973  0.0005
5977  0.0005
5978  0.0010
5984  0.0005
5990  0.0020
5998  0.0010
6008  0.0005
6009  0.0005
6014  0.0005
6027  0.0005
6047  0.0005
6050  0.0005
6069  0.0005
