1  114.3940
2  32.9970
3  20.7780
4  13.9300
5  10.1870
6  7.7070
7  6.0200
8  4.8730
9  3.9810
10  3.3160
11  2.8130
12  2.4520
13  2.0310
14  1.7740
15  1.5620
16  1.2580
17  1.2420
18  1.0360
19  0.9560
20  0.9200
21  0.7610
22  0.6630
23  0.6240
24  0.5620
25  0.5850
26  0.4430
27  0.4220
28  0.4130
29  0.3480
30  0.3250
31  0.3300
32  0.3350
33  0.2690
34  0.2210
35  0.1930
36  0.1740
37  0.1580
38  0.1740
39  0.1420
40  0.1410
41  0.1380
42  0.1390
43  0.1310
44  0.1240
45  0.1160
46  0.1010
47  0.0840
48  0.0790
49  0.0930
50  0.0710
51  0.0600
52  0.0720
53  0.0480
54  0.0390
55  0.0470
56  0.0490
57  0.0370
58  0.0330
59  0.0350
60  0.0370
61  0.0310
62  0.0360
63  0.0380
64  0.0230
65  0.0220
66  0.0350
67  0.0220
68  0.0280
69  0.0280
70  0.0250
71  0.0200
72  0.0240
73  0.0210
74  0.0140
75  0.0050
76  0.0120
77  0.0100
78  0.0090
79  0.0110
80  0.0110
81  0.0080
82  0.0150
83  0.0110
84  0.0070
85  0.0080
86  0.0060
87  0.0060
88  0.0020
89  0.0020
90  0.0020
91  0.0040
92  0.0120
93  0.0080
94  0.0040
95  0.0040
96  0.0050
97  0.0060
98  0.0050
99  0.0020
100  0.0040
101  0.0040
102  0.0030
104  0.0030
105  0.0030
106  0.0030
107  0.0020
108  0.0020
110  0.0020
111  0.0030
112  0.0040
114  0.0040
115  0.0010
116  0.0010
117  0.0010
118  0.0020
119  0.0030
121  0.0010
123  0.0020
124  0.0020
125  0.0010
126  0.0020
127  0.0010
128  0.0010
129  0.0010
130  0.0010
131  0.0010
132  0.0010
143  0.0010
146  0.0010
147  0.0010
150  0.0010
152  0.0010
157  0.0010
161  0.0010
164  0.0020
169  0.0010
172  0.0010
