1  43.1650
2  9.3270
3  5.5280
4  3.5700
5  2.4460
6  1.8170
7  1.3920
8  1.1100
9  0.9840
10  0.7670
11  0.6250
12  0.5590
13  0.5240
14  0.4310
15  0.3880
16  0.3690
17  0.3210
18  0.2630
19  0.2450
20  0.2270
21  0.2120
22  0.1850
23  0.1970
24  0.1600
25  0.1780
26  0.1500
27  0.1410
28  0.1200
29  0.1300
30  0.1000
31  0.1200
32  0.1100
33  0.1120
34  0.0880
35  0.0880
36  0.0910
37  0.0720
38  0.0740
39  0.0830
40  0.0600
41  0.0520
42  0.0600
43  0.0680
44  0.0590
45  0.0560
46  0.0500
47  0.0560
48  0.0530
49  0.0510
50  0.0440
51  0.0500
52  0.0370
53  0.0370
54  0.0460
55  0.0310
56  0.0430
57  0.0330
58  0.0410
59  0.0350
60  0.0330
61  0.0300
62  0.0250
63  0.0280
64  0.0210
65  0.0260
66  0.0350
67  0.0290
68  0.0280
69  0.0250
70  0.0290
71  0.0180
72  0.0300
73  0.0220
74  0.0290
75  0.0250
76  0.0260
77  0.0250
78  0.0230
79  0.0250
80  0.0230
81  0.0150
82  0.0170
83  0.0130
84  0.0220
85  0.0220
86  0.0140
87  0.0160
88  0.0180
89  0.0250
90  0.0200
91  0.0180
92  0.0120
93  0.0170
94  0.0210
95  0.0210
96  0.0130
97  0.0190
98  0.0170
99  0.0150
100  0.0140
101  0.0100
102  0.0200
103  0.0110
104  0.0150
105  0.0150
106  0.0150
107  0.0140
108  0.0100
109  0.0090
110  0.0130
111  0.0120
112  0.0090
113  0.0100
114  0.0070
115  0.0150
116  0.0180
117  0.0060
118  0.0180
119  0.0160
120  0.0120
121  0.0140
122  0.0080
123  0.0090
124  0.0090
125  0.0100
126  0.0110
127  0.0080
128  0.0100
129  0.0110
130  0.0100
131  0.0120
132  0.0120
133  0.0070
134  0.0130
135  0.0090
136  0.0050
137  0.0050
138  0.0060
139  0.0100
140  0.0060
141  0.0050
142  0.0080
143  0.0130
144  0.0100
145  0.0090
146  0.0060
147  0.0060
148  0.0080
149  0.0060
150  0.0050
151  0.0050
152  0.0050
153  0.0040
154  0.0030
155  0.0100
156  0.0080
157  0.0050
158  0.0050
159  0.0060
160  0.0050
161  0.0030
162  0.0080
163  0.0040
164  0.0040
165  0.0030
166  0.0090
167  0.0040
168  0.0080
169  0.0070
170  0.0070
171  0.0030
172  0.0080
173  0.0070
174  0.0090
175  0.0080
176  0.0070
177  0.0060
178  0.0060
179  0.0010
180  0.0060
181  0.0050
182  0.0080
183  0.0080
184  0.0050
185  0.0030
186  0.0030
187  0.0030
188  0.0050
189  0.0070
190  0.0060
191  0.0030
192  0.0010
193  0.0060
194  0.0040
195  0.0040
196  0.0060
197  0.0040
198  0.0060
199  0.0080
200  0.0040
201  0.0040
202  0.0060
203  0.0010
204  0.0030
205  0.0010
206  0.0020
207  0.0070
208  0.0030
209  0.0050
210  0.0050
211  0.0030
212  0.0070
213  0.0040
215  0.0020
216  0.0030
217  0.0050
218  0.0050
219  0.0030
220  0.0030
221  0.0040
222  0.0080
223  0.0010
224  0.0070
225  0.0030
226  0.0050
227  0.0020
228  0.0070
229  0.0020
231  0.0010
232  0.0020
233  0.0030
234  0.0040
235  0.0010
236  0.0070
237  0.0020
238  0.0020
239  0.0020
240  0.0040
241  0.0020
242  0.0010
243  0.0040
244  0.0030
245  0.0040
246  0.0030
247  0.0030
248  0.0010
249  0.0010
250  0.0050
251  0.0040
252  0.0030
253  0.0030
254  0.0030
255  0.0020
256  0.0020
257  0.0060
258  0.0020
259  0.0040
260  0.0020
261  0.0040
262  0.0010
263  0.0020
264  0.0040
265  0.0020
266  0.0040
267  0.0050
268  0.0010
269  0.0040
270  0.0010
271  0.0030
272  0.0040
273  0.0030
274  0.0010
275  0.0020
276  0.0040
277  0.0010
278  0.0010
279  0.0010
280  0.0050
281  0.0010
282  0.0050
284  0.0050
285  0.0030
286  0.0040
287  0.0030
288  0.0060
289  0.0030
290  0.0030
291  0.0050
292  0.0030
293  0.0040
294  0.0050
295  0.0020
296  0.0040
297  0.0020
298  0.0020
299  0.0010
300  0.0020
301  0.0020
302  0.0020
304  0.0020
305  0.0060
306  0.0020
307  0.0020
308  0.0030
309  0.0010
310  0.0050
311  0.0050
312  0.0020
313  0.0030
314  0.0010
316  0.0030
317  0.0010
318  0.0010
319  0.0010
320  0.0010
321  0.0010
322  0.0010
323  0.0020
324  0.0030
325  0.0040
326  0.0030
327  0.0020
328  0.0010
329  0.0010
330  0.0020
332  0.0040
333  0.0020
335  0.0010
336  0.0030
337  0.0050
338  0.0020
339  0.0050
340  0.0010
341  0.0030
342  0.0020
343  0.0030
344  0.0020
345  0.0020
346  0.0030
347  0.0020
348  0.0010
349  0.0020
350  0.0030
351  0.0070
352  0.0010
353  0.0040
354  0.0030
355  0.0050
356  0.0010
357  0.0010
358  0.0010
359  0.0020
360  0.0020
361  0.0010
364  0.0010
366  0.0020
367  0.0050
368  0.0020
369  0.0020
370  0.0010
374  0.0010
375  0.0020
377  0.0020
378  0.0030
379  0.0030
380  0.0010
382  0.0020
384  0.0030
385  0.0020
387  0.0010
389  0.0010
390  0.0020
391  0.0010
392  0.0020
393  0.0010
394  0.0010
395  0.0010
396  0.0020
398  0.0020
399  0.0020
400  0.0030
401  0.0030
403  0.0030
405  0.0010
408  0.0030
409  0.0020
412  0.0030
413  0.0010
414  0.0030
415  0.0010
416  0.0020
418  0.0020
420  0.0010
421  0.0010
422  0.0030
423  0.0020
424  0.0010
425  0.0010
426  0.0030
427  0.0030
429  0.0010
430  0.0020
431  0.0010
434  0.0020
435  0.0010
436  0.0010
437  0.0010
438  0.0010
439  0.0030
441  0.0020
443  0.0010
444  0.0020
445  0.0020
446  0.0020
447  0.0010
448  0.0010
449  0.0010
450  0.0010
452  0.0010
453  0.0020
454  0.0010
455  0.0010
456  0.0020
457  0.0020
458  0.0010
459  0.0010
460  0.0020
461  0.0010
462  0.0020
463  0.0020
465  0.0020
466  0.0010
467  0.0020
468  0.0030
469  0.0010
470  0.0020
471  0.0010
472  0.0030
473  0.0030
474  0.0010
475  0.0010
476  0.0010
477  0.0020
478  0.0020
479  0.0020
480  0.0030
481  0.0010
482  0.0020
484  0.0010
485  0.0010
487  0.0010
492  0.0010
493  0.0010
494  0.0030
495  0.0010
496  0.0020
498  0.0010
499  0.0010
500  0.0010
501  0.0020
503  0.0030
504  0.0020
505  0.0010
507  0.0040
508  0.0020
510  0.0040
511  0.0020
513  0.0010
515  0.0020
516  0.0020
517  0.0010
518  0.0010
519  0.0010
522  0.0030
523  0.0020
524  0.0020
525  0.0030
526  0.0020
527  0.0010
528  0.0010
529  0.0020
530  0.0010
531  0.0030
532  0.0010
533  0.0030
534  0.0010
535  0.0010
536  0.0010
537  0.0010
539  0.0020
540  0.0010
541  0.0010
542  0.0010
544  0.0010
545  0.0030
546  0.0010
548  0.0030
549  0.0010
550  0.0010
552  0.0010
553  0.0010
554  0.0010
555  0.0020
556  0.0010
557  0.0010
558  0.0010
563  0.0060
564  0.0020
566  0.0020
567  0.0010
568  0.0010
570  0.0020
571  0.0020
573  0.0020
574  0.0020
575  0.0010
576  0.0020
578  0.0040
579  0.0010
581  0.0010
582  0.0020
584  0.0010
585  0.0040
588  0.0020
590  0.0010
591  0.0010
594  0.0010
596  0.0040
598  0.0010
599  0.0010
600  0.0010
602  0.0020
603  0.0010
605  0.0010
607  0.0010
608  0.0010
609  0.0010
610  0.0030
612  0.0020
613  0.0010
615  0.0010
616  0.0020
617  0.0010
620  0.0020
623  0.0010
625  0.0010
626  0.0010
627  0.0010
628  0.0010
629  0.0020
630  0.0010
632  0.0020
633  0.0020
634  0.0030
637  0.0010
640  0.0010
641  0.0030
644  0.0010
645  0.0050
646  0.0020
647  0.0010
648  0.0010
649  0.0020
651  0.0040
653  0.0010
654  0.0010
658  0.0020
659  0.0010
660  0.0010
661  0.0010
662  0.0020
665  0.0010
666  0.0010
667  0.0010
669  0.0020
671  0.0020
672  0.0010
673  0.0010
676  0.0020
677  0.0010
678  0.0010
680  0.0010
682  0.0010
683  0.0020
684  0.0010
686  0.0010
687  0.0010
690  0.0010
691  0.0010
692  0.0010
695  0.0010
696  0.0020
697  0.0010
698  0.0020
699  0.0050
700  0.0040
701  0.0010
702  0.0030
703  0.0010
705  0.0040
706  0.0010
707  0.0010
710  0.0020
711  0.0010
713  0.0020
715  0.0010
716  0.0030
717  0.0020
718  0.0010
720  0.0020
722  0.0010
723  0.0010
725  0.0020
728  0.0010
729  0.0020
732  0.0010
735  0.0010
736  0.0020
737  0.0020
738  0.0020
740  0.0010
743  0.0010
744  0.0010
747  0.0020
748  0.0010
750  0.0020
751  0.0020
752  0.0010
753  0.0020
754  0.0010
757  0.0010
758  0.0010
759  0.0020
760  0.0010
761  0.0030
762  0.0020
764  0.0010
765  0.0020
766  0.0010
767  0.0010
768  0.0010
769  0.0030
770  0.0010
771  0.0020
774  0.0010
775  0.0020
777  0.0010
778  0.0010
779  0.0040
782  0.0010
786  0.0010
788  0.0020
790  0.0010
791  0.0020
792  0.0010
793  0.0010
794  0.0010
795  0.0010
797  0.0010
798  0.0010
799  0.0010
800  0.0010
801  0.0010
805  0.0010
810  0.0010
811  0.0020
813  0.0010
814  0.0010
815  0.0020
816  0.0010
817  0.0030
819  0.0020
820  0.0010
821  0.0020
822  0.0010
824  0.0010
826  0.0010
828  0.0010
830  0.0010
831  0.0020
832  0.0020
836  0.0020
837  0.0010
839  0.0010
842  0.0020
844  0.0020
845  0.0020
846  0.0010
847  0.0010
848  0.0030
850  0.0020
851  0.0010
852  0.0010
853  0.0020
854  0.0010
856  0.0010
857  0.0010
858  0.0020
859  0.0010
861  0.0020
862  0.0020
863  0.0020
864  0.0010
865  0.0020
866  0.0010
867  0.0010
868  0.0010
869  0.0020
870  0.0030
871  0.0010
872  0.0010
873  0.0010
874  0.0010
875  0.0020
876  0.0020
877  0.0010
878  0.0010
880  0.0020
881  0.0020
883  0.0030
884  0.0010
887  0.0010
889  0.0010
891  0.0010
893  0.0030
894  0.0020
896  0.0030
898  0.0020
899  0.0020
901  0.0030
902  0.0010
903  0.0010
904  0.0010
905  0.0050
906  0.0010
910  0.0010
912  0.0010
913  0.0020
914  0.0010
916  0.0010
917  0.0010
918  0.0010
919  0.0010
920  0.0020
922  0.0010
923  0.0020
924  0.0020
929  0.0020
931  0.0040
932  0.0010
934  0.0020
936  0.0010
937  0.0020
938  0.0030
939  0.0050
940  0.0010
941  0.0020
942  0.0010
946  0.0010
947  0.0030
948  0.0030
951  0.0010
952  0.0020
954  0.0010
955  0.0010
956  0.0050
957  0.0010
958  0.0010
959  0.0010
960  0.0010
965  0.0020
966  0.0030
967  0.0010
968  0.0020
969  0.0010
970  0.0010
971  0.0020
972  0.0010
973  0.0020
974  0.0020
976  0.0020
977  0.0030
978  0.0010
979  0.0060
981  0.0040
982  0.0030
984  0.0010
987  0.0040
988  0.0030
990  0.0020
991  0.0010
992  0.0030
993  0.0010
996  0.0010
997  0.0020
998  0.0040
999  0.0030
1000  0.0030
1001  0.0010
1004  0.0020
1005  0.0010
1006  0.0010
1007  0.0010
1008  0.0010
1009  0.0010
1010  0.0010
1014  0.0010
1015  0.0030
1017  0.0010
1018  0.0020
1019  0.0020
1020  0.0030
1023  0.0010
1025  0.0010
1029  0.0030
1030  0.0020
1031  0.0010
1032  0.0010
1034  0.0010
1036  0.0010
1037  0.0020
1038  0.0020
1041  0.0010
1043  0.0010
1045  0.0030
1046  0.0020
1048  0.0020
1049  0.0020
1051  0.0010
1054  0.0020
1055  0.0010
1057  0.0020
1058  0.0010
1060  0.0010
1061  0.0010
1063  0.0010
1064  0.0010
1068  0.0010
1070  0.0020
1071  0.0010
1072  0.0020
1074  0.0020
1075  0.0040
1076  0.0010
1077  0.0010
1078  0.0010
1080  0.0030
1081  0.0010
1082  0.0010
1083  0.0010
1084  0.0020
1085  0.0010
1086  0.0010
1088  0.0020
1089  0.0020
1092  0.0010
1093  0.0020
1095  0.0040
1096  0.0010
1097  0.0010
1098  0.0020
1099  0.0010
1101  0.0020
1102  0.0010
1103  0.0020
1104  0.0020
1105  0.0020
1106  0.0030
1107  0.0030
1108  0.0010
1109  0.0040
1110  0.0040
1112  0.0010
1113  0.0020
1114  0.0010
1115  0.0030
1116  0.0020
1117  0.0010
1118  0.0020
1119  0.0010
1120  0.0020
1121  0.0010
1122  0.0010
1124  0.0020
1125  0.0010
1126  0.0020
1127  0.0010
1128  0.0010
1131  0.0010
1132  0.0010
1133  0.0040
1135  0.0010
1136  0.0010
1137  0.0010
1138  0.0010
1140  0.0020
1141  0.0020
1143  0.0020
1144  0.0040
1145  0.0020
1146  0.0010
1149  0.0010
1150  0.0020
1151  0.0010
1158  0.0010
1159  0.0010
1160  0.0020
1163  0.0010
1164  0.0010
1165  0.0010
1166  0.0050
1167  0.0010
1168  0.0010
1169  0.0020
1170  0.0020
1171  0.0020
1172  0.0020
1174  0.0010
1175  0.0010
1176  0.0020
1177  0.0010
1178  0.0010
1179  0.0010
1181  0.0030
1182  0.0010
1183  0.0010
1184  0.0030
1186  0.0020
1187  0.0020
1188  0.0010
1189  0.0030
1190  0.0010
1193  0.0010
1194  0.0010
1195  0.0010
1197  0.0010
1200  0.0010
1201  0.0020
1202  0.0020
1203  0.0010
1204  0.0020
1205  0.0010
1206  0.0010
1209  0.0010
1213  0.0010
1214  0.0010
1215  0.0010
1216  0.0010
1220  0.0010
1221  0.0040
1223  0.0010
1224  0.0010
1227  0.0020
1228  0.0010
1229  0.0010
1232  0.0010
1233  0.0010
1234  0.0010
1236  0.0030
1237  0.0010
1238  0.0010
1239  0.0010
1240  0.0010
1241  0.0010
1242  0.0010
1244  0.0020
1246  0.0020
1247  0.0040
1248  0.0010
1251  0.0010
1253  0.0010
1257  0.0010
1259  0.0020
1261  0.0010
1267  0.0010
1272  0.0010
1274  0.0010
1276  0.0020
1277  0.0020
1278  0.0010
1284  0.0010
1285  0.0010
1286  0.0020
1291  0.0010
1292  0.0010
1295  0.0020
1300  0.0010
1310  0.0010
1316  0.0010
1320  0.0010
1322  0.0010
1325  0.0010
1326  0.0010
1328  0.0020
1330  0.0010
1338  0.0010
1340  0.0010
1347  0.0010
1356  0.0010
1360  0.0010
1380  0.0010
1384  0.0010
1392  0.0010
1406  0.0010
1418  0.0010
1428  0.0010
1457  0.0010
