1  28.4655
2  3.0500
3  1.4135
4  0.7020
5  0.3850
6  0.2365
7  0.1615
8  0.1030
9  0.0705
10  0.0535
11  0.0420
12  0.0315
13  0.0275
14  0.0120
15  0.0180
16  0.0130
17  0.0095
18  0.0085
19  0.0080
20  0.0060
21  0.0055
22  0.0030
23  0.0045
24  0.0075
25  0.0030
26  0.0025
27  0.0010
28  0.0020
29  0.0015
30  0.0020
31  0.0005
32  0.0020
33  0.0005
34  0.0005
36  0.0005
37  0.0010
41  0.0005
44  0.0005
48  0.0010
55  0.0005
59  0.0005
60  0.0010
61  0.0005
62  0.0005
74  0.0005
7383  0.0005
7404  0.0005
7406  0.0005
7410  0.0005
7411  0.0005
7414  0.0005
7416  0.0005
7419  0.0005
7420  0.0005
7423  0.0005
7426  0.0005
7427  0.0005
7428  0.0005
7429  0.0005
7430  0.0010
7431  0.0005
7432  0.0005
7433  0.0005
7434  0.0010
7435  0.0005
7436  0.0005
7438  0.0005
7440  0.0020
7442  0.0010
7444  0.0005
7445  0.0015
7446  0.0005
7447  0.0005
7448  0.0015
7449  0.0010
7451  0.0015
7452  0.0025
7453  0.0015
7454  0.0015
7455  0.0010
7456  0.0010
7457  0.0040
7458  0.0010
7459  0.0035
7460  0.0025
7461  0.0005
7462  0.0015
7463  0.0015
7464  0.0015
7465  0.0030
7466  0.0010
7467  0.0020
7468  0.0025
7469  0.0040
7470  0.0035
7471  0.0015
7472  0.0030
7473  0.0015
7475  0.0015
7476  0.0040
7477  0.0015
7478  0.0030
7479  0.0045
7480  0.0015
7481  0.0025
7482  0.0045
7483  0.0050
7484  0.0025
7485  0.0055
7486  0.0020
7487  0.0020
7488  0.0080
7489  0.0040
7490  0.0050
7491  0.0050
7492  0.0065
7493  0.0065
7494  0.0035
7495  0.0025
7496  0.0025
7497  0.0060
7498  0.0035
7499  0.0040
7500  0.0035
7501  0.0065
7502  0.0035
7503  0.0055
7504  0.0045
7505  0.0030
7506  0.0030
7507  0.0085
7508  0.0035
7509  0.0065
7510  0.0045
7511  0.0040
7512  0.0075
7513  0.0050
7514  0.0090
7515  0.0045
7516  0.0070
7517  0.0065
7518  0.0075
7519  0.0070
7520  0.0050
7521  0.0130
7522  0.0070
7523  0.0065
7524  0.0095
7525  0.0055
7526  0.0065
7527  0.0090
7528  0.0065
7529  0.0075
7530  0.0080
7531  0.0080
7532  0.0110
7533  0.0060
7534  0.0095
7535  0.0100
7536  0.0080
7537  0.0085
7538  0.0080
7539  0.0085
7540  0.0100
7541  0.0070
7542  0.0105
7543  0.0105
7544  0.0090
7545  0.0065
7546  0.0055
7547  0.0085
7548  0.0090
7549  0.0095
7550  0.0070
7551  0.0050
7552  0.0100
7553  0.0065
7554  0.0040
7555  0.0055
7556  0.0060
7557  0.0055
7558  0.0120
7559  0.0055
7560  0.0060
7561  0.0075
7562  0.0035
7563  0.0090
7564  0.0070
7565  0.0085
7566  0.0060
7567  0.0065
7568  0.0055
7569  0.0110
7570  0.0095
7571  0.0095
7572  0.0070
7573  0.0110
7574  0.0090
7575  0.0050
7576  0.0060
7577  0.0105
7578  0.0110
7579  0.0040
7580  0.0085
7581  0.0065
7582  0.0050
7583  0.0080
7584  0.0075
7585  0.0050
7586  0.0060
7587  0.0075
7588  0.0050
7589  0.0070
7590  0.0080
7591  0.0030
7592  0.0060
7593  0.0065
7594  0.0035
7595  0.0040
7596  0.0050
7597  0.0060
7598  0.0045
7599  0.0005
7600  0.0040
7601  0.0055
7602  0.0060
7603  0.0045
7604  0.0030
7605  0.0025
7606  0.0050
7607  0.0045
7608  0.0025
7609  0.0030
7610  0.0030
7611  0.0040
7612  0.0020
7613  0.0010
7614  0.0040
7615  0.0050
7616  0.0050
7617  0.0015
7618  0.0025
7619  0.0055
7620  0.0025
7621  0.0020
7622  0.0020
7623  0.0025
7624  0.0020
7625  0.0010
7626  0.0015
7627  0.0010
7628  0.0030
7629  0.0020
7630  0.0025
7631  0.0010
7632  0.0030
7633  0.0030
7634  0.0015
7635  0.0005
7636  0.0015
7637  0.0010
7638  0.0025
7639  0.0015
7640  0.0035
7642  0.0020
7643  0.0010
7644  0.0015
7645  0.0015
7646  0.0020
7648  0.0020
7650  0.0005
7651  0.0015
7653  0.0005
7654  0.0005
7655  0.0005
7657  0.0010
7659  0.0015
7661  0.0005
7662  0.0005
7664  0.0005
7666  0.0010
7667  0.0010
7668  0.0010
7671  0.0005
7673  0.0005
7674  0.0010
7675  0.0005
7678  0.0005
7679  0.0010
7682  0.0010
7683  0.0005
7689  0.0005
7693  0.0010
7694  0.0005
7699  0.0005
7704  0.0005
7740  0.0005
