1  677.9855
2  201.7460
3  118.9630
4  74.5440
5  49.5605
6  34.6605
7  24.4490
8  18.2950
9  13.4800
10  10.2220
11  7.6855
12  6.1710
13  4.7925
14  3.6655
15  2.9840
16  2.2905
17  1.9395
18  1.4815
19  1.2075
20  0.9850
21  0.7915
22  0.6435
23  0.5025
24  0.4140
25  0.3565
26  0.2930
27  0.2360
28  0.1950
29  0.1565
30  0.1385
31  0.0945
32  0.0795
33  0.0650
34  0.0570
35  0.0505
36  0.0335
37  0.0265
38  0.0365
39  0.0265
40  0.0230
41  0.0125
42  0.0120
43  0.0090
44  0.0105
45  0.0065
46  0.0060
47  0.0050
48  0.0050
49  0.0050
50  0.0020
51  0.0025
52  0.0025
53  0.0020
54  0.0005
55  0.0005
56  0.0025
57  0.0015
58  0.0005
59  0.0015
60  0.0005
63  0.0005
68  0.0005
81  0.0005
