1  15.1940
2  2.3440
3  1.2090
4  0.6980
5  0.4080
6  0.2920
7  0.2200
8  0.1340
9  0.1170
10  0.0990
11  0.0640
12  0.0670
13  0.0500
14  0.0490
15  0.0500
16  0.0280
17  0.0210
18  0.0280
19  0.0190
20  0.0220
21  0.0070
22  0.0090
23  0.0150
24  0.0060
25  0.0230
26  0.0040
27  0.0040
28  0.0050
29  0.0060
30  0.0030
31  0.0070
32  0.0070
33  0.0050
34  0.0060
35  0.0020
36  0.0040
37  0.0010
38  0.0080
39  0.0030
40  0.0040
41  0.0020
42  0.0050
43  0.0010
44  0.0020
46  0.0020
47  0.0040
49  0.0030
50  0.0020
52  0.0030
54  0.0010
58  0.0030
60  0.0010
61  0.0010
62  0.0010
64  0.0020
65  0.0010
66  0.0020
69  0.0010
77  0.0010
78  0.0010
81  0.0010
92  0.0010
95  0.0010
96  0.0010
104  0.0010
121  0.0010
123  0.0010
126  0.0010
1521  0.0010
1538  0.0010
1571  0.0010
1580  0.0010
1593  0.0010
1595  0.0010
1604  0.0010
1613  0.0010
1618  0.0010
1621  0.0010
1622  0.0020
1625  0.0010
1626  0.0010
1628  0.0010
1629  0.0010
1631  0.0010
1632  0.0010
1636  0.0020
1638  0.0010
1641  0.0020
1642  0.0030
1643  0.0010
1644  0.0020
1645  0.0020
1646  0.0020
1647  0.0010
1648  0.0010
1649  0.0020
1650  0.0020
1651  0.0010
1653  0.0020
1654  0.0020
1655  0.0010
1656  0.0030
1657  0.0020
1658  0.0020
1659  0.0010
1660  0.0030
1661  0.0020
1662  0.0020
1663  0.0010
1664  0.0020
1665  0.0030
1666  0.0010
1667  0.0020
1668  0.0010
1669  0.0030
1670  0.0010
1671  0.0010
1672  0.0040
1673  0.0050
1674  0.0030
1675  0.0010
1676  0.0010
1677  0.0010
1678  0.0020
1679  0.0040
1680  0.0070
1681  0.0060
1682  0.0030
1683  0.0050
1684  0.0020
1685  0.0040
1686  0.0040
1687  0.0060
1688  0.0080
1689  0.0030
1690  0.0070
1691  0.0060
1692  0.0080
1693  0.0080
1694  0.0030
1695  0.0050
1696  0.0050
1697  0.0060
1698  0.0010
1699  0.0040
1700  0.0070
1701  0.0020
1702  0.0050
1703  0.0050
1704  0.0070
1705  0.0050
1706  0.0080
1707  0.0060
1708  0.0120
1709  0.0110
1710  0.0100
1711  0.0120
1712  0.0140
1713  0.0080
1714  0.0120
1715  0.0110
1716  0.0100
1717  0.0080
1718  0.0110
1719  0.0050
1720  0.0080
1721  0.0110
1722  0.0130
1723  0.0090
1724  0.0120
1725  0.0080
1726  0.0070
1727  0.0140
1728  0.0090
1729  0.0170
1730  0.0150
1731  0.0140
1732  0.0160
1733  0.0070
1734  0.0120
1735  0.0090
1736  0.0140
1737  0.0090
1738  0.0100
1739  0.0130
1740  0.0120
1741  0.0100
1742  0.0080
1743  0.0050
1744  0.0110
1745  0.0070
1746  0.0100
1747  0.0080
1748  0.0100
1749  0.0150
1750  0.0090
1751  0.0100
1752  0.0100
1753  0.0120
1754  0.0080
1755  0.0070
1756  0.0090
1757  0.0080
1758  0.0060
1759  0.0060
1760  0.0130
1761  0.0130
1762  0.0100
1763  0.0110
1764  0.0040
1765  0.0110
1766  0.0060
1767  0.0060
1768  0.0080
1769  0.0070
1770  0.0120
1771  0.0060
1772  0.0020
1773  0.0090
1774  0.0070
1775  0.0020
1776  0.0040
1777  0.0070
1778  0.0070
1779  0.0040
1780  0.0050
1781  0.0060
1782  0.0070
1783  0.0070
1784  0.0020
1785  0.0040
1786  0.0030
1787  0.0030
1789  0.0030
1790  0.0030
1791  0.0020
1792  0.0050
1793  0.0010
1794  0.0060
1795  0.0020
1797  0.0010
1799  0.0010
1800  0.0010
1801  0.0010
1803  0.0010
1804  0.0020
1806  0.0020
1807  0.0010
1808  0.0010
1809  0.0010
1815  0.0010
1818  0.0020
1821  0.0010
1832  0.0010
1834  0.0010
