1  343.9700
2  89.9550
3  56.3220
4  38.3340
5  28.2290
6  21.4860
7  16.7840
8  13.8680
9  11.5360
10  9.6990
11  8.4420
12  7.2240
13  6.4060
14  5.6520
15  5.1070
16  4.4930
17  4.0880
18  3.6000
19  3.5040
20  3.0290
21  2.8600
22  2.6300
23  2.4850
24  2.2840
25  2.1020
26  1.9580
27  1.7910
28  1.7300
29  1.5710
30  1.5400
31  1.4420
32  1.3930
33  1.2560
34  1.1730
35  1.1100
36  1.0740
37  0.9840
38  0.9480
39  0.8750
40  0.8770
41  0.7980
42  0.7650
43  0.7450
44  0.7470
45  0.6800
46  0.6560
47  0.6270
48  0.6350
49  0.5750
50  0.5260
51  0.5070
52  0.5350
53  0.4510
54  0.4430
55  0.4150
56  0.4380
57  0.4400
58  0.3860
59  0.3820
60  0.3520
61  0.3340
62  0.3280
63  0.3530
64  0.3350
65  0.3200
66  0.2830
67  0.2920
68  0.2560
69  0.2660
70  0.2630
71  0.2260
72  0.2370
73  0.2140
74  0.2130
75  0.2150
76  0.1960
77  0.1820
78  0.1810
79  0.1880
80  0.2100
81  0.1770
82  0.1920
83  0.1630
84  0.1530
85  0.1620
86  0.1410
87  0.1400
88  0.1410
89  0.1460
90  0.1490
91  0.1180
92  0.1170
93  0.1170
94  0.1100
95  0.1070
96  0.1080
97  0.0950
98  0.0960
99  0.0980
100  0.1110
101  0.0860
102  0.0960
103  0.0750
104  0.0920
105  0.0980
106  0.0800
107  0.0770
108  0.0790
109  0.0800
110  0.0720
111  0.0750
112  0.0640
113  0.0700
114  0.0670
115  0.0570
116  0.0690
117  0.0600
118  0.0610
119  0.0510
120  0.0560
121  0.0600
122  0.0740
123  0.0580
124  0.0400
125  0.0450
126  0.0500
127  0.0450
128  0.0380
129  0.0440
130  0.0470
131  0.0500
132  0.0480
133  0.0460
134  0.0380
135  0.0450
136  0.0400
137  0.0430
138  0.0400
139  0.0420
140  0.0410
141  0.0360
142  0.0250
143  0.0340
144  0.0320
145  0.0340
146  0.0240
147  0.0360
148  0.0350
149  0.0280
150  0.0370
151  0.0240
152  0.0220
153  0.0210
154  0.0210
155  0.0270
156  0.0220
157  0.0220
158  0.0180
159  0.0220
160  0.0130
161  0.0160
162  0.0210
163  0.0130
164  0.0150
165  0.0180
166  0.0160
167  0.0180
168  0.0240
169  0.0180
170  0.0090
171  0.0090
172  0.0160
173  0.0160
174  0.0160
175  0.0180
176  0.0220
177  0.0190
178  0.0070
179  0.0130
180  0.0180
181  0.0120
182  0.0130
183  0.0100
184  0.0160
185  0.0120
186  0.0060
187  0.0160
188  0.0150
189  0.0140
190  0.0070
191  0.0160
192  0.0120
193  0.0070
194  0.0120
195  0.0070
196  0.0100
197  0.0090
198  0.0100
199  0.0170
200  0.0100
201  0.0060
202  0.0110
203  0.0070
204  0.0070
205  0.0070
206  0.0050
207  0.0120
208  0.0100
209  0.0070
210  0.0070
211  0.0100
212  0.0070
213  0.0070
214  0.0070
215  0.0110
216  0.0070
217  0.0030
218  0.0060
219  0.0040
220  0.0060
221  0.0050
222  0.0050
223  0.0020
224  0.0040
225  0.0040
226  0.0050
227  0.0040
228  0.0080
229  0.0030
230  0.0040
231  0.0030
232  0.0050
233  0.0010
234  0.0030
235  0.0010
236  0.0060
237  0.0070
238  0.0060
239  0.0040
240  0.0020
241  0.0030
242  0.0010
243  0.0010
244  0.0020
245  0.0040
246  0.0010
247  0.0020
248  0.0030
249  0.0010
250  0.0030
251  0.0020
252  0.0010
253  0.0010
254  0.0040
256  0.0020
257  0.0010
258  0.0020
260  0.0020
261  0.0030
262  0.0030
264  0.0040
265  0.0020
266  0.0030
267  0.0030
268  0.0030
269  0.0040
270  0.0040
271  0.0010
272  0.0020
273  0.0030
275  0.0020
276  0.0010
277  0.0020
278  0.0010
279  0.0010
280  0.0020
281  0.0020
282  0.0010
283  0.0010
284  0.0010
285  0.0010
286  0.0010
287  0.0010
288  0.0040
289  0.0030
290  0.0010
291  0.0010
292  0.0020
293  0.0010
296  0.0020
298  0.0020
299  0.0010
302  0.0020
306  0.0010
307  0.0010
308  0.0010
309  0.0020
312  0.0010
313  0.0010
315  0.0010
316  0.0020
318  0.0020
319  0.0010
320  0.0020
321  0.0010
324  0.0010
326  0.0010
327  0.0010
330  0.0010
333  0.0020
340  0.0020
341  0.0030
343  0.0010
344  0.0020
346  0.0010
347  0.0010
348  0.0010
349  0.0010
353  0.0010
356  0.0010
357  0.0010
358  0.0010
362  0.0010
366  0.0010
369  0.0010
370  0.0010
374  0.0010
386  0.0010
413  0.0010
451  0.0010
465  0.0010
476  0.0010
482  0.0010
496  0.0010
601  0.0010
