1  0.1390
2  0.0030
4  0.0010
9434  0.0010
9438  0.0010
9439  0.0010
9442  0.0010
9444  0.0010
9445  0.0020
9446  0.0010
9448  0.0020
9449  0.0030
9450  0.0010
9451  0.0020
9452  0.0020
9453  0.0010
9456  0.0020
9457  0.0070
9458  0.0010
9459  0.0010
9460  0.0020
9461  0.0050
9462  0.0040
9463  0.0050
9464  0.0080
9465  0.0070
9466  0.0050
9467  0.0070
9468  0.0020
9469  0.0050
9470  0.0090
9471  0.0090
9472  0.0110
9473  0.0120
9474  0.0120
9475  0.0050
9476  0.0040
9477  0.0150
9478  0.0130
9479  0.0080
9480  0.0130
9481  0.0100
9482  0.0130
9483  0.0090
9484  0.0140
9485  0.0170
9486  0.0160
9487  0.0140
9488  0.0170
9489  0.0170
9490  0.0110
9491  0.0210
9492  0.0150
9493  0.0230
9494  0.0220
9495  0.0200
9496  0.0220
9497  0.0140
9498  0.0220
9499  0.0210
9500  0.0190
9501  0.0210
9502  0.0190
9503  0.0110
9504  0.0110
9505  0.0210
9506  0.0160
9507  0.0140
9508  0.0110
9509  0.0230
9510  0.0160
9511  0.0130
9512  0.0180
9513  0.0130
9514  0.0160
9515  0.0170
9516  0.0150
9517  0.0170
9518  0.0070
9519  0.0110
9520  0.0120
9521  0.0150
9522  0.0110
9523  0.0160
9524  0.0070
9525  0.0080
9526  0.0040
9527  0.0110
9528  0.0090
9529  0.0110
9530  0.0070
9531  0.0060
9532  0.0070
9533  0.0040
9534  0.0060
9535  0.0040
9536  0.0050
9537  0.0020
9538  0.0040
9539  0.0020
9540  0.0020
9541  0.0020
9542  0.0040
9543  0.0010
9544  0.0010
9545  0.0010
9546  0.0020
9547  0.0020
9548  0.0030
9549  0.0020
9551  0.0010
9554  0.0030
9555  0.0020
9557  0.0010
9558  0.0020
9561  0.0010
9567  0.0010
