1  55.2300
2  7.5440
3  3.6920
4  2.0090
5  1.2720
6  0.8190
7  0.5450
8  0.4020
9  0.3090
10  0.2190
11  0.1620
12  0.1790
13  0.1220
14  0.1110
15  0.0820
16  0.0720
17  0.0550
18  0.0610
19  0.0480
20  0.0370
21  0.0380
22  0.0280
23  0.0160
24  0.0180
25  0.0180
26  0.0140
27  0.0180
28  0.0120
29  0.0110
30  0.0080
31  0.0090
32  0.0100
33  0.0060
34  0.0110
35  0.0070
36  0.0060
37  0.0080
38  0.0050
39  0.0050
40  0.0040
41  0.0040
42  0.0050
43  0.0040
44  0.0040
45  0.0020
46  0.0010
47  0.0020
48  0.0030
50  0.0030
51  0.0010
52  0.0050
53  0.0010
54  0.0050
57  0.0020
58  0.0050
59  0.0030
61  0.0010
63  0.0010
64  0.0010
65  0.0010
68  0.0020
69  0.0010
70  0.0020
73  0.0010
75  0.0010
81  0.0010
83  0.0010
86  0.0010
87  0.0020
90  0.0010
95  0.0010
102  0.0010
111  0.0010
141  0.0010
178  0.0010
6728  0.0010
6758  0.0010
6766  0.0010
6767  0.0010
6771  0.0010
6775  0.0010
6781  0.0010
6789  0.0010
6793  0.0010
6799  0.0010
6800  0.0010
6801  0.0010
6805  0.0010
6807  0.0010
6811  0.0020
6813  0.0010
6816  0.0020
6817  0.0020
6818  0.0020
6823  0.0020
6825  0.0010
6826  0.0030
6827  0.0010
6828  0.0020
6829  0.0030
6831  0.0020
6834  0.0010
6835  0.0010
6837  0.0010
6840  0.0020
6843  0.0030
6844  0.0010
6845  0.0020
6846  0.0030
6847  0.0010
6849  0.0030
6850  0.0030
6852  0.0010
6854  0.0010
6855  0.0010
6856  0.0010
6857  0.0020
6858  0.0030
6859  0.0020
6863  0.0020
6864  0.0010
6865  0.0020
6866  0.0010
6867  0.0040
6868  0.0020
6869  0.0020
6870  0.0040
6871  0.0030
6873  0.0050
6874  0.0010
6875  0.0030
6876  0.0040
6877  0.0010
6878  0.0010
6879  0.0010
6880  0.0020
6881  0.0010
6882  0.0010
6883  0.0020
6884  0.0010
6885  0.0010
6886  0.0050
6887  0.0020
6890  0.0020
6891  0.0050
6892  0.0030
6893  0.0060
6894  0.0020
6895  0.0040
6896  0.0030
6897  0.0010
6898  0.0030
6899  0.0060
6900  0.0030
6901  0.0040
6902  0.0050
6903  0.0040
6904  0.0030
6905  0.0030
6906  0.0020
6907  0.0070
6908  0.0040
6909  0.0020
6910  0.0040
6911  0.0050
6912  0.0030
6913  0.0030
6914  0.0050
6915  0.0070
6916  0.0020
6917  0.0050
6918  0.0050
6919  0.0010
6920  0.0050
6921  0.0050
6922  0.0030
6923  0.0020
6924  0.0040
6925  0.0040
6926  0.0050
6927  0.0020
6928  0.0060
6929  0.0070
6930  0.0070
6931  0.0060
6932  0.0070
6933  0.0090
6934  0.0040
6935  0.0060
6936  0.0040
6937  0.0070
6938  0.0100
6939  0.0050
6940  0.0090
6941  0.0060
6942  0.0050
6943  0.0030
6944  0.0060
6945  0.0040
6946  0.0030
6947  0.0020
6948  0.0040
6949  0.0090
6950  0.0050
6951  0.0020
6952  0.0070
6953  0.0060
6954  0.0060
6955  0.0080
6956  0.0020
6957  0.0080
6958  0.0040
6959  0.0070
6960  0.0040
6961  0.0070
6962  0.0100
6963  0.0070
6964  0.0110
6965  0.0070
6966  0.0070
6967  0.0050
6968  0.0060
6969  0.0070
6970  0.0060
6971  0.0070
6972  0.0080
6973  0.0070
6974  0.0050
6975  0.0030
6976  0.0030
6977  0.0130
6978  0.0060
6979  0.0030
6980  0.0040
6981  0.0030
6982  0.0050
6983  0.0060
6984  0.0080
6985  0.0060
6986  0.0080
6987  0.0070
6988  0.0050
6989  0.0050
6991  0.0060
6992  0.0070
6993  0.0040
6994  0.0080
6995  0.0040
6996  0.0070
6997  0.0060
6998  0.0060
6999  0.0060
7000  0.0060
7001  0.0040
7002  0.0090
7003  0.0040
7004  0.0070
7005  0.0030
7006  0.0070
7007  0.0030
7008  0.0040
7009  0.0020
7010  0.0080
7011  0.0040
7012  0.0030
7013  0.0100
7014  0.0040
7015  0.0040
7016  0.0080
7017  0.0060
7018  0.0040
7019  0.0070
7020  0.0050
7021  0.0030
7022  0.0020
7023  0.0040
7024  0.0010
7025  0.0040
7026  0.0040
7027  0.0020
7028  0.0020
7029  0.0030
7030  0.0040
7031  0.0040
7032  0.0040
7033  0.0010
7034  0.0030
7035  0.0010
7036  0.0040
7037  0.0030
7038  0.0040
7039  0.0050
7040  0.0050
7041  0.0060
7042  0.0030
7043  0.0050
7044  0.0040
7045  0.0060
7046  0.0070
7047  0.0040
7048  0.0030
7049  0.0010
7050  0.0030
7051  0.0020
7052  0.0030
7053  0.0010
7054  0.0010
7055  0.0020
7056  0.0040
7057  0.0060
7058  0.0040
7059  0.0030
7060  0.0030
7061  0.0030
7062  0.0020
7063  0.0010
7064  0.0010
7065  0.0020
7066  0.0030
7067  0.0040
7069  0.0010
7070  0.0010
7071  0.0010
7072  0.0020
7073  0.0010
7074  0.0030
7075  0.0010
7076  0.0010
7077  0.0020
7078  0.0010
7080  0.0010
7082  0.0020
7085  0.0030
7086  0.0020
7087  0.0030
7088  0.0010
7090  0.0020
7092  0.0030
7093  0.0030
7096  0.0010
7101  0.0010
7102  0.0010
7103  0.0010
7107  0.0020
7114  0.0020
7118  0.0010
7123  0.0010
7127  0.0010
7138  0.0010
7156  0.0010
7157  0.0010
