1  9.2600
2  1.2710
3  0.5670
4  0.3260
5  0.1790
6  0.1360
7  0.0780
8  0.0590
9  0.0650
10  0.0370
11  0.0160
12  0.0220
13  0.0110
14  0.0100
15  0.0200
16  0.0110
17  0.0040
18  0.0080
19  0.0030
20  0.0030
21  0.0040
22  0.0040
23  0.0030
24  0.0060
25  0.0020
26  0.0020
27  0.0010
28  0.0010
30  0.0010
31  0.0010
32  0.0020
33  0.0030
34  0.0010
35  0.0010
36  0.0010
37  0.0010
38  0.0010
39  0.0010
40  0.0010
41  0.0010
44  0.0010
45  0.0010
50  0.0010
55  0.0010
79  0.0010
1727  0.0010
1740  0.0020
1743  0.0010
1758  0.0010
1766  0.0010
1767  0.0010
1771  0.0010
1773  0.0010
1774  0.0010
1779  0.0010
1780  0.0010
1781  0.0010
1783  0.0020
1784  0.0010
1786  0.0010
1787  0.0010
1788  0.0030
1790  0.0010
1792  0.0010
1793  0.0020
1794  0.0030
1796  0.0050
1797  0.0020
1798  0.0020
1799  0.0010
1800  0.0020
1802  0.0010
1803  0.0040
1804  0.0020
1805  0.0020
1806  0.0090
1807  0.0010
1808  0.0030
1809  0.0020
1810  0.0080
1811  0.0040
1812  0.0040
1813  0.0040
1814  0.0100
1815  0.0070
1816  0.0040
1817  0.0050
1818  0.0070
1819  0.0070
1820  0.0020
1821  0.0050
1822  0.0040
1823  0.0070
1824  0.0090
1825  0.0050
1826  0.0120
1827  0.0110
1828  0.0050
1829  0.0100
1830  0.0080
1831  0.0150
1832  0.0120
1833  0.0070
1834  0.0120
1835  0.0100
1836  0.0030
1837  0.0130
1838  0.0140
1839  0.0100
1840  0.0120
1841  0.0050
1842  0.0100
1843  0.0220
1844  0.0110
1845  0.0150
1846  0.0150
1847  0.0090
1848  0.0160
1849  0.0130
1850  0.0190
1851  0.0150
1852  0.0210
1853  0.0080
1854  0.0100
1855  0.0190
1856  0.0130
1857  0.0170
1858  0.0170
1859  0.0080
1860  0.0170
1861  0.0220
1862  0.0200
1863  0.0100
1864  0.0150
1865  0.0150
1866  0.0180
1867  0.0220
1868  0.0150
1869  0.0130
1870  0.0130
1871  0.0100
1872  0.0070
1873  0.0070
1874  0.0090
1875  0.0110
1876  0.0120
1877  0.0110
1878  0.0130
1879  0.0080
1880  0.0100
1881  0.0150
1882  0.0100
1883  0.0060
1884  0.0050
1885  0.0020
1886  0.0100
1887  0.0070
1888  0.0040
1889  0.0060
1890  0.0070
1891  0.0050
1892  0.0060
1893  0.0030
1894  0.0080
1895  0.0010
1896  0.0090
1897  0.0060
1898  0.0030
1899  0.0030
1900  0.0040
1901  0.0040
1902  0.0040
1903  0.0020
1906  0.0010
1907  0.0020
1908  0.0010
1909  0.0010
1910  0.0020
1911  0.0050
1912  0.0020
1913  0.0010
1920  0.0040
