1  220.8305
2  50.0700
3  30.7385
4  19.9190
5  14.3030
6  10.7550
7  8.3400
8  6.6520
9  5.5870
10  4.6590
11  4.0800
12  3.4120
13  3.0490
14  2.6990
15  2.3155
16  2.1180
17  1.9755
18  1.7485
19  1.6410
20  1.4915
21  1.3615
22  1.2560
23  1.2185
24  1.0970
25  1.0385
26  0.8870
27  0.9445
28  0.8500
29  0.8430
30  0.7525
31  0.6880
32  0.6755
33  0.6495
34  0.5975
35  0.5995
36  0.5380
37  0.5280
38  0.4885
39  0.5100
40  0.4495
41  0.4380
42  0.4120
43  0.4195
44  0.3880
45  0.3720
46  0.3510
47  0.3565
48  0.3430
49  0.3140
50  0.3090
51  0.3015
52  0.2735
53  0.2810
54  0.2950
55  0.2545
56  0.2585
57  0.2445
58  0.2480
59  0.2540
60  0.2455
61  0.2090
62  0.2235
63  0.2035
64  0.1975
65  0.1865
66  0.1950
67  0.1980
68  0.1975
69  0.1690
70  0.1715
71  0.1835
72  0.1745
73  0.1620
74  0.1815
75  0.1480
76  0.1630
77  0.1460
78  0.1405
79  0.1455
80  0.1430
81  0.1460
82  0.1235
83  0.1480
84  0.1355
85  0.1355
86  0.1305
87  0.1285
88  0.1245
89  0.1290
90  0.1145
91  0.1060
92  0.1115
93  0.1105
94  0.1080
95  0.1090
96  0.1130
97  0.0925
98  0.1085
99  0.1030
100  0.0855
101  0.0995
102  0.0990
103  0.0835
104  0.0830
105  0.0930
106  0.0815
107  0.0800
108  0.0805
109  0.0885
110  0.0890
111  0.0770
112  0.0935
113  0.0725
114  0.0735
115  0.0745
116  0.0820
117  0.0850
118  0.0730
119  0.0710
120  0.0875
121  0.0670
122  0.0750
123  0.0710
124  0.0735
125  0.0690
126  0.0640
127  0.0535
128  0.0615
129  0.0615
130  0.0595
131  0.0625
132  0.0480
133  0.0655
134  0.0585
135  0.0685
136  0.0535
137  0.0505
138  0.0555
139  0.0680
140  0.0570
141  0.0615
142  0.0470
143  0.0550
144  0.0615
145  0.0510
146  0.0655
147  0.0510
148  0.0480
149  0.0490
150  0.0405
151  0.0435
152  0.0410
153  0.0480
154  0.0540
155  0.0425
156  0.0460
157  0.0470
158  0.0385
159  0.0440
160  0.0385
161  0.0385
162  0.0405
163  0.0345
164  0.0475
165  0.0395
166  0.0390
167  0.0420
168  0.0405
169  0.0350
170  0.0350
171  0.0380
172  0.0340
173  0.0340
174  0.0305
175  0.0285
176  0.0270
177  0.0370
178  0.0335
179  0.0290
180  0.0345
181  0.0360
182  0.0290
183  0.0425
184  0.0375
185  0.0265
186  0.0380
187  0.0250
188  0.0315
189  0.0310
190  0.0400
191  0.0275
192  0.0285
193  0.0330
194  0.0355
195  0.0315
196  0.0290
197  0.0305
198  0.0305
199  0.0315
200  0.0350
201  0.0230
202  0.0275
203  0.0275
204  0.0320
205  0.0260
206  0.0215
207  0.0220
208  0.0280
209  0.0305
210  0.0370
211  0.0240
212  0.0260
213  0.0225
214  0.0300
215  0.0210
216  0.0205
217  0.0250
218  0.0255
219  0.0235
220  0.0245
221  0.0250
222  0.0245
223  0.0280
224  0.0250
225  0.0280
226  0.0170
227  0.0215
228  0.0260
229  0.0170
230  0.0235
231  0.0275
232  0.0225
233  0.0165
234  0.0140
235  0.0215
236  0.0230
237  0.0185
238  0.0235
239  0.0185
240  0.0200
241  0.0190
242  0.0235
243  0.0245
244  0.0190
245  0.0170
246  0.0230
247  0.0250
248  0.0160
249  0.0185
250  0.0205
251  0.0160
252  0.0195
253  0.0130
254  0.0220
255  0.0195
256  0.0205
257  0.0220
258  0.0150
259  0.0180
260  0.0175
261  0.0210
262  0.0150
263  0.0225
264  0.0135
265  0.0190
266  0.0185
267  0.0215
268  0.0190
269  0.0135
270  0.0180
271  0.0170
272  0.0200
273  0.0125
274  0.0125
275  0.0160
276  0.0145
277  0.0165
278  0.0180
279  0.0165
280  0.0200
281  0.0120
282  0.0165
283  0.0200
284  0.0160
285  0.0165
286  0.0175
287  0.0105
288  0.0200
289  0.0120
290  0.0170
291  0.0155
292  0.0150
293  0.0150
294  0.0110
295  0.0140
296  0.0185
297  0.0170
298  0.0200
299  0.0140
300  0.0165
301  0.0135
302  0.0145
303  0.0085
304  0.0160
305  0.0125
306  0.0105
307  0.0130
308  0.0160
309  0.0110
310  0.0135
311  0.0150
312  0.0155
313  0.0110
314  0.0145
315  0.0135
316  0.0095
317  0.0175
318  0.0170
319  0.0095
320  0.0085
321  0.0105
322  0.0150
323  0.0135
324  0.0130
325  0.0155
326  0.0125
327  0.0070
328  0.0120
329  0.0130
330  0.0095
331  0.0115
332  0.0105
333  0.0120
334  0.0135
335  0.0075
336  0.0125
337  0.0095
338  0.0125
339  0.0130
340  0.0110
341  0.0145
342  0.0085
343  0.0120
344  0.0115
345  0.0095
346  0.0115
347  0.0130
348  0.0100
349  0.0085
350  0.0055
351  0.0075
352  0.0085
353  0.0120
354  0.0090
355  0.0085
356  0.0120
357  0.0085
358  0.0090
359  0.0065
360  0.0070
361  0.0075
362  0.0080
363  0.0075
364  0.0090
365  0.0070
366  0.0100
367  0.0115
368  0.0085
369  0.0105
370  0.0090
371  0.0080
372  0.0090
373  0.0075
374  0.0065
375  0.0080
376  0.0100
377  0.0105
378  0.0100
379  0.0060
380  0.0125
381  0.0100
382  0.0060
383  0.0115
384  0.0085
385  0.0065
386  0.0080
387  0.0090
388  0.0100
389  0.0105
390  0.0090
391  0.0080
392  0.0100
393  0.0115
394  0.0075
395  0.0095
396  0.0060
397  0.0085
398  0.0075
399  0.0055
400  0.0080
401  0.0060
402  0.0105
403  0.0085
404  0.0050
405  0.0055
406  0.0075
407  0.0090
408  0.0100
409  0.0110
410  0.0030
411  0.0080
412  0.0075
413  0.0060
414  0.0075
415  0.0055
416  0.0095
417  0.0075
418  0.0105
419  0.0100
420  0.0070
421  0.0080
422  0.0080
423  0.0080
424  0.0060
425  0.0050
426  0.0080
427  0.0090
428  0.0085
429  0.0035
430  0.0075
431  0.0065
432  0.0050
433  0.0070
434  0.0065
435  0.0050
436  0.0070
437  0.0080
438  0.0110
439  0.0060
440  0.0090
441  0.0065
442  0.0035
443  0.0045
444  0.0105
445  0.0065
446  0.0050
447  0.0085
448  0.0070
449  0.0090
450  0.0040
451  0.0060
452  0.0050
453  0.0045
454  0.0090
455  0.0055
456  0.0065
457  0.0060
458  0.0020
459  0.0025
460  0.0070
461  0.0040
462  0.0080
463  0.0040
464  0.0070
465  0.0060
466  0.0070
467  0.0070
468  0.0100
469  0.0055
470  0.0070
471  0.0060
472  0.0045
473  0.0080
474  0.0055
475  0.0065
476  0.0075
477  0.0040
478  0.0045
479  0.0050
480  0.0040
481  0.0085
482  0.0055
483  0.0040
484  0.0055
485  0.0035
486  0.0045
487  0.0055
488  0.0045
489  0.0030
490  0.0035
491  0.0050
492  0.0070
493  0.0065
494  0.0075
495  0.0060
496  0.0090
497  0.0045
498  0.0050
499  0.0065
500  0.0060
501  0.0050
502  0.0045
503  0.0040
504  0.0065
505  0.0040
506  0.0030
507  0.0040
508  0.0050
509  0.0030
510  0.0055
511  0.0035
512  0.0065
513  0.0035
514  0.0050
515  0.0040
516  0.0020
517  0.0045
518  0.0065
519  0.0050
520  0.0055
521  0.0045
522  0.0070
523  0.0050
524  0.0040
525  0.0010
526  0.0050
527  0.0025
528  0.0070
529  0.0020
530  0.0035
531  0.0015
532  0.0050
533  0.0025
534  0.0060
535  0.0025
536  0.0060
537  0.0025
538  0.0045
539  0.0040
540  0.0040
541  0.0025
542  0.0055
543  0.0050
544  0.0040
545  0.0055
546  0.0065
547  0.0035
548  0.0040
549  0.0035
550  0.0010
551  0.0020
552  0.0030
553  0.0035
554  0.0030
555  0.0065
556  0.0040
557  0.0025
558  0.0035
559  0.0040
560  0.0040
561  0.0035
562  0.0050
563  0.0035
564  0.0035
565  0.0020
566  0.0025
567  0.0050
568  0.0040
569  0.0030
570  0.0035
571  0.0020
572  0.0055
573  0.0040
574  0.0040
575  0.0035
576  0.0025
577  0.0050
578  0.0025
579  0.0035
580  0.0025
581  0.0020
582  0.0040
583  0.0035
584  0.0040
585  0.0045
586  0.0030
587  0.0050
588  0.0045
589  0.0030
590  0.0060
591  0.0060
592  0.0065
593  0.0025
594  0.0035
595  0.0035
596  0.0030
597  0.0045
598  0.0020
599  0.0035
600  0.0025
601  0.0025
602  0.0040
603  0.0025
604  0.0045
605  0.0055
606  0.0030
607  0.0045
608  0.0030
609  0.0010
610  0.0040
611  0.0045
612  0.0030
613  0.0030
614  0.0055
615  0.0045
616  0.0030
617  0.0015
618  0.0045
619  0.0045
620  0.0045
621  0.0035
622  0.0020
623  0.0055
624  0.0020
625  0.0025
626  0.0015
627  0.0035
628  0.0035
629  0.0060
630  0.0055
631  0.0030
632  0.0050
633  0.0055
634  0.0025
635  0.0010
636  0.0015
637  0.0025
638  0.0015
639  0.0030
640  0.0020
641  0.0030
642  0.0015
643  0.0025
644  0.0040
645  0.0035
646  0.0030
647  0.0025
648  0.0055
649  0.0020
650  0.0045
651  0.0025
652  0.0010
653  0.0010
654  0.0030
655  0.0040
656  0.0030
657  0.0025
658  0.0020
659  0.0025
660  0.0010
661  0.0045
662  0.0015
663  0.0030
664  0.0035
665  0.0015
666  0.0010
667  0.0040
668  0.0020
669  0.0030
670  0.0025
671  0.0025
672  0.0015
673  0.0030
674  0.0020
675  0.0010
676  0.0030
677  0.0045
678  0.0035
679  0.0015
680  0.0030
681  0.0015
682  0.0020
683  0.0005
684  0.0020
685  0.0025
686  0.0005
687  0.0020
688  0.0030
689  0.0030
690  0.0035
691  0.0015
692  0.0035
693  0.0030
694  0.0020
695  0.0025
696  0.0020
697  0.0010
698  0.0020
699  0.0010
700  0.0025
701  0.0020
702  0.0040
703  0.0010
704  0.0025
705  0.0040
706  0.0010
707  0.0030
708  0.0025
709  0.0030
710  0.0010
711  0.0015
712  0.0030
713  0.0035
714  0.0020
715  0.0030
716  0.0010
717  0.0030
718  0.0020
719  0.0035
720  0.0030
721  0.0030
722  0.0025
723  0.0010
724  0.0030
725  0.0030
726  0.0015
728  0.0050
729  0.0015
730  0.0015
731  0.0020
732  0.0030
733  0.0020
734  0.0020
735  0.0020
736  0.0025
737  0.0005
738  0.0035
739  0.0020
740  0.0015
741  0.0025
742  0.0005
743  0.0025
744  0.0015
745  0.0025
746  0.0020
747  0.0020
748  0.0020
749  0.0025
750  0.0030
751  0.0025
752  0.0015
753  0.0005
754  0.0030
755  0.0030
756  0.0040
757  0.0020
758  0.0020
759  0.0020
760  0.0015
761  0.0015
762  0.0005
763  0.0025
764  0.0025
765  0.0025
766  0.0035
767  0.0025
768  0.0010
769  0.0030
770  0.0020
771  0.0015
772  0.0020
773  0.0030
774  0.0010
775  0.0015
776  0.0025
777  0.0005
778  0.0010
779  0.0010
780  0.0020
781  0.0015
782  0.0015
783  0.0030
784  0.0020
785  0.0020
786  0.0015
787  0.0010
788  0.0050
789  0.0025
791  0.0015
792  0.0015
793  0.0030
794  0.0010
795  0.0010
796  0.0025
797  0.0035
798  0.0025
799  0.0005
800  0.0015
801  0.0005
802  0.0005
803  0.0030
804  0.0030
805  0.0010
806  0.0015
807  0.0015
808  0.0025
809  0.0025
810  0.0020
811  0.0015
812  0.0030
813  0.0025
814  0.0020
815  0.0015
816  0.0015
817  0.0015
818  0.0030
819  0.0010
820  0.0045
821  0.0030
822  0.0020
823  0.0020
824  0.0035
825  0.0035
826  0.0010
827  0.0010
828  0.0015
829  0.0010
830  0.0020
831  0.0015
832  0.0010
833  0.0010
834  0.0015
835  0.0040
836  0.0025
837  0.0025
838  0.0020
839  0.0005
840  0.0020
841  0.0030
842  0.0005
843  0.0015
844  0.0005
845  0.0015
846  0.0015
847  0.0010
848  0.0015
849  0.0005
850  0.0015
851  0.0015
852  0.0030
853  0.0015
854  0.0010
856  0.0015
857  0.0010
858  0.0015
859  0.0020
860  0.0015
861  0.0010
862  0.0010
863  0.0015
864  0.0010
865  0.0005
866  0.0030
868  0.0005
869  0.0025
870  0.0020
871  0.0005
872  0.0035
873  0.0010
874  0.0010
875  0.0010
876  0.0025
877  0.0025
878  0.0005
882  0.0015
883  0.0005
885  0.0005
886  0.0035
887  0.0020
888  0.0015
889  0.0005
890  0.0015
892  0.0010
893  0.0010
894  0.0010
895  0.0005
896  0.0020
897  0.0005
898  0.0030
899  0.0015
900  0.0005
901  0.0005
902  0.0025
903  0.0010
904  0.0040
905  0.0020
906  0.0015
907  0.0010
908  0.0015
909  0.0020
911  0.0015
912  0.0005
913  0.0010
914  0.0010
915  0.0005
917  0.0015
918  0.0015
919  0.0015
920  0.0005
921  0.0010
922  0.0010
923  0.0015
924  0.0005
925  0.0010
926  0.0015
927  0.0015
928  0.0005
930  0.0010
931  0.0005
932  0.0005
933  0.0005
934  0.0020
935  0.0015
936  0.0020
937  0.0005
939  0.0005
940  0.0010
941  0.0015
942  0.0010
943  0.0010
944  0.0020
945  0.0005
946  0.0015
948  0.0025
949  0.0015
950  0.0025
952  0.0015
953  0.0015
954  0.0005
955  0.0005
956  0.0010
957  0.0010
958  0.0005
959  0.0010
960  0.0015
962  0.0020
963  0.0025
964  0.0015
965  0.0005
966  0.0015
967  0.0010
968  0.0015
969  0.0015
970  0.0015
971  0.0015
972  0.0030
973  0.0015
974  0.0005
975  0.0005
976  0.0010
977  0.0025
978  0.0010
979  0.0020
980  0.0005
981  0.0005
982  0.0010
983  0.0010
984  0.0015
985  0.0005
986  0.0015
987  0.0020
988  0.0005
989  0.0010
990  0.0005
992  0.0005
993  0.0015
994  0.0005
995  0.0020
996  0.0010
997  0.0005
998  0.0010
999  0.0015
1000  0.0005
1002  0.0010
1003  0.0010
1005  0.0010
1006  0.0025
1007  0.0005
1008  0.0015
1009  0.0005
1010  0.0010
1011  0.0015
1012  0.0015
1014  0.0010
1015  0.0010
1016  0.0005
1017  0.0010
1018  0.0005
1019  0.0015
1020  0.0005
1021  0.0015
1022  0.0020
1023  0.0010
1026  0.0010
1027  0.0005
1028  0.0010
1029  0.0005
1030  0.0005
1031  0.0010
1032  0.0005
1033  0.0010
1034  0.0010
1035  0.0015
1037  0.0010
1038  0.0005
1040  0.0010
1042  0.0015
1043  0.0005
1045  0.0005
1046  0.0005
1047  0.0010
1049  0.0010
1051  0.0005
1052  0.0005
1053  0.0005
1054  0.0010
1055  0.0015
1056  0.0005
1057  0.0005
1059  0.0010
1061  0.0020
1062  0.0005
1063  0.0005
1064  0.0005
1065  0.0010
1067  0.0005
1068  0.0005
1069  0.0010
1070  0.0005
1071  0.0010
1072  0.0010
1073  0.0015
1074  0.0010
1075  0.0010
1076  0.0015
1077  0.0010
1079  0.0015
1080  0.0010
1081  0.0005
1083  0.0005
1084  0.0005
1087  0.0005
1088  0.0010
1089  0.0005
1090  0.0010
1091  0.0020
1092  0.0005
1093  0.0015
1095  0.0005
1096  0.0005
1097  0.0015
1098  0.0005
1099  0.0005
1100  0.0010
1102  0.0005
1103  0.0010
1104  0.0010
1105  0.0015
1106  0.0005
1107  0.0005
1108  0.0005
1110  0.0025
1114  0.0010
1115  0.0010
1116  0.0010
1117  0.0010
1118  0.0010
1119  0.0010
1120  0.0015
1121  0.0005
1122  0.0015
1123  0.0005
1126  0.0005
1127  0.0005
1128  0.0005
1129  0.0005
1130  0.0005
1131  0.0005
1134  0.0020
1135  0.0005
1136  0.0010
1137  0.0005
1138  0.0010
1139  0.0010
1140  0.0010
1141  0.0005
1142  0.0010
1147  0.0010
1148  0.0005
1149  0.0010
1151  0.0020
1152  0.0010
1153  0.0005
1154  0.0020
1155  0.0010
1156  0.0010
1157  0.0010
1158  0.0005
1159  0.0010
1160  0.0005
1161  0.0010
1163  0.0005
1165  0.0010
1166  0.0015
1167  0.0005
1169  0.0025
1170  0.0005
1171  0.0015
1172  0.0005
1173  0.0010
1174  0.0005
1175  0.0010
1179  0.0015
1180  0.0005
1182  0.0005
1183  0.0005
1184  0.0015
1186  0.0020
1187  0.0015
1188  0.0010
1189  0.0010
1190  0.0005
1192  0.0005
1193  0.0005
1194  0.0010
1195  0.0010
1198  0.0005
1199  0.0005
1200  0.0010
1202  0.0005
1204  0.0005
1205  0.0010
1207  0.0005
1212  0.0005
1214  0.0020
1215  0.0005
1217  0.0005
1218  0.0005
1219  0.0010
1220  0.0005
1221  0.0005
1222  0.0015
1227  0.0010
1228  0.0005
1229  0.0005
1230  0.0010
1232  0.0005
1233  0.0005
1234  0.0005
1237  0.0005
1241  0.0010
1242  0.0010
1243  0.0005
1245  0.0010
1246  0.0010
1250  0.0005
1256  0.0005
1258  0.0005
1262  0.0010
1263  0.0015
1264  0.0005
1266  0.0005
1268  0.0005
1270  0.0005
1272  0.0015
1273  0.0010
1274  0.0005
1275  0.0005
1276  0.0010
1277  0.0010
1279  0.0005
1281  0.0005
1283  0.0005
1284  0.0010
1286  0.0010
1288  0.0010
1289  0.0005
1291  0.0005
1292  0.0005
1293  0.0005
1295  0.0005
1298  0.0015
1299  0.0005
1302  0.0005
1304  0.0005
1305  0.0015
1306  0.0005
1308  0.0010
1309  0.0005
1314  0.0005
1315  0.0005
1317  0.0005
1319  0.0010
1321  0.0010
1324  0.0015
1326  0.0005
1327  0.0005
1329  0.0005
1330  0.0015
1335  0.0010
1336  0.0010
1343  0.0005
1344  0.0005
1345  0.0005
1348  0.0005
1350  0.0005
1352  0.0010
1355  0.0005
1360  0.0015
1361  0.0005
1362  0.0005
1363  0.0010
1365  0.0005
1366  0.0005
1367  0.0010
1368  0.0005
1369  0.0015
1370  0.0005
1371  0.0005
1372  0.0005
1373  0.0010
1375  0.0015
1376  0.0005
1378  0.0005
1379  0.0005
1384  0.0005
1386  0.0010
1387  0.0010
1394  0.0005
1395  0.0005
1396  0.0005
1399  0.0005
1401  0.0005
1402  0.0005
1404  0.0010
1408  0.0005
1409  0.0010
1411  0.0005
1416  0.0005
1420  0.0010
1426  0.0005
1427  0.0005
1428  0.0005
1430  0.0005
1436  0.0010
1437  0.0005
1438  0.0005
1439  0.0010
1440  0.0005
1442  0.0005
1443  0.0005
1446  0.0005
1448  0.0005
1450  0.0010
1451  0.0005
1455  0.0010
1456  0.0010
1459  0.0010
1460  0.0005
1462  0.0005
1465  0.0005
1466  0.0005
1467  0.0005
1468  0.0005
1469  0.0005
1472  0.0005
1474  0.0005
1479  0.0005
1480  0.0005
1481  0.0010
1483  0.0005
1485  0.0010
1488  0.0010
1489  0.0005
1491  0.0005
1493  0.0005
1495  0.0005
1498  0.0005
1500  0.0005
1503  0.0005
1507  0.0005
1508  0.0005
1509  0.0005
1510  0.0005
1512  0.0015
1516  0.0005
1519  0.0005
1520  0.0005
1521  0.0015
1524  0.0005
1526  0.0010
1528  0.0005
1531  0.0005
1533  0.0005
1538  0.0010
1539  0.0005
1541  0.0010
1544  0.0005
1547  0.0005
1550  0.0005
1555  0.0005
1557  0.0010
1558  0.0005
1559  0.0005
1563  0.0005
1564  0.0005
1567  0.0010
1568  0.0010
1574  0.0010
1579  0.0005
1581  0.0005
1584  0.0005
1586  0.0005
1589  0.0010
1592  0.0005
1593  0.0010
1595  0.0005
1597  0.0005
1603  0.0005
1605  0.0005
1608  0.0010
1609  0.0005
1612  0.0005
1613  0.0005
1617  0.0005
1618  0.0005
1619  0.0015
1620  0.0005
1621  0.0005
1622  0.0010
1623  0.0005
1624  0.0005
1626  0.0010
1627  0.0005
1629  0.0010
1632  0.0010
1633  0.0005
1636  0.0010
1640  0.0010
1641  0.0010
1645  0.0005
1646  0.0005
1647  0.0005
1648  0.0005
1650  0.0005
1652  0.0005
1654  0.0005
1657  0.0010
1662  0.0005
1665  0.0005
1669  0.0005
1670  0.0005
1672  0.0010
1676  0.0005
1678  0.0005
1686  0.0005
1688  0.0005
1692  0.0005
1699  0.0005
1700  0.0005
1701  0.0005
1706  0.0005
1710  0.0005
1714  0.0010
1719  0.0005
1731  0.0005
1734  0.0005
1740  0.0005
1749  0.0005
1751  0.0005
1759  0.0005
1762  0.0010
1763  0.0005
1764  0.0005
1765  0.0015
1767  0.0010
1777  0.0005
1778  0.0005
1780  0.0005
1781  0.0005
1799  0.0005
1802  0.0005
1803  0.0005
1811  0.0005
1819  0.0005
1824  0.0005
1827  0.0005
1840  0.0005
1841  0.0005
1845  0.0005
1848  0.0005
1856  0.0005
1857  0.0005
1860  0.0005
1863  0.0005
1869  0.0005
1873  0.0005
1875  0.0005
1883  0.0005
1896  0.0005
1920  0.0005
1924  0.0005
1937  0.0005
1946  0.0005
1947  0.0005
1959  0.0005
1961  0.0005
1978  0.0005
1981  0.0005
1982  0.0005
1985  0.0005
1990  0.0005
1998  0.0005
2003  0.0005
2008  0.0005
2010  0.0005
2027  0.0015
2033  0.0005
2035  0.0005
2037  0.0005
2051  0.0005
2055  0.0010
2074  0.0005
2082  0.0005
2122  0.0005
2140  0.0005
2145  0.0005
2154  0.0005
2157  0.0005
2169  0.0005
2188  0.0005
2210  0.0005
2223  0.0005
2259  0.0005
2284  0.0005
2312  0.0005
2315  0.0005
2324  0.0005
2331  0.0005
2366  0.0005
2403  0.0005
2429  0.0005
2446  0.0005
2451  0.0005
2455  0.0010
2477  0.0005
2483  0.0005
2484  0.0005
2494  0.0005
2591  0.0005
2605  0.0005
2606  0.0005
2619  0.0005
2632  0.0005
2682  0.0005
2741  0.0005
2761  0.0005
2841  0.0005
2880  0.0005
2895  0.0005
3059  0.0005
3324  0.0005
