1  12.3890
2  0.9900
3  0.3780
4  0.2030
5  0.1070
6  0.0490
7  0.0170
8  0.0120
9  0.0150
10  0.0070
11  0.0090
12  0.0090
13  0.0020
14  0.0020
15  0.0010
17  0.0030
18  0.0010
19  0.0010
20  0.0010
24  0.0010
27  0.0020
32  0.0010
48  0.0010
59  0.0010
7948  0.0010
7952  0.0010
7962  0.0010
7963  0.0010
7967  0.0010
7973  0.0010
7974  0.0020
7976  0.0010
7978  0.0010
7982  0.0010
7983  0.0010
7984  0.0010
7985  0.0010
7986  0.0010
7987  0.0010
7988  0.0010
7989  0.0030
7990  0.0010
7991  0.0010
7994  0.0030
7995  0.0030
7996  0.0010
7997  0.0010
7999  0.0010
8000  0.0010
8001  0.0020
8003  0.0010
8004  0.0040
8005  0.0020
8006  0.0030
8007  0.0020
8008  0.0020
8009  0.0020
8010  0.0030
8011  0.0010
8012  0.0010
8013  0.0030
8014  0.0050
8015  0.0030
8016  0.0040
8017  0.0030
8018  0.0030
8019  0.0040
8020  0.0010
8021  0.0030
8022  0.0040
8023  0.0040
8024  0.0010
8025  0.0010
8026  0.0010
8027  0.0040
8028  0.0060
8029  0.0050
8030  0.0070
8031  0.0060
8032  0.0040
8033  0.0040
8034  0.0050
8035  0.0030
8036  0.0050
8037  0.0050
8038  0.0030
8039  0.0050
8040  0.0050
8041  0.0080
8042  0.0040
8043  0.0040
8044  0.0020
8045  0.0060
8046  0.0060
8047  0.0080
8048  0.0080
8049  0.0060
8050  0.0070
8051  0.0050
8052  0.0090
8053  0.0040
8054  0.0100
8055  0.0060
8056  0.0110
8057  0.0100
8058  0.0090
8059  0.0100
8060  0.0090
8061  0.0050
8062  0.0100
8063  0.0100
8064  0.0070
8065  0.0070
8066  0.0080
8067  0.0090
8068  0.0050
8069  0.0110
8070  0.0080
8071  0.0100
8072  0.0090
8073  0.0130
8074  0.0120
8075  0.0100
8076  0.0100
8077  0.0090
8078  0.0090
8079  0.0100
8080  0.0110
8081  0.0080
8082  0.0130
8083  0.0120
8084  0.0070
8085  0.0070
8086  0.0100
8087  0.0110
8088  0.0120
8089  0.0100
8090  0.0090
8091  0.0100
8092  0.0070
8093  0.0070
8094  0.0070
8095  0.0050
8096  0.0100
8097  0.0110
8098  0.0070
8099  0.0080
8100  0.0080
8101  0.0100
8102  0.0140
8103  0.0080
8104  0.0070
8105  0.0080
8106  0.0080
8107  0.0110
8108  0.0140
8109  0.0050
8110  0.0080
8111  0.0040
8112  0.0080
8113  0.0060
8114  0.0030
8115  0.0110
8116  0.0030
8117  0.0070
8118  0.0090
8119  0.0050
8120  0.0020
8121  0.0040
8122  0.0050
8123  0.0080
8124  0.0090
8125  0.0060
8126  0.0110
8127  0.0030
8128  0.0060
8129  0.0040
8130  0.0030
8131  0.0070
8132  0.0090
8133  0.0060
8134  0.0020
8135  0.0060
8136  0.0040
8137  0.0030
8138  0.0040
8139  0.0060
8140  0.0020
8141  0.0040
8142  0.0030
8143  0.0060
8144  0.0040
8145  0.0040
8146  0.0040
8147  0.0020
8149  0.0010
8150  0.0030
8151  0.0050
8152  0.0040
8153  0.0030
8154  0.0020
8155  0.0010
8156  0.0040
8157  0.0060
8159  0.0010
8160  0.0010
8161  0.0020
8162  0.0010
8165  0.0010
8166  0.0020
8167  0.0010
8172  0.0010
8174  0.0010
8176  0.0010
8179  0.0010
8180  0.0020
8187  0.0010
8197  0.0010
8202  0.0010
8211  0.0010
