1  489.5000
2  140.3005
3  87.9655
4  59.5495
5  42.7620
6  32.0705
7  24.7740
8  19.8020
9  16.0705
10  13.2680
11  11.1475
12  9.5130
13  8.1500
14  7.0615
15  6.0975
16  5.1520
17  4.6175
18  4.0925
19  3.6940
20  3.2125
21  2.8570
22  2.5735
23  2.3065
24  2.0880
25  1.8830
26  1.6925
27  1.5300
28  1.3715
29  1.2480
30  1.1055
31  1.0355
32  0.8985
33  0.8650
34  0.7765
35  0.7375
36  0.6580
37  0.5725
38  0.5385
39  0.5005
40  0.4660
41  0.4175
42  0.3860
43  0.3350
44  0.3350
45  0.3045
46  0.2720
47  0.2640
48  0.2365
49  0.2225
50  0.2055
51  0.1740
52  0.1830
53  0.1625
54  0.1430
55  0.1250
56  0.1235
57  0.1385
58  0.1105
59  0.1000
60  0.0905
61  0.0840
62  0.0815
63  0.0855
64  0.0695
65  0.0725
66  0.0530
67  0.0650
68  0.0560
69  0.0550
70  0.0415
71  0.0415
72  0.0375
73  0.0310
74  0.0355
75  0.0405
76  0.0260
77  0.0330
78  0.0285
79  0.0245
80  0.0200
81  0.0205
82  0.0175
83  0.0130
84  0.0200
85  0.0165
86  0.0125
87  0.0115
88  0.0150
89  0.0115
90  0.0080
91  0.0115
92  0.0135
93  0.0080
94  0.0075
95  0.0100
96  0.0065
97  0.0055
98  0.0085
99  0.0080
100  0.0075
101  0.0075
102  0.0060
103  0.0035
104  0.0075
105  0.0030
106  0.0025
107  0.0025
108  0.0030
109  0.0030
110  0.0030
111  0.0015
112  0.0040
113  0.0015
114  0.0020
115  0.0045
116  0.0015
117  0.0020
118  0.0010
119  0.0020
120  0.0020
121  0.0015
122  0.0010
123  0.0010
124  0.0005
125  0.0015
126  0.0010
128  0.0015
130  0.0020
131  0.0010
132  0.0010
133  0.0010
135  0.0010
136  0.0005
137  0.0005
138  0.0005
139  0.0010
140  0.0010
141  0.0005
143  0.0010
144  0.0010
149  0.0005
151  0.0005
152  0.0010
160  0.0005
162  0.0010
164  0.0005
244  0.0005
