1  176.4325
2  37.0515
3  21.9005
4  14.2210
5  9.9260
6  7.1805
7  5.5400
8  4.4245
9  3.6090
10  2.9635
11  2.5365
12  2.1745
13  1.8655
14  1.6440
15  1.4400
16  1.2960
17  1.1855
18  1.0745
19  0.9805
20  0.8780
21  0.7940
22  0.7325
23  0.6915
24  0.6615
25  0.6110
26  0.5165
27  0.5305
28  0.4920
29  0.4535
30  0.4130
31  0.3900
32  0.3820
33  0.3290
34  0.3695
35  0.3160
36  0.2995
37  0.2755
38  0.3030
39  0.2545
40  0.2660
41  0.2350
42  0.2320
43  0.2250
44  0.2180
45  0.2125
46  0.1810
47  0.1965
48  0.1840
49  0.1615
50  0.1800
51  0.1735
52  0.1515
53  0.1545
54  0.1535
55  0.1365
56  0.1340
57  0.1260
58  0.1320
59  0.1275
60  0.1190
61  0.1145
62  0.1140
63  0.1325
64  0.1135
65  0.1120
66  0.0960
67  0.0955
68  0.0955
69  0.0940
70  0.0870
71  0.0945
72  0.0860
73  0.0950
74  0.0900
75  0.0785
76  0.0935
77  0.0780
78  0.0735
79  0.0785
80  0.0805
81  0.0720
82  0.0530
83  0.0705
84  0.0680
85  0.0595
86  0.0730
87  0.0540
88  0.0610
89  0.0575
90  0.0650
91  0.0525
92  0.0525
93  0.0525
94  0.0560
95  0.0605
96  0.0535
97  0.0565
98  0.0545
99  0.0520
100  0.0485
101  0.0470
102  0.0540
103  0.0410
104  0.0400
105  0.0405
106  0.0435
107  0.0375
108  0.0535
109  0.0410
110  0.0400
111  0.0405
112  0.0415
113  0.0355
114  0.0440
115  0.0375
116  0.0415
117  0.0330
118  0.0335
119  0.0370
120  0.0350
121  0.0385
122  0.0360
123  0.0415
124  0.0290
125  0.0355
126  0.0190
127  0.0425
128  0.0335
129  0.0340
130  0.0320
131  0.0330
132  0.0320
133  0.0315
134  0.0280
135  0.0305
136  0.0310
137  0.0290
138  0.0240
139  0.0270
140  0.0275
141  0.0225
142  0.0320
143  0.0280
144  0.0240
145  0.0310
146  0.0255
147  0.0335
148  0.0190
149  0.0230
150  0.0255
151  0.0290
152  0.0255
153  0.0220
154  0.0235
155  0.0230
156  0.0200
157  0.0220
158  0.0225
159  0.0265
160  0.0265
161  0.0260
162  0.0205
163  0.0160
164  0.0210
165  0.0160
166  0.0245
167  0.0175
168  0.0185
169  0.0240
170  0.0205
171  0.0125
172  0.0215
173  0.0185
174  0.0165
175  0.0190
176  0.0160
177  0.0160
178  0.0200
179  0.0145
180  0.0130
181  0.0150
182  0.0195
183  0.0190
184  0.0185
185  0.0205
186  0.0095
187  0.0170
188  0.0150
189  0.0200
190  0.0195
191  0.0150
192  0.0175
193  0.0140
194  0.0120
195  0.0150
196  0.0185
197  0.0150
198  0.0145
199  0.0170
200  0.0180
201  0.0140
202  0.0110
203  0.0120
204  0.0135
205  0.0135
206  0.0090
207  0.0135
208  0.0130
209  0.0130
210  0.0165
211  0.0120
212  0.0120
213  0.0145
214  0.0185
215  0.0135
216  0.0180
217  0.0170
218  0.0140
219  0.0145
220  0.0110
221  0.0140
222  0.0150
223  0.0160
224  0.0125
225  0.0100
226  0.0120
227  0.0145
228  0.0150
229  0.0120
230  0.0080
231  0.0140
232  0.0110
233  0.0100
234  0.0140
235  0.0120
236  0.0155
237  0.0160
238  0.0105
239  0.0095
240  0.0080
241  0.0120
242  0.0110
243  0.0105
244  0.0115
245  0.0080
246  0.0110
247  0.0100
248  0.0115
249  0.0100
250  0.0090
251  0.0065
252  0.0075
253  0.0145
254  0.0135
255  0.0125
256  0.0110
257  0.0105
258  0.0080
259  0.0090
260  0.0085
261  0.0085
262  0.0150
263  0.0115
264  0.0090
265  0.0060
266  0.0100
267  0.0110
268  0.0105
269  0.0115
270  0.0115
271  0.0075
272  0.0125
273  0.0070
274  0.0075
275  0.0100
276  0.0040
277  0.0075
278  0.0105
279  0.0055
280  0.0115
281  0.0070
282  0.0095
283  0.0065
284  0.0070
285  0.0075
286  0.0085
287  0.0055
288  0.0090
289  0.0090
290  0.0065
291  0.0080
292  0.0110
293  0.0060
294  0.0080
295  0.0075
296  0.0065
297  0.0050
298  0.0140
299  0.0075
300  0.0075
301  0.0075
302  0.0060
303  0.0115
304  0.0075
305  0.0085
306  0.0080
307  0.0040
308  0.0055
309  0.0055
310  0.0065
311  0.0090
312  0.0045
313  0.0075
314  0.0070
315  0.0075
316  0.0065
317  0.0080
318  0.0085
319  0.0060
320  0.0095
321  0.0090
322  0.0070
323  0.0055
324  0.0065
325  0.0110
326  0.0070
327  0.0090
328  0.0075
329  0.0080
330  0.0060
331  0.0030
332  0.0055
333  0.0045
334  0.0045
335  0.0070
336  0.0065
337  0.0060
338  0.0095
339  0.0050
340  0.0060
341  0.0090
342  0.0065
343  0.0085
344  0.0065
345  0.0050
346  0.0080
347  0.0075
348  0.0085
349  0.0055
350  0.0055
351  0.0050
352  0.0045
353  0.0035
354  0.0035
355  0.0070
356  0.0035
357  0.0075
358  0.0025
359  0.0055
360  0.0060
361  0.0070
362  0.0070
363  0.0035
364  0.0055
365  0.0045
366  0.0045
367  0.0030
368  0.0015
369  0.0045
370  0.0045
371  0.0055
372  0.0040
373  0.0045
374  0.0065
375  0.0080
376  0.0055
377  0.0060
378  0.0040
379  0.0025
380  0.0055
381  0.0060
382  0.0030
383  0.0045
384  0.0030
385  0.0045
386  0.0060
387  0.0070
388  0.0045
389  0.0040
390  0.0020
391  0.0070
392  0.0040
393  0.0035
394  0.0050
395  0.0060
396  0.0075
397  0.0025
398  0.0060
399  0.0040
400  0.0050
401  0.0060
402  0.0035
403  0.0060
404  0.0030
405  0.0030
406  0.0045
407  0.0045
408  0.0045
409  0.0040
410  0.0040
411  0.0060
412  0.0070
413  0.0025
414  0.0060
415  0.0040
416  0.0050
417  0.0045
418  0.0045
419  0.0035
420  0.0050
421  0.0045
422  0.0015
423  0.0040
424  0.0050
425  0.0070
426  0.0060
427  0.0040
428  0.0030
429  0.0045
430  0.0040
431  0.0065
432  0.0065
433  0.0030
434  0.0010
435  0.0035
436  0.0030
437  0.0030
438  0.0040
439  0.0030
440  0.0075
441  0.0035
442  0.0055
443  0.0015
444  0.0040
445  0.0035
446  0.0035
447  0.0070
448  0.0050
449  0.0045
450  0.0035
451  0.0020
452  0.0035
453  0.0030
454  0.0050
455  0.0020
456  0.0015
457  0.0030
458  0.0045
459  0.0020
460  0.0070
461  0.0060
462  0.0035
463  0.0035
464  0.0040
465  0.0055
466  0.0035
467  0.0030
468  0.0050
469  0.0015
470  0.0025
471  0.0015
472  0.0030
473  0.0025
474  0.0020
475  0.0035
476  0.0030
477  0.0020
478  0.0025
479  0.0035
480  0.0015
481  0.0080
482  0.0020
483  0.0025
484  0.0030
485  0.0020
486  0.0030
487  0.0040
488  0.0020
489  0.0035
490  0.0015
491  0.0030
492  0.0040
493  0.0060
494  0.0030
495  0.0050
496  0.0050
497  0.0025
498  0.0030
499  0.0025
500  0.0050
501  0.0045
502  0.0030
503  0.0015
504  0.0050
505  0.0030
506  0.0020
507  0.0040
508  0.0030
509  0.0045
510  0.0005
511  0.0020
512  0.0050
513  0.0055
514  0.0030
515  0.0025
516  0.0020
517  0.0020
518  0.0040
519  0.0045
520  0.0020
521  0.0040
522  0.0050
523  0.0015
524  0.0030
525  0.0025
526  0.0030
527  0.0030
528  0.0030
529  0.0010
530  0.0015
531  0.0045
532  0.0030
533  0.0030
534  0.0040
535  0.0025
536  0.0025
537  0.0025
538  0.0015
539  0.0060
540  0.0025
541  0.0030
542  0.0030
543  0.0025
544  0.0020
545  0.0020
546  0.0010
547  0.0045
548  0.0040
549  0.0050
550  0.0050
551  0.0015
552  0.0040
553  0.0020
554  0.0030
555  0.0050
556  0.0020
557  0.0020
558  0.0020
559  0.0015
560  0.0015
561  0.0015
562  0.0045
563  0.0025
564  0.0010
565  0.0025
566  0.0020
567  0.0050
568  0.0030
569  0.0030
570  0.0015
571  0.0035
572  0.0025
573  0.0020
575  0.0025
576  0.0030
577  0.0010
578  0.0030
579  0.0035
580  0.0010
581  0.0010
582  0.0020
583  0.0025
584  0.0045
585  0.0030
587  0.0020
588  0.0030
589  0.0015
590  0.0020
591  0.0040
592  0.0015
593  0.0020
594  0.0015
595  0.0010
596  0.0005
597  0.0010
598  0.0020
599  0.0030
600  0.0025
601  0.0035
602  0.0005
603  0.0040
604  0.0025
605  0.0020
606  0.0010
607  0.0020
609  0.0020
610  0.0020
611  0.0020
612  0.0040
613  0.0040
614  0.0035
615  0.0035
616  0.0025
617  0.0020
618  0.0015
619  0.0040
620  0.0010
621  0.0015
622  0.0010
623  0.0025
624  0.0030
625  0.0015
626  0.0025
627  0.0020
628  0.0015
629  0.0025
630  0.0015
631  0.0025
632  0.0010
633  0.0020
634  0.0015
635  0.0025
636  0.0035
637  0.0035
638  0.0040
639  0.0020
640  0.0010
641  0.0005
642  0.0005
643  0.0005
644  0.0005
645  0.0020
646  0.0015
647  0.0015
648  0.0020
649  0.0025
650  0.0020
651  0.0020
652  0.0010
653  0.0030
654  0.0020
655  0.0025
656  0.0010
657  0.0005
658  0.0010
659  0.0025
660  0.0030
661  0.0015
662  0.0005
663  0.0010
664  0.0010
665  0.0015
666  0.0025
667  0.0020
668  0.0020
669  0.0015
670  0.0015
671  0.0020
673  0.0020
674  0.0020
675  0.0025
676  0.0030
677  0.0015
678  0.0020
679  0.0025
680  0.0020
681  0.0030
682  0.0040
683  0.0025
684  0.0035
685  0.0015
686  0.0025
687  0.0005
688  0.0015
689  0.0005
690  0.0020
691  0.0015
692  0.0015
693  0.0005
694  0.0025
695  0.0030
696  0.0010
697  0.0015
698  0.0015
699  0.0020
700  0.0005
702  0.0025
703  0.0010
704  0.0020
705  0.0025
706  0.0025
707  0.0020
708  0.0005
710  0.0040
711  0.0040
712  0.0010
713  0.0025
714  0.0020
715  0.0030
716  0.0015
717  0.0025
718  0.0010
719  0.0025
720  0.0020
721  0.0020
722  0.0010
723  0.0010
724  0.0010
725  0.0020
726  0.0015
727  0.0005
728  0.0015
729  0.0015
730  0.0025
731  0.0015
732  0.0005
733  0.0010
734  0.0010
735  0.0010
736  0.0020
737  0.0015
738  0.0025
739  0.0010
740  0.0020
741  0.0025
742  0.0020
743  0.0020
744  0.0020
745  0.0020
747  0.0015
748  0.0020
749  0.0015
750  0.0015
752  0.0020
753  0.0010
754  0.0015
755  0.0025
756  0.0030
757  0.0025
759  0.0025
760  0.0015
761  0.0015
762  0.0035
763  0.0015
764  0.0020
765  0.0020
766  0.0015
767  0.0005
769  0.0020
770  0.0025
771  0.0040
772  0.0010
773  0.0020
774  0.0015
775  0.0010
776  0.0015
777  0.0010
778  0.0015
779  0.0020
780  0.0010
781  0.0020
782  0.0030
783  0.0010
784  0.0015
785  0.0010
786  0.0005
787  0.0020
788  0.0015
789  0.0015
790  0.0005
791  0.0025
792  0.0015
794  0.0010
795  0.0010
796  0.0015
797  0.0020
798  0.0015
799  0.0020
800  0.0035
801  0.0010
802  0.0020
803  0.0010
804  0.0005
805  0.0020
806  0.0010
807  0.0010
808  0.0005
809  0.0015
810  0.0005
811  0.0010
812  0.0015
813  0.0020
814  0.0005
815  0.0005
816  0.0015
817  0.0010
818  0.0010
819  0.0005
820  0.0015
821  0.0010
822  0.0020
824  0.0015
825  0.0005
827  0.0015
828  0.0030
829  0.0005
830  0.0005
831  0.0025
832  0.0020
834  0.0025
835  0.0025
836  0.0005
837  0.0005
838  0.0025
839  0.0020
840  0.0005
841  0.0010
842  0.0005
843  0.0015
844  0.0005
845  0.0005
846  0.0005
847  0.0010
848  0.0005
849  0.0005
850  0.0020
851  0.0015
852  0.0005
853  0.0015
854  0.0010
855  0.0015
858  0.0005
859  0.0015
861  0.0005
862  0.0030
863  0.0010
864  0.0015
865  0.0020
866  0.0005
867  0.0015
868  0.0005
869  0.0005
871  0.0025
872  0.0010
873  0.0010
874  0.0010
875  0.0020
876  0.0015
878  0.0005
879  0.0005
880  0.0015
881  0.0005
882  0.0025
883  0.0005
884  0.0015
886  0.0010
887  0.0030
888  0.0010
889  0.0010
890  0.0015
891  0.0015
892  0.0025
893  0.0005
894  0.0010
896  0.0015
897  0.0020
898  0.0010
899  0.0005
900  0.0025
902  0.0025
903  0.0010
904  0.0015
905  0.0005
906  0.0015
907  0.0020
908  0.0010
909  0.0005
910  0.0010
911  0.0015
912  0.0025
913  0.0010
914  0.0010
915  0.0020
916  0.0005
917  0.0010
918  0.0030
919  0.0015
920  0.0015
921  0.0010
922  0.0005
923  0.0015
924  0.0010
925  0.0010
926  0.0005
927  0.0015
929  0.0025
930  0.0015
932  0.0005
933  0.0010
935  0.0010
936  0.0010
938  0.0015
939  0.0005
940  0.0005
941  0.0010
942  0.0005
943  0.0015
944  0.0020
945  0.0015
946  0.0010
948  0.0015
949  0.0010
950  0.0005
951  0.0010
952  0.0025
953  0.0005
955  0.0005
956  0.0005
957  0.0015
958  0.0010
959  0.0005
960  0.0005
961  0.0020
962  0.0005
964  0.0015
965  0.0015
966  0.0005
967  0.0015
968  0.0010
969  0.0025
970  0.0005
972  0.0010
973  0.0010
974  0.0005
975  0.0005
976  0.0005
977  0.0010
978  0.0005
979  0.0005
980  0.0010
982  0.0010
983  0.0020
984  0.0020
985  0.0005
986  0.0015
987  0.0025
988  0.0005
989  0.0005
990  0.0015
991  0.0020
992  0.0010
993  0.0015
994  0.0010
995  0.0015
996  0.0005
997  0.0010
998  0.0015
999  0.0015
1000  0.0015
1001  0.0010
1002  0.0005
1003  0.0030
1004  0.0010
1005  0.0005
1006  0.0010
1007  0.0010
1009  0.0015
1010  0.0005
1011  0.0020
1012  0.0005
1013  0.0015
1014  0.0005
1015  0.0010
1016  0.0010
1017  0.0020
1018  0.0005
1019  0.0015
1020  0.0010
1021  0.0020
1023  0.0005
1024  0.0010
1025  0.0010
1027  0.0010
1028  0.0005
1030  0.0010
1031  0.0010
1032  0.0005
1034  0.0005
1035  0.0015
1037  0.0020
1038  0.0010
1039  0.0025
1041  0.0010
1042  0.0005
1043  0.0005
1044  0.0010
1045  0.0005
1046  0.0010
1047  0.0005
1050  0.0010
1051  0.0010
1052  0.0005
1053  0.0010
1054  0.0005
1055  0.0005
1056  0.0005
1057  0.0005
1058  0.0020
1059  0.0010
1060  0.0005
1061  0.0010
1063  0.0010
1064  0.0020
1065  0.0015
1066  0.0015
1067  0.0005
1068  0.0020
1069  0.0015
1070  0.0010
1071  0.0015
1072  0.0005
1073  0.0005
1074  0.0015
1075  0.0010
1076  0.0020
1077  0.0010
1078  0.0020
1079  0.0015
1080  0.0025
1082  0.0005
1084  0.0020
1085  0.0015
1086  0.0015
1088  0.0005
1089  0.0005
1090  0.0010
1092  0.0010
1093  0.0005
1095  0.0010
1097  0.0010
1098  0.0015
1099  0.0010
1100  0.0010
1101  0.0015
1102  0.0005
1103  0.0015
1104  0.0005
1105  0.0040
1106  0.0015
1109  0.0010
1110  0.0010
1111  0.0005
1112  0.0005
1113  0.0010
1114  0.0010
1115  0.0015
1116  0.0005
1117  0.0005
1118  0.0010
1119  0.0005
1120  0.0005
1121  0.0010
1122  0.0005
1123  0.0015
1124  0.0005
1125  0.0015
1127  0.0005
1128  0.0020
1129  0.0010
1130  0.0005
1133  0.0015
1134  0.0010
1135  0.0005
1137  0.0015
1140  0.0010
1141  0.0025
1142  0.0015
1143  0.0005
1144  0.0015
1145  0.0015
1149  0.0005
1150  0.0015
1151  0.0010
1152  0.0010
1153  0.0010
1155  0.0010
1156  0.0005
1158  0.0005
1159  0.0015
1160  0.0005
1161  0.0010
1162  0.0005
1163  0.0005
1164  0.0005
1165  0.0010
1166  0.0005
1168  0.0025
1169  0.0010
1170  0.0005
1171  0.0005
1172  0.0010
1174  0.0010
1175  0.0005
1177  0.0005
1178  0.0015
1179  0.0010
1181  0.0005
1182  0.0005
1183  0.0005
1185  0.0010
1186  0.0005
1187  0.0005
1188  0.0005
1189  0.0010
1190  0.0025
1191  0.0010
1193  0.0010
1194  0.0015
1197  0.0010
1198  0.0005
1199  0.0005
1200  0.0005
1202  0.0005
1203  0.0010
1204  0.0005
1205  0.0010
1207  0.0030
1209  0.0005
1211  0.0015
1212  0.0010
1213  0.0010
1214  0.0005
1215  0.0005
1216  0.0010
1217  0.0005
1218  0.0010
1219  0.0005
1220  0.0010
1222  0.0010
1224  0.0030
1225  0.0005
1226  0.0015
1228  0.0005
1229  0.0015
1230  0.0005
1231  0.0020
1232  0.0010
1233  0.0005
1234  0.0005
1235  0.0005
1236  0.0015
1237  0.0010
1238  0.0010
1239  0.0005
1241  0.0025
1243  0.0005
1244  0.0015
1245  0.0015
1247  0.0005
1248  0.0010
1249  0.0005
1250  0.0005
1251  0.0010
1252  0.0005
1254  0.0015
1255  0.0005
1256  0.0010
1257  0.0005
1259  0.0010
1260  0.0005
1261  0.0010
1262  0.0010
1263  0.0015
1264  0.0010
1265  0.0005
1266  0.0005
1267  0.0015
1268  0.0005
1269  0.0005
1270  0.0005
1271  0.0005
1272  0.0005
1274  0.0010
1276  0.0005
1278  0.0005
1279  0.0005
1280  0.0010
1281  0.0005
1282  0.0005
1283  0.0010
1284  0.0010
1285  0.0015
1286  0.0010
1288  0.0010
1289  0.0025
1290  0.0005
1292  0.0010
1293  0.0010
1294  0.0010
1295  0.0005
1296  0.0010
1297  0.0005
1301  0.0005
1302  0.0005
1303  0.0005
1304  0.0005
1305  0.0010
1306  0.0005
1307  0.0015
1311  0.0005
1312  0.0010
1314  0.0005
1315  0.0015
1316  0.0005
1318  0.0015
1319  0.0015
1321  0.0020
1322  0.0005
1323  0.0025
1324  0.0005
1325  0.0010
1328  0.0005
1329  0.0010
1332  0.0015
1333  0.0015
1334  0.0005
1335  0.0010
1337  0.0010
1338  0.0005
1339  0.0010
1340  0.0005
1341  0.0015
1342  0.0010
1343  0.0010
1344  0.0005
1345  0.0005
1346  0.0010
1348  0.0010
1349  0.0005
1350  0.0005
1351  0.0010
1352  0.0010
1354  0.0010
1355  0.0010
1356  0.0010
1357  0.0005
1358  0.0015
1359  0.0005
1360  0.0010
1364  0.0010
1365  0.0010
1366  0.0020
1368  0.0020
1369  0.0020
1370  0.0010
1371  0.0005
1372  0.0005
1373  0.0010
1374  0.0010
1376  0.0005
1377  0.0010
1379  0.0020
1380  0.0015
1382  0.0010
1384  0.0010
1385  0.0005
1388  0.0005
1389  0.0005
1392  0.0020
1393  0.0010
1396  0.0005
1400  0.0005
1401  0.0005
1403  0.0010
1406  0.0005
1408  0.0010
1409  0.0005
1411  0.0010
1415  0.0005
1416  0.0005
1417  0.0005
1418  0.0010
1419  0.0010
1420  0.0005
1421  0.0010
1423  0.0005
1429  0.0005
1430  0.0010
1431  0.0005
1433  0.0020
1434  0.0010
1435  0.0010
1436  0.0005
1438  0.0010
1440  0.0010
1442  0.0010
1444  0.0015
1446  0.0015
1447  0.0005
1449  0.0005
1451  0.0005
1453  0.0010
1454  0.0015
1455  0.0010
1456  0.0010
1457  0.0005
1458  0.0005
1459  0.0005
1461  0.0005
1462  0.0005
1463  0.0010
1464  0.0010
1465  0.0010
1466  0.0015
1468  0.0015
1469  0.0005
1470  0.0015
1474  0.0015
1475  0.0005
1477  0.0005
1478  0.0005
1479  0.0005
1480  0.0020
1481  0.0005
1482  0.0010
1485  0.0015
1486  0.0010
1488  0.0010
1489  0.0005
1490  0.0005
1491  0.0005
1492  0.0005
1493  0.0005
1495  0.0015
1496  0.0010
1499  0.0005
1500  0.0010
1501  0.0005
1502  0.0010
1504  0.0010
1505  0.0005
1506  0.0025
1507  0.0010
1508  0.0010
1509  0.0015
1511  0.0005
1512  0.0005
1513  0.0005
1514  0.0010
1516  0.0005
1517  0.0010
1520  0.0005
1524  0.0005
1525  0.0010
1527  0.0005
1528  0.0020
1529  0.0005
1531  0.0010
1532  0.0005
1533  0.0005
1534  0.0005
1535  0.0005
1537  0.0005
1538  0.0005
1540  0.0015
1541  0.0010
1542  0.0010
1544  0.0005
1545  0.0015
1546  0.0010
1548  0.0020
1549  0.0005
1550  0.0005
1552  0.0005
1556  0.0020
1558  0.0005
1562  0.0005
1564  0.0005
1567  0.0010
1568  0.0005
1570  0.0005
1571  0.0005
1572  0.0005
1575  0.0010
1576  0.0005
1577  0.0005
1581  0.0010
1582  0.0005
1583  0.0005
1586  0.0010
1588  0.0010
1591  0.0005
1592  0.0005
1593  0.0010
1594  0.0010
1595  0.0005
1600  0.0005
1601  0.0005
1603  0.0015
1607  0.0005
1609  0.0010
1610  0.0005
1611  0.0010
1612  0.0005
1613  0.0005
1614  0.0005
1616  0.0005
1617  0.0010
1618  0.0005
1619  0.0015
1620  0.0005
1621  0.0005
1622  0.0015
1624  0.0005
1625  0.0010
1626  0.0005
1627  0.0005
1629  0.0025
1631  0.0005
1632  0.0005
1634  0.0005
1635  0.0015
1637  0.0005
1638  0.0010
1639  0.0005
1640  0.0010
1643  0.0020
1644  0.0005
1645  0.0005
1647  0.0005
1648  0.0005
1651  0.0005
1652  0.0005
1654  0.0005
1655  0.0005
1657  0.0005
1661  0.0005
1662  0.0010
1663  0.0005
1665  0.0005
1666  0.0010
1667  0.0015
1668  0.0010
1669  0.0010
1670  0.0005
1672  0.0010
1673  0.0005
1674  0.0010
1675  0.0010
1676  0.0010
1677  0.0010
1678  0.0005
1679  0.0005
1680  0.0005
1681  0.0005
1682  0.0005
1683  0.0015
1685  0.0005
1686  0.0015
1687  0.0010
1688  0.0005
1689  0.0010
1691  0.0005
1692  0.0005
1694  0.0015
1698  0.0005
1699  0.0005
1700  0.0005
1702  0.0015
1703  0.0005
1704  0.0015
1708  0.0005
1709  0.0005
1711  0.0015
1712  0.0010
1716  0.0005
1718  0.0005
1720  0.0005
1721  0.0005
1722  0.0010
1723  0.0020
1724  0.0005
1725  0.0005
1726  0.0005
1727  0.0010
1728  0.0005
1731  0.0005
1733  0.0005
1734  0.0010
1735  0.0005
1736  0.0005
1739  0.0005
1740  0.0005
1742  0.0010
1747  0.0005
1749  0.0005
1750  0.0005
1751  0.0005
1753  0.0005
1754  0.0005
1755  0.0005
1756  0.0010
1759  0.0005
1760  0.0005
1761  0.0010
1762  0.0010
1763  0.0005
1764  0.0015
1765  0.0005
1766  0.0005
1767  0.0010
1768  0.0005
1771  0.0010
1773  0.0005
1774  0.0005
1776  0.0010
1778  0.0015
1779  0.0010
1780  0.0010
1782  0.0005
1784  0.0005
1785  0.0010
1786  0.0010
1790  0.0005
1792  0.0005
1793  0.0005
1795  0.0010
1798  0.0010
1800  0.0005
1802  0.0010
1803  0.0010
1805  0.0005
1806  0.0005
1807  0.0005
1808  0.0005
1809  0.0005
1811  0.0010
1813  0.0015
1814  0.0005
1815  0.0005
1818  0.0005
1819  0.0005
1820  0.0005
1823  0.0005
1825  0.0010
1826  0.0005
1828  0.0005
1829  0.0010
1831  0.0010
1833  0.0005
1834  0.0005
1836  0.0005
1837  0.0005
1838  0.0005
1840  0.0010
1842  0.0010
1843  0.0005
1849  0.0015
1850  0.0010
1851  0.0005
1852  0.0005
1854  0.0005
1855  0.0005
1856  0.0005
1858  0.0010
1861  0.0010
1862  0.0005
1863  0.0005
1864  0.0005
1866  0.0005
1867  0.0005
1869  0.0025
1870  0.0010
1871  0.0010
1872  0.0005
1873  0.0010
1874  0.0005
1875  0.0005
1877  0.0010
1878  0.0005
1879  0.0005
1881  0.0010
1882  0.0005
1883  0.0005
1884  0.0010
1885  0.0015
1886  0.0010
1889  0.0010
1892  0.0005
1893  0.0005
1895  0.0010
1896  0.0005
1901  0.0010
1905  0.0005
1907  0.0005
1908  0.0015
1909  0.0005
1911  0.0005
1912  0.0010
1913  0.0005
1914  0.0005
1915  0.0005
1916  0.0005
1918  0.0010
1919  0.0010
1922  0.0005
1923  0.0005
1925  0.0005
1927  0.0010
1928  0.0010
1932  0.0005
1933  0.0005
1934  0.0005
1935  0.0005
1936  0.0005
1937  0.0005
1939  0.0005
1941  0.0005
1942  0.0005
1943  0.0005
1944  0.0010
1945  0.0005
1946  0.0005
1948  0.0010
1949  0.0005
1950  0.0010
1952  0.0010
1955  0.0005
1956  0.0010
1957  0.0005
1959  0.0005
1960  0.0005
1962  0.0005
1964  0.0010
1966  0.0015
1967  0.0005
1969  0.0010
1970  0.0010
1971  0.0005
1973  0.0010
1974  0.0005
1976  0.0005
1978  0.0015
1982  0.0005
1985  0.0005
1986  0.0005
1989  0.0010
1992  0.0005
1993  0.0005
1994  0.0005
1996  0.0010
1997  0.0010
1998  0.0005
1999  0.0005
2000  0.0010
2005  0.0010
2009  0.0010
2012  0.0010
2013  0.0010
2014  0.0005
2015  0.0005
2019  0.0005
2020  0.0005
2023  0.0005
2025  0.0005
2026  0.0005
2027  0.0010
2028  0.0005
2029  0.0005
2030  0.0010
2031  0.0005
2033  0.0005
2034  0.0005
2036  0.0005
2038  0.0005
2040  0.0010
2042  0.0020
2046  0.0005
2049  0.0005
2052  0.0015
2054  0.0005
2055  0.0010
2060  0.0005
2063  0.0010
2064  0.0005
2066  0.0005
2067  0.0010
2071  0.0010
2072  0.0005
2073  0.0015
2075  0.0005
2076  0.0005
2077  0.0020
2079  0.0010
2080  0.0005
2087  0.0005
2092  0.0010
2093  0.0010
2098  0.0005
2099  0.0005
2101  0.0005
2102  0.0005
2105  0.0005
2106  0.0005
2107  0.0005
2108  0.0010
2110  0.0005
2111  0.0005
2115  0.0005
2117  0.0005
2118  0.0005
2124  0.0005
2125  0.0010
2127  0.0010
2128  0.0010
2133  0.0005
2134  0.0010
2136  0.0005
2137  0.0005
2142  0.0005
2143  0.0010
2146  0.0010
2147  0.0005
2149  0.0005
2150  0.0010
2151  0.0015
2154  0.0005
2156  0.0005
2158  0.0005
2159  0.0010
2160  0.0005
2162  0.0005
2165  0.0005
2166  0.0010
2167  0.0005
2168  0.0005
2169  0.0005
2170  0.0005
2171  0.0005
2174  0.0010
2176  0.0005
2179  0.0010
2181  0.0005
2182  0.0005
2183  0.0005
2185  0.0010
2186  0.0005
2187  0.0015
2191  0.0015
2193  0.0005
2196  0.0010
2200  0.0015
2201  0.0005
2205  0.0005
2208  0.0005
2211  0.0005
2218  0.0005
2219  0.0005
2220  0.0005
2221  0.0015
2222  0.0005
2223  0.0010
2224  0.0005
2227  0.0005
2229  0.0015
2230  0.0010
2231  0.0005
2232  0.0005
2233  0.0005
2234  0.0005
2237  0.0005
2238  0.0005
2239  0.0005
2240  0.0010
2241  0.0005
2243  0.0010
2245  0.0010
2246  0.0010
2247  0.0010
2253  0.0005
2254  0.0015
2256  0.0005
2258  0.0010
2259  0.0005
2262  0.0005
2263  0.0015
2266  0.0015
2268  0.0010
2270  0.0005
2272  0.0005
2274  0.0015
2275  0.0010
2277  0.0005
2279  0.0005
2281  0.0015
2282  0.0015
2284  0.0005
2285  0.0005
2286  0.0010
2288  0.0005
2292  0.0005
2293  0.0010
2294  0.0005
2297  0.0005
2298  0.0005
2300  0.0010
2301  0.0005
2305  0.0015
2306  0.0010
2308  0.0005
2309  0.0010
2312  0.0005
2314  0.0005
2316  0.0010
2317  0.0005
2318  0.0005
2323  0.0010
2324  0.0010
2325  0.0005
2328  0.0010
2329  0.0005
2332  0.0010
2333  0.0005
2335  0.0010
2338  0.0005
2339  0.0015
2340  0.0015
2341  0.0005
2342  0.0005
2343  0.0005
2344  0.0005
2345  0.0005
2346  0.0015
2347  0.0010
2349  0.0005
2350  0.0005
2351  0.0010
2352  0.0005
2356  0.0010
2357  0.0015
2358  0.0015
2362  0.0005
2364  0.0005
2365  0.0005
2366  0.0005
2367  0.0005
2368  0.0010
2370  0.0005
2372  0.0005
2374  0.0005
2379  0.0005
2381  0.0005
2383  0.0005
2385  0.0005
2388  0.0005
2393  0.0005
2395  0.0005
2397  0.0010
2400  0.0005
2401  0.0005
2405  0.0005
2406  0.0005
2407  0.0005
2408  0.0005
2409  0.0005
2412  0.0015
2413  0.0005
2414  0.0005
2415  0.0010
2417  0.0010
2419  0.0005
2421  0.0005
2422  0.0005
2427  0.0005
2429  0.0005
2431  0.0010
2432  0.0010
2434  0.0005
2436  0.0005
2441  0.0005
2442  0.0010
2443  0.0020
2449  0.0005
2455  0.0005
2458  0.0005
2463  0.0005
2465  0.0015
2466  0.0015
2467  0.0005
2469  0.0015
2471  0.0010
2474  0.0005
2475  0.0005
2477  0.0005
2478  0.0005
2479  0.0005
2480  0.0005
2482  0.0010
2488  0.0005
2489  0.0005
2492  0.0005
2494  0.0010
2498  0.0005
2501  0.0005
2502  0.0005
2506  0.0015
2507  0.0005
2508  0.0005
2513  0.0010
2520  0.0005
2521  0.0005
2523  0.0005
2524  0.0005
2530  0.0005
2533  0.0005
2534  0.0005
2536  0.0005
2537  0.0005
2538  0.0005
2539  0.0010
2541  0.0005
2543  0.0005
2544  0.0005
2545  0.0005
2548  0.0010
2549  0.0005
2551  0.0010
2552  0.0020
2555  0.0010
2557  0.0005
2558  0.0005
2561  0.0005
2562  0.0010
2564  0.0005
2565  0.0005
2566  0.0005
2567  0.0015
2571  0.0005
2573  0.0005
2578  0.0010
2583  0.0005
2585  0.0010
2590  0.0005
2591  0.0010
2592  0.0005
2593  0.0005
2597  0.0005
2600  0.0010
2602  0.0005
2604  0.0015
2606  0.0005
2608  0.0005
2609  0.0005
2611  0.0005
2612  0.0005
2613  0.0005
2616  0.0005
2620  0.0005
2621  0.0010
2627  0.0010
2628  0.0010
2630  0.0005
2632  0.0010
2633  0.0005
2634  0.0005
2635  0.0005
2639  0.0005
2640  0.0010
2641  0.0005
2644  0.0005
2645  0.0005
2646  0.0005
2649  0.0005
2650  0.0005
2651  0.0005
2653  0.0005
2655  0.0010
2656  0.0005
2658  0.0005
2664  0.0010
2666  0.0005
2667  0.0005
2669  0.0005
2671  0.0005
2672  0.0005
2673  0.0005
2678  0.0015
2679  0.0005
2680  0.0005
2681  0.0015
2684  0.0010
2685  0.0010
2686  0.0015
2688  0.0010
2689  0.0005
2693  0.0010
2696  0.0005
2706  0.0015
2708  0.0010
2710  0.0005
2711  0.0005
2712  0.0010
2714  0.0015
2722  0.0005
2724  0.0005
2727  0.0010
2729  0.0005
2730  0.0005
2732  0.0015
2737  0.0005
2739  0.0010
2743  0.0010
2744  0.0005
2746  0.0005
2747  0.0005
2754  0.0005
2756  0.0005
2761  0.0010
2763  0.0005
2764  0.0005
2765  0.0005
2767  0.0005
2770  0.0005
2771  0.0005
2772  0.0005
2773  0.0005
2774  0.0005
2777  0.0010
2778  0.0005
2779  0.0005
2780  0.0010
2782  0.0005
2787  0.0005
2789  0.0005
2792  0.0005
2796  0.0005
2798  0.0005
2799  0.0005
2800  0.0005
2807  0.0005
2808  0.0010
2809  0.0005
2814  0.0005
2816  0.0005
2817  0.0010
2820  0.0005
2821  0.0005
2825  0.0005
2826  0.0005
2830  0.0015
2831  0.0005
2832  0.0020
2833  0.0005
2834  0.0010
2837  0.0010
2840  0.0005
2842  0.0005
2845  0.0010
2847  0.0005
2852  0.0005
2855  0.0005
2859  0.0005
2863  0.0010
2864  0.0015
2866  0.0005
2867  0.0005
2868  0.0005
2869  0.0005
2871  0.0010
2872  0.0005
2873  0.0005
2875  0.0005
2877  0.0005
2878  0.0010
2881  0.0005
2882  0.0005
2884  0.0005
2885  0.0005
2886  0.0005
2887  0.0005
2888  0.0005
2889  0.0005
2890  0.0010
2891  0.0005
2892  0.0010
2893  0.0005
2894  0.0005
2897  0.0005
2898  0.0005
2902  0.0005
2903  0.0005
2910  0.0005
2912  0.0010
2913  0.0005
2917  0.0005
2920  0.0010
2922  0.0005
2926  0.0005
2931  0.0005
2932  0.0005
2935  0.0015
2938  0.0015
2939  0.0005
2941  0.0010
2942  0.0015
2943  0.0005
2944  0.0005
2945  0.0005
2946  0.0005
2948  0.0010
2950  0.0005
2952  0.0005
2953  0.0015
2956  0.0005
2957  0.0010
2959  0.0005
2960  0.0005
2962  0.0005
2966  0.0005
2968  0.0010
2975  0.0005
2976  0.0005
2980  0.0010
2981  0.0005
2984  0.0010
2989  0.0005
2991  0.0005
2992  0.0010
2993  0.0005
2997  0.0005
3000  0.0005
3001  0.0010
3003  0.0005
3004  0.0005
3008  0.0005
3009  0.0020
3010  0.0005
3011  0.0010
3014  0.0005
3016  0.0005
3017  0.0005
3018  0.0005
3019  0.0005
3021  0.0005
3025  0.0005
3030  0.0005
3031  0.0005
3037  0.0010
3039  0.0015
3044  0.0005
3047  0.0010
3048  0.0005
3049  0.0005
3050  0.0005
3051  0.0005
3054  0.0010
3055  0.0005
3059  0.0005
3061  0.0005
3062  0.0005
3063  0.0005
3065  0.0005
3069  0.0010
3073  0.0005
3075  0.0015
3076  0.0010
3078  0.0005
3079  0.0005
3081  0.0005
3082  0.0005
3086  0.0005
3088  0.0005
3093  0.0005
3094  0.0005
3096  0.0005
3098  0.0005
3102  0.0005
3105  0.0010
3109  0.0005
3110  0.0005
3113  0.0005
3116  0.0005
3117  0.0005
3118  0.0005
3123  0.0005
3125  0.0005
3127  0.0010
3131  0.0005
3135  0.0005
3142  0.0015
3145  0.0005
3146  0.0005
3151  0.0005
3152  0.0005
3153  0.0005
3154  0.0005
3158  0.0010
3161  0.0005
3162  0.0010
3164  0.0005
3165  0.0015
3166  0.0010
3167  0.0005
3171  0.0005
3176  0.0010
3178  0.0005
3179  0.0005
3180  0.0005
3183  0.0005
3190  0.0005
3191  0.0005
3194  0.0005
3198  0.0005
3200  0.0005
3201  0.0005
3204  0.0010
3205  0.0020
3206  0.0005
3213  0.0005
3214  0.0010
3216  0.0010
3217  0.0005
3222  0.0015
3223  0.0005
3224  0.0010
3225  0.0005
3232  0.0010
3234  0.0010
3235  0.0005
3236  0.0005
3238  0.0005
3242  0.0005
3243  0.0010
3248  0.0005
3251  0.0005
3253  0.0010
3254  0.0005
3257  0.0005
3258  0.0005
3259  0.0005
3260  0.0005
3267  0.0005
3268  0.0005
3269  0.0005
3272  0.0005
3273  0.0005
3277  0.0005
3282  0.0005
3296  0.0005
3305  0.0005
3307  0.0005
3308  0.0010
3310  0.0005
3312  0.0005
3318  0.0005
3320  0.0010
3321  0.0010
3323  0.0005
3325  0.0005
3326  0.0010
3327  0.0010
3328  0.0005
3335  0.0005
3340  0.0005
3341  0.0005
3344  0.0010
3347  0.0005
3352  0.0005
3357  0.0005
3358  0.0005
3363  0.0005
3364  0.0005
3366  0.0010
3367  0.0005
3368  0.0005
3369  0.0005
3370  0.0005
3372  0.0015
3376  0.0005
3380  0.0005
3381  0.0005
3386  0.0005
3389  0.0005
3392  0.0005
3394  0.0005
3396  0.0005
3399  0.0005
3400  0.0005
3401  0.0005
3403  0.0005
3404  0.0005
3408  0.0005
3411  0.0005
3412  0.0005
3417  0.0005
3418  0.0005
3419  0.0010
3420  0.0005
3422  0.0005
3424  0.0005
3427  0.0010
3429  0.0005
3434  0.0005
3438  0.0005
3439  0.0005
3442  0.0005
3443  0.0005
3444  0.0005
3445  0.0010
3448  0.0015
3449  0.0005
3455  0.0005
3457  0.0010
3460  0.0005
3464  0.0010
3466  0.0005
3467  0.0015
3469  0.0005
3471  0.0005
3472  0.0005
3477  0.0005
3478  0.0005
3481  0.0005
3485  0.0005
3486  0.0005
3488  0.0005
3490  0.0005
3492  0.0005
3496  0.0005
3499  0.0005
3505  0.0005
3507  0.0005
3509  0.0005
3510  0.0005
3512  0.0005
3513  0.0005
3516  0.0005
3518  0.0005
3523  0.0005
3526  0.0005
3530  0.0010
3531  0.0010
3534  0.0010
3537  0.0005
3539  0.0010
3543  0.0010
3544  0.0005
3546  0.0005
3548  0.0005
3550  0.0005
3551  0.0010
3553  0.0005
3558  0.0005
3559  0.0005
3561  0.0005
3564  0.0005
3566  0.0005
3568  0.0005
3572  0.0005
3578  0.0005
3579  0.0005
3583  0.0005
3587  0.0005
3588  0.0005
3591  0.0010
3595  0.0005
3597  0.0005
3602  0.0005
3606  0.0005
3607  0.0010
3610  0.0005
3612  0.0005
3622  0.0005
3623  0.0005
3624  0.0005
3633  0.0005
3637  0.0005
3638  0.0005
3641  0.0005
3644  0.0010
3647  0.0005
3648  0.0005
3655  0.0010
3656  0.0005
3658  0.0005
3661  0.0005
3662  0.0010
3664  0.0010
3667  0.0005
3673  0.0010
3674  0.0005
3678  0.0005
3679  0.0005
3688  0.0005
3691  0.0005
3695  0.0005
3696  0.0005
3697  0.0005
3698  0.0005
3699  0.0005
3701  0.0010
3706  0.0005
3712  0.0005
3714  0.0005
3716  0.0005
3723  0.0005
3725  0.0005
3727  0.0005
3730  0.0005
3731  0.0010
3732  0.0005
3734  0.0005
3736  0.0005
3737  0.0005
3744  0.0005
3753  0.0010
3760  0.0010
3761  0.0005
3765  0.0005
3770  0.0005
3772  0.0005
3773  0.0015
3785  0.0005
3786  0.0005
3793  0.0005
3795  0.0005
3799  0.0010
3801  0.0010
3804  0.0010
3805  0.0005
3807  0.0005
3810  0.0005
3814  0.0005
3818  0.0005
3819  0.0005
3822  0.0005
3823  0.0005
3824  0.0010
3829  0.0005
3838  0.0005
3839  0.0005
3843  0.0005
3847  0.0010
3850  0.0005
3851  0.0010
3853  0.0005
3858  0.0005
3859  0.0005
3865  0.0005
3869  0.0005
3871  0.0005
3873  0.0005
3874  0.0010
3876  0.0005
3877  0.0005
3880  0.0005
3884  0.0005
3891  0.0005
3894  0.0005
3895  0.0005
3898  0.0005
3902  0.0005
3904  0.0010
3910  0.0005
3912  0.0005
3918  0.0005
3925  0.0005
3927  0.0005
3928  0.0010
3931  0.0005
3932  0.0005
3934  0.0005
3935  0.0005
3936  0.0010
3940  0.0010
3943  0.0005
3945  0.0005
3948  0.0005
3949  0.0005
3950  0.0005
3952  0.0005
3953  0.0005
3955  0.0005
3957  0.0005
3965  0.0005
3967  0.0005
3970  0.0005
3971  0.0005
3977  0.0005
3978  0.0005
3980  0.0005
3982  0.0005
3989  0.0005
3996  0.0005
4002  0.0010
4004  0.0005
4007  0.0010
4008  0.0005
4009  0.0010
4012  0.0005
4015  0.0005
4020  0.0005
4021  0.0005
4023  0.0005
4025  0.0005
4027  0.0005
4028  0.0005
4032  0.0010
4035  0.0005
4042  0.0005
4050  0.0005
4051  0.0005
4053  0.0005
4063  0.0005
4067  0.0005
4071  0.0005
4072  0.0005
4073  0.0005
4075  0.0005
4076  0.0005
4077  0.0005
4079  0.0005
4089  0.0005
4093  0.0005
4094  0.0005
4095  0.0005
4096  0.0005
4097  0.0005
4100  0.0005
4103  0.0005
4106  0.0005
4107  0.0005
4112  0.0005
4120  0.0005
4127  0.0005
4134  0.0005
4146  0.0005
4152  0.0010
4159  0.0005
4161  0.0005
4164  0.0005
4166  0.0005
4169  0.0005
4170  0.0005
4173  0.0005
4174  0.0005
4177  0.0005
4181  0.0010
4184  0.0005
4187  0.0005
4188  0.0005
4193  0.0005
4195  0.0015
4198  0.0005
4208  0.0005
4215  0.0005
4220  0.0005
4227  0.0005
4232  0.0005
4236  0.0005
4238  0.0005
4240  0.0005
4249  0.0005
4270  0.0005
4272  0.0005
4273  0.0005
4281  0.0010
4287  0.0005
4292  0.0005
4306  0.0005
4310  0.0005
4311  0.0010
4314  0.0010
4330  0.0005
4354  0.0005
4355  0.0005
4361  0.0005
4366  0.0005
4373  0.0005
4377  0.0005
4384  0.0005
4385  0.0005
4392  0.0005
4396  0.0005
4398  0.0005
4400  0.0010
4409  0.0005
4414  0.0005
4416  0.0005
4421  0.0005
4422  0.0005
4423  0.0005
4438  0.0005
4440  0.0005
4449  0.0005
4450  0.0005
4452  0.0005
4461  0.0005
4462  0.0005
4465  0.0005
4468  0.0010
4475  0.0005
4478  0.0005
4481  0.0005
4487  0.0010
4488  0.0005
4489  0.0005
4495  0.0005
4497  0.0005
4498  0.0005
4511  0.0010
4512  0.0005
4523  0.0005
4554  0.0005
4580  0.0005
4598  0.0005
4609  0.0005
4612  0.0005
4636  0.0005
4650  0.0005
4651  0.0005
4666  0.0005
4684  0.0005
4730  0.0005
4762  0.0005
4777  0.0005
4793  0.0005
4946  0.0005
5017  0.0005
