1  12.3595
2  0.9655
3  0.3665
4  0.1940
5  0.0880
6  0.0520
7  0.0305
8  0.0180
9  0.0120
10  0.0095
11  0.0055
12  0.0040
13  0.0025
14  0.0045
15  0.0040
16  0.0030
17  0.0010
18  0.0025
19  0.0010
20  0.0020
22  0.0005
25  0.0010
26  0.0005
27  0.0010
28  0.0005
30  0.0005
31  0.0005
76  0.0005
7937  0.0005
7959  0.0005
7962  0.0005
7963  0.0005
7966  0.0005
7969  0.0010
7972  0.0010
7974  0.0005
7975  0.0015
7976  0.0005
7980  0.0005
7981  0.0005
7982  0.0010
7983  0.0010
7984  0.0005
7986  0.0015
7987  0.0015
7988  0.0005
7989  0.0010
7990  0.0010
7991  0.0005
7993  0.0005
7994  0.0010
7995  0.0015
7996  0.0015
7997  0.0005
7998  0.0010
7999  0.0010
8000  0.0005
8001  0.0015
8002  0.0015
8003  0.0025
8004  0.0015
8005  0.0005
8006  0.0030
8007  0.0025
8008  0.0030
8009  0.0025
8010  0.0015
8011  0.0020
8012  0.0010
8013  0.0045
8014  0.0020
8015  0.0020
8016  0.0040
8017  0.0010
8018  0.0020
8019  0.0055
8020  0.0030
8021  0.0035
8023  0.0030
8024  0.0035
8025  0.0010
8026  0.0040
8027  0.0040
8028  0.0050
8029  0.0045
8030  0.0035
8031  0.0040
8032  0.0025
8033  0.0030
8034  0.0080
8035  0.0065
8036  0.0060
8037  0.0070
8038  0.0065
8039  0.0030
8040  0.0065
8041  0.0045
8042  0.0070
8043  0.0020
8044  0.0055
8045  0.0065
8046  0.0095
8047  0.0035
8048  0.0070
8049  0.0075
8050  0.0060
8051  0.0065
8052  0.0060
8053  0.0105
8054  0.0065
8055  0.0055
8056  0.0070
8057  0.0085
8058  0.0065
8059  0.0120
8060  0.0105
8061  0.0110
8062  0.0110
8063  0.0055
8064  0.0100
8065  0.0050
8066  0.0090
8067  0.0080
8068  0.0080
8069  0.0080
8070  0.0095
8071  0.0075
8072  0.0125
8073  0.0075
8074  0.0090
8075  0.0100
8076  0.0065
8077  0.0105
8078  0.0120
8079  0.0085
8080  0.0095
8081  0.0090
8082  0.0105
8083  0.0075
8084  0.0105
8085  0.0105
8086  0.0100
8087  0.0080
8088  0.0080
8089  0.0080
8090  0.0080
8091  0.0110
8092  0.0075
8093  0.0110
8094  0.0105
8095  0.0095
8096  0.0120
8097  0.0090
8098  0.0075
8099  0.0125
8100  0.0080
8101  0.0105
8102  0.0055
8103  0.0100
8104  0.0115
8105  0.0080
8106  0.0065
8107  0.0095
8108  0.0065
8109  0.0100
8110  0.0050
8111  0.0100
8112  0.0065
8113  0.0090
8114  0.0065
8115  0.0055
8116  0.0075
8117  0.0060
8118  0.0085
8119  0.0110
8120  0.0040
8121  0.0095
8122  0.0095
8123  0.0040
8124  0.0040
8125  0.0030
8126  0.0045
8127  0.0065
8128  0.0035
8129  0.0050
8130  0.0085
8131  0.0060
8132  0.0080
8133  0.0075
8134  0.0045
8135  0.0055
8136  0.0060
8137  0.0015
8138  0.0030
8139  0.0025
8140  0.0020
8141  0.0020
8142  0.0045
8143  0.0050
8144  0.0015
8145  0.0030
8146  0.0020
8147  0.0040
8148  0.0040
8149  0.0030
8150  0.0020
8151  0.0005
8152  0.0030
8153  0.0025
8154  0.0025
8155  0.0020
8156  0.0010
8157  0.0035
8158  0.0020
8159  0.0010
8160  0.0020
8161  0.0035
8162  0.0015
8163  0.0025
8164  0.0015
8165  0.0005
8166  0.0025
8167  0.0025
8168  0.0015
8169  0.0005
8171  0.0010
8172  0.0005
8173  0.0015
8174  0.0005
8175  0.0005
8178  0.0005
8179  0.0005
8180  0.0005
8184  0.0005
8186  0.0010
8189  0.0005
8192  0.0005
8196  0.0005
8197  0.0005
