1  553.3970
2  162.3860
3  100.5020
4  66.7795
5  47.3635
6  35.0940
7  26.5010
8  20.6455
9  16.6230
10  13.3240
11  11.0925
12  9.1120
13  7.5360
14  6.3585
15  5.4820
16  4.6405
17  3.9815
18  3.4205
19  2.9650
20  2.4900
21  2.2475
22  1.9640
23  1.6820
24  1.4480
25  1.3120
26  1.1510
27  1.0300
28  0.9195
29  0.7855
30  0.7125
31  0.6175
32  0.5430
33  0.5010
34  0.4295
35  0.4105
36  0.3645
37  0.3190
38  0.2540
39  0.2600
40  0.2210
41  0.2090
42  0.1860
43  0.1700
44  0.1495
45  0.1235
46  0.1010
47  0.1100
48  0.0925
49  0.0870
50  0.0810
51  0.0760
52  0.0565
53  0.0580
54  0.0595
55  0.0530
56  0.0395
57  0.0350
58  0.0365
59  0.0300
60  0.0250
61  0.0245
62  0.0265
63  0.0180
64  0.0150
65  0.0185
66  0.0110
67  0.0125
68  0.0115
69  0.0160
70  0.0120
71  0.0125
72  0.0090
73  0.0075
74  0.0050
75  0.0095
76  0.0035
77  0.0055
78  0.0080
79  0.0050
80  0.0045
81  0.0025
82  0.0030
83  0.0020
84  0.0030
85  0.0030
86  0.0030
87  0.0020
88  0.0015
89  0.0010
90  0.0020
91  0.0015
92  0.0020
94  0.0015
95  0.0005
96  0.0010
97  0.0020
98  0.0010
99  0.0005
100  0.0015
101  0.0005
104  0.0015
107  0.0005
108  0.0010
109  0.0005
110  0.0010
111  0.0005
112  0.0005
114  0.0005
117  0.0005
118  0.0010
