1  17.8730
2  1.6100
3  0.7200
4  0.3430
5  0.1510
6  0.0850
7  0.0660
8  0.0340
9  0.0260
10  0.0170
11  0.0090
12  0.0080
13  0.0100
14  0.0060
15  0.0020
16  0.0060
18  0.0030
19  0.0020
20  0.0030
23  0.0010
24  0.0010
27  0.0010
32  0.0010
37  0.0010
7737  0.0010
7745  0.0010
7754  0.0010
7758  0.0010
7762  0.0010
7764  0.0010
7766  0.0020
7767  0.0010
7771  0.0010
7773  0.0010
7775  0.0010
7776  0.0020
7777  0.0010
7778  0.0020
7780  0.0020
7781  0.0020
7783  0.0020
7784  0.0020
7785  0.0010
7786  0.0030
7787  0.0020
7788  0.0010
7789  0.0020
7791  0.0050
7793  0.0010
7796  0.0020
7797  0.0020
7798  0.0010
7799  0.0020
7800  0.0010
7801  0.0020
7802  0.0020
7803  0.0040
7804  0.0010
7805  0.0020
7806  0.0060
7807  0.0010
7808  0.0030
7809  0.0040
7810  0.0030
7811  0.0030
7812  0.0030
7813  0.0040
7814  0.0020
7815  0.0090
7816  0.0040
7817  0.0050
7818  0.0030
7819  0.0050
7820  0.0010
7821  0.0030
7822  0.0040
7823  0.0050
7824  0.0080
7825  0.0050
7826  0.0050
7827  0.0060
7828  0.0070
7829  0.0060
7830  0.0030
7831  0.0060
7832  0.0100
7833  0.0020
7834  0.0050
7835  0.0060
7836  0.0040
7837  0.0070
7838  0.0070
7839  0.0070
7840  0.0070
7841  0.0020
7842  0.0070
7843  0.0060
7844  0.0100
7845  0.0070
7846  0.0110
7847  0.0040
7848  0.0080
7849  0.0050
7850  0.0090
7851  0.0040
7852  0.0060
7853  0.0130
7854  0.0050
7855  0.0070
7856  0.0050
7857  0.0100
7858  0.0070
7859  0.0100
7860  0.0110
7861  0.0090
7862  0.0090
7863  0.0070
7864  0.0110
7865  0.0070
7866  0.0110
7867  0.0090
7868  0.0120
7869  0.0110
7870  0.0080
7871  0.0090
7872  0.0110
7873  0.0130
7874  0.0090
7875  0.0080
7876  0.0130
7877  0.0110
7878  0.0050
7879  0.0070
7880  0.0090
7881  0.0100
7882  0.0090
7883  0.0090
7884  0.0050
7885  0.0130
7886  0.0030
7887  0.0080
7888  0.0050
7889  0.0070
7890  0.0080
7891  0.0070
7892  0.0100
7893  0.0100
7894  0.0040
7895  0.0100
7896  0.0070
7897  0.0090
7898  0.0070
7899  0.0090
7900  0.0060
7901  0.0120
7902  0.0070
7903  0.0040
7904  0.0070
7905  0.0100
7906  0.0040
7907  0.0060
7908  0.0080
7909  0.0030
7910  0.0090
7911  0.0050
7912  0.0050
7913  0.0070
7914  0.0060
7915  0.0080
7916  0.0050
7917  0.0080
7918  0.0050
7919  0.0050
7920  0.0070
7921  0.0080
7922  0.0080
7923  0.0040
7924  0.0060
7925  0.0050
7926  0.0040
7927  0.0030
7928  0.0050
7929  0.0030
7930  0.0070
7931  0.0040
7932  0.0080
7933  0.0050
7934  0.0010
7935  0.0030
7936  0.0010
7937  0.0030
7938  0.0010
7939  0.0060
7940  0.0020
7941  0.0040
7942  0.0030
7943  0.0010
7944  0.0040
7945  0.0040
7946  0.0010
7947  0.0030
7948  0.0010
7949  0.0010
7950  0.0030
7951  0.0020
7953  0.0020
7955  0.0050
7956  0.0010
7957  0.0010
7958  0.0030
7959  0.0010
7961  0.0020
7963  0.0010
7965  0.0010
7966  0.0020
7968  0.0020
7969  0.0020
7970  0.0010
7973  0.0010
7977  0.0010
7979  0.0020
7982  0.0010
7986  0.0010
7988  0.0020
7994  0.0010
7998  0.0010
8016  0.0010
