1  2.3490
2  0.1145
3  0.0350
4  0.0160
5  0.0035
6  0.0035
7  0.0015
8  0.0010
9  0.0025
13  0.0005
8678  0.0005
8688  0.0005
8697  0.0005
8700  0.0005
8702  0.0005
8705  0.0010
8709  0.0015
8710  0.0005
8711  0.0005
8712  0.0010
8713  0.0005
8714  0.0005
8715  0.0005
8716  0.0015
8718  0.0010
8719  0.0005
8720  0.0005
8722  0.0010
8723  0.0005
8724  0.0020
8725  0.0010
8726  0.0010
8727  0.0015
8728  0.0005
8729  0.0005
8730  0.0015
8731  0.0020
8732  0.0010
8733  0.0035
8734  0.0020
8735  0.0030
8736  0.0050
8737  0.0020
8738  0.0030
8739  0.0025
8740  0.0025
8741  0.0025
8742  0.0040
8743  0.0030
8744  0.0070
8745  0.0025
8746  0.0070
8747  0.0025
8748  0.0035
8749  0.0050
8750  0.0040
8751  0.0045
8752  0.0030
8753  0.0055
8754  0.0035
8755  0.0070
8756  0.0050
8757  0.0055
8758  0.0055
8759  0.0070
8760  0.0040
8761  0.0045
8762  0.0090
8763  0.0070
8764  0.0045
8765  0.0065
8766  0.0095
8767  0.0060
8768  0.0050
8769  0.0085
8770  0.0085
8771  0.0080
8772  0.0100
8773  0.0065
8774  0.0055
8775  0.0110
8776  0.0095
8777  0.0080
8778  0.0095
8779  0.0125
8780  0.0160
8781  0.0095
8782  0.0110
8783  0.0125
8784  0.0115
8785  0.0120
8786  0.0100
8787  0.0150
8788  0.0090
8789  0.0115
8790  0.0140
8791  0.0120
8792  0.0115
8793  0.0110
8794  0.0085
8795  0.0145
8796  0.0100
8797  0.0085
8798  0.0100
8799  0.0120
8800  0.0115
8801  0.0125
8802  0.0160
8803  0.0135
8804  0.0130
8805  0.0160
8806  0.0145
8807  0.0085
8808  0.0150
8809  0.0130
8810  0.0155
8811  0.0110
8812  0.0135
8813  0.0120
8814  0.0120
8815  0.0100
8816  0.0115
8817  0.0095
8818  0.0110
8819  0.0065
8820  0.0125
8821  0.0070
8822  0.0085
8823  0.0120
8824  0.0060
8825  0.0110
8826  0.0110
8827  0.0060
8828  0.0090
8829  0.0080
8830  0.0065
8831  0.0045
8832  0.0065
8833  0.0050
8834  0.0065
8835  0.0045
8836  0.0065
8837  0.0045
8838  0.0060
8839  0.0055
8840  0.0035
8841  0.0055
8842  0.0025
8843  0.0065
8844  0.0040
8845  0.0030
8846  0.0025
8847  0.0040
8848  0.0030
8849  0.0035
8850  0.0055
8851  0.0020
8852  0.0030
8853  0.0060
8854  0.0025
8855  0.0020
8856  0.0010
8857  0.0020
8858  0.0025
8860  0.0005
8861  0.0025
8862  0.0015
8863  0.0005
8864  0.0005
8865  0.0005
8866  0.0005
8867  0.0015
8868  0.0005
8869  0.0010
8870  0.0015
8871  0.0010
8872  0.0015
8873  0.0005
8874  0.0010
8876  0.0005
8877  0.0010
8878  0.0015
8879  0.0005
8880  0.0005
8882  0.0005
8884  0.0005
8885  0.0010
8887  0.0005
8894  0.0005
8903  0.0005
8915  0.0005
8951  0.0005
