1  65.9680
2  16.1820
3  10.2310
4  6.8080
5  4.8620
6  3.8490
7  2.8660
8  2.3250
9  1.9960
10  1.6160
11  1.4920
12  1.2390
13  1.0920
14  1.0170
15  0.8780
16  0.8820
17  0.6860
18  0.6840
19  0.6100
20  0.5530
21  0.5330
22  0.4620
23  0.4070
24  0.3880
25  0.3740
26  0.3910
27  0.3170
28  0.3220
29  0.2740
30  0.2750
31  0.2920
32  0.2310
33  0.2310
34  0.2620
35  0.1940
36  0.2020
37  0.2050
38  0.1970
39  0.1910
40  0.1530
41  0.1720
42  0.1460
43  0.1490
44  0.1130
45  0.1260
46  0.1490
47  0.1400
48  0.1260
49  0.1260
50  0.1250
51  0.1080
52  0.1300
53  0.1230
54  0.0970
55  0.1030
56  0.1040
57  0.1110
58  0.0810
59  0.0950
60  0.0840
61  0.1150
62  0.0780
63  0.0760
64  0.0610
65  0.0820
66  0.0740
67  0.0650
68  0.1000
69  0.0790
70  0.0790
71  0.0710
72  0.0590
73  0.0590
74  0.0600
75  0.0680
76  0.0610
77  0.0520
78  0.0510
79  0.0500
80  0.0430
81  0.0510
82  0.0540
83  0.0560
84  0.0450
85  0.0570
86  0.0480
87  0.0430
88  0.0450
89  0.0420
90  0.0380
91  0.0310
92  0.0470
93  0.0340
94  0.0440
95  0.0400
96  0.0500
97  0.0370
98  0.0280
99  0.0420
100  0.0230
101  0.0360
102  0.0440
103  0.0370
104  0.0410
105  0.0460
106  0.0430
107  0.0240
108  0.0210
109  0.0290
110  0.0180
111  0.0350
112  0.0260
113  0.0260
114  0.0360
115  0.0270
116  0.0340
117  0.0240
118  0.0240
119  0.0140
120  0.0170
121  0.0200
122  0.0240
123  0.0180
124  0.0240
125  0.0180
126  0.0150
127  0.0280
128  0.0200
129  0.0200
130  0.0190
131  0.0240
132  0.0220
133  0.0140
134  0.0130
135  0.0200
136  0.0170
137  0.0210
138  0.0190
139  0.0180
140  0.0080
141  0.0160
142  0.0190
143  0.0220
144  0.0090
145  0.0130
146  0.0170
147  0.0190
148  0.0160
149  0.0090
150  0.0130
151  0.0140
152  0.0110
153  0.0120
154  0.0180
155  0.0120
156  0.0170
157  0.0150
158  0.0210
159  0.0110
160  0.0160
161  0.0130
162  0.0080
163  0.0110
164  0.0200
165  0.0120
166  0.0140
167  0.0160
168  0.0060
169  0.0140
170  0.0100
171  0.0160
172  0.0120
173  0.0080
174  0.0170
175  0.0090
176  0.0140
177  0.0150
178  0.0080
179  0.0140
180  0.0040
181  0.0110
182  0.0110
183  0.0090
184  0.0120
185  0.0110
186  0.0110
187  0.0050
188  0.0090
189  0.0140
190  0.0070
191  0.0070
192  0.0120
193  0.0070
194  0.0100
195  0.0070
196  0.0080
197  0.0020
198  0.0080
199  0.0070
200  0.0030
201  0.0070
202  0.0090
203  0.0100
204  0.0060
205  0.0120
206  0.0050
207  0.0060
208  0.0060
209  0.0080
210  0.0050
211  0.0050
212  0.0070
213  0.0080
214  0.0070
215  0.0080
216  0.0050
217  0.0090
218  0.0050
219  0.0040
220  0.0020
221  0.0060
222  0.0050
223  0.0070
224  0.0080
225  0.0050
226  0.0060
227  0.0070
228  0.0050
229  0.0060
230  0.0100
231  0.0020
232  0.0110
233  0.0100
234  0.0100
235  0.0060
236  0.0020
237  0.0070
238  0.0070
240  0.0090
241  0.0050
242  0.0010
243  0.0050
244  0.0080
245  0.0070
246  0.0060
247  0.0070
248  0.0010
249  0.0090
250  0.0040
251  0.0040
252  0.0080
253  0.0090
254  0.0080
255  0.0040
256  0.0040
257  0.0020
258  0.0030
259  0.0040
260  0.0100
261  0.0030
262  0.0020
263  0.0040
264  0.0040
265  0.0030
266  0.0050
267  0.0060
268  0.0040
269  0.0040
270  0.0040
271  0.0010
272  0.0040
273  0.0020
274  0.0050
275  0.0030
276  0.0020
277  0.0030
278  0.0040
279  0.0020
280  0.0010
281  0.0060
282  0.0040
283  0.0030
284  0.0060
285  0.0030
286  0.0020
287  0.0010
288  0.0020
289  0.0010
291  0.0010
292  0.0010
293  0.0060
294  0.0050
295  0.0020
296  0.0050
297  0.0030
298  0.0060
300  0.0020
301  0.0050
303  0.0010
305  0.0050
306  0.0040
307  0.0040
308  0.0010
309  0.0020
311  0.0010
315  0.0020
316  0.0050
317  0.0030
318  0.0040
319  0.0010
320  0.0030
321  0.0020
322  0.0030
323  0.0020
324  0.0030
325  0.0020
326  0.0020
327  0.0040
328  0.0010
330  0.0050
331  0.0020
332  0.0020
333  0.0030
334  0.0020
335  0.0030
336  0.0010
339  0.0010
340  0.0010
341  0.0040
343  0.0030
344  0.0010
345  0.0030
346  0.0010
347  0.0030
348  0.0040
349  0.0010
350  0.0010
351  0.0020
352  0.0010
353  0.0010
354  0.0020
355  0.0020
356  0.0010
357  0.0010
358  0.0030
359  0.0010
362  0.0020
363  0.0020
364  0.0040
365  0.0040
367  0.0010
369  0.0010
370  0.0010
371  0.0040
372  0.0020
373  0.0020
374  0.0010
375  0.0020
377  0.0010
378  0.0030
379  0.0020
380  0.0010
381  0.0010
382  0.0030
383  0.0020
384  0.0020
385  0.0010
387  0.0010
388  0.0050
389  0.0010
392  0.0010
394  0.0020
396  0.0020
398  0.0010
399  0.0020
400  0.0020
401  0.0010
402  0.0010
403  0.0010
404  0.0030
406  0.0010
409  0.0010
411  0.0030
412  0.0010
413  0.0010
415  0.0010
417  0.0020
418  0.0010
419  0.0020
421  0.0010
422  0.0010
423  0.0030
424  0.0020
425  0.0010
427  0.0010
429  0.0010
430  0.0010
431  0.0010
432  0.0010
434  0.0010
435  0.0050
437  0.0020
439  0.0020
442  0.0010
443  0.0030
447  0.0010
448  0.0020
453  0.0020
455  0.0010
456  0.0010
457  0.0030
458  0.0020
459  0.0010
460  0.0020
464  0.0010
469  0.0010
470  0.0010
472  0.0010
473  0.0020
474  0.0010
475  0.0010
477  0.0020
482  0.0020
484  0.0010
485  0.0010
488  0.0010
489  0.0010
491  0.0010
496  0.0020
500  0.0010
507  0.0010
510  0.0010
512  0.0010
513  0.0010
516  0.0010
524  0.0010
525  0.0010
529  0.0010
530  0.0010
533  0.0010
534  0.0020
535  0.0010
539  0.0010
541  0.0020
544  0.0010
546  0.0010
548  0.0010
550  0.0010
553  0.0010
564  0.0010
565  0.0010
566  0.0010
573  0.0010
574  0.0010
585  0.0010
589  0.0010
595  0.0010
598  0.0010
608  0.0010
610  0.0010
618  0.0010
623  0.0010
628  0.0010
629  0.0010
631  0.0010
632  0.0010
641  0.0010
648  0.0010
653  0.0010
656  0.0010
659  0.0010
660  0.0010
692  0.0010
710  0.0010
719  0.0010
725  0.0010
742  0.0010
