1  596.5920
2  176.4970
3  108.2650
4  70.6850
5  49.1115
6  35.4995
7  26.5810
8  20.5090
9  16.0490
10  12.8960
11  10.3145
12  8.2850
13  6.8820
14  5.6380
15  4.7540
16  3.9580
17  3.1960
18  2.8360
19  2.3510
20  2.0455
21  1.7520
22  1.4590
23  1.3035
24  1.0440
25  0.9405
26  0.7835
27  0.6755
28  0.5800
29  0.5485
30  0.4400
31  0.3890
32  0.3470
33  0.3085
34  0.2655
35  0.2120
36  0.1830
37  0.1795
38  0.1485
39  0.1365
40  0.1185
41  0.1210
42  0.0930
43  0.0645
44  0.0705
45  0.0725
46  0.0515
47  0.0385
48  0.0460
49  0.0400
50  0.0235
51  0.0250
52  0.0250
53  0.0190
54  0.0255
55  0.0235
56  0.0170
57  0.0145
58  0.0135
59  0.0065
60  0.0075
61  0.0125
62  0.0070
63  0.0110
64  0.0075
65  0.0035
66  0.0070
67  0.0030
68  0.0035
69  0.0025
70  0.0040
71  0.0020
72  0.0005
73  0.0015
74  0.0015
75  0.0020
76  0.0005
77  0.0025
79  0.0010
81  0.0005
83  0.0015
84  0.0015
86  0.0010
98  0.0005
104  0.0005
115  0.0005
