1  364.6065
2  96.2385
3  61.1525
4  41.7170
5  30.1140
6  23.0325
7  18.0405
8  14.6705
9  12.2515
10  10.4330
11  8.9650
12  7.7690
13  6.8830
14  6.0080
15  5.4065
16  4.7555
17  4.3120
18  3.9980
19  3.6160
20  3.2575
21  3.0605
22  2.7350
23  2.4915
24  2.3530
25  2.1955
26  2.0245
27  1.8800
28  1.7225
29  1.6250
30  1.5240
31  1.4630
32  1.3505
33  1.2660
34  1.2590
35  1.0930
36  1.1010
37  1.0045
38  0.9480
39  0.9000
40  0.8335
41  0.8130
42  0.7740
43  0.7435
44  0.7265
45  0.6050
46  0.6415
47  0.6140
48  0.5610
49  0.5805
50  0.5050
51  0.5085
52  0.4955
53  0.4660
54  0.4275
55  0.4245
56  0.3815
57  0.3785
58  0.3775
59  0.3460
60  0.3305
61  0.3150
62  0.3105
63  0.2955
64  0.2870
65  0.2885
66  0.2670
67  0.2580
68  0.2670
69  0.2415
70  0.2175
71  0.2215
72  0.2015
73  0.1860
74  0.1945
75  0.1870
76  0.1925
77  0.1895
78  0.1615
79  0.1725
80  0.1480
81  0.1605
82  0.1470
83  0.1265
84  0.1365
85  0.1220
86  0.1390
87  0.1275
88  0.1055
89  0.1020
90  0.1185
91  0.1095
92  0.1105
93  0.1030
94  0.1150
95  0.0970
96  0.0875
97  0.0860
98  0.0905
99  0.0705
100  0.0875
101  0.0795
102  0.0825
103  0.0770
104  0.0740
105  0.0725
106  0.0685
107  0.0590
108  0.0625
109  0.0560
110  0.0670
111  0.0470
112  0.0585
113  0.0495
114  0.0495
115  0.0535
116  0.0485
117  0.0355
118  0.0440
119  0.0440
120  0.0420
121  0.0400
122  0.0420
123  0.0425
124  0.0330
125  0.0345
126  0.0310
127  0.0330
128  0.0320
129  0.0360
130  0.0380
131  0.0285
132  0.0255
133  0.0290
134  0.0245
135  0.0245
136  0.0310
137  0.0215
138  0.0190
139  0.0260
140  0.0235
141  0.0255
142  0.0230
143  0.0210
144  0.0185
145  0.0220
146  0.0175
147  0.0215
148  0.0145
149  0.0200
150  0.0215
151  0.0145
152  0.0155
153  0.0200
154  0.0195
155  0.0125
156  0.0150
157  0.0145
158  0.0135
159  0.0145
160  0.0120
161  0.0150
162  0.0120
163  0.0185
164  0.0120
165  0.0170
166  0.0130
167  0.0080
168  0.0080
169  0.0115
170  0.0140
171  0.0080
172  0.0110
173  0.0140
174  0.0155
175  0.0100
176  0.0120
177  0.0090
178  0.0085
179  0.0070
180  0.0070
181  0.0065
182  0.0105
183  0.0105
184  0.0080
185  0.0095
186  0.0090
187  0.0050
188  0.0045
189  0.0070
190  0.0080
191  0.0095
192  0.0035
193  0.0045
194  0.0060
195  0.0040
196  0.0060
197  0.0055
198  0.0075
199  0.0055
200  0.0060
201  0.0060
202  0.0020
203  0.0035
204  0.0035
205  0.0045
206  0.0065
207  0.0040
208  0.0020
209  0.0035
210  0.0030
211  0.0025
212  0.0040
213  0.0015
214  0.0035
215  0.0060
216  0.0035
217  0.0030
218  0.0020
219  0.0025
220  0.0040
221  0.0030
222  0.0030
223  0.0020
224  0.0025
225  0.0040
226  0.0025
227  0.0015
228  0.0030
229  0.0010
230  0.0020
231  0.0030
232  0.0020
233  0.0020
234  0.0010
235  0.0015
236  0.0025
237  0.0005
238  0.0035
239  0.0015
240  0.0010
241  0.0025
242  0.0020
243  0.0015
244  0.0025
246  0.0025
247  0.0015
248  0.0005
249  0.0025
250  0.0025
251  0.0015
252  0.0015
254  0.0025
255  0.0015
256  0.0010
257  0.0010
259  0.0015
260  0.0010
261  0.0015
262  0.0005
263  0.0015
264  0.0015
265  0.0010
266  0.0010
267  0.0010
268  0.0015
269  0.0015
272  0.0010
274  0.0010
275  0.0015
276  0.0005
280  0.0010
283  0.0005
284  0.0010
287  0.0010
288  0.0015
289  0.0010
291  0.0005
293  0.0005
294  0.0015
295  0.0005
297  0.0005
298  0.0005
300  0.0005
302  0.0005
303  0.0005
306  0.0005
308  0.0010
309  0.0010
312  0.0010
316  0.0005
320  0.0005
326  0.0005
335  0.0005
336  0.0005
338  0.0010
340  0.0005
345  0.0005
346  0.0005
348  0.0005
349  0.0005
357  0.0005
360  0.0005
363  0.0005
376  0.0005
380  0.0005
389  0.0005
425  0.0005
447  0.0005
501  0.0005
518  0.0005
