1  0.0550
2  0.0010
3  0.0010
4  0.0010
2332  0.0010
2342  0.0010
2344  0.0010
2345  0.0020
2346  0.0020
2347  0.0030
2348  0.0010
2349  0.0040
2350  0.0010
2351  0.0020
2352  0.0030
2353  0.0040
2354  0.0030
2355  0.0150
2356  0.0050
2357  0.0110
2358  0.0120
2359  0.0130
2360  0.0120
2361  0.0230
2362  0.0150
2363  0.0210
2364  0.0180
2365  0.0210
2366  0.0270
2367  0.0290
2368  0.0230
2369  0.0290
2370  0.0380
2371  0.0390
2372  0.0330
2373  0.0310
2374  0.0420
2375  0.0340
2376  0.0490
2377  0.0450
2378  0.0270
2379  0.0240
2380  0.0300
2381  0.0360
2382  0.0420
2383  0.0220
2384  0.0290
2385  0.0240
2386  0.0230
2387  0.0170
2388  0.0200
2389  0.0130
2390  0.0140
2391  0.0120
2392  0.0060
2393  0.0090
2394  0.0090
2395  0.0070
2396  0.0020
2397  0.0070
2398  0.0030
2399  0.0050
2400  0.0010
2402  0.0030
2403  0.0010
2405  0.0010
