1  70.8550
2  17.4530
3  11.1010
4  7.2090
5  5.4870
6  4.1190
7  3.3210
8  2.5700
9  2.1610
10  1.8330
11  1.5550
12  1.3950
13  1.1970
14  1.0830
15  0.9710
16  0.8610
17  0.8160
18  0.7390
19  0.6820
20  0.6150
21  0.5710
22  0.5140
23  0.4880
24  0.4630
25  0.3900
26  0.4350
27  0.3670
28  0.3390
29  0.2860
30  0.3020
31  0.2710
32  0.2740
33  0.2720
34  0.2720
35  0.2670
36  0.2630
37  0.2120
38  0.2150
39  0.2120
40  0.2020
41  0.1900
42  0.1630
43  0.1520
44  0.1560
45  0.1730
46  0.1390
47  0.1320
48  0.1310
49  0.1380
50  0.1230
51  0.1060
52  0.1260
53  0.1090
54  0.1150
55  0.1070
56  0.0900
57  0.0990
58  0.1210
59  0.1090
60  0.0900
61  0.0870
62  0.0770
63  0.0900
64  0.0850
65  0.0870
66  0.0770
67  0.0830
68  0.0680
69  0.0700
70  0.0640
71  0.0620
72  0.0690
73  0.0760
74  0.0670
75  0.0640
76  0.0560
77  0.0590
78  0.0580
79  0.0490
80  0.0440
81  0.0470
82  0.0450
83  0.0440
84  0.0490
85  0.0490
86  0.0430
87  0.0480
88  0.0440
89  0.0470
90  0.0480
91  0.0450
92  0.0320
93  0.0440
94  0.0480
95  0.0440
96  0.0440
97  0.0320
98  0.0360
99  0.0450
100  0.0360
101  0.0310
102  0.0430
103  0.0390
104  0.0300
105  0.0360
106  0.0310
107  0.0320
108  0.0280
109  0.0400
110  0.0280
111  0.0340
112  0.0340
113  0.0210
114  0.0220
115  0.0210
116  0.0230
117  0.0220
118  0.0200
119  0.0250
120  0.0180
121  0.0250
122  0.0200
123  0.0290
124  0.0260
125  0.0230
126  0.0260
127  0.0120
128  0.0200
129  0.0170
130  0.0180
131  0.0190
132  0.0100
133  0.0200
134  0.0160
135  0.0260
136  0.0180
137  0.0220
138  0.0110
139  0.0090
140  0.0150
141  0.0150
142  0.0150
143  0.0150
144  0.0120
145  0.0190
146  0.0140
147  0.0140
148  0.0100
149  0.0170
150  0.0120
151  0.0150
152  0.0100
153  0.0150
154  0.0140
155  0.0180
156  0.0190
157  0.0110
158  0.0200
159  0.0130
160  0.0130
161  0.0130
162  0.0110
163  0.0090
164  0.0150
165  0.0180
166  0.0140
167  0.0160
168  0.0090
169  0.0150
170  0.0080
171  0.0050
172  0.0100
173  0.0060
174  0.0080
175  0.0090
176  0.0060
177  0.0070
178  0.0100
179  0.0110
180  0.0120
181  0.0050
182  0.0100
183  0.0130
184  0.0180
185  0.0120
186  0.0080
187  0.0080
188  0.0150
189  0.0090
190  0.0050
191  0.0070
192  0.0110
193  0.0060
194  0.0110
195  0.0040
196  0.0070
197  0.0050
198  0.0030
199  0.0070
200  0.0060
201  0.0050
202  0.0070
203  0.0040
204  0.0050
205  0.0050
206  0.0040
207  0.0110
208  0.0030
209  0.0050
210  0.0090
211  0.0020
212  0.0050
213  0.0050
214  0.0040
215  0.0040
216  0.0030
217  0.0040
218  0.0050
219  0.0030
220  0.0090
221  0.0040
222  0.0010
223  0.0050
224  0.0100
225  0.0030
226  0.0050
227  0.0100
228  0.0080
229  0.0010
230  0.0080
231  0.0070
232  0.0020
233  0.0040
234  0.0030
235  0.0050
236  0.0050
237  0.0050
238  0.0050
239  0.0060
240  0.0060
241  0.0040
242  0.0010
243  0.0040
244  0.0030
245  0.0130
246  0.0020
247  0.0060
248  0.0010
249  0.0030
250  0.0040
251  0.0060
252  0.0080
253  0.0020
254  0.0020
255  0.0090
256  0.0040
257  0.0030
258  0.0040
259  0.0010
260  0.0060
261  0.0010
262  0.0020
263  0.0070
264  0.0040
265  0.0020
266  0.0040
267  0.0050
268  0.0020
269  0.0030
270  0.0040
271  0.0020
272  0.0030
273  0.0040
274  0.0040
275  0.0030
276  0.0010
277  0.0010
279  0.0020
280  0.0020
281  0.0020
282  0.0020
283  0.0030
284  0.0050
285  0.0020
286  0.0040
287  0.0020
288  0.0010
290  0.0010
291  0.0010
292  0.0010
294  0.0020
295  0.0040
296  0.0010
297  0.0020
299  0.0040
300  0.0010
301  0.0020
302  0.0010
303  0.0030
304  0.0030
305  0.0020
306  0.0020
307  0.0010
308  0.0040
309  0.0040
311  0.0030
312  0.0010
313  0.0030
314  0.0010
315  0.0010
316  0.0010
317  0.0030
318  0.0060
320  0.0020
321  0.0010
322  0.0010
323  0.0010
324  0.0020
327  0.0010
328  0.0020
329  0.0010
330  0.0010
331  0.0010
332  0.0020
333  0.0020
335  0.0030
336  0.0020
338  0.0020
340  0.0010
342  0.0020
343  0.0020
345  0.0010
347  0.0010
348  0.0010
349  0.0020
351  0.0030
353  0.0010
355  0.0010
357  0.0010
359  0.0020
360  0.0020
361  0.0020
362  0.0040
363  0.0010
364  0.0020
366  0.0030
367  0.0020
368  0.0020
370  0.0010
371  0.0020
372  0.0010
374  0.0020
375  0.0010
376  0.0040
377  0.0010
380  0.0010
381  0.0020
385  0.0010
388  0.0010
389  0.0010
390  0.0020
393  0.0010
394  0.0010
398  0.0020
402  0.0020
407  0.0010
408  0.0010
410  0.0010
411  0.0010
412  0.0010
413  0.0010
416  0.0010
420  0.0010
422  0.0010
426  0.0010
428  0.0010
430  0.0010
431  0.0010
433  0.0010
436  0.0010
437  0.0010
440  0.0020
441  0.0020
443  0.0010
444  0.0010
446  0.0020
448  0.0010
458  0.0010
459  0.0010
468  0.0010
484  0.0010
488  0.0020
494  0.0010
507  0.0010
516  0.0010
517  0.0010
519  0.0010
524  0.0010
525  0.0010
542  0.0010
552  0.0010
561  0.0010
574  0.0010
598  0.0010
611  0.0010
632  0.0010
640  0.0010
655  0.0010
657  0.0010
678  0.0010
679  0.0010
698  0.0010
