1  162.9260
2  48.7290
3  29.2560
4  18.6640
5  12.5080
6  9.0370
7  6.5510
8  4.8390
9  3.6150
10  2.8920
11  2.2880
12  1.7690
13  1.4730
14  1.0910
15  0.9400
16  0.7640
17  0.6230
18  0.5050
19  0.4110
20  0.3240
21  0.2520
22  0.2290
23  0.1810
24  0.1750
25  0.1590
26  0.1360
27  0.1140
28  0.0920
29  0.0660
30  0.0700
31  0.0450
32  0.0450
33  0.0280
34  0.0460
35  0.0290
36  0.0180
37  0.0130
38  0.0120
39  0.0160
40  0.0050
41  0.0100
42  0.0120
43  0.0120
44  0.0080
45  0.0040
46  0.0040
47  0.0070
48  0.0090
49  0.0020
50  0.0030
51  0.0030
52  0.0020
53  0.0020
54  0.0020
55  0.0030
57  0.0010
59  0.0010
63  0.0010
89  0.0010
