1  168.3440
2  50.1390
3  29.6600
4  18.8160
5  12.6830
6  8.6390
7  6.5300
8  4.7920
9  3.6280
10  2.7490
11  2.0620
12  1.5680
13  1.3100
14  1.0630
15  0.8250
16  0.6450
17  0.4990
18  0.4540
19  0.3300
20  0.2810
21  0.1980
22  0.1860
23  0.1760
24  0.1130
25  0.1050
26  0.0860
27  0.0600
28  0.0580
29  0.0550
30  0.0380
31  0.0230
32  0.0280
33  0.0170
34  0.0210
35  0.0170
36  0.0170
37  0.0090
38  0.0130
39  0.0060
40  0.0100
41  0.0050
42  0.0060
43  0.0040
44  0.0020
45  0.0020
46  0.0020
47  0.0030
48  0.0020
49  0.0020
50  0.0020
51  0.0010
52  0.0040
53  0.0010
55  0.0020
56  0.0010
57  0.0010
58  0.0010
70  0.0010
