1  1.2440
2  0.0615
3  0.0200
4  0.0090
5  0.0020
6  0.0005
8  0.0005
9  0.0005
8885  0.0005
8897  0.0005
8901  0.0005
8906  0.0005
8911  0.0005
8913  0.0010
8917  0.0010
8918  0.0005
8921  0.0005
8922  0.0005
8924  0.0010
8925  0.0010
8926  0.0005
8927  0.0010
8928  0.0005
8929  0.0005
8930  0.0010
8931  0.0005
8932  0.0020
8933  0.0010
8934  0.0010
8935  0.0005
8936  0.0010
8937  0.0025
8938  0.0010
8939  0.0025
8940  0.0015
8941  0.0035
8942  0.0025
8943  0.0030
8944  0.0030
8945  0.0005
8946  0.0045
8947  0.0025
8948  0.0040
8949  0.0025
8950  0.0045
8951  0.0020
8952  0.0050
8953  0.0050
8954  0.0045
8955  0.0030
8956  0.0025
8957  0.0065
8958  0.0065
8959  0.0095
8960  0.0080
8961  0.0040
8962  0.0090
8963  0.0035
8964  0.0030
8965  0.0055
8966  0.0055
8967  0.0050
8968  0.0100
8969  0.0070
8970  0.0085
8971  0.0070
8972  0.0085
8973  0.0085
8974  0.0125
8975  0.0080
8976  0.0155
8977  0.0120
8978  0.0095
8979  0.0130
8980  0.0095
8981  0.0105
8982  0.0070
8983  0.0130
8984  0.0120
8985  0.0075
8986  0.0185
8987  0.0165
8988  0.0130
8989  0.0150
8990  0.0180
8991  0.0145
8992  0.0115
8993  0.0125
8994  0.0110
8995  0.0065
8996  0.0120
8997  0.0145
8998  0.0170
8999  0.0160
9000  0.0070
9001  0.0140
9002  0.0080
9003  0.0100
9004  0.0155
9005  0.0120
9006  0.0120
9007  0.0155
9008  0.0095
9009  0.0140
9010  0.0105
9011  0.0115
9012  0.0105
9013  0.0115
9014  0.0090
9015  0.0110
9016  0.0105
9017  0.0055
9018  0.0145
9019  0.0060
9020  0.0115
9021  0.0090
9022  0.0105
9023  0.0095
9024  0.0105
9025  0.0105
9026  0.0130
9027  0.0095
9028  0.0135
9029  0.0085
9030  0.0070
9031  0.0080
9032  0.0070
9033  0.0080
9034  0.0070
9035  0.0040
9036  0.0025
9037  0.0045
9038  0.0045
9039  0.0080
9040  0.0065
9041  0.0060
9042  0.0055
9043  0.0035
9044  0.0055
9045  0.0055
9046  0.0020
9047  0.0050
9048  0.0045
9049  0.0020
9050  0.0060
9051  0.0025
9052  0.0035
9053  0.0025
9054  0.0010
9055  0.0030
9056  0.0045
9057  0.0015
9058  0.0005
9059  0.0020
9060  0.0015
9061  0.0010
9062  0.0035
9063  0.0010
9064  0.0020
9065  0.0010
9066  0.0015
9067  0.0030
9068  0.0010
9069  0.0010
9070  0.0005
9071  0.0005
9073  0.0005
9074  0.0010
9076  0.0010
9077  0.0005
9078  0.0005
9085  0.0010
9094  0.0005
9099  0.0005
