0.3010299956639812  822496
0.47712125471966244  356948
0.6020599913279624  207310
0.6989700043360189  149550
0.7781512503836436  117034
0.8450980400142568  113552
0.9030899869919435  86660
0.9542425094393249  81965
1.0  72114
1.0413926851582251  54863
1.0791812460476249  52519
1.1139433523068367  58271
1.146128035678238  39101
1.1760912590556813  31734
1.2041199826559248  24710
1.2304489213782739  22363
1.255272505103306  17442
1.2787536009528289  12191
1.3010299956639813  11156
1.3222192947339193  9897
1.3424226808222062  9300
1.3617278360175928  6374
1.380211241711606  5520
1.3979400086720377  7089
1.414973347970818  5531
1.4313637641589874  3764
1.4471580313422192  9043
1.462397997898956  6924
1.4771212547196624  3243
1.4913616938342726  8229
1.505149978319906  7495
1.5185139398778875  6686
1.5314789170422551  5594
1.5440680443502757  8085
1.5563025007672873  10348
1.568201724066995  3690
1.5797835966168101  2336
1.591064607026499  5695
1.6020599913279623  4257
1.6127838567197355  7538
1.6232492903979006  3706
1.6334684555795864  6769
1.6434526764861874  4570
1.6532125137753437  5705
1.662757831681574  7283
1.6720978579357175  3042
1.6812412373755872  6717
1.6901960800285136  5024
1.6989700043360187  7264
1.7075701760979363  8100
1.7160033436347992  8068
1.724275869600789  7088
1.7323937598229686  6652
1.7403626894942439  7865
1.7481880270062005  1356
1.7558748556724915  6004
1.7634279935629373  6088
1.7708520116421442  11285
1.7781512503836436  4784
1.7853298350107671  9581
1.792391689498254  3863
1.7993405494535817  6623
1.806179973983887  7571
1.8129133566428555  3969
1.8195439355418688  6183
1.8260748027008264  3220
1.8325089127062364  3030
1.8388490907372552  8307
1.845098040014257  4645
1.8512583487190752  3686
1.8573324964312685  8162
1.863322860120456  3538
1.8692317197309762  7385
1.8750612633917  9433
1.8808135922807914  4313
1.8864907251724818  3458
1.8920946026904804  8552
1.8976270912904414  6061
1.9030899869919435  6402
1.9084850188786497  7429
1.9138138523837167  5535
1.919078092376074  2933
1.9242792860618816  4240
1.9294189257142926  5558
1.9344984512435677  4826
1.9395192526186185  5439
1.9444826721501687  7068
1.9493900066449128  6560
1.954242509439325  7506
1.9590413923210936  4705
1.9637878273455553  3246
1.968482948553935  3079
1.9731278535996986  4501
1.9777236052888478  3606
1.9822712330395684  5055
1.9867717342662448  9772
1.9912260756924949  5788
1.99563519459755  5048
2.0  4144
2.0043213737826426  2980
2.0086001717619175  4384
2.012837224705172  3108
2.0170333392987803  6303
2.0211892990699383  5125
2.0253058652647704  3621
2.0293837776852097  4082
2.03342375548695  5731
2.037426497940624  5894
2.041392685158225  4854
2.0453229787866576  3000
2.0492180226701815  2854
2.0530784434834195  3842
2.0569048513364727  3606
2.060697840353612  3333
2.0644579892269186  5195
2.0681858617461617  6847
2.0718820073061255  6460
2.0755469613925306  3297
2.0791812460476247  3331
2.0827853703164503  4923
2.0863598306747484  5090
2.089905111439398  3936
2.093421685162235  6012
2.0969100130080562  6281
2.100370545117563  3226
2.103803720955957  6250
2.1072099696478683  4848
2.110589710299249  3243
2.113943352306837  7037
2.1172712956557644  8447
2.12057393120585  2973
2.123851640967086  6018
2.1271047983648077  3749
2.130333768495006  2215
2.1335389083702174  6696
2.1367205671564067  4453
2.1398790864012365  2356
2.143014800254095  2936
2.146128035678238  3105
2.1492191126553797  5169
2.1522883443830563  5926
2.155336037465062  5476
2.1583624920952498  5895
2.161368002234975  4257
2.164352855784437  5577
2.167317334748176  4102
2.1702617153949575  3364
2.173186268412274  1445
2.1760912590556813  4067
2.1789769472931693  3097
2.1818435879447726  4423
2.184691430817599  4528
2.187520720836463  3794
2.1903316981702914  5327
2.1931245983544616  2058
2.1958996524092336  4484
2.1986570869544226  6295
2.2013971243204513  2253
2.2041199826559246  4503
2.2068258760318495  5123
2.2095150145426308  5814
2.2121876044039577  5996
2.214843848047698  3175
2.2174839442139063  5268
2.220108088040055  6680
2.2227164711475833  2696
2.225309281725863  3496
2.2278867046136734  3199
2.230448921378274  5548
2.2329961103921536  5845
2.2355284469075487  6296
2.2380461031287955  2419
2.2405492482826  7332
2.2430380486862944  3634
2.24551266781415  4892
2.247973266361807  4228
2.250420002308894  4728
2.2528530309798933  3358
2.255272505103306  2520
2.2576785748691846  2448
2.2600713879850747  6336
2.2624510897304293  3148
2.2648178230095364  3991
2.2671717284030137  4986
2.2695129442179165  3649
2.271841606536499  5442
2.27415784926368  3609
2.2764618041732443  3265
2.278753600952829  5181
2.2810333672477277  1416
2.2833012287035497  2641
2.285557309007774  4347
2.287801729930226  4745
2.290034611362518  2448
2.292256071356476  2341
2.294466226161593  4908
2.296665190261531  3268
2.298853076409707  5584
2.3010299956639813  1573
2.303196057420489  4448
2.305351369446624  1484
2.307496037913213  6943
2.3096301674258988  3195
2.311753861055754  2706
2.3138672203691533  5184
2.315970345456918  4547
2.3180633349627615  4300
2.3201462861110542  3340
2.322219294733919  6334
2.3242824552976926  2769
2.326335860928751  2804
2.3283796034387376  3732
2.330413773349191  3262
2.3324384599156054  4060
2.3344537511509307  6405
2.3364597338485296  4354
2.3384564936046046  2966
2.3404441148401185  2434
2.342422680822206  4148
2.3443922736851106  2477
2.346352974450639  4151
2.3483048630481607  5023
2.3502480183341627  3559
2.3521825181113627  2105
2.3541084391474008  3444
2.3560258571931225  4269
2.357934847000454  5236
2.359835482339888  4066
2.361727836017593  5215
2.3636119798921444  5341
2.3654879848909  4588
2.367355921026019  3661
2.369215857410143  2740
2.3710678622717363  4501
2.3729120029701067  4496
2.374748346010104  4330
2.376576957056512  2246
2.3783979009481375  3469
2.380211241711606  3861
2.3820170425748683  4134
2.383815365980431  3202
2.385606273598312  3318
2.387389826338729  4697
2.3891660843645326  2815
2.3909351071033793  4054
2.392696953259666  2375
2.3944516808262164  2881
2.3961993470957363  2044
2.3979400086720375  3494
2.399673721481038  3697
2.401400540781544  6467
2.403120521175818  1751
2.404833716619938  4091
2.406540180433955  2984
2.4082399653118496  4868
2.4099331233312946  3907
2.41161970596323  5161
2.413299764081252  3635
2.4149733479708178  2328
2.416640507338281  5184
2.4183012913197452  2403
2.419955748489758  1161
2.4216039268698313  3114
2.423245873936808  3037
2.424881636631067  4390
2.4265112613645754  5662
2.428134794028789  5059
2.429752280002408  3828
2.4313637641589874  3059
2.432969290874406  2848
2.4345689040341987  2149
2.436162647040756  3395
2.437750562820388  2338
2.439332693830263  5827
2.4409090820652177  4943
2.4424797690644486  3390
2.444044795918076  5444
2.4456042032735974  2768
2.4471580313422194  5054
2.44870631990508  3832
2.450249108319361  2946
2.45178643552429  5412
2.4533183400470375  1763
2.45484486000851  1722
2.456366033129043  3385
2.4578818967339924  4081
2.459392487759231  2980
2.4608978427565478  4048
2.462397997898956  2449
2.4638929889859074  2857
2.4653828514484184  3807
2.4668676203541096  2776
2.4683473304121573  3119
2.469822015978163  3593
2.4712917110589387  3405
2.4727564493172123  2434
2.4742162640762553  1527
2.4756711883244296  2534
2.4771212547196626  3332
2.4785664955938436  4252
2.4800069429571505  3953
2.481442628502305  3447
2.482873583608754  4111
2.484299839346786  3529
2.48572142648158  4587
2.4871383754771865  2903
2.4885507165004443  4159
2.4899584794248346  3017
2.4913616938342726  3645
2.4927603890268375  2798
2.494154594018443  3824
2.4955443375464483  3597
2.496929648073215  3683
2.4983105537896004  4573
2.499687082618404  3256
2.5010592622177517  2635
2.5024271199844326  3039
2.503790683057181  2091
2.505149978319906  2112
2.506505032404872  2491
2.507855871695831  2801
2.509202522331103  4333
2.510545010206612  3107
2.5118833609788744  2259
2.513217600067939  2294
2.514547752660286  2472
2.515873843711679  3904
2.5171958979499744  2892
2.5185139398778875  2014
2.519827993775719  2983
2.5211380837040362  2204
2.5224442335063197  3239
2.5237464668115646  2591
2.525044807036845  2386
2.526339277389844  2932
2.5276299008713385  2484
2.5289167002776547  3417
2.530199698203082  2533
2.531478917042255  2318
2.5327543789924976  3423
2.534026106056135  3877
2.5352941200427703  1372
2.53655844257153  2091
2.537819095073274  3114
2.5390760987927767  3020
2.5403294747908736  2075
2.5415792439465807  2777
2.5428254269591797  2553
2.5440680443502757  1970
2.545307116465824  3821
2.546542663478131  3417
2.5477747053878224  2537
2.5490032620257876  2476
2.550228353055094  3355
2.5514499979728753  2842
2.552668216112193  2166
2.5538830266438746  3259
2.5550944485783194  4866
2.5563025007672873  1974
2.5575072019056577  3107
2.558708570533166  3379
2.5599066250361124  3800
2.561101383649056  2557
2.5622928644564746  2781
2.5634810853944106  2879
2.5646660642520893  1837
2.5658478186735176  1992
2.56702636615906  2215
2.568201724066995  2486
2.569373909615046  1944
2.5705429398818973  3254
2.571708831808688  2315
2.5728716022004803  2650
2.574031267727719  2572
2.575187844927661  2807
2.576341350205793  1882
2.5774917998372255  1382
2.578639209968072  2443
2.57978359661681  1933
2.5809249756756194  1873
2.582063362911709  3073
2.583198773968623  2476
2.584331224367531  2549
2.5854607295085006  1987
2.586587304671755  981
2.5877109650189114  2848
2.5888317255942073  2732
2.5899496013257077  2291
2.591064607026499  2579
2.5921767573958667  2339
2.593286067020457  2415
2.5943925503754266  2662
2.595496221825574  2262
2.59659709562646  2117
2.597695185925512  3500
2.598790506763115  2654
2.5998830720736876  1850
2.6009728956867484  2351
2.6020599913279625  2088
2.603144372620182  1971
2.60422605308447  1797
2.6053050461411096  2681
2.606381365110605  3296
2.6074550232146687  2028
2.6085260335771943  1925
2.60959440922522  1731
2.61066016308988  1720
2.611723308007342  1760
2.6127838567197355  3349
2.6138418218760693  2171
2.6148972160331345  2030
2.615950051656401  2130
2.617000341120899  2618
2.6180480967120925  2440
2.6190933306267428  2127
2.6201360549737576  1644
2.621176281775035  1789
2.622214022966295  1498
2.6232492903979003  2520
2.6242820958356683  2337
2.625312450961674  1199
2.6263403673750423  2252
2.6273658565927325  2017
2.6283889300503116  2280
2.629409599102719  2595
2.630427875025024  1929
2.6314437690131722  2136
2.6324572921847245  2122
2.6334684555795866  1738
2.6344772701607315  1830
2.635483746814912  1567
2.6364878963533656  2533
2.637489729512511  2332
2.6384892569546374  2221
2.639486489268586  1665
2.640481436970422  1648
2.6414741105040997  1723
2.6424645202421213  1993
2.6434526764861874  1566
2.6444385894678386  1720
2.645422269349092  2455
2.6464037262230695  1765
2.6473829701146196  1585
2.6483600109809315  1616
2.649334858712142  2209
2.6503075231319366  1573
2.651278013998144  1692
2.6522463410033232  1964
2.6532125137753435  2538
2.6541765418779604  1641
2.655138434811382  1826
2.656098202012832  1529
2.6570558528571038  1742
2.6580113966571126  2765
2.658964842664435  1890
2.6599162000698504  2434
2.660865478003869  1671
2.661812685537261  1515
2.662757831681574  1342
2.663700925389648  1705
2.6646419755561257  1458
2.6655809910179533  1613
2.6665179805548807  1250
2.667452952889954  1791
2.66838591669  1458
2.6693168805661123  1297
2.670245853074124  1357
2.6711728427150834  1340
2.6720978579357175  1345
2.673020907128896  1601
2.673941998634088  1449
2.6748611407378116  1480
2.6757783416740852  1391
2.6766936096248664  1469
2.677606952720493  1452
2.678518379040114  1510
2.6794278966121188  1772
2.680335513414563  1656
2.681241237375587  1673
2.682145076373832  1448
2.6830470382388496  1599
2.683947130751512  1213
2.6848453616444123  1746
2.6857417386022635  1274
2.6866362692622934  1295
2.6875289612146345  1216
2.6884198220027105  1409
2.6893088591236203  1963
2.690196080028514  1374
2.6910814921229687  1016
2.69196510276736  1574
2.69284691927723  1198
2.693726948923647  1427
2.694605198933569  1400
2.6954816764901977  1075
2.696356388733332  1608
2.6972293427597176  1273
2.6981005456233897  1926
2.6989700043360187  1513
2.699837725867246  1094
2.7007037171450192  1556
2.7015679850559273  1211
2.7024305364455254  1477
2.7032913781186614  1468
2.7041505168397992  1550
2.705007959333336  1338
2.7058637122839193  1626
2.7067177823367587  1415
2.7075701760979363  1412
2.708420900134713  1754
2.709269960975831  1034
2.7101173651118162  1037
2.710963118995276  1277
2.711807229041191  1196
2.7126497016272113  1245
2.7134905430939424  1068
2.714329759745233  981
2.7151673578484576  1006
2.716003343634799  1701
2.7168377232995247  1699
2.717670503002262  1244
2.718501688867274  819
2.7193312869837265  929
2.720159303405957  1136
2.7209857441537393  1235
2.7218106152125467  1184
2.722633922533812  1251
2.7234556720351857  1171
2.724275869600789  983
2.725094521081469  1011
2.7259116322950483  863
2.7267272090265724  1125
2.727541257028556  1078
2.7283537820212285  1173
2.72916478969277  1188
2.7299742856995555  872
2.7307822756663893  954
2.7315887651867388  1058
2.7323937598229686  1036
2.7331972651065692  1037
2.733999286538387  929
2.734799829588847  1013
2.73559889969818  1045
2.7363965022766426  849
2.7371926427047373  999
2.737987326333431  962
2.738780558484369  1029
2.739572344450092  1066
2.7403626894942437  785
2.741151598851785  827
2.741939077729199  870
2.7427251313046983  956
2.74350976472843  901
2.7442929831226763  976
2.7450747915820575  745
2.745855195173729  820
2.7466341989375787  753
2.747411807886423  685
2.7481880270062002  969
2.7489628612561616  793
2.749736315569061  792
2.7505083948513462  996
2.751279103983342  853
2.7520484478194387  771
2.7528164311882715  665
2.7535830588929064  572
2.754348335711019  753
2.7551122663950713  683
2.7558748556724915  736
2.756636108245848  862
2.7573960287930244  605
2.75815462196739  545
2.7589118923979736  589
2.7596678446896306  548
2.760422483423212  676
2.7611758131557314  642
2.761927838420529  593
2.762678563727436  511
2.7634279935629373  481
2.7641761323903307  653
2.7649229846498886  471
2.765668554759014  509
2.7664128471123997  519
2.7671558660821804  465
2.767897616018091  495
2.7686381012476144  430
2.7693773260761385  520
2.7701152947871015  331
2.7708520116421442  536
2.7715874808812555  374
2.77232170672292  403
2.7730546933642626  345
2.7737864449811935  378
2.7745169657285498  360
2.7752462597402365  330
2.775974331129369  344
2.776701183988411  322
2.7774268223893115  316
2.7781512503836434  257
2.7788744720027396  326
2.7795964912578244  265
2.780317312140151  257
2.7810369386211318  257
2.781755374652469  184
2.782472624166286  223
2.7831886910752575  220
2.783903579272735  237
2.784617292632875  211
2.785329835010767  169
2.786041210242554  141
2.7867514221455614  180
2.787460474518415  189
2.788168371141168  141
2.788875115775417  133
2.7895807121644256  151
2.7902851640332416  100
2.790988475088816  148
2.791690649020118  130
2.792391689498254  71
2.79309160017658  97
2.7937903846908188  88
2.7944880466591697  68
2.795184589682424  54
2.7958800173440754  61
2.7965743332104296  61
2.7972675408307164  76
2.797959643737196  60
2.798650645445269  48
2.7993405494535817  47
2.8000293592441343  62
2.800717078282385  51
2.801403710017355  27
2.802089257881733  28
2.8027737252919755  48
2.803457115648414  19
2.8041394323353503  19
2.8048206787211623  53
2.8055008581584002  26
2.806179973983887  12
2.8068580295188172  8
2.807535028068853  31
2.808210972924222  10
2.808885867359812  14
2.8095597146352675  15
2.8102325179950842  11
2.8109042806687006  9
2.8115750058705933  6
2.812244696800369  7
2.8129133566428557  6
2.813580988568192  4
2.81424759573192  11
2.814913181275074  4
2.815577748324267  11
2.8169038393756605  22
2.8175653695597807  4
2.8182258936139557  8
2.8188854145940097  1
2.8195439355418688  1
2.82020145948564  8
2.8208579894397  2
2.8228216453031045  2
2.823474229170301  1
2.824125833916549  5
2.8254261177678233  4
2.826722520168992  2
2.828015064223977  2
2.82865989653532  1
2.8305886686851442  2
2.8318697742805017  1
