0.3010299956639812  5747
0.47712125471966244  5828
0.6020599913279624  5986
0.6989700043360189  6054
0.7781512503836436  6002
0.8450980400142568  5911
0.9030899869919435  5921
0.9542425094393249  6056
1.0  6007
1.0413926851582251  5800
1.0791812460476249  6237
1.1139433523068367  5922
1.146128035678238  5762
1.1760912590556813  5930
1.2041199826559248  6153
1.2304489213782739  5767
1.255272505103306  6110
1.2787536009528289  6142
1.3010299956639813  5755
1.3222192947339193  5955
1.3424226808222062  5963
1.3617278360175928  6358
1.380211241711606  6122
1.3979400086720377  5872
1.414973347970818  5842
1.4313637641589874  5770
1.4471580313422192  5790
1.462397997898956  5580
1.4771212547196624  5470
1.4913616938342726  5416
1.505149978319906  5318
1.5185139398778875  5498
1.5314789170422551  4989
1.5440680443502757  5112
1.5563025007672873  4570
1.568201724066995  4519
1.5797835966168101  4579
1.591064607026499  4353
1.6020599913279623  4430
1.6127838567197355  4369
1.6232492903979006  4505
1.6334684555795864  4446
1.6434526764861874  4388
1.6532125137753437  4469
1.662757831681574  4254
1.6720978579357175  4403
1.6812412373755872  4418
1.6901960800285136  4243
1.6989700043360187  4262
1.7075701760979363  4378
1.7160033436347992  4556
1.724275869600789  4351
1.7323937598229686  4524
1.7403626894942439  4369
1.7481880270062005  4220
1.7558748556724915  4457
1.7634279935629373  4426
1.7708520116421442  4184
1.7781512503836436  4485
1.7853298350107671  4428
1.792391689498254  4403
1.7993405494535817  4622
1.806179973983887  4465
1.8129133566428555  4348
1.8195439355418688  4833
1.8260748027008264  4742
1.8325089127062364  4556
1.8388490907372552  4562
1.845098040014257  4494
1.8512583487190752  4416
1.8573324964312685  4320
1.863322860120456  4548
1.8692317197309762  4431
1.8750612633917  4269
1.8808135922807914  4394
1.8864907251724818  4268
1.8920946026904804  4439
1.8976270912904414  4315
1.9030899869919435  4473
1.9084850188786497  4434
1.9138138523837167  4490
1.919078092376074  4333
1.9242792860618816  4549
1.9294189257142926  4549
1.9344984512435677  4372
1.9395192526186185  4419
1.9444826721501687  4429
1.9493900066449128  4394
1.954242509439325  4825
1.9590413923210936  4449
1.9637878273455553  4304
1.968482948553935  4348
1.9731278535996986  4303
1.9777236052888478  4577
1.9822712330395684  4478
1.9867717342662448  4757
1.9912260756924949  4577
1.99563519459755  4376
2.0  4450
2.0043213737826426  4435
2.0086001717619175  4535
2.012837224705172  4213
2.0170333392987803  4043
2.0211892990699383  4381
2.0253058652647704  4583
2.0293837776852097  4450
2.03342375548695  4336
2.037426497940624  4346
2.041392685158225  4364
2.0453229787866576  4486
2.0492180226701815  4435
2.0530784434834195  4487
2.0569048513364727  4309
2.060697840353612  4528
2.0644579892269186  4322
2.0681858617461617  4401
2.0718820073061255  4615
2.0755469613925306  4189
2.0791812460476247  4431
2.0827853703164503  4370
2.0863598306747484  4327
2.089905111439398  4595
2.093421685162235  4255
2.0969100130080562  4251
2.100370545117563  4441
2.103803720955957  4456
2.1072099696478683  4355
2.110589710299249  4352
2.113943352306837  4317
2.1172712956557644  4284
2.12057393120585  4322
2.123851640967086  4615
2.1271047983648077  4520
2.130333768495006  4250
2.1335389083702174  4552
2.1367205671564067  4547
2.1398790864012365  4639
2.143014800254095  4484
2.146128035678238  4620
2.1492191126553797  4355
2.1522883443830563  4325
2.155336037465062  4565
2.1583624920952498  4559
2.161368002234975  4355
2.164352855784437  4197
2.167317334748176  4512
2.1702617153949575  4468
2.173186268412274  4287
2.1760912590556813  4420
2.1789769472931693  4438
2.1818435879447726  4324
2.184691430817599  4283
2.187520720836463  4496
2.1903316981702914  4581
2.1931245983544616  4296
2.1958996524092336  4393
2.1986570869544226  4574
2.2013971243204513  4315
2.2041199826559246  4322
2.2068258760318495  4339
2.2095150145426308  4505
2.2121876044039577  4183
2.214843848047698  4451
2.2174839442139063  4418
2.220108088040055  4299
2.2227164711475833  4478
2.225309281725863  4376
2.2278867046136734  4398
2.230448921378274  4385
2.2329961103921536  4498
2.2355284469075487  4356
2.2380461031287955  4667
2.2405492482826  4506
2.2430380486862944  4553
2.24551266781415  4222
2.247973266361807  4619
2.250420002308894  4433
2.2528530309798933  4544
2.255272505103306  4539
2.2576785748691846  4320
2.2600713879850747  4361
2.2624510897304293  4581
2.2648178230095364  4422
2.2671717284030137  4299
2.2695129442179165  4371
2.271841606536499  4252
2.27415784926368  4540
2.2764618041732443  4437
2.278753600952829  4792
2.2810333672477277  4439
2.2833012287035497  4521
2.285557309007774  4257
2.287801729930226  4603
2.290034611362518  4500
2.292256071356476  4319
2.294466226161593  4374
2.296665190261531  4312
2.298853076409707  4592
2.3010299956639813  4493
2.303196057420489  4565
2.305351369446624  4309
2.307496037913213  4708
2.3096301674258988  4643
2.311753861055754  4382
2.3138672203691533  4601
2.315970345456918  4481
2.3180633349627615  4232
2.3201462861110542  4244
2.322219294733919  4547
2.3242824552976926  4221
2.326335860928751  4526
2.3283796034387376  4593
2.330413773349191  4292
2.3324384599156054  4540
2.3344537511509307  4405
2.3364597338485296  4387
2.3384564936046046  4359
2.3404441148401185  4499
2.342422680822206  4397
2.3443922736851106  4589
2.346352974450639  4488
2.3483048630481607  4379
2.3502480183341627  4505
2.3521825181113627  4525
2.3541084391474008  4119
2.3560258571931225  4423
2.357934847000454  4646
2.359835482339888  4448
2.361727836017593  4471
2.3636119798921444  4451
2.3654879848909  4393
2.367355921026019  4319
2.369215857410143  4407
2.3710678622717363  4332
2.3729120029701067  4517
2.374748346010104  4613
2.376576957056512  4329
2.3783979009481375  4341
2.380211241711606  4588
2.3820170425748683  4498
2.383815365980431  4413
2.385606273598312  4536
2.387389826338729  4435
2.3891660843645326  4668
2.3909351071033793  4371
2.392696953259666  4262
2.3944516808262164  4360
2.3961993470957363  4598
2.3979400086720375  4415
2.399673721481038  4603
2.401400540781544  4586
2.403120521175818  4278
2.404833716619938  4333
2.406540180433955  4220
2.4082399653118496  4519
2.4099331233312946  4412
2.41161970596323  4396
2.413299764081252  4502
2.4149733479708178  4486
2.416640507338281  4517
2.4183012913197452  4385
2.419955748489758  4180
2.4216039268698313  4352
2.423245873936808  4575
2.424881636631067  4624
2.4265112613645754  4445
2.428134794028789  4512
2.429752280002408  4536
2.4313637641589874  4468
2.432969290874406  4453
2.4345689040341987  4501
2.436162647040756  4409
2.437750562820388  4411
2.439332693830263  4506
2.4409090820652177  4509
2.4424797690644486  4435
2.444044795918076  4535
2.4456042032735974  4337
2.4471580313422194  4540
2.44870631990508  4626
2.450249108319361  4498
2.45178643552429  4540
2.4533183400470375  4427
2.45484486000851  4422
2.456366033129043  4503
2.4578818967339924  4453
2.459392487759231  4035
2.4608978427565478  4368
2.462397997898956  4422
2.4638929889859074  4403
2.4653828514484184  4319
2.4668676203541096  4540
2.4683473304121573  4482
2.469822015978163  4643
2.4712917110589387  4604
2.4727564493172123  4574
2.4742162640762553  4391
2.4756711883244296  4400
2.4771212547196626  4447
2.4785664955938436  4219
2.4800069429571505  4451
2.481442628502305  4518
2.482873583608754  4326
2.484299839346786  4464
2.48572142648158  4247
2.4871383754771865  4307
2.4885507165004443  4538
2.4899584794248346  4315
2.4913616938342726  4477
2.4927603890268375  4673
2.494154594018443  4425
2.4955443375464483  4223
2.496929648073215  4502
2.4983105537896004  4589
2.499687082618404  4316
2.5010592622177517  4558
2.5024271199844326  4270
2.503790683057181  4222
2.505149978319906  4323
2.506505032404872  4602
2.507855871695831  4303
2.509202522331103  4472
2.510545010206612  4211
2.5118833609788744  4593
2.513217600067939  4426
2.514547752660286  4426
2.515873843711679  4374
2.5171958979499744  4474
2.5185139398778875  4284
2.519827993775719  4436
2.5211380837040362  4348
2.5224442335063197  4397
2.5237464668115646  4426
2.525044807036845  4431
2.526339277389844  4345
2.5276299008713385  4349
2.5289167002776547  4574
2.530199698203082  4564
2.531478917042255  4553
2.5327543789924976  4371
2.534026106056135  4408
2.5352941200427703  4682
2.53655844257153  4226
2.537819095073274  4502
2.5390760987927767  4363
2.5403294747908736  4388
2.5415792439465807  4394
2.5428254269591797  4405
2.5440680443502757  4365
2.545307116465824  4269
2.546542663478131  4694
2.5477747053878224  4553
2.5490032620257876  4503
2.550228353055094  4294
2.5514499979728753  4457
2.552668216112193  4549
2.5538830266438746  4151
2.5550944485783194  4464
2.5563025007672873  4833
2.5575072019056577  4549
2.558708570533166  4569
2.5599066250361124  4508
2.561101383649056  4405
2.5622928644564746  4418
2.5634810853944106  4392
2.5646660642520893  4315
2.5658478186735176  4479
2.56702636615906  4502
2.568201724066995  4517
2.569373909615046  4137
2.5705429398818973  4552
2.571708831808688  4550
2.5728716022004803  4618
2.574031267727719  4757
2.575187844927661  4544
2.576341350205793  4519
2.5774917998372255  4339
2.578639209968072  4207
2.57978359661681  4465
2.5809249756756194  4524
2.582063362911709  4556
2.583198773968623  4488
2.584331224367531  4392
2.5854607295085006  4456
2.586587304671755  4375
2.5877109650189114  4635
2.5888317255942073  4558
2.5899496013257077  4427
2.591064607026499  4406
2.5921767573958667  4312
2.593286067020457  4566
2.5943925503754266  4451
2.595496221825574  4382
2.59659709562646  4481
2.597695185925512  4380
2.598790506763115  4297
2.5998830720736876  4475
2.6009728956867484  4307
2.6020599913279625  4255
2.603144372620182  4462
2.60422605308447  4556
2.6053050461411096  4500
2.606381365110605  4554
2.6074550232146687  4491
2.6085260335771943  4475
2.60959440922522  4529
2.61066016308988  4597
2.611723308007342  4529
2.6127838567197355  4303
2.6138418218760693  4689
2.6148972160331345  4552
2.615950051656401  4349
2.617000341120899  4453
2.6180480967120925  4371
2.6190933306267428  4353
2.6201360549737576  4700
2.621176281775035  4380
2.622214022966295  4477
2.6232492903979003  4430
2.6242820958356683  4566
2.625312450961674  4315
2.6263403673750423  4191
2.6273658565927325  4627
2.6283889300503116  4391
2.629409599102719  4245
2.630427875025024  4354
2.6314437690131722  4439
2.6324572921847245  4475
2.6334684555795866  4589
2.6344772701607315  4100
2.635483746814912  4675
2.6364878963533656  4308
2.637489729512511  4579
2.6384892569546374  4540
2.639486489268586  4294
2.640481436970422  4763
2.6414741105040997  4462
2.6424645202421213  4251
2.6434526764861874  4605
2.6444385894678386  4173
2.645422269349092  4498
2.6464037262230695  4542
2.6473829701146196  4337
2.6483600109809315  4320
2.649334858712142  4317
2.6503075231319366  4542
2.651278013998144  4294
2.6522463410033232  4610
2.6532125137753435  4419
2.6541765418779604  4628
2.655138434811382  4461
2.656098202012832  4470
2.6570558528571038  4699
2.6580113966571126  4425
2.658964842664435  4296
2.6599162000698504  4599
2.660865478003869  4276
2.661812685537261  4304
2.662757831681574  4435
2.663700925389648  4244
2.6646419755561257  4446
2.6655809910179533  4499
2.6665179805548807  4513
2.667452952889954  4398
2.66838591669  4364
2.6693168805661123  4375
2.670245853074124  4376
2.6711728427150834  4516
2.6720978579357175  4495
2.673020907128896  4415
2.673941998634088  4477
2.6748611407378116  4448
2.6757783416740852  4359
2.6766936096248664  4397
2.677606952720493  4619
2.678518379040114  4524
2.6794278966121188  4493
2.680335513414563  4441
2.681241237375587  4522
2.682145076373832  4294
2.6830470382388496  4651
2.683947130751512  4409
2.6848453616444123  4456
2.6857417386022635  4390
2.6866362692622934  4425
2.6875289612146345  4535
2.6884198220027105  4594
2.6893088591236203  4232
2.690196080028514  4540
2.6910814921229687  4333
2.69196510276736  4253
2.69284691927723  4361
2.693726948923647  4176
2.694605198933569  4660
2.6954816764901977  4614
2.696356388733332  4297
2.6972293427597176  4608
2.6981005456233897  4330
2.6989700043360187  4296
2.699837725867246  4323
2.7007037171450192  4305
2.7015679850559273  4645
2.7024305364455254  4438
2.7032913781186614  4393
2.7041505168397992  4460
2.705007959333336  4433
2.7058637122839193  4422
2.7067177823367587  4313
2.7075701760979363  4473
2.708420900134713  4418
2.709269960975831  4583
2.7101173651118162  4682
2.710963118995276  4364
2.711807229041191  4743
2.7126497016272113  4476
2.7134905430939424  4478
2.714329759745233  4410
2.7151673578484576  4578
2.716003343634799  4743
2.7168377232995247  4348
2.717670503002262  4557
2.718501688867274  4395
2.7193312869837265  4407
2.720159303405957  4322
2.7209857441537393  4590
2.7218106152125467  4663
2.722633922533812  4580
2.7234556720351857  4193
2.724275869600789  4363
2.725094521081469  4464
2.7259116322950483  4305
2.7267272090265724  4693
2.727541257028556  4442
2.7283537820212285  4657
2.72916478969277  4483
2.7299742856995555  4465
2.7307822756663893  4417
2.7315887651867388  4247
2.7323937598229686  4268
2.7331972651065692  4568
2.733999286538387  4289
2.734799829588847  4638
2.73559889969818  4567
2.7363965022766426  4223
2.7371926427047373  4330
2.737987326333431  4296
2.738780558484369  4487
2.739572344450092  4463
2.7403626894942437  4292
2.741151598851785  4758
2.741939077729199  4366
2.7427251313046983  4410
2.74350976472843  4383
2.7442929831226763  4452
2.7450747915820575  4458
2.745855195173729  4448
2.7466341989375787  4568
2.747411807886423  4395
2.7481880270062002  4453
2.7489628612561616  4380
2.749736315569061  4288
2.7505083948513462  4349
2.751279103983342  4417
2.7520484478194387  4541
2.7528164311882715  4503
2.7535830588929064  4283
2.754348335711019  4437
2.7551122663950713  4349
2.7558748556724915  4479
2.756636108245848  4461
2.7573960287930244  4240
2.75815462196739  4628
2.7589118923979736  4390
2.7596678446896306  4356
2.760422483423212  4371
2.7611758131557314  4200
2.761927838420529  4432
2.762678563727436  4347
2.7634279935629373  4285
2.7641761323903307  4389
2.7649229846498886  4490
2.765668554759014  4489
2.7664128471123997  4586
2.7671558660821804  4227
2.767897616018091  4518
2.7686381012476144  4240
2.7693773260761385  4749
2.7701152947871015  4321
2.7708520116421442  4546
2.7715874808812555  4487
2.77232170672292  4323
2.7730546933642626  4365
2.7737864449811935  4474
2.7745169657285498  4280
2.7752462597402365  4466
2.775974331129369  4645
2.776701183988411  4422
2.7774268223893115  4369
2.7781512503836434  4345
2.7788744720027396  4473
2.7795964912578244  4556
2.780317312140151  4351
2.7810369386211318  4620
2.781755374652469  4582
2.782472624166286  4290
2.7831886910752575  4353
2.783903579272735  4381
2.784617292632875  4570
2.785329835010767  4426
2.786041210242554  4462
2.7867514221455614  4433
2.787460474518415  4318
2.788168371141168  4367
2.788875115775417  4525
2.7895807121644256  4505
2.7902851640332416  4443
2.790988475088816  4353
2.791690649020118  4542
2.792391689498254  4552
2.79309160017658  4367
2.7937903846908188  4434
2.7944880466591697  4535
2.795184589682424  4678
2.7958800173440754  4347
2.7965743332104296  4333
2.7972675408307164  4309
2.797959643737196  4341
2.798650645445269  4638
2.7993405494535817  4625
2.8000293592441343  4372
2.800717078282385  4505
2.801403710017355  4277
2.802089257881733  4377
2.8027737252919755  4311
2.803457115648414  4467
2.8041394323353503  4446
2.8048206787211623  4414
2.8055008581584002  4465
2.806179973983887  4374
2.8068580295188172  4334
2.807535028068853  4430
2.808210972924222  4443
2.808885867359812  4280
2.8095597146352675  4271
2.8102325179950842  4486
2.8109042806687006  4562
2.8115750058705933  4302
2.812244696800369  4504
2.8129133566428557  4497
2.813580988568192  4429
2.81424759573192  4698
2.814913181275074  4574
2.815577748324267  4397
2.816241299991783  4458
2.8169038393756605  4453
2.8175653695597807  4514
2.8182258936139557  4573
2.8188854145940097  4361
2.8195439355418688  4443
2.82020145948564  4342
2.8208579894397  4284
2.821513528404773  4701
2.8221680793680175  4178
2.8228216453031045  4322
2.823474229170301  4512
2.824125833916549  4709
2.824776462475546  4270
2.8254261177678233  4444
2.8260748027008264  4516
2.826722520168992  4397
2.8273692730538253  4411
2.828015064223977  4578
2.82865989653532  4425
2.829303772831025  4597
2.829946695941636  4452
2.8305886686851442  4360
2.8312296938670634  4326
2.8318697742805017  4537
2.832508912706236  4377
2.833147111912785  4375
2.833784374656479  4618
2.8344207036815328  4394
2.835056101720116  4432
2.8356905714924254  4482
2.8363241157067516  4173
2.8369567370595505  4435
2.837588438235511  4330
2.8382192219076257  4336
2.838849090737255  4376
2.8394780473741985  4402
2.840106094456758  4380
2.8407332346118066  4430
2.841359470454855  4685
2.8419848045901137  4554
2.842609239610562  4363
2.8432327780980096  4494
2.843855422623161  4302
2.8444771757456815  4371
2.845098040014257  4512
2.8457180179666586  4505
2.846337112129805  4525
2.846955325019824  4400
2.847572659142112  4223
2.848189116991399  4390
2.8488047010518036  4440
2.8494194137968996  4580
2.850033257689769  4481
2.8506462351830666  4357
2.8512583487190755  4505
2.851869600729766  4334
2.8524799936368566  4459
2.8530895298518657  4531
2.8536982117761744  4292
2.8543060418010806  4224
2.8549130223078554  4512
2.8555191556678  4327
2.8561244442423  4393
2.8567288903828825  4348
2.8573324964312685  4613
2.857935264719429  4356
2.858537197569639  4428
2.859138297294531  4259
2.859738566197147  4099
2.8603380065709936  4498
2.8609366207000937  4532
2.8615344108590377  4380
2.862131379313037  4549
2.8627275283179747  4396
2.863322860120456  4381
2.8639173769578603  4532
2.864511081058392  4506
2.8651039746411278  4528
2.8656960599160706  4502
2.8662873390841948  4564
2.866877814337499  4660
2.8674674878590514  4541
2.8680563618230415  4340
2.8686444383948255  4416
2.8692317197309762  4490
2.869818207979328  4342
2.870403905279027  4487
2.8709888137605755  4415
2.8715729355458786  4443
2.8721562727482928  4623
2.8727388274726686  4282
2.873320601815399  4263
2.8739015978644615  4573
2.8744818176994666  4295
2.8750612633917  4594
2.8756399370041685  4605
2.876217840591642  4380
2.8767949762007006  4370
2.877371345869774  4577
2.8779469516291885  4332
2.8785217955012063  4349
2.8790958795000727  4438
2.8796692056320534  4620
2.88024177589548  4618
2.8808135922807914  4509
2.8813846567705728  4538
2.8819549713396007  4302
2.8825245379548803  4318
2.8830933585756897  4497
2.8836614351536176  4282
2.884228769632604  4504
2.884795363948981  4415
2.885361220031512  4385
2.885926339801431  4317
2.886490725172482  4481
2.8870543780509568  4581
2.887617300335736  4594
2.888179493918325  4225
2.8887409606828927  4187
2.88930170250631  4550
2.8898617212581885  4472
2.890421018800914  4383
2.890979596989689  4407
2.8915374576725643  4368
2.8920946026904804  4357
2.8926510338773004  4526
2.893206753059848  4448
2.8937617620579434  4341
2.8943160626844384  4407
2.8948696567452528  4538
2.895422546039408  4424
2.8959747323590648  4609
2.8965262174895554  4491
2.89707700320942  4515
2.8976270912904414  4168
2.8981764834976764  4234
2.8987251815894934  4489
2.8992731873176036  4554
2.8998205024270964  4740
2.9003671286564705  4174
2.900913067737669  4354
2.9014583213961123  4219
2.9020028913507296  4408
2.902546779313991  4241
2.9030899869919438  4384
2.9036325160842376  4450
2.9041743682841634  4435
2.904715545278681  4586
2.905256048748451  4582
2.9057958803678687  4394
2.906335041805091  4614
2.90687353472207  4580
2.907411360774586  4321
2.9079485216122722  4412
2.90848501887865  4406
2.909020854211156  4706
2.9095560292411755  4494
2.910090545594068  4663
2.910624404889201  4272
2.9111576087399764  4224
2.9116901587538613  4605
2.9122220565324155  4414
2.912753303671323  4385
2.9132839017604186  4503
2.9138138523837167  4418
2.9143431571194407  4551
2.9148718175400505  4417
2.91539983521227  4486
2.9159272116971158  4454
2.916453948549925  4234
2.9169800473203824  4353
2.9175055095525466  4487
2.9180303367848803  4448
2.9185545305502734  4338
2.9190780923760737  4199
2.919601023784111  4539
2.920123326290724  4527
2.9206450014067875  4515
2.921166050637739  4620
2.921686475483602  4712
2.9222062774390163  4767
2.92272545799326  4235
2.9232440186302764  4561
2.9237619608287004  4581
2.9242792860618816  4739
2.924795995797912  4314
2.9253120914996495  4455
2.9258275746247424  4176
2.926342446625655  4521
2.926856708949692  4456
2.9273703630390235  4292
2.9278834103307068  4499
2.9283958522567137  4337
2.928907690243953  4274
2.929418925714293  4248
2.929929560084588  4643
2.9304395947667  4389
2.930949031167523  4459
2.931457870689005  4391
2.931966114728173  4503
2.932473764677153  4372
2.932980821923198  4300
2.9334872878487053  4350
2.9339931638312424  4222
2.934498451243568  4831
2.935003151453655  4436
2.9355072658247128  4461
2.9360107957152097  4502
2.936513742478893  4380
2.9370161074648142  4398
2.937517892017347  4358
2.9380190974762104  4595
2.938519725176492  4534
2.9390197764486663  4475
2.9395192526186187  4424
2.9400181550076634  4219
2.940516484932567  4376
2.9410142437055695  4316
2.941511432634403  4531
2.942008053022313  4187
2.9425041061680806  4433
2.9429995933660407  4326
2.9434945159061026  4292
2.9439888750737717  4367
2.9444826721501687  4451
2.9449759084120477  4518
2.94546858513182  4665
2.9459607035775686  4326
2.946452265013073  4370
2.9469432706978256  4605
2.9474337218870508  4535
2.9479236198317262  4272
2.948412965778601  4440
2.9489017609702137  4665
2.949390006644913  4637
2.949877704036875  4510
2.950364854376123  4335
2.9508514588885464  4255
2.951337518795918  4438
2.951823035315912  4391
2.9523080096621253  4496
2.952792443044092  4702
2.9532763366673045  4586
2.9537596917332287  4340
2.9542425094393248  4329
2.954724790979063  4338
2.9552065375419416  4624
2.9556877503135057  4319
2.9561684304753633  4101
2.9566485792052033  4539
2.957128197676813  4317
2.957607287060095  4611
2.958085848521085  4667
2.9585638832219674  4402
2.9590413923210934  4557
2.9595183769729982  4417
2.959994838328416  4521
2.960470777534299  4413
2.960946195733831  4533
2.9614210940664485  4382
2.9618954736678504  4578
2.962369335670021  4356
2.9628426812012423  4515
2.9633155113861114  4588
2.963787827345555  4326
2.964259630196849  4639
2.9647309210536292  4280
2.965201701025912  4518
2.9656719712201065  4551
2.9661417327390325  4344
2.966610986681934  4362
2.967079734144497  4432
2.967547976218862  4321
2.968015713993642  4314
2.9684829485539352  4325
2.9689496809813427  4503
2.9694159123539814  4428
2.9698816437465  4489
2.9703468762300935  4371
2.9708116108725178  4584
2.971275848738105  4622
2.971739590887778  4337
2.9722028383790646  4685
2.972665592266111  4508
2.9731278535996988  4442
2.973589623427257  4177
2.9740509027928774  4594
2.9745116927373285  4666
2.974971994298069  4363
2.975431808509263  4566
2.975891136401793  4443
2.9763499790032735  4219
2.976808337338066  4473
2.977266212427293  4536
2.9777236052888476  4395
2.978180516937414  4337
2.9786369483844743  4588
2.979092900638326  4203
2.979548374704095  4449
2.9800033715837464  4422
2.9804578922761  4445
2.9809119377768436  4211
2.9813655090785445  4515
2.9818186071706636  4535
2.9822712330395684  4627
2.9827233876685453  4516
2.983175072037813  4363
2.9836262871245345  4443
2.984077033902831  4602
2.9845273133437926  4406
2.9849771264154934  4406
2.9854264740830017  4421
2.9858753573083936  4524
2.986323777050765  4501
2.9867717342662448  4289
2.9872192299080047  4269
2.9876662649262746  4463
2.988112840268352  4286
2.9885589568786157  4205
2.989004615698537  4199
2.9894498176666917  4286
2.989894563718773  4567
2.9903388547876015  4316
2.9907826918031377  4274
2.9912260756924947  4509
2.9916690073799486  4601
2.9921114877869495  4598
2.9925535178321354  4500
2.9929950984313414  4530
2.9934362304976116  4303
2.993876914941211  4319
2.9943171526696366  4567
2.9947569445876283  4483
2.9951962915971793  4683
2.99563519459755  4500
2.9960736544852753  4450
2.9965116721541785  4490
2.996949248495381  4348
2.997386384397313  4411
2.9978230807457256  4405
2.998259338423699  4642
2.998695158311656  4372
2.999130541287371  4482
2.9995654882259823  4468
3.0  4518
3.000434077479319  4383
3.0008677215312267  4411
3.0013009330204183  4440
3.0017337128090005  4458
3.002166061756508  4479
3.0025979807199086  4387
3.003029470553618  4447
3.0034605321095067  4377
3.0038911662369103  4645
3.0043213737826426  4363
3.004751155591001  4429
3.0051805125037805  4312
3.0056094453602804  4390
3.0060379549973173  4403
3.0064660422492318  4450
3.0068937079479006  4419
3.0073209529227447  4506
3.00774777800074  4325
3.0081741840064264  4206
3.0086001717619175  4626
3.0090257420869104  4591
3.009450895798694  4350
3.00987563371216  4411
3.010299956639812  4461
3.010723865391773  4452
3.0111473607757975  4209
3.0115704435972783  4256
3.011993114659257  4451
3.012415374762433  4603
3.012837224705172  4499
3.0132586652835167  4502
3.0136796972911926  4410
3.0141003215196207  4571
3.0145205387579237  4770
3.0149403497929366  4336
3.0153597554092144  4472
3.015778756389041  4401
3.016197353512439  4273
3.016615547557177  4342
3.0170333392987803  4130
3.017450729510536  4503
3.0178677189635055  4306
3.018284308426531  4611
3.0187004986662433  4590
3.019116290447073  4456
3.0195316845312554  4432
3.0199466816788423  4539
3.0203612826477078  4462
3.020775488193558  4288
3.0211892990699383  4265
3.021602716028242  4318
3.02201573981772  4389
3.0224283711854865  4390
3.022840610876528  4456
3.0232524596337114  4328
3.0236639181977933  4469
3.024074987307426  4351
3.024485667699167  4627
3.024895960107485  4531
3.0253058652647704  4454
3.025715383901341  4389
3.0261245167454502  4579
3.0265332645232967  4255
3.0269416279590295  4605
3.0273496077747564  4529
3.0277572046905536  4499
3.0281644194244697  4457
3.0285712526925375  4560
3.028977705208778  4229
3.0293837776852097  4347
3.029789470831856  4439
3.030194785356751  4472
3.030599721965951  4843
3.0310042813635367  4587
3.031408464251624  4278
3.0318122713303706  4584
3.0322157032979815  4429
3.03261876085072  4725
3.0330214446829107  4478
3.03342375548695  4356
3.03382569395331  4278
3.0342272607705505  4386
3.0346284566253203  4605
3.0350292822023683  4225
3.0354297381845483  4483
3.035829825252828  4441
3.0362295440862948  4393
3.036628895362161  4574
3.037027879755775  4690
3.037426497940624  4480
3.037824750588342  4638
3.0382226383687185  4448
3.038620161949703  4702
3.039017321997412  4392
3.0394141191761372  4537
3.0398105541483504  4351
3.0402066275747113  4304
3.040602340114073  4447
3.0409976924234905  4527
3.041392685158225  4437
3.041787318971752  4344
3.042181594515766  4382
3.0425755124401905  4757
3.0429690733931802  4376
3.0433622780211294  4721
3.0437551269686796  4503
3.044147620878723  4493
3.044539760392411  4487
3.04493154614916  4376
3.0453229787866576  4389
3.0457140589408676  4496
3.0461047872460387  4517
3.0464951643347082  4507
3.04688519083771  4529
3.0472748673841794  4406
3.04766419460156  4458
3.048053173115609  4492
3.0484418035504044  4415
3.04883008652835  4478
3.0492180226701815  4402
3.049605612594973  4505
3.0499928569201424  4606
3.050379756261458  4534
3.0507663112330423  4290
3.0511525224473814  4358
3.0515383905153275  4329
3.0519239160461065  4344
3.0523090996473234  4069
3.052693941924968  4563
3.0530784434834195  4457
3.053462604925455  4327
3.0538464268522527  4424
3.0542299098633974  4456
3.0546130545568877  4297
3.0549958615291417  4401
3.055378331375  4134
3.0557604646877348  4393
3.056142262059052  4356
3.0565237240791006  4350
3.0569048513364727  4311
3.0572856444182146  4521
3.0576661039098294  4676
3.0580462303952816  4403
3.058426024457005  4393
3.0588054866759067  4517
3.059184617631371  4510
3.0595634179012676  4483
3.059941888061955  4474
3.060320028688285  4507
3.060697840353612  4274
3.0610753236297916  4482
3.061452479087193  4469
3.061829307294699  4701
3.0622058088197126  4466
3.062581984228163  4351
3.0629578340845103  4424
3.0633333589517497  4541
3.0637085593914173  4428
3.064083435963596  4252
3.0644579892269186  4289
3.064832219738574  4617
3.065206128054312  4354
3.0655797147284485  4348
3.06595298031387  4504
3.0663259253620376  4522
3.0666985504229953  4492
3.0670708560453703  4619
3.0674428427763805  4463
3.0678145111618402  4464
3.0681858617461617  4555
3.068556895072363  4245
3.068927611682072  4559
3.0692980121155293  4545
3.0696680969115957  4529
3.070037866607755  4673
3.0704073217401198  4389
3.0707764628434346  4467
3.0711452904510828  4363
3.071513805095089  4495
3.0718820073061255  4430
3.072249897613515  4395
3.0726174765452368  4345
3.0729847446279304  4677
3.073351702386901  4324
3.0737183503461227  4147
3.074084689028244  4435
3.074450718954591  4685
3.074816440645175  4372
3.0751818546186915  4250
3.0755469613925306  4561
3.0759117614827773  4294
3.076276255404218  4533
3.076640443670342  4585
3.0770043267933502  4518
3.0773679052841563  4435
3.077731179652392  4449
3.0780941504064105  4565
3.0784568180532927  4275
3.0788191830988487  4374
3.0791812460476247  4465
3.079543007402906  4228
3.079904467666721  4352
3.0802656273398448  4421
3.0806264869218056  4447
3.080987046910887  4354
3.0813473078041325  4587
3.081707270097349  4425
3.082066934285113  4796
3.0824263008607717  4321
3.0827853703164503  4387
3.0831441431430524  4580
3.0835026198302673  4445
3.083860800866573  4447
3.0842186867392387  4390
3.084576277934331  4237
3.084933574936716  4341
3.085290578230065  4433
3.0856472882968564  4330
3.0860037056183818  4345
3.0863598306747484  4519
3.0867156639448825  4557
3.0870712059065353  4572
3.0874264570362855  4306
3.087781417809542  4309
3.0881360887005513  4512
3.0884904701823963  4467
3.088844562727004  4680
3.089198366805149  4476
3.089551882886454  4751
3.089905111439398  4326
3.090258052931316  4618
3.090610707828407  4548
3.0909630765957314  4388
3.091315159697223  4543
3.0916669575956846  4285
3.092018470752797  4254
3.0923696996291206  4482
3.0927206446840994  4442
3.0930713063760633  4330
3.093421685162235  4518
3.09377178149873  4357
3.0941215958405612  4177
3.094471128641645  4309
3.0948203803548  4412
3.095169351431755  4606
3.095518042323151  4447
3.0958664534785427  4387
3.0962145853464054  4303
3.0965624383741357  4366
3.0969100130080562  4527
3.09725730969342  4355
3.097604328874411  4605
3.09795107099415  4456
3.0982975364946976  4262
3.098643725817057  4489
3.0989896394011773  4546
3.0993352776859577  4347
3.09968064110925  4158
3.1000257301078626  4596
3.100370545117563  4570
3.1007150865730817  4496
3.1010593549081156  4226
3.101403350555331  4452
3.1017470739463664  4395
3.1020905255118367  4304
3.1024337056813365  4569
3.1027766148834415  4627
3.1031192535457137  4482
3.103461622094705  4656
3.103803720955957  4470
3.104145550554008  4536
3.104487111312395  4523
3.1048284036536553  4483
3.1051694279993316  4457
3.1055101847699738  4412
3.1058506743851435  4502
3.1061908972634154  4526
3.1065308538223815  4475
3.106870544478654  4373
3.1072099696478683  4444
3.1075491297446862  4391
3.1078880251827985  4405
3.1082266563749283  4454
3.1085650237328344  4656
3.1089031276673134  4319
3.109240968588203  4414
3.1095785469043866  4330
3.1099158630237933  4542
3.110252917353403  4337
3.110589710299249  4337
3.1109262422664203  4444
3.1112625136590655  4212
3.111598524880394  4434
3.1119342763326814  4369
3.1122697684172707  4526
3.1126050015345745  4528
3.11293997608408  4207
3.1132746924643504  4503
3.1136091510730277  4458
3.113943352306837  4545
3.1142772965615864  4475
3.114610984232173  4485
3.1149444157125847  4530
3.1152775913959014  4505
3.1156105116742996  4441
3.115943176939055  4418
3.116275587580544  4341
3.1166077439882485  4464
3.116939646550756  4459
3.1172712956557644  4428
3.117602691690084  4418
3.1179338350396413  4628
3.118264726089479  4231
3.118595365223762  4516
3.1189257528257768  4565
3.1192558892779365  4318
3.119585774961784  4513
3.119915410257991  4353
3.1202447955463652  4375
3.12057393120585  4398
3.1209028176145273  4328
3.1212314551496214  4163
3.1215598441875008  4397
3.121887985103681  4508
3.1222158782728267  4492
3.1225435240687545  4558
3.1228709228644354  4416
3.1231980750319988  4437
3.123524980942732  4458
3.123851640967086  4435
3.124178055474675  4438
3.1245042248342823  4425
3.1248301494138593  4373
3.12515582958053  4335
3.125481265700594  4478
3.125806458139527  4197
3.1261314072619846  4642
3.1264561134318045  4457
3.126780577012009  4442
3.1271047983648077  4321
3.127428777851599  4511
3.1277525158329733  4480
3.1280760126687155  4433
3.1283992687178066  4296
3.128722284338427  4456
3.1290450598879582  4575
3.1293675957229854  4346
3.129689892199301  4391
3.1300119496719043  4472
3.130333768495006  4599
3.130655349022031  4366
3.130976691605617  4185
3.131297796597623  4614
3.1316186643491255  4612
3.1319392952104246  4489
3.1322596895310446  4340
3.132579847659737  4376
3.132899769944483  4466
3.1332194567324945  4360
3.1335389083702174  4320
3.133858125203335  4553
3.1341771075767664  4533
3.1344958558346736  4426
3.13481437032046  4531
3.1351326513767748  4353
3.1354506993455136  4478
3.1357685145678222  4482
3.1360860973840974  4490
3.13640344813399  4324
3.1367205671564067  4406
3.1370374547895126  4644
3.137354111370733  4320
3.137670537236755  4266
3.137986732723532  4536
3.1383026981662816  4420
3.1386184338994925  4415
3.1389339402569236  4466
3.139249217571607  4290
3.13956426617585  4460
3.1398790864012365  4382
3.140193678578631  4400
3.1405080430381798  4441
3.1408221801093106  4632
3.141136090120739  4390
3.1414497734004674  4435
3.141763230275788  4424
3.1420764610732848  4289
3.142389466118836  4322
3.1427022457376155  4369
3.143014800254095  4237
3.143327129992046  4547
3.1436392352745433  4405
3.1439511164239633  4329
3.144262773761991  4513
3.144574207609616  4416
3.144885418287142  4491
3.1451964061141817  4219
3.1455071714096627  4402
3.1458177144918276  4271
3.146128035678238  4282
3.1464381352857744  4281
3.14674801363064  4300
3.1470576710283598  4542
3.1473671077937864  4531
3.1476763242410986  4371
3.147985320683805  4273
3.1482940974347455  4498
3.1486026548060932  4465
3.1489109931093564  4336
3.1492191126553797  4520
3.149527013754348  4345
3.149834696715785  4543
3.1501421618485588  4403
3.150449409460881  4197
3.150756439860309  4232
3.15106325335375  4242
3.1513698502474603  4523
3.151676230847048  4448
3.151982395457474  4655
3.1522883443830563  4484
3.15259407792747  4434
3.1528995963937474  4467
3.153204900084284  4379
3.1535099893008374  4251
3.153814864344529  4629
3.154119525515847  4318
3.154423973114647  4446
3.1547282074401557  4191
3.1550322287909704  4299
3.155336037465062  4742
3.1556396337597765  4704
3.1559430179718366  4536
3.1562461903973444  4498
3.1565491513317814  4364
3.156851901070011  4520
3.1571544399062814  4606
3.157456768134226  4714
3.1577588860468637  4365
3.158060793936605  4438
3.1583624920952498  4597
3.1586639808139894  4552
3.15896526038341  4371
3.159266331093494  4243
3.1595671932336202  4543
3.1598678470925665  4306
3.160168292958512  4456
3.1604685311190375  4373
3.1607685618611283  4475
3.1610683854711747  4683
3.161368002234975  4386
3.161667412437736  4433
3.161966616364075  4453
3.1622656142980214  4508
3.162564406523019  4317
3.162862993321926  4504
3.1631613749770184  4479
3.16345955176999  4431
3.163757523981956  4294
3.1640552918934515  4631
3.164352855784437  4470
3.1646502159342966  4494
3.1649473726218416  4412
3.1652443261253107  4239
3.165541076722373  4515
3.1658376246901283  4423
3.166133970305109  4445
3.166430113843283  4328
3.166726055580052  4567
3.1670217957902564  4573
3.167317334748176  4566
3.16761267272753  4397
3.16790781000148  4524
3.168202746842631  4395
3.1684974835230326  4688
3.1687920203141817  4401
3.1690863574870227  4430
3.1693804953119495  4606
3.1696744340588068  4495
3.1699681739968923  4317
3.1702617153949575  4429
3.1705550585212086  4620
3.170848203643309  4427
3.1711411510283822  4376
3.171433900943008  4338
3.171726453653231  4494
3.1720188094245563  4551
3.172310968521954  4447
3.17260293120986  4420
3.1728946977521764  4209
3.173186268412274  4635
3.1734776434529945  4485
3.17376882313665  4375
3.1740598077250253  4467
3.1743505974793798  4415
3.1746411926604483  4499
3.1749315935284423  4301
3.1752218003430523  4261
3.1755118133634475  4382
3.1758016328482794  4506
3.1760912590556813  4421
3.1763806922432702  4494
3.17666993266815  4477
3.176958980586908  4487
3.1772478362556233  4551
3.1775364999298623  4405
3.177824971864682  4299
3.1781132523146316  4278
3.178401341533755  4536
3.17868923977559  4392
3.1789769472931693  4507
3.1792644643390253  4636
3.1795517911651876  4597
3.179838928023187  4352
3.180125875164054  4464
3.180412632838324  4689
3.1806992012960347  4469
3.1809855807867304  4098
3.1812717715594614  4259
3.1815577738627865  4506
3.1818435879447726  4505
3.182129214052998  4279
3.182414652434554  4313
3.1826999033360424  4491
3.182984967003582  4412
3.1832698436828046  4132
3.1835545336188615  4447
3.1838390370564214  4596
3.184123354239671  4256
3.1844074854123203  4190
3.184691430817599  4322
3.184975190698261  4354
3.185258765296585  4405
3.185542154854375  4515
3.185825359612962  4250
3.1861083798132053  4399
3.186391215695493  4341
3.1866738674997452  4426
3.1869563354654122  4712
3.187238619831479  4532
3.187520720836463  4564
3.1878026387184195  4480
3.188084373714938  4467
3.188365926063148  4476
3.188647295999717  4283
3.1889284837608534  4590
3.189209489582306  4311
3.1894903136993675  4617
3.189770956346874  4247
3.190051417759206  4231
3.1903316981702914  4404
3.190611797813605  4330
3.1908917169221698  4211
3.1911714557285586  4395
3.1914510144648953  4642
3.1917303933628562  4559
3.1920095926536702  4432
3.1922886125681202  4486
3.1925674533365456  4303
3.192846115188842  4559
3.1931245983544616  4500
3.1934029030624176  4371
3.1936810295412816  4410
3.193958978019187  4620
3.1942367487238292  4383
3.194514341882467  4383
3.1947917577219247  4672
3.1950689964685903  4395
3.1953460583484197  4430
3.1956229435869368  4718
3.1958996524092336  4362
3.1961761850399735  4352
3.196452541703389  4261
3.196728722623287  4501
3.1970047280230456  4450
3.197280558125619  4578
3.1975562131535367  4256
3.197831693328903  4344
3.1981069988734014  4603
3.1983821300082944  4505
3.1986570869544226  4619
3.198931869932209  4274
3.1992064791616577  4421
3.199480914862356  4399
3.1997551772534747  4472
3.2000292665537704  4559
3.200303182981585  4482
3.2005769267548483  4307
3.2008504980910772  4480
3.2011238972073794  4411
3.2013971243204513  4301
3.2016701796465816  4737
3.20194306340165  4609
3.2022157758011316  4331
3.2024883170600935  4316
3.2027606873931997  4349
3.2030328870147105  4604
3.203304916138483  4326
3.2035767749779724  4532
3.2038484637462346  4506
3.2041199826559246  4532
3.2043913319193  4445
3.204662511748219  4688
3.204933522354145  4251
3.2052043639481447  4640
3.205475036740891  4712
3.205745540942662  4300
3.2060158767633444  4692
3.2062860444124324  4512
3.2065560440990297  4438
3.2068258760318495  4555
3.207095540419218  4313
3.2073650374690716  4334
3.2076343673889616  4318
3.2079035303860515  4333
3.2081725266671217  4395
3.208441356438567  4315
3.208710019906401  4564
3.2089785172762535  4593
3.2092468487533736  4390
3.2095150145426308  4407
3.209783014848515  4370
3.2100508498751372  4465
3.210318519826232  4216
3.2105860249051563  4496
3.210853365314893  4408
3.2111205412580492  4435
3.2113875529368587  4569
3.2116544005531824  4487
3.2119210843085093  4190
3.2121876044039577  4591
3.212453961040276  4628
3.2127201544178425  4234
3.212986184736668  4649
3.2132520521963968  4473
3.2135177569963047  4430
3.2137832993353044  4438
3.2140486794119414  4345
3.2143138974244  4429
3.214578953570499  4282
3.214843848047698  4328
3.215108581053093  4405
3.215373152783422  4396
3.215637563435062  4258
3.215901813204032  4504
3.216165902285993  4435
3.216429830876251  4313
3.2166935991697545  4545
3.216957207361097  4407
3.217220655644519  4539
3.2174839442139063  4209
3.2177470732627937  4531
3.218010042984363  4366
3.2182728535714475  4259
3.218535505216528  4401
3.2187979981117376  4319
3.219060332448861  4291
3.219322508419337  4744
3.2195845262142546  4345
3.219846386024361  4481
3.220108088040055  4378
3.2203696324513946  4405
3.220631019448092  4166
3.2208922492195193  4564
3.2211533219547053  4267
3.2214142378423385  4393
3.2216749970707688  4434
3.2219355998280053  4526
3.22219604630172  4607
3.222456336679247  4311
3.2227164711475833  4497
3.2229764498933915  4516
3.2232362731029975  4299
3.2234959409623944  4230
3.2237554536572413  4612
3.224014811372864  4595
3.2242740142942576  4441
3.2245330626060857  4426
3.2247919564926817  4454
3.225050696138049  4406
3.225309281725863  4387
3.225567713439471  4185
3.2258259914618934  4581
3.226084115975824  4490
3.226342087163631  4520
3.2265999052073573  4542
3.2268575702887237  4396
3.2271150825891253  4461
3.2273724422896364  4409
3.227629649571009  4504
3.2278867046136734  4423
3.2281436075977417  4376
3.228400358703005  4429
3.2286569581089353  4570
3.228913405994688  4528
3.229169702539101  4333
3.229425847920695  4486
3.229681842317676  4503
3.229937685907934  4284
3.230193378869046  4302
3.230448921378274  4580
3.230704313612569  4377
3.230959555748569  4634
3.231214647962601  4469
3.2314695904306814  4369
3.2317243833285163  4279
3.231979026831504  4322
3.2322335211147335  4325
3.232487866352986  4478
3.232742062720737  4561
3.2329961103921536  4375
3.2332500095411003  4366
3.2335037603411343  4490
3.2337573629655103  4502
3.2340108175871793  4168
3.2342641243787895  4277
3.2345172835126865  4249
3.2347702951609163  4594
3.2350231594952237  4354
3.2352758766870524  4495
3.2355284469075487  4426
3.2357808703275603  4305
3.236033147117636  4287
3.2362852774480286  4552
3.236537261488694  4531
3.2367890994092927  4209
3.237040791379191  4531
3.237292337567459  4599
3.2375437381428744  4497
3.2377949932739227  4515
3.2380461031287955  4611
3.238297067875394  4620
3.2385478876813276  4221
3.238798562713917  4479
3.2390490931401916  4178
3.2392994791268923  4437
3.239549720840473  4483
3.2397998184470986  4548
3.2400497721126476  4206
3.2402995820027125  4297
3.2405492482826  4649
3.240798771117331  4414
3.241048150671644  4416
3.2412973871099933  4492
3.2415464805965484  4229
3.241795431295199  4489
3.2420442393695508  4706
3.2422929049829308  4340
3.2425414282983844  4573
3.2427898094786767  4629
3.2430380486862944  4076
3.243286146083446  4522
3.243534101832062  4661
3.243781916093795  4347
3.244029589030022  4532
3.244277120801843  4349
3.244524511570084  4295
3.244771761495295  4362
3.245018870737753  4426
3.245265839457461  4362
3.24551266781415  4604
3.245759355967277  4246
3.246005904076029  4390
3.246252312299322  4442
3.246498580795801  4449
3.2467447097238415  4494
3.24699069924155  4584
3.247236549506764  4519
3.2474822606770544  4490
3.2477278329097232  4712
3.247973266361807  4537
3.248218561190075  4487
3.248463717551032  4430
3.2487087356009177  4404
3.2489536154957075  4797
3.249198357391113  4433
3.249442961442582  4503
3.2496874278053016  4424
3.249931756634195  4370
3.250175948083925  4387
3.250420002308894  4330
3.2506639194632436  4558
3.250907699700856  4758
3.2511513431753545  4517
3.2513948500401044  4316
3.251638220448212  4371
3.2518814545525276  4460
3.252124552505644  4244
3.2523675144598987  4419
3.252610340567373  4144
3.2528530309798933  4647
3.2530955858490316  4398
3.2533380053261065  4349
3.253580289562183  4333
3.2538224387080734  4378
3.254064452914338  4360
3.2543063323312857  4468
3.2545480771089736  4288
3.25478968739721  4483
3.2550311633455515  4505
3.255272505103306  4344
3.2555137128195333  4589
3.255754786643044  4434
3.255995726722402  4564
3.256236533205923  4604
3.256477206241677  4460
3.256717745977487  4607
3.256958152560932  4441
3.2571984261393445  4502
3.257438566859814  4340
3.2576785748691846  4467
3.2579184503140586  4513
3.2581581933407944  4271
3.258397804095509  4381
3.2586372827240764  4323
3.258876629372131  4572
3.2591158441850663  4347
3.2593549273080344  4475
3.2595938788859486  4315
3.2598326990634834  4443
3.2600713879850747  4202
3.26030994579492  4484
3.2605483726369795  4415
3.2607866686549762  4406
3.2610248339923973  4532
3.2612628687924934  4611
3.2615007731982804  4334
3.2617385473525378  4603
3.2619761913978125  4341
3.262213705476417  4436
3.2624510897304293  4385
3.2626883443016963  4594
3.2629254693318317  4229
3.2631624649622166  4497
3.263399331334002  4696
3.263636068588108  4242
3.2638726768652235  4307
3.2641091563058082  4592
3.2643455070500926  4546
3.2645817292380777  4473
3.2648178230095364  4356
3.2650537885040145  4678
3.26528962586083  4347
3.2655253352190736  4166
3.2657609167176105  4470
3.265996370495079  4458
3.266231696689893  4320
3.2664668954402414  4356
3.2667019668840878  4330
3.266936911159173  4578
3.2671717284030137  4529
3.267406418752904  4598
3.2676409823459154  4562
3.2678754193188975  4487
3.2681097298084785  4342
3.268343913951065  4456
3.268577971882843  4341
3.2688119037397803  4479
3.269045709657623  4309
3.2692793897718984  4328
3.2695129442179165  4399
3.269746373130767  4408
3.269979676645324  4438
3.2702128548962426  4305
3.2704459080179626  4342
3.2706788361447066  4459
3.2709116394104814  4446
3.2711443179490782  4484
3.2713768718940743  4431
3.271609301378832  4341
3.271841606536499  4615
3.27207378750001  4243
3.2723058444020863  4444
3.2725377773752373  4659
3.2727695865517594  4392
3.2730012720637376  4669
3.2732328340430454  4509
3.273464272621346  4491
3.273695587930092  4540
3.2739267801005254  4317
3.27415784926368  4521
3.274388795550379  4510
3.274619619091238  4437
3.274850320016665  4535
3.2750808984568587  4369
3.2753113545418118  4282
3.2755416884013098  4415
3.2757719001649312  4530
3.27600198996205  4256
3.2762319579218335  4693
3.2764618041732443  4494
3.27669152884504  4527
3.276921132065774  4486
3.277150613963797  4244
3.2773799746672547  4418
3.2776092143040914  4330
3.2778383330020473  4455
3.2780673308886628  4355
3.2782962080912736  4660
3.2785249647370174  4632
3.278753600952829  4407
3.278982116865443  4671
3.279210512601395  4574
3.2794387882870204  4430
3.2796669440484556  4695
3.279894980011638  4359
3.2801228963023075  4603
3.280350693046006  4520
3.2805783703680764  4409
3.280805928393667  4558
3.2810333672477277  4416
3.281260687055013  4566
3.2814878879400813  4431
3.281714970027296  4384
3.281941933440825  4381
3.2821687783046416  4638
3.2823955047425257  4344
3.2826221128780624  4461
3.282848602834645  4293
3.2830749747354715  4451
3.2833012287035497  4266
3.2835273648616936  4302
3.2837533833325265  4421
3.28397928423848  4352
3.284205067701794  4120
3.2844307338445193  4309
3.2846562827885157  4410
3.284881714655453  4573
3.285107029566812  4421
3.2853322276438846  4387
3.285557309007774  4558
3.285782273779395  4296
3.2860071220794747  4484
3.286231854028553  4696
3.286456469746983  4412
3.28668096935493  4392
3.286905352972375  4593
3.287129620719111  4326
3.2873537727147464  4409
3.2875778090787056  4540
3.287801729930226  4319
3.2880255353883627  4635
3.288249225571986  4621
3.2884728005997825  4494
3.288696260590256  4450
3.2889196056617265  4396
3.289142835932333  4372
3.2893659515200318  4297
3.2895889525425965  4521
3.2898118391176214  4549
3.290034611362518  4619
3.2902572693945182  4395
3.290479813330673  4414
3.2907022432878543  4368
3.2909245593827543  4172
3.2911467617318855  4499
3.291368850451583  4434
3.2915908256580013  4534
3.291812687467119  4530
3.2920344359947364  4364
3.292256071356476  4525
3.292477593667784  4552
3.29269900304393  4330
3.292920299600006  4760
3.2931414834509307  4588
3.2933625547114453  4499
3.2935835134961167  4510
3.2938043599193367  4361
3.2940250940953226  4492
3.2942457161381182  4549
3.294466226161593  4384
3.2946866242794433  4341
3.2949069106051923  4667
3.295127085252191  4626
3.295347148333618  4339
3.295567099962479  4305
3.295786940251609  4433
3.2960066693136723  4335
3.2962262872611605  4566
3.296445794206396  4472
3.296665190261531  4424
3.296884475538547  4253
3.2971036501492565  4405
3.2973227142053028  4548
3.2975416678181597  4411
3.297760511099134  4342
3.2979792441593623  4672
3.298197867109815  4534
3.2984163800612945  4359
3.2986347831244354  4549
3.298853076409707  4330
3.2990712600274095  4231
3.29928933408768  4460
3.2995072987004876  4563
3.2997251539756367  4335
3.299942900022767  4453
3.3001605369513523  4535
3.3003780648707024  4459
3.3005954838899636  4478
3.300812794118117  4384
3.3010299956639813  4309
3.3012470886362113  4268
3.3014640731433  4536
3.3016809492935764  4247
3.301897717195208  4381
3.302114376956201  4245
3.302330928684399  4407
3.3025473724874854  4525
3.3027637084729817  4498
3.3029799367482493  4485
3.303196057420489  4408
3.303412070596742  4455
3.30362797638389  4409
3.3038437748886547  4476
3.3040594662175993  4563
3.3042750504771283  4441
3.3044905277734875  4356
3.3047058982127653  4291
3.3049211619008916  4311
3.305136318943639  4656
3.305351369446624  4360
3.305566313515304  4604
3.3057811512549824  4421
3.3059958827708047  4434
3.3062105081677613  4382
3.3064250275506875  4287
3.3066394410242617  4492
3.3068537486930087  4492
3.3070679506612985  4539
3.307282047033346  4205
3.307496037913213  4543
3.307709923404807  4619
3.307923703611882  4525
3.3081373786380386  4345
3.308350948586726  4644
3.3085644135612386  4315
3.3087777736647213  4345
3.3089910290001643  4353
3.3092041796704077  4336
3.30941722577814  4414
3.3096301674258988  4167
3.3098430047160705  4531
3.3100557377508912  4419
3.3102683666324477  4593
3.3104808914626753  4393
3.3106933123433606  4454
3.3109056293761414  4479
3.311117842662506  4408
3.3113299523037933  4462
3.311541958401195  4607
3.311753861055754  4170
3.3119656603683665  4256
3.3121773564397787  4296
3.312388949370592  4437
3.3126004392612596  4490
3.312811826212088  4571
3.313023110323238  4411
3.313234291694724  4467
3.313445370426414  4079
3.3136563466180315  4525
3.3138672203691533  4292
3.3140779917792127  4391
3.3142886609474975  4408
3.3144992279731516  4442
3.314709692955174  4601
3.31492005599242  4423
3.315130317183602  4456
3.3153404766272883  4429
3.315550534421905  4564
3.3157604906657347  4173
3.315970345456918  4759
3.3161800988934527  4431
3.3163897510731952  4498
3.3165993020938607  4437
3.316808752053022  4427
3.3170181010481117  4484
3.31722734917642  4541
3.317436496535099  4491
3.3176455432211585  4547
3.317854489331469  4577
3.3180633349627615  4528
3.318272080211627  4278
3.3184807251745174  4451
3.318689269947746  4610
3.3188977146274867  4271
3.3191060593097763  4183
3.319314304090512  4497
3.3195224490654542  4430
3.3197304943302246  4427
3.3199384399803087  4525
3.3201462861110542  4447
3.3203540328176717  4433
3.3205616801952367  4623
3.3207692283386865  4541
3.3209766773428235  4181
3.3211840273023143  4296
3.321391278311689  4356
3.3215984304653436  4485
3.3218054838575393  4290
3.3220124385824006  4311
3.322219294733919  4718
3.3224260524059526  4625
3.3226327116922234  4549
3.322839272686321  4335
3.3230457354817013  4275
3.323252100171687  4444
3.3234583668494677  4345
3.3236645356081  4417
3.323870606540509  4267
3.3240765797394864  4220
3.3242824552976926  4758
3.3244882333076564  4450
3.3246939138617746  4311
3.3248994970523134  4497
3.3251049829714074  4457
3.325310371711061  4263
3.325515663363148  4697
3.325720858019412  4227
3.325925955771466  4312
3.3261309567107946  4682
3.326335860928751  4291
3.3265406685165617  4263
3.3267453795653217  4621
3.326949994165999  4499
3.3271545124094315  4366
3.3273589343863303  4343
3.327563260187278  4701
3.327767489902729  4632
3.3279716236230104  4560
3.3281756614383227  4468
3.3283796034387376  4441
3.328583449714202  4439
3.3287872003545345  4371
3.3289908554494287  4551
3.329194415088451  4432
3.329397879361043  4564
3.3296012483565187  4226
3.3298045221640695  4390
3.330007700872759  4483
3.330210784571528  4513
3.330413773349191  4769
3.3306166672944384  4652
3.330819466495837  4618
3.3310221710418286  4526
3.3312247810207323  4313
3.331427296520743  4342
3.3316297176299323  4419
3.331832044436249  4284
3.332034277027518  4413
3.3322364154914434  4484
3.3324384599156054  4411
3.3326404103874627  4566
3.3328422669943514  4477
3.3330440298234874  4310
3.3332456989619628  4348
3.3334472744967503  4488
3.3336487565147013  4277
3.333850145102545  4476
3.334051440346892  4355
3.334252642334231  4388
3.3344537511509307  4318
3.3346547668832414  4330
3.3348556896172914  4456
3.3350565194390915  4556
3.3352572564345317  4654
3.3354579006893843  4240
3.3356584522893016  4509
3.335858911319818  4472
3.336059277866349  4409
3.336259552014193  4478
3.3364597338485296  4386
3.3366598234544202  4347
3.336859820916809  4378
3.3370597263205246  4566
3.3372595397502756  4231
3.337459261290656  4471
3.3376588910261424  4263
3.3378584290410944  4515
3.3380578754197563  4336
3.3382572302462554  4459
3.3384564936046046  4540
3.3386556655787003  4258
3.338854746252323  4222
3.339053735709139  4506
3.3392526340327  4531
3.3394514413064407  4615
3.339650157613684  4178
3.339848783037637  4367
3.340047317661393  4383
3.3402457615679317  4499
3.3404441148401185  4623
3.3406423775607053  4453
3.3408405498123317  4445
3.341038631677523  4576
3.3412366232386925  4250
3.34143452457814  4444
3.3416323357780544  4147
3.3418300569205104  4468
3.3420276880874717  4558
3.3422252293607904  4470
3.342422680822206  4384
3.342620042553348  4428
3.342817314635733  4361
3.343014497150768  4328
3.3432115901797474  4492
3.3434085938038574  4401
3.343605508104172  4469
3.343802333161655  4492
3.3439990690571615  4445
3.344195715871435  4419
3.3443922736851106  4344
3.344588742578714  4309
3.344785122632661  4471
3.344981413927258  4565
3.345177616542704  4476
3.3453737305590883  4410
3.345569756056392  4494
3.345765693114488  4209
3.3459615418131414  4527
3.346157302232008  4356
3.346352974450639  4633
3.346548558548474  4540
3.346744054604849  4466
3.3469394626989906  4279
3.34713478291002  4280
3.3473300153169503  4431
3.3475251599986895  4614
3.347720217034038  4497
3.3479151865016914  4578
3.3481100684802376  4559
3.3483048630481607  4480
3.348499570283838  4529
3.348694190265541  4347
3.348888723071438  4512
3.34908316877959  4630
3.3492775274679554  4365
3.3494717992143856  4269
3.34966598409663  4376
3.3498600821923312  4616
3.3500540935790304  4411
3.3502480183341627  4424
3.350441856535061  4626
3.3506356082589543  4440
3.350829273582968  4345
3.3510228525841237  4442
3.351216345339342  4640
3.351409751925439  4350
3.351603072419129  4535
3.3517963068970236  4447
3.351989455435632  4482
3.3521825181113627  4550
3.35237549500052  4308
3.3525683861793087  4464
3.3527611917238307  4434
3.3529539117100877  4346
3.3531465462139796  4316
3.3533390953113047  4575
3.353531559077762  4406
3.353723937588949  4513
3.353916230920363  4539
3.3541084391474008  4631
3.35430056234536  4539
3.3544926005894364  4483
3.3546845539547285  4123
3.354876422516234  4307
3.3550682063488506  4487
3.3552599055273786  4339
3.3554515201265174  4506
3.355643050220869  4125
3.355834495884936  4755
3.3560258571931225  4407
3.3562171342197353  4483
3.3564083270389813  4343
3.356599435724971  4415
3.356790460351716  4484
3.3569814009931314  4348
3.3571722577230334  4519
3.3573630306151427  4543
3.3575537197430814  4298
3.3577443251803754  4445
3.357934847000454  4457
3.3581252852766488  4454
3.358315640082196  4532
3.3585059114902354  4574
3.3586960995738107  4293
3.358886204405869  4372
3.359076226059263  4569
3.3592661646067485  4796
3.3594560201209864  4532
3.359645792674543  4393
3.359835482339888  4605
3.3600250891893975  4586
3.3602146132953523  4380
3.3604040547299387  4367
3.360593413565249  4588
3.36078268987328  4300
3.3609718837259357  4418
3.361160995195026  4390
3.3613500243522663  4562
3.361538971269279  4380
3.361727836017593  4538
3.3619166186686433  4389
3.362105319293773  4484
3.362293937964231  4301
3.3624824747511743  4372
3.362670929725667  4524
3.36285930295868  4248
3.3630475945210936  4224
3.363235804483694  4603
3.3634239329171765  4386
3.3636119798921444  4367
3.3637999454791094  4244
3.3639878297484915  4583
3.3641756327706194  4552
3.3643633546157306  4456
3.364550995353972  4436
3.3647385550553985  4475
3.364926033789976  4435
3.3651134316275773  4456
3.3653007486379876  4492
3.3654879848909  4476
3.3656751404559175  4479
3.365862215402555  4508
3.3660492098002353  4619
3.366236123718293  4674
3.3664229572259727  4295
3.3666097103924297  4569
3.36679638328673  4453
3.3669829759778507  4207
3.367169488534681  4629
3.367355921026019  4473
3.3675422735205767  4545
3.3677285460869766  4587
3.3679147387937527  4446
3.3681008517093516  4314
3.368286884902131  4406
3.3684728384403617  4328
3.368658712392227  4307
3.3688445068258215  4404
3.3690302218091532  4089
3.369215857410143  4686
3.3694014136966244  4298
3.369586890736344  4391
3.369772288596963  4358
3.369957607346053  4443
3.370142847051102  4353
3.3703280077795106  4602
3.3705130895985924  4169
3.370698092575577  4487
3.370883016777606  4474
3.3710678622717363  4616
3.3712526291249394  4240
3.371437317404101  4581
3.3716219271760215  4456
3.371806458507416  4331
3.371990911464915  4474
3.372175286115064  4376
3.3723595825243238  4254
3.3725438007590705  4437
3.3727279408855955  4435
3.3729120029701067  4578
3.373095987078727  4463
3.373279893277496  4503
3.373463721632369  4438
3.3736474722092176  4387
3.3738311450738303  4538
3.3740147402919116  4465
3.374198257929083  4200
3.374381698050882  4407
3.374565060722765  4314
3.374748346010104  4387
3.3749315539781883  4368
3.375114684692225  4457
3.375297738217339  4410
3.3754807146185724  4604
3.3756636139608855  4384
3.375846436309156  4431
3.3760291817281805  4498
3.376211850282673  4515
3.3763944420372662  4411
3.376576957056512  4600
3.37675939540488  4384
3.3769417571467586  4306
3.377124042346456  4610
3.377306251068199  4466
3.3774883833761327  4545
3.377670439334323  4530
3.3778524190067545  4554
3.3780343224573315  4619
3.378216149749878  4479
3.3783979009481375  4550
3.378579576115775  4472
3.3787611753163733  4433
3.378942698613437  4524
3.379124146070392  4461
3.379305517750582  4410
3.3794868137172736  4370
3.379668034033654  4534
3.37984917876283  4571
3.380030247967831  4399
3.380211241711606  4487
3.3803921600570273  4340
3.3805730030668872  4449
3.3807537708039  4475
3.380934463330702  4396
3.3811150807098507  4410
3.381295623003826  4646
3.38147609027503  4303
3.381656482585787  4283
3.3818367999983434  4512
3.3820170425748683  4430
3.382197210377454  4491
3.3823773034681137  4531
3.3825573219087857  4451
3.3827372657613304  4644
3.382917135087531  4514
3.3830969299490943  4339
3.3832766504076504  4373
3.383456296524753  4362
3.3836358683618797  4422
3.383815365980431  4256
3.383994789441733  4488
3.3841741388070337  4520
3.384353414137506  4460
3.3845326154942486  4295
3.3847117429382823  4651
3.3848907965305544  4445
3.385069776331935  4690
3.38524868240322  4345
3.3854275148051305  4460
3.385606273598312  4509
3.3857849588433355  4540
3.385963570600697  4380
3.3861421089308186  4272
3.386320573894046  4530
3.386498965550653  4361
3.3866772839608377  4446
3.386855529184724  4665
3.387033701282363  4415
3.3872118003137306  4692
3.387389826338729  4465
3.387567779417189  4373
3.3877456596088638  4431
3.3879234669734366  4514
3.3881012015705165  4356
3.388278863459639  4373
3.3884564527002667  4455
3.388633969351789  4548
3.3888114134735234  4379
3.388988785124714  4381
3.3891660843645326  4385
3.389343311252078  4789
3.3895204658463776  4402
3.3896975482063856  4665
3.3898745583909853  4256
3.3900514964589874  4391
3.3902283624691303  4303
3.390405156480081  4410
3.390581878550435  4480
3.390758528738717  4604
3.3909351071033793  4309
3.3911116137028023  4523
3.3912880485952974  4478
3.3914644118391033  4437
3.3916407034923877  4341
3.391816923613249  4299
3.3919930722597127  4499
3.392169149489736  4390
3.392345155361204  4488
3.3925210899319325  4402
3.392696953259666  4469
3.3928727454020793  4273
3.3930484664167784  4437
3.3932241163612975  4377
3.393399695293102  4600
3.3935752032695876  4360
3.39375064034808  4261
3.3939260065858368  4504
3.3941013020400446  4433
3.3942765267678214  4414
3.3944516808262164  4475
3.394626764272209  4367
3.394801777162711  4450
3.394976719554564  4139
3.3951515915045425  4650
3.395326393069351  4432
3.395501124305626  4458
3.395675785269936  4280
3.3958503760187813  4598
3.3960248966085933  4383
3.3961993470957363  4314
3.3963737275365067  4366
3.396548037987132  4528
3.3967222785037734  4561
3.396896449142524  4623
3.397070549959409  4341
3.397244581010386  4273
3.397418542351348  4433
3.3975924340381165  4498
3.39776625612645  4518
3.3979400086720375  4440
3.3981136917305026  4464
3.398287305357401  4335
3.3984608496082234  4487
3.398634324538392  4349
3.3988077302032647  4459
3.398981066658131  4354
3.3991543339582164  4434
3.399327532158679  4237
3.3995006613146104  4292
3.399673721481038  4858
3.3998467127129226  4557
3.4000196350651586  4416
3.400192488592576  4514
3.400365273349939  4534
3.400537989391946  4665
3.400710636773231  4418
3.4008832155483626  4137
3.401055725771844  4528
3.401228167498113  4551
3.401400540781544  4255
3.401572845676446  4481
3.401745082237063  4455
3.4019172505175748  4468
3.402089350572097  4455
3.40226138245468  4479
3.402433346219312  4472
3.4026052419199146  4617
3.402777069610347  4567
3.4029488293444046  4260
3.403120521175818  4410
3.4032921451582543  4324
3.4034637013453173  4331
3.403635189790548  4460
3.4038066105474227  4438
3.403977963669355  4324
3.404149249209695  4376
3.404320467221731  4372
3.404491617758686  4599
3.4046627008737222  4435
3.404833716619938  4698
3.4050046650503694  4335
3.4051755462179893  4478
3.405346360175709  4351
3.4055171069763763  4417
3.4056877866727775  4178
3.4058583993176366  4532
3.406028944963615  4335
3.406199423663313  4255
3.4063698354692673  4481
3.406540180433955  4351
3.40671045860979  4406
3.4068806700491248  4571
3.40705081480425  4292
3.4072208929273966  4533
3.4073909044707316  4483
3.4075608494863627  4450
3.4077307280263356  4482
3.407900540142635  4459
3.4080702858871854  4561
3.4082399653118496  4519
3.40840957846843  4492
3.4085791254086675  4479
3.408748606184244  4651
3.4089180208467798  4467
3.409087369447835  4421
3.4092566520389096  4586
3.4094258686714434  4516
3.4095950193968156  4383
3.4097641042663462  4523
3.4099331233312946  4477
3.4101020766428607  4415
3.4102709642521845  4505
3.4104397862103464  4372
3.410608542568368  4550
3.41077723337721  4450
3.4109458586877746  4200
3.4111144185509046  4487
3.4112829130173843  4281
3.4114513421379375  4363
3.41161970596323  4396
3.411788004543869  4582
3.4119562379304016  4480
3.412124406173317  4479
3.4122925093230463  4361
3.412460547429961  4384
3.4126285205443754  4405
3.4127964287165433  4480
3.4129642719966626  4440
3.413132050434872  4352
3.413299764081252  4031
3.413467412985825  4436
3.413634997198556  4603
3.4138025167693513  4455
3.4139699717480614  4247
3.414137362184477  4473
3.4143046881283317  4583
3.4144719496293026  4524
3.414639146737009  4333
3.4148062795010126  4368
3.4149733479708178  4371
3.4151403521958725  4467
3.4153072922255676  4235
3.4154741681092355  4303
3.4156409798961542  4463
3.4158077276355434  4219
3.415974411376566  4550
3.416141031168329  4515
3.4163075870598827  4398
3.4164740791002206  4230
3.416640507338281  4526
3.4168068718229443  4455
3.4169731726030363  4487
3.4171394097273255  4622
3.4173055832445254  4266
3.417471693203293  4498
3.4176377396522297  4339
3.417803722639881  4264
3.417969642214737  4394
3.418135498425232  4450
3.4183012913197452  4431
3.4184670209466006  4349
3.4186326873540653  4506
3.4187982905903533  4461
3.4189638307036225  4466
3.4191293077419758  4423
3.4192947217534604  4372
3.4194600727860704  4612
3.419625360887743  4434
3.419790586106363  4327
3.419955748489758  4386
3.420120848085703  4433
3.4202858849419178  4450
3.4204508591060683  4396
3.420615770625765  4602
3.4207806195485655  4268
3.420945405921972  4460
3.4211101297934343  4413
3.4212747912103465  4553
3.4214393902200495  4263
3.4216039268698313  4253
3.421768401206924  4395
3.4219328132785085  4605
3.4220971631317103  4461
3.4222614508136027  4530
3.4224256763712044  4577
3.422589839851482  4280
3.422753941301348  4592
3.422917980767662  4375
3.423081958297231  4420
3.423245873936808  4620
3.4234097277330933  4510
3.4235735197327357  4511
3.423737249982329  4520
3.4239009185284166  4475
3.4240645254174877  4514
3.42422807069598  4473
3.4243915544102776  4466
3.4245549766067134  4246
3.424718337331567  4589
3.424881636631067  4439
3.425044874551389  4499
3.4252080511386565  4243
3.425371166438941  4491
3.4255342204982635  4698
3.425697213362591  4440
3.4258601450778405  4315
3.4260230156898763  4444
3.426185825244511  4081
3.4263485737875077  4420
3.4265112613645754  4593
3.426673888021373  4444
3.426836453803508  4518
3.426998958756537  4322
3.4271614029259654  4405
3.427323786357247  4413
3.4274861090957853  4417
3.4276483711869328  4454
3.42781057267599  4395
3.427972713608209  4446
3.428134794028789  4579
3.4282968139828798  4645
3.42845877351558  4123
3.428620672671939  4423
3.4287825114969546  4430
3.428944290035574  4576
3.4291060083326967  4354
3.4292676664331685  4382
3.429429264381788  4455
3.4295908022233017  4426
3.429752280002408  4446
3.4299136977637543  4593
3.430075055551939  4470
3.4302363534115106  4538
3.4303975913869666  4407
3.4305587695227575  4475
3.4307198878632823  4852
3.4308809464528913  4496
3.4310419453358856  4378
3.431202884556517  4592
3.4313637641589874  4364
3.431524584187451  4676
3.4316853446860116  4470
3.4318460456987254  4398
3.4320066872695985  4548
3.4321672694425884  4403
3.4323277922616042  4510
3.4324882557705063  4428
3.4326486600131068  4481
3.4328090050331683  4629
3.432969290874406  4112
3.4331295175804857  4398
3.433289685195026  4409
3.433449793761596  4379
3.433609843323718  4560
3.433769833924866  4621
3.433929765608464  4719
3.4340896384178907  4334
3.4342494523964757  4230
3.4344092075875  4318
3.4345689040341987  4362
3.4347285417797577  4454
3.434888120867316  4150
3.4350476413399647  4281
3.4352071032407476  4444
3.4353665066126613  4399
3.435525851498655  4319
3.43568513794163  4457
3.4358443659844413  4551
3.4360035356698964  4548
3.436162647040756  4438
3.4363217001397333  4394
3.436480695009495  4200
3.436639631692661  4559
3.4367985102318035  4172
3.4369573306694496  4220
3.4371160930480786  4225
3.4372747974101237  4546
3.437433443797971  4389
3.4375920322539613  4494
3.437750562820388  4498
3.4379090355394983  4177
3.438067450453494  4518
3.4382258076045296  4392
3.438384107034714  4333
3.4385423487861106  4418
3.4387005329007363  4512
3.438858659420562  4513
3.4390167283875126  4316
3.4391747398434687  4624
3.439332693830263  4464
3.4394905903896835  4551
3.4396484295634737  4272
3.4398062113933303  4424
3.439963935920905  4366
3.4401216031878037  4409
3.440279213235588  4353
3.4404367661057735  4387
3.440594261839831  4569
3.4407517004791854  4345
3.4409090820652177  4533
3.4410664066392633  4472
3.4412236742426123  4350
3.4413808849165113  4500
3.441538038702161  4106
3.441695135640717  4281
3.441852175773292  4451
3.442009159140952  4356
3.44216608578472  4479
3.4423229557455746  4449
3.4424797690644486  4309
3.442636525782232  4619
3.442793225939769  4503
3.4429498695778618  4678
3.443106456737266  4478
3.443262987458695  4241
3.4434194617828173  4439
3.4435758797502576  4252
3.4437322414015967  4524
3.443888546777372  4371
3.444044795918076  4474
3.4442009888641594  4468
3.4443571256560275  4553
3.444513206334043  4388
3.4446692309385245  4460
3.4448251995097476  4416
3.4449811120879446  4539
3.445136968713304  4653
3.4452927694259716  4757
3.44544851426605  4492
3.4456042032735974  4394
3.445759836488631  4477
3.4459154139511234  4307
3.446070935701005  4470
3.446226401778163  4576
3.446381812222442  4339
3.446537167073644  4353
3.4466924663715273  4391
3.446847710155809  4330
3.4470028984661623  4480
3.4471580313422194  4437
3.4473131088235682  4442
3.4474681309497557  4657
3.447623097760286  4447
3.447778009294621  4429
3.4479328655921804  4345
3.448087666692341  4504
3.448242412634439  4244
3.4483971034577676  4270
3.448551739201578  4525
3.44870631990508  4271
3.4488608456074408  4231
3.4490153163477864  4404
3.449169732165201  4532
3.449324093098727  4314
3.449478399187365  4362
3.4496326504700745  4500
3.4497868469857735  4355
3.4499409887733377  4463
3.4500950758716025  4193
3.450249108319361  4686
3.450403086155366  4421
3.450557009418329  4190
3.450710878146919  4383
3.450864692379766  4098
3.4510184521554574  4194
3.45117215751254  4322
3.4513258084895195  4439
3.4514794051248616  4375
3.4516329474569907  4832
3.45178643552429  4269
3.451939869365103  4468
3.4520932490177314  4495
3.452246574520437  4428
3.4523998459114416  4693
3.452553063228925  4224
3.452706226511029  4509
3.452859335795852  4390
3.4530123911214554  4388
3.4531653925258574  4418
3.4533183400470375  4549
3.453471233722936  4302
3.4536240735914507  4543
3.4537768596904423  4619
3.4539295920577286  4530
3.45408227073109  4236
3.4542348957482654  4377
3.454387467146955  4299
3.4545399849648186  4446
3.454692449239477  4484
3.45484486000851  4707
3.45499721730946  4451
3.4551495211798278  4450
3.4553017716570764  4370
3.4554539687786283  4460
3.455606112581867  4508
3.455758203104137  4369
3.455910240382743  4244
3.4560622244549513  4642
3.456214155357989  4236
3.456366033129043  4473
3.4565178578052627  4337
3.4566696294237578  4781
3.456821348021599  4412
3.456973013635818  4451
3.457124626303409  4241
3.4572761860613257  4653
3.4574276929464847  4378
3.4575791469957626  4632
3.4577305482459986  4535
3.4578818967339924  4475
3.458033192496506  4767
3.4581844355702627  4567
3.4583356259919475  4329
3.4584867637982066  4660
3.4586378490256493  4403
3.458788881710845  4334
3.458939861890326  4376
3.4590907896005865  4430
3.459241664878082  4684
3.459392487759231  4489
3.459543258280413  4257
3.4596939764779706  4476
3.459844642388208  4549
3.4599952560473914  4460
3.46014581749175  4734
3.4602963267574753  4455
3.4604467838807205  4383
3.4605971888976015  4640
3.460747541844197  4644
3.4608978427565478  4410
3.4610480916706576  4424
3.461198288622493  4387
3.461348433647983  4561
3.4614985267830187  4464
3.4616485680634552  4305
3.461798557525109  4553
3.461948495203762  4360
3.462098381135156  4563
3.4622482153549976  4429
3.462397997898956  4365
3.4625477288026643  4537
3.4626974081017172  4462
3.4628470358316736  4337
3.462996612028056  4500
3.4631461367263494  4265
3.4632956099620027  4354
3.4634450317704277  4384
3.463594402187  4291
3.463743721247059  4374
3.4638929889859074  4421
3.464042205438811  4361
3.4641913706409997  4297
3.4643404846276673  4458
3.4644895474339714  4521
3.464638559095033  4458
3.4647875196459372  4518
3.4649364291217326  4415
3.4650852875574327  4449
3.4652340949880145  4424
3.4653828514484184  4604
3.46553155697355  4506
3.465680211598278  4596
3.4658288153574364  4524
3.465977368285823  4406
3.466125870418199  4690
3.466274321789292  4555
3.466422722433792  4549
3.4665710723863543  4439
3.4667193716815987  4160
3.4668676203541096  4469
3.4670158184384356  4422
3.4671639659690903  4537
3.467312062980552  4435
3.4674601095072637  4775
3.467608105583633  4213
3.467756051244033  4549
3.4679039465228003  4572
3.4680517914542377  4350
3.4681995860726125  4391
3.4683473304121573  4370
3.468495024507069  4410
3.4686426683915115  4453
3.468790262099611  4321
3.4689378056654614  4372
3.4690852991231202  4607
3.469232742506612  4445
3.469380135849925  4338
3.469527479187014  4382
3.469674772551798  4421
3.469822015978163  4466
3.4699692094999595  4499
3.470116353151004  4619
3.4702634469650784  4374
3.470410490975931  4611
3.4705574852172743  4533
3.470704429722788  4747
3.4708513245261177  4277
3.4709981696608736  4301
3.471144965160633  4489
3.4712917110589387  4539
3.471438407389299  4356
3.47158505418519  4483
3.471731651480051  4420
3.4718781993072905  4332
3.4720246977002813  4470
3.472171146692363  4589
3.472317546316842  4594
3.4724638966069894  4469
3.472610197596045  4590
3.4727564493172123  4501
3.472902651803664  4490
3.4730488050885375  4456
3.473194909204938  4567
3.4733409641859354  4415
3.4734869700645685  4166
3.473632926873841  4580
3.473778834646725  4447
3.473924693416157  4412
3.4740705032150436  4514
3.4742162640762553  4532
3.4743619760326307  4512
3.474507639116976  4602
3.474653253362063  4506
3.474798818800631  4533
3.4749443354653877  4353
3.4750898033890065  4415
3.475235222604128  4628
3.475380593143361  4319
3.4755259150392805  4439
3.4756711883244296  4351
3.475816413031318  4442
3.4759615891924236  4669
3.4761067168401913  4286
3.4762517960070336  4445
3.4763968267253302  4407
3.4765418090274287  4601
3.476686742945645  4283
3.4768316285122607  4284
3.476976465759527  4403
3.4771212547196626  4364
3.477265995424853  4414
3.4774106879072515  4460
3.477555332198981  4424
3.4776999283321306  4312
3.4778444763387584  4544
3.4779889762508893  4494
3.4781334281005174  4594
3.4782778319196046  4421
3.4784221877400805  4459
3.4785664955938436  4371
3.4787107555127594  4500
3.478854967528663  4404
3.478999131673357  4486
3.479143247978613  4303
3.47928731647617  4421
3.4794313371977363  4545
3.4795753101749884  4477
3.479719235439571  4574
3.479863113023098  4332
3.4800069429571505  4391
3.4801507252732806  4373
3.4802944600030066  4341
3.480438147177817  4587
3.480581786829169  4335
3.4807253789884878  4462
3.4808689236871677  4197
3.481012420956573  4253
3.4811558708280352  4512
3.481299273332856  4522
3.481442628502305  4425
3.4815859363676225  4336
3.481729196960016  4473
3.4818724103106633  4445
3.4820155764507117  4340
3.482158695411276  4535
3.4823017672234426  4459
3.4824447919182653  4581
3.4825877695267677  4606
3.482730700079943  4237
3.482873583608754  4289
3.483016420144132  4409
3.4831592097169795  4515
3.483301952358167  4450
3.4834446480985353  4216
3.4835872969688944  4558
3.4837298990000236  4530
3.4838724542226736  4340
3.4840149626675627  4672
3.484157424365381  4453
3.484299839346786  4530
3.484442207642407  4415
3.484584529282843  4528
3.4847268042986617  4460
3.484869032720402  4238
3.485011214578573  4376
3.485153349903652  4439
3.485295438726089  4532
3.485437481076301  4366
3.485579476984679  4579
3.48572142648158  4774
3.4858633295973345  4488
3.486005186362242  4452
3.4861469968065726  4224
3.486288760960566  4326
3.486430478854434  4546
3.4865721505183562  4349
3.4867137759824853  4587
3.4868553552769432  4271
3.4869968884318228  4657
3.4871383754771865  4542
3.4872798164430687  4875
3.4874212113594742  4347
3.4875625602563782  4330
3.4877038631637265  4545
3.4878451201114355  4495
3.4879863311293935  4404
3.4881274962474587  4437
3.48826861549546  4241
3.488409688903198  4402
3.4885507165004443  4446
3.4886916983169405  4301
3.4888326343824003  4520
3.488973524726508  4381
3.4891143693789193  4357
3.4892551683692603  4417
3.4893959217271293  4595
3.4895366294820955  4441
3.4896772916636984  4627
3.4898179083014504  4606
3.4899584794248346  4559
3.4900990050633047  4622
3.4902394852462875  4448
3.490379920003179  4485
3.490520309363349  4327
3.490660653356137  4369
3.490800952010855  4173
3.490941205356787  4537
3.491081413423187  4230
3.491221576239283  4624
3.4913616938342726  4440
3.4915017662373264  4347
3.4916417934775863  4442
3.491781775584166  4354
3.491921712586151  4360
3.492061604512599  4547
3.49220145139254  4595
3.4923412532549745  4351
3.4924810101288766  4405
3.492620722043192  4430
3.4927603890268375  4605
3.4929000111087034  4416
3.4930395883176515  4553
3.493179120682515  4391
3.4933186082321015  4391
3.4934580509951885  4508
3.493597449000527  4435
3.49373680227684  4693
3.4938761108528227  4349
3.4940153747571436  4202
3.494154594018443  4637
3.4942937686653326  4379
3.494432898726399  4315
3.4945719842301988  4543
3.494711025205263  4414
3.494850021680094  4509
3.494988973683168  4466
3.4951278812429334  4238
3.4952667443878105  4576
3.495405563146193  4605
3.4955443375464483  4423
3.4956830676169153  4393
3.495821753385906  4506
3.4959603948817053  4115
3.496098992132571  4425
3.496237545166735  4249
3.496376054012401  4598
3.496514518697745  4495
3.496652939250918  4579
3.4967913157000425  4376
3.496929648073215  4297
3.497067936398505  4534
3.4972061807039547  4210
3.49734438101758  4551
3.4974825373673704  4504
3.497620649781288  4484
3.497758718287268  4385
3.49789674291322  4619
3.498034723687027  4284
3.498172660636544  4329
3.4983105537896004  4560
3.4984484031739997  4475
3.498586208817518  4400
3.4987239707479048  4331
3.498861688992884  4221
3.498999363580153  4500
3.4991369945373827  4418
3.4992745818922173  4333
3.499412125672275  4342
3.499549625905149  4591
3.499687082618404  4392
3.49982449583958  4378
3.49996186559619  4296
3.500099191915723  4351
3.500236474825639  4355
3.500373714353374  4478
3.5005109105263372  4123
3.500648063371912  4530
3.500785172917456  4439
3.5009222391903005  4298
3.5010592622177517  4384
3.501196242027089  4501
3.501333178645566  4676
3.501470072100412  4509
3.5016069224188295  4333
3.5017437296279943  4383
3.5018804937550585  4266
3.5020172148271476  4480
3.5021538928713607  4785
3.5022905279147727  4285
3.5024271199844326  4439
3.502563669107363  4431
3.502700175310563  4652
3.502836638621003  4432
3.5029730590656314  4253
3.503109436671369  4403
3.503245771465113  4239
3.5033820634737327  4397
3.5035183127240748  4445
3.5036545192429593  4259
3.503790683057181  4384
3.5039268041935103  4235
3.5040628826786917  4442
3.504198918539445  4420
3.5043349118024643  4463
3.504470862494419  4430
3.5046067706419537  4431
3.504742636271688  4334
3.504878459410216  4456
3.505014240084107  4500
3.505149978319906  4352
3.5052856741441323  4468
3.505421327583281  4370
3.5055569386638217  4470
3.5056925074122  4200
3.5058280338548364  4354
3.505963518018126  4400
3.5060989599284405  4185
3.506234359612126  4402
3.506369717095504  4363
3.506505032404872  4308
3.5066403055665023  4525
3.5067755366066433  4304
3.506910725551518  4605
3.5070458724273257  4194
3.5071809772602407  4284
3.5073160400764136  4347
3.50745106090197  4239
3.5075860397630105  4350
3.5077209766856137  4333
3.507855871695831  4436
3.5079907248196913  4373
3.5081255360831993  4435
3.5082603055123345  4434
3.508395033133053  4381
3.5085297189712867  4436
3.508664363052943  4408
3.508798965403905  4325
3.5089335260500327  4299
3.5090680450171616  4213
3.509202522331103  4284
3.509336958017644  4240
3.5094713521025485  4491
3.5096057046115563  4183
3.509740015570382  4208
3.5098742850047193  4581
3.5100085129402347  4215
3.5101426994025733  4359
3.510276844417355  4073
3.510410948010177  4191
3.510545010206612  4315
3.51067903103221  4131
3.510813010512496  4364
3.5109469486729727  4176
3.5110808455391185  4303
3.511214701136388  4251
3.511348515490213  4114
3.5114822886260013  4221
3.5116160205691376  4390
3.511749711344983  4299
3.5118833609788744  4236
3.5120169694961265  4375
3.5121505369220305  4242
3.5122840632818537  4185
3.51241754860084  4258
3.512550992904211  4232
3.5126843962171637  4244
3.512817758564873  4079
3.5129510799724906  4300
3.513084360465144  4189
3.513217600067939  4013
3.513350798805957  4262
3.513483956704257  4072
3.513617073787875  4008
3.5137501500818233  4288
3.5138831856110926  3974
3.5140161804006493  4197
3.514149134475437  4127
3.514282047860378  4051
3.514414920580369  4048
3.514547752660286  4116
3.5146805441249818  4081
3.514813294999285  3973
3.5149460053080044  3947
3.5150786750759226  4016
3.515211304327802  3878
3.5153438930883807  4025
3.515476441382376  4070
3.51560894923448  3991
3.515741416669365  3853
3.515873843711679  3970
3.5160062303860475  3766
3.5161385767170743  3855
3.5162708827293403  3904
3.516403148447403  3873
3.5165353738957994  3858
3.516667559099043  3846
3.5167997040816243  3649
3.5169318088680126  3876
3.5170638734826545  3625
3.5171958979499744  3766
3.5173278822943734  3646
3.5174598265402324  3903
3.517591730711908  3609
3.5177235948337358  3463
3.517855418930029  3572
3.5179872030250783  3551
3.518118947143153  3693
3.5182506513085  3469
3.518382315545344  3515
3.5185139398778875  3524
3.5186455243303114  3372
3.518777068926775  3356
3.518908573691414  3482
3.5190400386483445  3420
3.519171463821659  3409
3.519302849235429  3301
3.519434194913703  3415
3.519565500880509  3212
3.519696767159853  3292
3.519827993775719  3172
3.5199591807520685  3089
3.5200903281128424  3110
3.52022143588196  3095
3.520352504083318  2996
3.520483532740792  3038
3.520614521878236  3027
3.5207454715194824  2977
3.5208763816883417  2965
3.521007252408604  2937
3.5211380837040362  2751
3.5212688755983854  2891
3.521399628115376  2792
3.521530341278711  2805
3.5216610151120733  2605
3.5217916496391233  2592
3.5219222448835006  2702
3.5220528008688223  2678
3.5221833176186865  2567
3.522313795156667  2599
3.5224442335063197  2487
3.522574632691177  2354
3.52270499273475  2459
3.52283531366053  2427
3.5229655954919865  2351
3.523095838252568  2257
3.523226041965701  2154
3.5233562066547925  2167
3.5234863323432277  2132
3.523616419054371  2106
3.5237464668115646  2011
3.523876475638131  1981
3.5240064455573727  1996
3.5241363765925686  1935
3.524266268766979  2024
3.524396122103842  1833
3.5245259366263757  1788
3.5246557123577773  1731
3.5247854493212225  1668
3.524915147539867  1775
3.525044807036845  1700
3.5251744278352715  1593
3.525304009958239  1568
3.52543355342882  1532
3.525563058270067  1452
3.525692524505011  1455
3.5258219521566625  1362
3.5259513412480126  1361
3.5260806918020298  1332
3.526210003841664  1377
3.526339277389844  1337
3.5264685124694775  1256
3.526597709103452  1228
3.5267268673146357  1266
3.5268559871258747  1121
3.5269850685599957  1110
3.527114111639805  1095
3.5272431163880884  1062
3.527372082827612  964
3.52750101098112  969
3.5276299008713385  914
3.5277587525209717  928
3.527887565952705  907
3.5280163411892014  879
3.5281450782531065  775
3.5282737771670436  760
3.5284024379536176  775
3.5285310606354114  774
3.5286596452349897  752
3.5287881917748964  654
3.5289167002776547  672
3.529045170765769  622
3.529173603261723  619
3.5293019977879805  607
3.529430354366986  579
3.529558673021163  549
3.5296869537729165  520
3.5298151966446305  536
3.5299434016586693  527
3.530071568837378  463
3.530199698203082  444
3.5303277897780863  411
3.5304558435846762  421
3.530583859645118  435
3.530711837981657  394
3.5308397786165204  359
3.530967681571915  336
3.531095546870028  330
3.5312233745330266  303
3.5313511645830595  279
3.531478917042255  287
3.531606631932722  287
3.5317343092765503  254
3.531861949095809  253
3.53198955141255  231
3.532117116248804  228
3.532244643626582  218
3.5323721335678773  195
3.5324995860946626  222
3.532627001228891  187
3.5327543789924976  173
3.5328817194073974  153
3.5330090224954853  142
3.533136288278639  154
3.5332635167787148  134
3.5333907080175515  112
3.5335178620169674  115
3.5336449787987627  112
3.533772058384718  88
3.5338991007965945  85
3.534026106056135  96
3.5341530741850624  84
3.5342800052050816  77
3.534406899137877  78
3.5345337560051155  67
3.534660575828444  49
3.5347873586294916  56
3.534914104429867  55
3.5350408132511606  44
3.535167485114944  53
3.5352941200427703  44
3.5354207180561734  55
3.535547279176668  48
3.53567380342575  45
3.5358002908248976  37
3.5359267413955693  29
3.5360531551592045  38
3.536179532137225  36
3.5363058723510337  29
3.5364321758220134  26
3.53655844257153  20
3.5366846726209302  23
3.5368108659915416  27
3.5369370227046737  17
3.537063142781617  20
3.5371892262436444  25
3.53731527311201  17
3.5374412834079476  17
3.5375672571526753  14
3.5376931943673906  18
3.537819095073274  15
3.5379449592914867  15
3.538070787043172  12
3.5381965783494542  16
3.53832233323144  11
3.5384480517102173  7
3.5385737338068557  5
3.5386993795424067  5
3.5388249889379035  5
3.5389505620143615  7
3.5390760987927767  3
3.539201599294128  4
3.539327063539375  3
3.539452491549461  4
3.539577883345309  2
3.5397032389478253  3
3.539828558377898  2
3.5399538416563967  3
3.540079088804173  4
3.5402042998420598  4
3.5403294747908736  2
3.540454613671412  3
3.540579716504454  1
3.5407047833107623  2
3.540954808926133  2
3.541079767776629  2
3.5412046906832586  2
3.5413295776666938  3
3.541454428747589  4
3.5415792439465807  1
3.5417040232842885  3
3.5418287667813124  3
3.541953474458236  4
3.5420781463356255  1
3.5422027824340283  1
3.5423273827739745  1
