0.3010299956639812  7317
0.47712125471966244  7957
0.6020599913279624  7716
0.6989700043360189  7453
0.7781512503836436  7434
0.8450980400142568  7291
0.9030899869919435  8199
0.9542425094393249  7752
1.0  7814
1.0413926851582251  7524
1.0791812460476249  7888
1.1139433523068367  7525
1.146128035678238  8352
1.1760912590556813  7438
1.2041199826559248  7546
1.2304489213782739  7681
1.255272505103306  8713
1.2787536009528289  7290
1.3010299956639813  7071
1.3222192947339193  7556
1.3424226808222062  6847
1.3617278360175928  6419
1.380211241711606  6240
1.3979400086720377  5248
1.414973347970818  4431
1.4313637641589874  4079
1.4471580313422192  4350
1.462397997898956  3667
1.4771212547196624  3886
1.4913616938342726  4035
1.505149978319906  3743
1.5185139398778875  3589
1.5314789170422551  3719
1.5440680443502757  3609
1.5563025007672873  3863
1.568201724066995  3734
1.5797835966168101  3860
1.591064607026499  3415
1.6020599913279623  3724
1.6127838567197355  3686
1.6232492903979006  3508
1.6334684555795864  3622
1.6434526764861874  3456
1.6532125137753437  3244
1.662757831681574  3884
1.6720978579357175  3170
1.6812412373755872  3767
1.6901960800285136  3798
1.6989700043360187  3919
1.7075701760979363  3735
1.7160033436347992  3740
1.724275869600789  3569
1.7323937598229686  3614
1.7403626894942439  4047
1.7481880270062005  3194
1.7558748556724915  3762
1.7634279935629373  3560
1.7708520116421442  3346
1.7781512503836436  3828
1.7853298350107671  3461
1.792391689498254  3589
1.7993405494535817  3615
1.806179973983887  3614
1.8129133566428555  4056
1.8195439355418688  4018
1.8260748027008264  3814
1.8325089127062364  4193
1.8388490907372552  3495
1.845098040014257  3600
1.8512583487190752  3631
1.8573324964312685  4090
1.863322860120456  3572
1.8692317197309762  3966
1.8750612633917  3638
1.8808135922807914  3678
1.8864907251724818  3815
1.8920946026904804  3531
1.8976270912904414  3673
1.9030899869919435  3704
1.9084850188786497  3493
1.9138138523837167  3507
1.919078092376074  3779
1.9242792860618816  4154
1.9294189257142926  3710
1.9344984512435677  3333
1.9395192526186185  3582
1.9444826721501687  3730
1.9493900066449128  3501
1.954242509439325  3335
1.9590413923210936  3636
1.9637878273455553  3447
1.968482948553935  3509
1.9731278535996986  3642
1.9777236052888478  3570
1.9822712330395684  3947
1.9867717342662448  3829
1.9912260756924949  3524
1.99563519459755  3281
2.0  3301
2.0043213737826426  3670
2.0086001717619175  3980
2.012837224705172  3461
2.0170333392987803  3996
2.0211892990699383  3477
2.0253058652647704  3912
2.0293837776852097  3476
2.03342375548695  3820
2.037426497940624  3748
2.041392685158225  3635
2.0453229787866576  3874
2.0492180226701815  4009
2.0530784434834195  3666
2.0569048513364727  3793
2.060697840353612  3711
2.0644579892269186  3809
2.0681858617461617  3904
2.0718820073061255  3924
2.0755469613925306  3708
2.0791812460476247  3545
2.0827853703164503  3108
2.0863598306747484  3869
2.089905111439398  3570
2.093421685162235  3633
2.0969100130080562  3706
2.100370545117563  3559
2.103803720955957  3737
2.1072099696478683  3414
2.110589710299249  3653
2.113943352306837  3944
2.1172712956557644  3668
2.12057393120585  4008
2.123851640967086  3564
2.1271047983648077  3340
2.130333768495006  3690
2.1335389083702174  3643
2.1367205671564067  3663
2.1398790864012365  3753
2.143014800254095  4056
2.146128035678238  3765
2.1492191126553797  3676
2.1522883443830563  3660
2.155336037465062  3498
2.1583624920952498  4076
2.161368002234975  3609
2.164352855784437  3638
2.167317334748176  3394
2.1702617153949575  3613
2.173186268412274  3435
2.1760912590556813  3797
2.1789769472931693  3992
2.1818435879447726  3602
2.184691430817599  4075
2.187520720836463  3679
2.1903316981702914  3586
2.1931245983544616  3810
2.1958996524092336  3838
2.1986570869544226  3721
2.2013971243204513  3780
2.2041199826559246  3736
2.2068258760318495  3584
2.2095150145426308  3605
2.2121876044039577  3624
2.214843848047698  3436
2.2174839442139063  3085
2.220108088040055  3753
2.2227164711475833  3515
2.225309281725863  3970
2.2278867046136734  3442
2.230448921378274  3754
2.2329961103921536  3353
2.2355284469075487  3346
2.2380461031287955  3428
2.2405492482826  3527
2.2430380486862944  3483
2.24551266781415  3677
2.247973266361807  4145
2.250420002308894  3495
2.2528530309798933  4112
2.255272505103306  3879
2.2576785748691846  3388
2.2600713879850747  3611
2.2624510897304293  3854
2.2648178230095364  3572
2.2671717284030137  3493
2.2695129442179165  3284
2.271841606536499  3742
2.27415784926368  3687
2.2764618041732443  3540
2.278753600952829  3192
2.2810333672477277  3421
2.2833012287035497  3897
2.285557309007774  3507
2.287801729930226  3544
2.290034611362518  3917
2.292256071356476  3620
2.294466226161593  3644
2.296665190261531  4222
2.298853076409707  3933
2.3010299956639813  3441
2.303196057420489  3686
2.305351369446624  3533
2.307496037913213  3775
2.3096301674258988  3361
2.311753861055754  3427
2.3138672203691533  3791
2.315970345456918  3430
2.3180633349627615  3321
2.3201462861110542  3665
2.322219294733919  3787
2.3242824552976926  3473
2.326335860928751  3643
2.3283796034387376  3621
2.330413773349191  3630
2.3324384599156054  3573
2.3344537511509307  3168
2.3364597338485296  3247
2.3384564936046046  3399
2.3404441148401185  3587
2.342422680822206  3569
2.3443922736851106  3626
2.346352974450639  3594
2.3483048630481607  3729
2.3502480183341627  4007
2.3521825181113627  3682
2.3541084391474008  3825
2.3560258571931225  3512
2.357934847000454  3576
2.359835482339888  3862
2.361727836017593  3651
2.3636119798921444  3828
2.3654879848909  3904
2.367355921026019  3425
2.369215857410143  4466
2.3710678622717363  3975
2.3729120029701067  3644
2.374748346010104  3723
2.376576957056512  4230
2.3783979009481375  3718
2.380211241711606  3468
2.3820170425748683  3876
2.383815365980431  3753
2.385606273598312  3606
2.387389826338729  4169
2.3891660843645326  3569
2.3909351071033793  3234
2.392696953259666  4112
2.3944516808262164  3624
2.3961993470957363  3843
2.3979400086720375  3722
2.399673721481038  3532
2.401400540781544  3778
2.403120521175818  3323
2.404833716619938  3474
2.406540180433955  3658
2.4082399653118496  3684
2.4099331233312946  3746
2.41161970596323  3639
2.413299764081252  3589
2.4149733479708178  3936
2.416640507338281  3683
2.4183012913197452  4126
2.419955748489758  3397
2.4216039268698313  3432
2.423245873936808  3597
2.424881636631067  3376
2.4265112613645754  3640
2.428134794028789  3711
2.429752280002408  3843
2.4313637641589874  3590
2.432969290874406  3630
2.4345689040341987  3351
2.436162647040756  3172
2.437750562820388  4118
2.439332693830263  3585
2.4409090820652177  3703
2.4424797690644486  3515
2.444044795918076  3489
2.4456042032735974  3612
2.4471580313422194  3882
2.44870631990508  3376
2.450249108319361  3670
2.45178643552429  3634
2.4533183400470375  3497
2.45484486000851  3776
2.456366033129043  4039
2.4578818967339924  3671
2.459392487759231  3640
2.4608978427565478  3722
2.462397997898956  3672
2.4638929889859074  3497
2.4653828514484184  3571
2.4668676203541096  3530
2.4683473304121573  4324
2.469822015978163  3746
2.4712917110589387  3770
2.4727564493172123  3826
2.4742162640762553  3718
2.4756711883244296  3706
2.4771212547196626  3631
2.4785664955938436  3548
2.4800069429571505  3508
2.481442628502305  3480
2.482873583608754  3571
2.484299839346786  3960
2.48572142648158  3449
2.4871383754771865  3292
2.4885507165004443  3334
2.4899584794248346  3837
2.4913616938342726  3515
2.4927603890268375  3516
2.494154594018443  3610
2.4955443375464483  3642
2.496929648073215  3571
2.4983105537896004  3640
2.499687082618404  3702
2.5010592622177517  3536
2.5024271199844326  3580
2.503790683057181  3767
2.505149978319906  3682
2.506505032404872  3662
2.507855871695831  3568
2.509202522331103  3233
2.510545010206612  3990
2.5118833609788744  3471
2.513217600067939  3599
2.514547752660286  3616
2.515873843711679  3791
2.5171958979499744  3444
2.5185139398778875  3654
2.519827993775719  3705
2.5211380837040362  3543
2.5224442335063197  3797
2.5237464668115646  3691
2.525044807036845  3957
2.526339277389844  3614
2.5276299008713385  3664
2.5289167002776547  3547
2.530199698203082  3234
2.531478917042255  4178
2.5327543789924976  3577
2.534026106056135  3304
2.5352941200427703  3949
2.53655844257153  3722
2.537819095073274  3611
2.5390760987927767  3912
2.5403294747908736  3579
2.5415792439465807  3547
2.5428254269591797  4035
2.5440680443502757  3626
2.545307116465824  3638
2.546542663478131  3411
2.5477747053878224  3581
2.5490032620257876  3546
2.550228353055094  3763
2.5514499979728753  3563
2.552668216112193  3844
2.5538830266438746  3569
2.5550944485783194  4024
2.5563025007672873  3360
2.5575072019056577  3678
2.558708570533166  3387
2.5599066250361124  3915
2.561101383649056  3773
2.5622928644564746  3453
2.5634810853944106  4217
2.5646660642520893  3897
2.5658478186735176  3954
2.56702636615906  3794
2.568201724066995  3495
2.569373909615046  3758
2.5705429398818973  3507
2.571708831808688  4036
2.5728716022004803  3846
2.574031267727719  3673
2.575187844927661  3596
2.576341350205793  3081
2.5774917998372255  3946
2.578639209968072  3745
2.57978359661681  3661
2.5809249756756194  3786
2.582063362911709  3432
2.583198773968623  3435
2.584331224367531  3558
2.5854607295085006  3461
2.586587304671755  3636
2.5877109650189114  3789
2.5888317255942073  3946
2.5899496013257077  3591
2.591064607026499  3880
2.5921767573958667  4101
2.593286067020457  3597
2.5943925503754266  3449
2.595496221825574  3723
2.59659709562646  3463
2.597695185925512  3590
2.598790506763115  3634
2.5998830720736876  3450
2.6009728956867484  3374
2.6020599913279625  3573
2.603144372620182  3605
2.60422605308447  3824
2.6053050461411096  3635
2.606381365110605  3648
2.6074550232146687  3647
2.6085260335771943  3084
2.60959440922522  3624
2.61066016308988  4007
2.611723308007342  3657
2.6127838567197355  3459
2.6138418218760693  3730
2.6148972160331345  3826
2.615950051656401  3533
2.617000341120899  3616
2.6180480967120925  3294
2.6190933306267428  3258
2.6201360549737576  3760
2.621176281775035  3580
2.622214022966295  3922
2.6232492903979003  3655
2.6242820958356683  3441
2.625312450961674  3726
2.6263403673750423  3581
2.6273658565927325  4006
2.6283889300503116  3328
2.629409599102719  3883
2.630427875025024  3544
2.6314437690131722  3570
2.6324572921847245  3174
2.6334684555795866  4286
2.6344772701607315  3541
2.635483746814912  3752
2.6364878963533656  3873
2.637489729512511  4464
2.6384892569546374  3465
2.639486489268586  3572
2.640481436970422  3578
2.6414741105040997  3574
2.6424645202421213  3744
2.6434526764861874  3518
2.6444385894678386  3727
2.645422269349092  3661
2.6464037262230695  3312
2.6473829701146196  3429
2.6483600109809315  3937
2.649334858712142  3775
2.6503075231319366  3567
2.651278013998144  3237
2.6522463410033232  4117
2.6532125137753435  3473
2.6541765418779604  3427
2.655138434811382  3484
2.656098202012832  3560
2.6570558528571038  3877
2.6580113966571126  3594
2.658964842664435  3705
2.6599162000698504  3601
2.660865478003869  3575
2.661812685537261  4226
2.662757831681574  3348
2.663700925389648  3604
2.6646419755561257  3928
2.6655809910179533  3694
2.6665179805548807  3981
2.667452952889954  3744
2.66838591669  3504
2.6693168805661123  3719
2.670245853074124  3866
2.6711728427150834  3965
2.6720978579357175  3688
2.673020907128896  3379
2.673941998634088  3367
2.6748611407378116  3830
2.6757783416740852  3575
2.6766936096248664  4036
2.677606952720493  3217
2.678518379040114  3756
2.6794278966121188  3579
2.680335513414563  3383
2.681241237375587  3913
2.682145076373832  3535
2.6830470382388496  3597
2.683947130751512  3771
2.6848453616444123  3658
2.6857417386022635  3863
2.6866362692622934  3370
2.6875289612146345  3457
2.6884198220027105  3922
2.6893088591236203  3346
2.690196080028514  3719
2.6910814921229687  3785
2.69196510276736  3419
2.69284691927723  3381
2.693726948923647  3816
2.694605198933569  4003
2.6954816764901977  3703
2.696356388733332  3529
2.6972293427597176  3583
2.6981005456233897  3684
2.6989700043360187  3858
2.699837725867246  3336
2.7007037171450192  3714
2.7015679850559273  3972
2.7024305364455254  3870
2.7032913781186614  3749
2.7041505168397992  3980
2.705007959333336  3925
2.7058637122839193  3394
2.7067177823367587  3771
2.7075701760979363  3581
2.708420900134713  3838
2.709269960975831  4124
2.7101173651118162  3630
2.710963118995276  3915
2.711807229041191  3850
2.7126497016272113  3481
2.7134905430939424  3870
2.714329759745233  3782
2.7151673578484576  3818
2.716003343634799  3821
2.7168377232995247  3685
2.717670503002262  3388
2.718501688867274  3818
2.7193312869837265  3514
2.720159303405957  3543
2.7209857441537393  3903
2.7218106152125467  3630
2.722633922533812  3479
2.7234556720351857  3724
2.724275869600789  3634
2.725094521081469  3605
2.7259116322950483  3807
2.7267272090265724  3291
2.727541257028556  3627
2.7283537820212285  3439
2.72916478969277  3421
2.7299742856995555  3913
2.7307822756663893  3566
2.7315887651867388  3708
2.7323937598229686  3605
2.7331972651065692  3818
2.733999286538387  3806
2.734799829588847  3377
2.73559889969818  3710
2.7363965022766426  3457
2.7371926427047373  3885
2.737987326333431  3988
2.738780558484369  3527
2.739572344450092  3620
2.7403626894942437  4070
2.741151598851785  3565
2.741939077729199  4014
2.7427251313046983  3340
2.74350976472843  3395
2.7442929831226763  4038
2.7450747915820575  3261
2.745855195173729  3305
2.7466341989375787  3392
2.747411807886423  4032
2.7481880270062002  3325
2.7489628612561616  3498
2.749736315569061  3831
2.7505083948513462  3258
2.751279103983342  3818
2.7520484478194387  3780
2.7528164311882715  3974
2.7535830588929064  3816
2.754348335711019  3505
2.7551122663950713  3542
2.7558748556724915  3754
2.756636108245848  4065
2.7573960287930244  3433
2.75815462196739  3655
2.7589118923979736  3613
2.7596678446896306  3480
2.760422483423212  3875
2.7611758131557314  3569
2.761927838420529  4179
2.762678563727436  3211
2.7634279935629373  3768
2.7641761323903307  3858
2.7649229846498886  3630
2.765668554759014  3700
2.7664128471123997  4261
2.7671558660821804  3633
2.767897616018091  3914
2.7686381012476144  3567
2.7693773260761385  3578
2.7701152947871015  3661
2.7708520116421442  3677
2.7715874808812555  3754
2.77232170672292  3483
2.7730546933642626  3983
2.7737864449811935  4127
2.7745169657285498  3845
2.7752462597402365  3627
2.775974331129369  3940
2.776701183988411  4027
2.7774268223893115  3640
2.7781512503836434  3579
2.7788744720027396  4004
2.7795964912578244  3976
2.780317312140151  3888
2.7810369386211318  3732
2.781755374652469  3578
2.782472624166286  3281
2.7831886910752575  3800
2.783903579272735  3604
2.784617292632875  3531
2.785329835010767  3675
2.786041210242554  3736
2.7867514221455614  3237
2.787460474518415  3742
2.788168371141168  3726
2.788875115775417  4188
2.7895807121644256  3622
2.7902851640332416  4018
2.790988475088816  3831
2.791690649020118  3263
2.792391689498254  3414
2.79309160017658  3593
2.7937903846908188  3441
2.7944880466591697  3625
2.795184589682424  3580
2.7958800173440754  3639
2.7965743332104296  3842
2.7972675408307164  3559
2.797959643737196  3584
2.798650645445269  3899
2.7993405494535817  3377
2.8000293592441343  3639
2.800717078282385  3831
2.801403710017355  3576
2.802089257881733  3764
2.8027737252919755  3819
2.803457115648414  3802
2.8041394323353503  3951
2.8048206787211623  3650
2.8055008581584002  3289
2.806179973983887  3888
2.8068580295188172  3528
2.807535028068853  3926
2.808210972924222  3871
2.808885867359812  3819
2.8095597146352675  3482
2.8102325179950842  3856
2.8109042806687006  3656
2.8115750058705933  3648
2.812244696800369  3539
2.8129133566428557  3652
2.813580988568192  3673
2.81424759573192  3636
2.814913181275074  3802
2.815577748324267  4095
2.816241299991783  3971
2.8169038393756605  3431
2.8175653695597807  3406
2.8182258936139557  3614
2.8188854145940097  3836
2.8195439355418688  3742
2.82020145948564  3984
2.8208579894397  3768
2.821513528404773  3724
2.8221680793680175  3692
2.8228216453031045  4054
2.823474229170301  3082
2.824125833916549  3223
2.824776462475546  3129
2.8254261177678233  3585
2.8260748027008264  3748
2.826722520168992  3716
2.8273692730538253  3617
2.828015064223977  3667
2.82865989653532  3998
2.829303772831025  3806
2.829946695941636  3803
2.8305886686851442  3349
2.8312296938670634  4109
2.8318697742805017  3743
2.832508912706236  3245
2.833147111912785  3471
2.833784374656479  4385
2.8344207036815328  3786
2.835056101720116  3962
2.8356905714924254  3581
2.8363241157067516  3954
2.8369567370595505  3127
2.837588438235511  3853
2.8382192219076257  4001
2.838849090737255  3555
2.8394780473741985  3476
2.840106094456758  3372
2.8407332346118066  3747
2.841359470454855  3612
2.8419848045901137  3556
2.842609239610562  3400
2.8432327780980096  3521
2.843855422623161  3908
2.8444771757456815  3576
2.845098040014257  3969
2.8457180179666586  3601
2.846337112129805  3544
2.846955325019824  3608
2.847572659142112  3073
2.848189116991399  3870
2.8488047010518036  4177
2.8494194137968996  3743
2.850033257689769  3588
2.8506462351830666  3651
2.8512583487190755  3504
2.851869600729766  3801
2.8524799936368566  4003
2.8530895298518657  3440
2.8536982117761744  3905
2.8543060418010806  3722
2.8549130223078554  3721
2.8555191556678  3976
2.8561244442423  3321
2.8567288903828825  3778
2.8573324964312685  3581
2.857935264719429  3264
2.858537197569639  3367
2.859138297294531  3667
2.859738566197147  3543
2.8603380065709936  4005
2.8609366207000937  3671
2.8615344108590377  3644
2.862131379313037  3634
2.8627275283179747  4095
2.863322860120456  3289
2.8639173769578603  3487
2.864511081058392  3485
2.8651039746411278  3678
2.8656960599160706  3637
2.8662873390841948  3542
2.866877814337499  3965
2.8674674878590514  3293
2.8680563618230415  3605
2.8686444383948255  3207
2.8692317197309762  3583
2.869818207979328  3768
2.870403905279027  3462
2.8709888137605755  4039
2.8715729355458786  3539
2.8721562727482928  3795
2.8727388274726686  3767
2.873320601815399  3795
2.8739015978644615  3614
2.8744818176994666  3473
2.8750612633917  3947
2.8756399370041685  3882
2.876217840591642  3581
2.8767949762007006  3338
2.877371345869774  3607
2.8779469516291885  3223
2.8785217955012063  3617
2.8790958795000727  4063
2.8796692056320534  3222
2.88024177589548  3468
2.8808135922807914  3625
2.8813846567705728  3852
2.8819549713396007  3758
2.8825245379548803  3704
2.8830933585756897  3577
2.8836614351536176  3740
2.884228769632604  3425
2.884795363948981  4028
2.885361220031512  3446
2.885926339801431  3839
2.886490725172482  3579
2.8870543780509568  3273
2.887617300335736  3594
2.888179493918325  3392
2.8887409606828927  3740
2.88930170250631  4039
2.8898617212581885  3368
2.890421018800914  3495
2.890979596989689  3690
2.8915374576725643  3522
2.8920946026904804  3613
2.8926510338773004  3821
2.893206753059848  3710
2.8937617620579434  3976
2.8943160626844384  3470
2.8948696567452528  3710
2.895422546039408  3861
2.8959747323590648  3597
2.8965262174895554  3518
2.89707700320942  3729
2.8976270912904414  3666
2.8981764834976764  3624
2.8987251815894934  3493
2.8992731873176036  3378
2.8998205024270964  3377
2.9003671286564705  3511
2.900913067737669  3567
2.9014583213961123  3742
2.9020028913507296  3348
2.902546779313991  3607
2.9030899869919438  3469
2.9036325160842376  3569
2.9041743682841634  3845
2.904715545278681  3639
2.905256048748451  4135
2.9057958803678687  3893
2.906335041805091  3785
2.90687353472207  3603
2.907411360774586  3291
2.9079485216122722  3582
2.90848501887865  3390
2.909020854211156  3843
2.9095560292411755  3810
2.910090545594068  3469
2.910624404889201  3530
2.9111576087399764  3274
2.9116901587538613  3816
2.9122220565324155  3611
2.912753303671323  3963
2.9132839017604186  3544
2.9138138523837167  3601
2.9143431571194407  3489
2.9148718175400505  3417
2.91539983521227  3584
2.9159272116971158  3639
2.916453948549925  3610
2.9169800473203824  3470
2.9175055095525466  3546
2.9180303367848803  3364
2.9185545305502734  3385
2.9190780923760737  3379
2.919601023784111  3178
2.920123326290724  3405
2.9206450014067875  3908
2.921166050637739  3685
2.921686475483602  3781
2.9222062774390163  3910
2.92272545799326  3644
2.9232440186302764  3693
2.9237619608287004  3730
2.9242792860618816  4105
2.924795995797912  3648
2.9253120914996495  3456
2.9258275746247424  3788
2.926342446625655  3586
2.926856708949692  3503
2.9273703630390235  3758
2.9278834103307068  3576
2.9283958522567137  3938
2.928907690243953  3516
2.929418925714293  3784
2.929929560084588  3691
2.9304395947667  3850
2.930949031167523  3738
2.931457870689005  3628
2.931966114728173  3862
2.932473764677153  3556
2.932980821923198  3508
2.9334872878487053  3317
2.9339931638312424  3226
2.934498451243568  4012
2.935003151453655  4022
2.9355072658247128  3916
2.9360107957152097  3693
2.936513742478893  3788
2.9370161074648142  3527
2.937517892017347  3819
2.9380190974762104  3629
2.938519725176492  3913
2.9390197764486663  3204
2.9395192526186187  3758
2.9400181550076634  3597
2.940516484932567  3615
2.9410142437055695  3514
2.941511432634403  3228
2.942008053022313  3364
2.9425041061680806  3398
2.9429995933660407  3831
2.9434945159061026  3805
2.9439888750737717  3751
2.9444826721501687  3895
2.9449759084120477  3866
2.94546858513182  3360
2.9459607035775686  3552
2.946452265013073  3768
2.9469432706978256  3500
2.9474337218870508  3462
2.9479236198317262  3493
2.948412965778601  3710
2.9489017609702137  3646
2.949390006644913  3655
2.949877704036875  3500
2.950364854376123  3880
2.9508514588885464  3684
2.951337518795918  3804
2.951823035315912  3449
2.9523080096621253  4021
2.952792443044092  3686
2.9532763366673045  3724
2.9537596917332287  3579
2.9542425094393248  3544
2.954724790979063  3841
2.9552065375419416  3340
2.9556877503135057  3735
2.9561684304753633  3629
2.9566485792052033  3451
2.957128197676813  3599
2.957607287060095  3828
2.958085848521085  3486
2.9585638832219674  4093
2.9590413923210934  2939
2.9595183769729982  3878
2.959994838328416  3790
2.960470777534299  3895
2.960946195733831  3803
2.9614210940664485  4233
2.9618954736678504  3741
2.962369335670021  3950
2.9628426812012423  4128
2.9633155113861114  3258
2.963787827345555  3683
2.964259630196849  3640
2.9647309210536292  3957
2.965201701025912  3730
2.9656719712201065  3341
2.9661417327390325  3655
2.966610986681934  3561
2.967079734144497  3915
2.967547976218862  3648
2.968015713993642  3591
2.9684829485539352  3501
2.9689496809813427  3997
2.9694159123539814  3795
2.9698816437465  2997
2.9703468762300935  4134
2.9708116108725178  3752
2.971275848738105  3856
2.971739590887778  3880
2.9722028383790646  4008
2.972665592266111  3476
2.9731278535996988  3509
2.973589623427257  3790
2.9740509027928774  3365
2.9745116927373285  3645
2.974971994298069  3762
2.975431808509263  3903
2.975891136401793  3526
2.9763499790032735  3820
2.976808337338066  3768
2.977266212427293  3657
2.9777236052888476  4149
2.978180516937414  3550
2.9786369483844743  3700
2.979092900638326  3765
2.979548374704095  3808
2.9800033715837464  4185
2.9804578922761  3514
2.9809119377768436  3531
2.9813655090785445  3560
2.9818186071706636  3741
2.9822712330395684  3521
2.9827233876685453  3861
2.983175072037813  3345
2.9836262871245345  3404
2.984077033902831  3709
2.9845273133437926  3687
2.9849771264154934  3793
2.9854264740830017  3767
2.9858753573083936  4086
2.986323777050765  4092
2.9867717342662448  3392
2.9872192299080047  3462
2.9876662649262746  3725
2.988112840268352  3635
2.9885589568786157  3446
2.989004615698537  3492
2.9894498176666917  3985
2.989894563718773  3960
2.9903388547876015  3471
2.9907826918031377  3492
2.9912260756924947  3622
2.9916690073799486  3944
2.9921114877869495  3431
2.9925535178321354  3649
2.9929950984313414  3375
2.9934362304976116  3782
2.993876914941211  3545
2.9943171526696366  3314
2.9947569445876283  3934
2.9951962915971793  3826
2.99563519459755  3977
2.9960736544852753  3894
2.9965116721541785  3545
2.996949248495381  3873
2.997386384397313  3603
2.9978230807457256  3614
2.998259338423699  3926
2.998695158311656  3471
2.999130541287371  3316
2.9995654882259823  3455
3.0  4013
3.000434077479319  3591
3.0008677215312267  3696
3.0013009330204183  3652
3.0017337128090005  3705
3.002166061756508  3426
3.0025979807199086  3398
3.003029470553618  3829
3.0034605321095067  3559
3.0038911662369103  4053
3.0043213737826426  3688
3.004751155591001  3469
3.0051805125037805  3622
3.0056094453602804  3370
3.0060379549973173  3652
3.0064660422492318  3567
3.0068937079479006  3981
3.0073209529227447  3202
3.00774777800074  4010
3.0081741840064264  3829
3.0086001717619175  3579
3.0090257420869104  3713
3.009450895798694  3625
3.00987563371216  3486
3.010299956639812  3609
3.010723865391773  3660
3.0111473607757975  3509
3.0115704435972783  3577
3.011993114659257  3707
3.012415374762433  3578
3.012837224705172  3636
3.0132586652835167  3503
3.0136796972911926  3640
3.0141003215196207  3543
3.0145205387579237  4027
3.0149403497929366  4073
3.0153597554092144  3714
3.015778756389041  3978
3.016197353512439  3610
3.016615547557177  3895
3.0170333392987803  3108
3.017450729510536  3318
3.0178677189635055  3402
3.018284308426531  3749
3.0187004986662433  3951
3.019116290447073  3373
3.0195316845312554  3314
3.0199466816788423  3573
3.0203612826477078  3594
3.020775488193558  3800
3.0211892990699383  4011
3.021602716028242  3495
3.02201573981772  3418
3.0224283711854865  4194
3.022840610876528  3116
3.0232524596337114  3813
3.0236639181977933  3612
3.024074987307426  3513
3.024485667699167  3608
3.024895960107485  4047
3.0253058652647704  3631
3.025715383901341  3986
3.0261245167454502  3593
3.0265332645232967  3488
3.0269416279590295  3844
3.0273496077747564  3933
3.0277572046905536  3845
3.0281644194244697  3540
3.0285712526925375  3666
3.028977705208778  3827
3.0293837776852097  3906
3.029789470831856  3963
3.030194785356751  3507
3.030599721965951  3629
3.0310042813635367  3816
3.031408464251624  3777
3.0318122713303706  3629
3.0322157032979815  3983
3.03261876085072  3654
3.0330214446829107  3277
3.03342375548695  3602
3.03382569395331  3860
3.0342272607705505  3621
3.0346284566253203  3405
3.0350292822023683  3986
3.0354297381845483  3228
3.035829825252828  3604
3.0362295440862948  3455
3.036628895362161  3847
3.037027879755775  3527
3.037426497940624  3583
3.037824750588342  3951
3.0382226383687185  3228
3.038620161949703  3703
3.039017321997412  4028
3.0394141191761372  3905
3.0398105541483504  3802
3.0402066275747113  3524
3.040602340114073  3493
3.0409976924234905  3404
3.041392685158225  3671
3.041787318971752  3449
3.042181594515766  3995
3.0425755124401905  3687
3.0429690733931802  3780
3.0433622780211294  3440
3.0437551269686796  3511
3.044147620878723  3170
3.044539760392411  3613
3.04493154614916  4025
3.0453229787866576  3698
3.0457140589408676  3571
3.0461047872460387  3249
3.0464951643347082  3820
3.04688519083771  3408
3.0472748673841794  3719
3.04766419460156  3792
3.048053173115609  3514
3.0484418035504044  3991
3.04883008652835  3530
3.0492180226701815  3604
3.049605612594973  3351
3.0499928569201424  4048
3.050379756261458  4005
3.0507663112330423  3686
3.0511525224473814  3754
3.0515383905153275  3832
3.0519239160461065  3423
3.0523090996473234  3548
3.052693941924968  3639
3.0530784434834195  3155
3.053462604925455  3702
3.0538464268522527  3905
3.0542299098633974  3759
3.0546130545568877  3495
3.0549958615291417  3519
3.055378331375  3826
3.0557604646877348  3883
3.056142262059052  3446
3.0565237240791006  3580
3.0569048513364727  3777
3.0572856444182146  3658
3.0576661039098294  4135
3.0580462303952816  3675
3.058426024457005  3705
3.0588054866759067  3756
3.059184617631371  3945
3.0595634179012676  3849
3.059941888061955  3027
3.060320028688285  3723
3.060697840353612  3468
3.0610753236297916  4099
3.061452479087193  3968
3.061829307294699  3748
3.0622058088197126  3199
3.062581984228163  3715
3.0629578340845103  3439
3.0633333589517497  3614
3.0637085593914173  3653
3.064083435963596  3200
3.0644579892269186  4113
3.064832219738574  3929
3.065206128054312  3293
3.0655797147284485  4067
3.06595298031387  3503
3.0663259253620376  3333
3.0666985504229953  3570
3.0670708560453703  3610
3.0674428427763805  3700
3.0678145111618402  3249
3.0681858617461617  3609
3.068556895072363  3468
3.068927611682072  3620
3.0692980121155293  3458
3.0696680969115957  4056
3.070037866607755  3407
3.0704073217401198  3766
3.0707764628434346  3351
3.0711452904510828  3277
3.071513805095089  3698
3.0718820073061255  4083
3.072249897613515  3828
3.0726174765452368  3450
3.0729847446279304  3464
3.073351702386901  3745
3.0737183503461227  3390
3.074084689028244  3521
3.074450718954591  3235
3.074816440645175  3655
3.0751818546186915  3771
3.0755469613925306  3568
3.0759117614827773  3131
3.076276255404218  3510
3.076640443670342  3494
3.0770043267933502  3531
3.0773679052841563  3489
3.077731179652392  3564
3.0780941504064105  3439
3.0784568180532927  3160
3.0788191830988487  2995
3.0791812460476247  3348
3.079543007402906  3760
3.079904467666721  3515
3.0802656273398448  3201
3.0806264869218056  3180
3.080987046910887  3558
3.0813473078041325  3646
3.081707270097349  3103
3.082066934285113  3312
3.0824263008607717  3037
3.0827853703164503  3206
3.0831441431430524  3415
3.0835026198302673  3336
3.083860800866573  3163
3.0842186867392387  3443
3.084576277934331  3452
3.084933574936716  3131
3.085290578230065  3537
3.0856472882968564  3591
3.0860037056183818  3272
3.0863598306747484  3402
3.0867156639448825  3217
3.0870712059065353  3323
3.0874264570362855  3108
3.087781417809542  3202
3.0881360887005513  2795
3.0884904701823963  3164
3.088844562727004  3387
3.089198366805149  3339
3.089551882886454  2745
3.089905111439398  2975
3.090258052931316  3035
3.090610707828407  2964
3.0909630765957314  3225
3.091315159697223  3180
3.0916669575956846  2841
3.092018470752797  3166
3.0923696996291206  2901
3.0927206446840994  3223
3.0930713063760633  3076
3.093421685162235  2877
3.09377178149873  2837
3.0941215958405612  2971
3.094471128641645  3031
3.0948203803548  2956
3.095169351431755  3064
3.095518042323151  2783
3.0958664534785427  2988
3.0962145853464054  2894
3.0965624383741357  3280
3.0969100130080562  2375
3.09725730969342  2960
3.097604328874411  2855
3.09795107099415  2938
3.0982975364946976  2769
3.098643725817057  2670
3.0989896394011773  2862
3.0993352776859577  2878
3.09968064110925  2754
3.1000257301078626  2674
3.100370545117563  2877
3.1007150865730817  2553
3.1010593549081156  2533
3.101403350555331  2741
3.1017470739463664  2330
3.1020905255118367  2538
3.1024337056813365  2636
3.1027766148834415  2422
3.1031192535457137  2606
3.103461622094705  2545
3.103803720955957  2561
3.104145550554008  2704
3.104487111312395  2626
3.1048284036536553  2427
3.1051694279993316  2357
3.1055101847699738  2411
3.1058506743851435  2523
3.1061908972634154  2465
3.1065308538223815  2442
3.106870544478654  2294
3.1072099696478683  2225
3.1075491297446862  2338
3.1078880251827985  2029
3.1082266563749283  2003
3.1085650237328344  2112
3.1089031276673134  2044
3.109240968588203  1902
3.1095785469043866  1912
3.1099158630237933  1986
3.110252917353403  1812
3.110589710299249  1883
3.1109262422664203  1927
3.1112625136590655  1829
3.111598524880394  1709
3.1119342763326814  1777
3.1122697684172707  1547
3.1126050015345745  1692
3.11293997608408  1624
3.1132746924643504  1600
3.1136091510730277  1547
3.113943352306837  1573
3.1142772965615864  1353
3.114610984232173  1396
3.1149444157125847  1402
3.1152775913959014  1521
3.1156105116742996  1220
3.115943176939055  1396
3.116275587580544  1272
3.1166077439882485  1119
3.116939646550756  1278
3.1172712956557644  1217
3.117602691690084  1107
3.1179338350396413  1093
3.118264726089479  1031
3.118595365223762  1012
3.1189257528257768  1005
3.1192558892779365  978
3.119585774961784  965
3.119915410257991  894
3.1202447955463652  934
3.12057393120585  824
3.1209028176145273  914
3.1212314551496214  816
3.1215598441875008  733
3.121887985103681  755
3.1222158782728267  644
3.1225435240687545  774
3.1228709228644354  649
3.1231980750319988  673
3.123524980942732  583
3.123851640967086  598
3.124178055474675  497
3.1245042248342823  561
3.1248301494138593  522
3.12515582958053  432
3.125481265700594  405
3.125806458139527  440
3.1261314072619846  406
3.1264561134318045  352
3.126780577012009  377
3.1271047983648077  375
3.127428777851599  347
3.1277525158329733  267
3.1280760126687155  281
3.1283992687178066  237
3.128722284338427  254
3.1290450598879582  270
3.1293675957229854  284
3.129689892199301  252
3.1300119496719043  240
3.130333768495006  194
3.130655349022031  201
3.130976691605617  177
3.131297796597623  222
3.1316186643491255  149
3.1319392952104246  146
3.1322596895310446  122
3.132579847659737  115
3.132899769944483  110
3.1332194567324945  120
3.1335389083702174  100
3.133858125203335  93
3.1341771075767664  99
3.1344958558346736  87
3.13481437032046  82
3.1351326513767748  87
3.1354506993455136  60
3.1357685145678222  62
3.1360860973840974  57
3.13640344813399  58
3.1367205671564067  57
3.1370374547895126  51
3.137354111370733  58
3.137670537236755  29
3.137986732723532  36
3.1383026981662816  35
3.1386184338994925  22
3.1389339402569236  17
3.139249217571607  15
3.13956426617585  20
3.1398790864012365  17
3.140193678578631  21
3.1405080430381798  14
3.1408221801093106  10
3.141136090120739  15
3.1414497734004674  13
3.141763230275788  12
3.1420764610732848  5
3.142389466118836  7
3.1427022457376155  4
3.143014800254095  3
3.143327129992046  6
3.1436392352745433  3
3.1439511164239633  1
3.144262773761991  4
3.144885418287142  2
3.1451964061141817  2
3.1458177144918276  2
3.146128035678238  1
