0.3010299956639812  3639
0.47712125471966244  3526
0.6020599913279624  3550
0.6989700043360189  3484
0.7781512503836436  3552
0.8450980400142568  3571
0.9030899869919435  3577
0.9542425094393249  3505
1.0  3599
1.0413926851582251  3527
1.0791812460476249  3645
1.1139433523068367  3576
1.146128035678238  3668
1.1760912590556813  3533
1.2041199826559248  3518
1.2304489213782739  3547
1.255272505103306  3528
1.2787536009528289  3442
1.3010299956639813  3408
1.3222192947339193  3467
1.3424226808222062  3442
1.3617278360175928  3552
1.380211241711606  3451
1.3979400086720377  3363
1.414973347970818  3360
1.4313637641589874  3293
1.4471580313422192  3248
1.462397997898956  3153
1.4771212547196624  3148
1.4913616938342726  3198
1.505149978319906  3130
1.5185139398778875  3195
1.5314789170422551  3258
1.5440680443502757  3162
1.5563025007672873  3239
1.568201724066995  3143
1.5797835966168101  3173
1.591064607026499  3233
1.6020599913279623  3231
1.6127838567197355  3143
1.6232492903979006  3176
1.6334684555795864  3224
1.6434526764861874  3094
1.6532125137753437  3191
1.662757831681574  3318
1.6720978579357175  3205
1.6812412373755872  3274
1.6901960800285136  3204
1.6989700043360187  3157
1.7075701760979363  3261
1.7160033436347992  3244
1.724275869600789  3281
1.7323937598229686  3249
1.7403626894942439  3199
1.7481880270062005  3212
1.7558748556724915  3222
1.7634279935629373  3282
1.7708520116421442  3249
1.7781512503836436  3279
1.7853298350107671  3149
1.792391689498254  3187
1.7993405494535817  3130
1.806179973983887  3225
1.8129133566428555  3203
1.8195439355418688  3212
1.8260748027008264  3351
1.8325089127062364  3342
1.8388490907372552  3162
1.845098040014257  3191
1.8512583487190752  3111
1.8573324964312685  3167
1.863322860120456  3187
1.8692317197309762  3116
1.8750612633917  3311
1.8808135922807914  3176
1.8864907251724818  3148
1.8920946026904804  3299
1.8976270912904414  3248
1.9030899869919435  3209
1.9084850188786497  3073
1.9138138523837167  3172
1.919078092376074  3162
1.9242792860618816  3251
1.9294189257142926  3248
1.9344984512435677  3130
1.9395192526186185  3153
1.9444826721501687  3216
1.9493900066449128  3346
1.954242509439325  3290
1.9590413923210936  3217
1.9637878273455553  3194
1.968482948553935  3236
1.9731278535996986  3189
1.9777236052888478  3252
1.9822712330395684  3250
1.9867717342662448  3157
1.9912260756924949  3129
1.99563519459755  3205
2.0  3202
2.0043213737826426  3243
2.0086001717619175  3269
2.012837224705172  3116
2.0170333392987803  3147
2.0211892990699383  3059
2.0253058652647704  3255
2.0293837776852097  3170
2.03342375548695  3253
2.037426497940624  3162
2.041392685158225  3115
2.0453229787866576  3161
2.0492180226701815  3220
2.0530784434834195  3179
2.0569048513364727  3149
2.060697840353612  3103
2.0644579892269186  3141
2.0681858617461617  3404
2.0718820073061255  3215
2.0755469613925306  3182
2.0791812460476247  3213
2.0827853703164503  3224
2.0863598306747484  3081
2.089905111439398  3252
2.093421685162235  3197
2.0969100130080562  3123
2.100370545117563  3151
2.103803720955957  3167
2.1072099696478683  3194
2.110589710299249  3089
2.113943352306837  3258
2.1172712956557644  3215
2.12057393120585  3169
2.123851640967086  3217
2.1271047983648077  3193
2.130333768495006  3307
2.1335389083702174  3187
2.1367205671564067  3163
2.1398790864012365  3080
2.143014800254095  3223
2.146128035678238  3122
2.1492191126553797  3292
2.1522883443830563  3155
2.155336037465062  3219
2.1583624920952498  3125
2.161368002234975  3123
2.164352855784437  3212
2.167317334748176  3246
2.1702617153949575  3168
2.173186268412274  3121
2.1760912590556813  3140
2.1789769472931693  3204
2.1818435879447726  3244
2.184691430817599  3217
2.187520720836463  3217
2.1903316981702914  3245
2.1931245983544616  3217
2.1958996524092336  3254
2.1986570869544226  3219
2.2013971243204513  3164
2.2041199826559246  3136
2.2068258760318495  3242
2.2095150145426308  3193
2.2121876044039577  3173
2.214843848047698  3172
2.2174839442139063  3201
2.220108088040055  3288
2.2227164711475833  3199
2.225309281725863  3101
2.2278867046136734  3242
2.230448921378274  3178
2.2329961103921536  3275
2.2355284469075487  3160
2.2380461031287955  3199
2.2405492482826  3281
2.2430380486862944  3144
2.24551266781415  3227
2.247973266361807  3273
2.250420002308894  3232
2.2528530309798933  3217
2.255272505103306  3237
2.2576785748691846  3216
2.2600713879850747  3235
2.2624510897304293  3175
2.2648178230095364  3229
2.2671717284030137  3241
2.2695129442179165  3297
2.271841606536499  3170
2.27415784926368  3191
2.2764618041732443  3215
2.278753600952829  3151
2.2810333672477277  3333
2.2833012287035497  3260
2.285557309007774  3155
2.287801729930226  3262
2.290034611362518  3216
2.292256071356476  3276
2.294466226161593  3111
2.296665190261531  3261
2.298853076409707  3144
2.3010299956639813  3222
2.303196057420489  3315
2.305351369446624  3234
2.307496037913213  3161
2.3096301674258988  3207
2.311753861055754  3142
2.3138672203691533  3127
2.315970345456918  3187
2.3180633349627615  3148
2.3201462861110542  3242
2.322219294733919  3225
2.3242824552976926  3143
2.326335860928751  3257
2.3283796034387376  3244
2.330413773349191  3234
2.3324384599156054  3240
2.3344537511509307  3105
2.3364597338485296  3208
2.3384564936046046  3217
2.3404441148401185  3178
2.342422680822206  3277
2.3443922736851106  3246
2.346352974450639  3246
2.3483048630481607  3113
2.3502480183341627  3201
2.3521825181113627  3158
2.3541084391474008  3273
2.3560258571931225  3247
2.357934847000454  3220
2.359835482339888  3254
2.361727836017593  3157
2.3636119798921444  3170
2.3654879848909  3192
2.367355921026019  3169
2.369215857410143  3193
2.3710678622717363  3148
2.3729120029701067  3288
2.374748346010104  3166
2.376576957056512  3201
2.3783979009481375  3279
2.380211241711606  3142
2.3820170425748683  3196
2.383815365980431  3170
2.385606273598312  3131
2.387389826338729  3212
2.3891660843645326  3139
2.3909351071033793  3316
2.392696953259666  3184
2.3944516808262164  3141
2.3961993470957363  3147
2.3979400086720375  3093
2.399673721481038  3194
2.401400540781544  3295
2.403120521175818  3258
2.404833716619938  3122
2.406540180433955  3210
2.4082399653118496  3161
2.4099331233312946  3144
2.41161970596323  3118
2.413299764081252  3281
2.4149733479708178  3214
2.416640507338281  3273
2.4183012913197452  3155
2.419955748489758  3209
2.4216039268698313  3186
2.423245873936808  3130
2.424881636631067  3137
2.4265112613645754  3249
2.428134794028789  3229
2.429752280002408  3220
2.4313637641589874  3273
2.432969290874406  3286
2.4345689040341987  3179
2.436162647040756  3231
2.437750562820388  3164
2.439332693830263  3239
2.4409090820652177  3234
2.4424797690644486  3162
2.444044795918076  3244
2.4456042032735974  3167
2.4471580313422194  3210
2.44870631990508  3082
2.450249108319361  3156
2.45178643552429  3199
2.4533183400470375  3159
2.45484486000851  3109
2.456366033129043  3167
2.4578818967339924  3221
2.459392487759231  3293
2.4608978427565478  3235
2.462397997898956  3110
2.4638929889859074  3189
2.4653828514484184  3162
2.4668676203541096  3211
2.4683473304121573  3227
2.469822015978163  3378
2.4712917110589387  3132
2.4727564493172123  3264
2.4742162640762553  3294
2.4756711883244296  3171
2.4771212547196626  3280
2.4785664955938436  3269
2.4800069429571505  3103
2.481442628502305  3253
2.482873583608754  3252
2.484299839346786  3184
2.48572142648158  3218
2.4871383754771865  3184
2.4885507165004443  3199
2.4899584794248346  3201
2.4913616938342726  3247
2.4927603890268375  3238
2.494154594018443  3202
2.4955443375464483  3200
2.496929648073215  3215
2.4983105537896004  3147
2.499687082618404  3244
2.5010592622177517  3159
2.5024271199844326  3148
2.503790683057181  3172
2.505149978319906  3241
2.506505032404872  3279
2.507855871695831  3155
2.509202522331103  3206
2.510545010206612  3249
2.5118833609788744  3267
2.513217600067939  3110
2.514547752660286  3264
2.515873843711679  3227
2.5171958979499744  3108
2.5185139398778875  3132
2.519827993775719  3148
2.5211380837040362  3263
2.5224442335063197  3157
2.5237464668115646  3147
2.525044807036845  3143
2.526339277389844  3212
2.5276299008713385  3214
2.5289167002776547  3166
2.530199698203082  3255
2.531478917042255  3172
2.5327543789924976  3224
2.534026106056135  3207
2.5352941200427703  3221
2.53655844257153  3223
2.537819095073274  3173
2.5390760987927767  3186
2.5403294747908736  3187
2.5415792439465807  3210
2.5428254269591797  3244
2.5440680443502757  3179
2.545307116465824  3177
2.546542663478131  3299
2.5477747053878224  3245
2.5490032620257876  3340
2.550228353055094  3213
2.5514499979728753  3180
2.552668216112193  3188
2.5538830266438746  3182
2.5550944485783194  3148
2.5563025007672873  3207
2.5575072019056577  3245
2.558708570533166  3201
2.5599066250361124  3216
2.561101383649056  3338
2.5622928644564746  3210
2.5634810853944106  3214
2.5646660642520893  3161
2.5658478186735176  3228
2.56702636615906  3177
2.568201724066995  3276
2.569373909615046  3113
2.5705429398818973  3221
2.571708831808688  3239
2.5728716022004803  3089
2.574031267727719  3267
2.575187844927661  3218
2.576341350205793  3240
2.5774917998372255  3222
2.578639209968072  3294
2.57978359661681  3231
2.5809249756756194  3143
2.582063362911709  3287
2.583198773968623  3316
2.584331224367531  3093
2.5854607295085006  3207
2.586587304671755  3153
2.5877109650189114  3103
2.5888317255942073  3240
2.5899496013257077  3095
2.591064607026499  3228
2.5921767573958667  3326
2.593286067020457  3167
2.5943925503754266  3192
2.595496221825574  3203
2.59659709562646  3133
2.597695185925512  3216
2.598790506763115  3209
2.5998830720736876  3309
2.6009728956867484  3251
2.6020599913279625  3166
2.603144372620182  3274
2.60422605308447  3057
2.6053050461411096  3173
2.606381365110605  3226
2.6074550232146687  3133
2.6085260335771943  3207
2.60959440922522  3203
2.61066016308988  3115
2.611723308007342  3259
2.6127838567197355  3237
2.6138418218760693  3159
2.6148972160331345  3291
2.615950051656401  3100
2.617000341120899  3311
2.6180480967120925  3196
2.6190933306267428  3166
2.6201360549737576  3233
2.621176281775035  3219
2.622214022966295  3220
2.6232492903979003  3197
2.6242820958356683  3211
2.625312450961674  3132
2.6263403673750423  3242
2.6273658565927325  3102
2.6283889300503116  3170
2.629409599102719  3209
2.630427875025024  3171
2.6314437690131722  3141
2.6324572921847245  3197
2.6334684555795866  3291
2.6344772701607315  3253
2.635483746814912  3259
2.6364878963533656  3119
2.637489729512511  3125
2.6384892569546374  3134
2.639486489268586  3175
2.640481436970422  3233
2.6414741105040997  3146
2.6424645202421213  3171
2.6434526764861874  3178
2.6444385894678386  3242
2.645422269349092  3162
2.6464037262230695  3293
2.6473829701146196  3272
2.6483600109809315  3119
2.649334858712142  3230
2.6503075231319366  3170
2.651278013998144  3220
2.6522463410033232  3222
2.6532125137753435  3252
2.6541765418779604  3118
2.655138434811382  3248
2.656098202012832  3066
2.6570558528571038  3264
2.6580113966571126  3285
2.658964842664435  3201
2.6599162000698504  3024
2.660865478003869  3297
2.661812685537261  3149
2.662757831681574  3159
2.663700925389648  3216
2.6646419755561257  3101
2.6655809910179533  3101
2.6665179805548807  3210
2.667452952889954  3269
2.66838591669  3269
2.6693168805661123  3271
2.670245853074124  3226
2.6711728427150834  3215
2.6720978579357175  3204
2.673020907128896  3151
2.673941998634088  3167
2.6748611407378116  3244
2.6757783416740852  3247
2.6766936096248664  3213
2.677606952720493  3189
2.678518379040114  3188
2.6794278966121188  3234
2.680335513414563  3148
2.681241237375587  3175
2.682145076373832  3225
2.6830470382388496  3256
2.683947130751512  3260
2.6848453616444123  3164
2.6857417386022635  3127
2.6866362692622934  3065
2.6875289612146345  3271
2.6884198220027105  3295
2.6893088591236203  3225
2.690196080028514  3230
2.6910814921229687  3211
2.69196510276736  3238
2.69284691927723  3249
2.693726948923647  3239
2.694605198933569  3261
2.6954816764901977  3197
2.696356388733332  3209
2.6972293427597176  3108
2.6981005456233897  3302
2.6989700043360187  3221
2.699837725867246  3213
2.7007037171450192  3182
2.7015679850559273  3153
2.7024305364455254  3163
2.7032913781186614  3154
2.7041505168397992  3152
2.705007959333336  3215
2.7058637122839193  3080
2.7067177823367587  3177
2.7075701760979363  3205
2.708420900134713  3206
2.709269960975831  3238
2.7101173651118162  3217
2.710963118995276  3275
2.711807229041191  3327
2.7126497016272113  3136
2.7134905430939424  3267
2.714329759745233  3095
2.7151673578484576  3282
2.716003343634799  3171
2.7168377232995247  3249
2.717670503002262  3138
2.718501688867274  3188
2.7193312869837265  3241
2.720159303405957  3174
2.7209857441537393  3238
2.7218106152125467  3375
2.722633922533812  3182
2.7234556720351857  3211
2.724275869600789  3146
2.725094521081469  3202
2.7259116322950483  3164
2.7267272090265724  3101
2.727541257028556  3208
2.7283537820212285  3148
2.72916478969277  3132
2.7299742856995555  3221
2.7307822756663893  3322
2.7315887651867388  3198
2.7323937598229686  3111
2.7331972651065692  3097
2.733999286538387  3208
2.734799829588847  3137
2.73559889969818  3204
2.7363965022766426  3140
2.7371926427047373  3183
2.737987326333431  3223
2.738780558484369  3213
2.739572344450092  3208
2.7403626894942437  3253
2.741151598851785  3312
2.741939077729199  3198
2.7427251313046983  3365
2.74350976472843  3096
2.7442929831226763  3201
2.7450747915820575  3168
2.745855195173729  3244
2.7466341989375787  3156
2.747411807886423  3140
2.7481880270062002  3202
2.7489628612561616  3213
2.749736315569061  3137
2.7505083948513462  3146
2.751279103983342  3104
2.7520484478194387  3195
2.7528164311882715  3212
2.7535830588929064  3248
2.754348335711019  3161
2.7551122663950713  3142
2.7558748556724915  3281
2.756636108245848  3234
2.7573960287930244  3132
2.75815462196739  3206
2.7589118923979736  3128
2.7596678446896306  3198
2.760422483423212  3152
2.7611758131557314  3309
2.761927838420529  3198
2.762678563727436  3287
2.7634279935629373  3179
2.7641761323903307  3157
2.7649229846498886  3177
2.765668554759014  3177
2.7664128471123997  3138
2.7671558660821804  3155
2.767897616018091  3164
2.7686381012476144  3239
2.7693773260761385  3186
2.7701152947871015  3159
2.7708520116421442  3202
2.7715874808812555  3165
2.77232170672292  3169
2.7730546933642626  3246
2.7737864449811935  3141
2.7745169657285498  3212
2.7752462597402365  3121
2.775974331129369  3298
2.776701183988411  3097
2.7774268223893115  3160
2.7781512503836434  3254
2.7788744720027396  3204
2.7795964912578244  3236
2.780317312140151  3312
2.7810369386211318  3156
2.781755374652469  3115
2.782472624166286  3212
2.7831886910752575  3221
2.783903579272735  3098
2.784617292632875  3149
2.785329835010767  3188
2.786041210242554  3212
2.7867514221455614  3227
2.787460474518415  3147
2.788168371141168  3224
2.788875115775417  3265
2.7895807121644256  3232
2.7902851640332416  3073
2.790988475088816  3097
2.791690649020118  3237
2.792391689498254  3214
2.79309160017658  3148
2.7937903846908188  3182
2.7944880466591697  3292
2.795184589682424  3213
2.7958800173440754  3298
2.7965743332104296  3175
2.7972675408307164  3193
2.797959643737196  3264
2.798650645445269  3276
2.7993405494535817  3248
2.8000293592441343  3293
2.800717078282385  3189
2.801403710017355  3234
2.802089257881733  3184
2.8027737252919755  3197
2.803457115648414  3228
2.8041394323353503  3214
2.8048206787211623  3134
2.8055008581584002  3177
2.806179973983887  3139
2.8068580295188172  3234
2.807535028068853  3193
2.808210972924222  3168
2.808885867359812  3296
2.8095597146352675  3329
2.8102325179950842  3181
2.8109042806687006  3214
2.8115750058705933  3237
2.812244696800369  3157
2.8129133566428557  3160
2.813580988568192  3220
2.81424759573192  3224
2.814913181275074  3198
2.815577748324267  3207
2.816241299991783  3226
2.8169038393756605  3379
2.8175653695597807  3288
2.8182258936139557  3167
2.8188854145940097  3169
2.8195439355418688  3146
2.82020145948564  3039
2.8208579894397  3231
2.821513528404773  3206
2.8221680793680175  3039
2.8228216453031045  3215
2.823474229170301  3215
2.824125833916549  3058
2.824776462475546  3109
2.8254261177678233  3220
2.8260748027008264  3224
2.826722520168992  3218
2.8273692730538253  3251
2.828015064223977  3012
2.82865989653532  3144
2.829303772831025  3208
2.829946695941636  3166
2.8305886686851442  3172
2.8312296938670634  3247
2.8318697742805017  3246
2.832508912706236  3337
2.833147111912785  3222
2.833784374656479  3229
2.8344207036815328  3229
2.835056101720116  3267
2.8356905714924254  3253
2.8363241157067516  3221
2.8369567370595505  3228
2.837588438235511  3152
2.8382192219076257  3213
2.838849090737255  3229
2.8394780473741985  3160
2.840106094456758  3186
2.8407332346118066  3303
2.841359470454855  3265
2.8419848045901137  3137
2.842609239610562  3210
2.8432327780980096  3134
2.843855422623161  3291
2.8444771757456815  3204
2.845098040014257  3197
2.8457180179666586  3201
2.846337112129805  3186
2.846955325019824  3131
2.847572659142112  3254
2.848189116991399  3172
2.8488047010518036  3241
2.8494194137968996  3177
2.850033257689769  3221
2.8506462351830666  3248
2.8512583487190755  3099
2.851869600729766  3283
2.8524799936368566  3208
2.8530895298518657  3065
2.8536982117761744  3209
2.8543060418010806  3289
2.8549130223078554  3247
2.8555191556678  3098
2.8561244442423  3177
2.8567288903828825  3163
2.8573324964312685  3109
2.857935264719429  3238
2.858537197569639  3298
2.859138297294531  3262
2.859738566197147  3209
2.8603380065709936  3202
2.8609366207000937  3198
2.8615344108590377  3141
2.862131379313037  3197
2.8627275283179747  3174
2.863322860120456  3175
2.8639173769578603  3181
2.864511081058392  3274
2.8651039746411278  3251
2.8656960599160706  3186
2.8662873390841948  3155
2.866877814337499  3237
2.8674674878590514  3247
2.8680563618230415  3234
2.8686444383948255  3086
2.8692317197309762  3195
2.869818207979328  3217
2.870403905279027  3168
2.8709888137605755  3163
2.8715729355458786  3211
2.8721562727482928  3170
2.8727388274726686  3234
2.873320601815399  3180
2.8739015978644615  3148
2.8744818176994666  3063
2.8750612633917  3419
2.8756399370041685  3186
2.876217840591642  3163
2.8767949762007006  3129
2.877371345869774  3198
2.8779469516291885  3088
2.8785217955012063  3166
2.8790958795000727  3217
2.8796692056320534  3224
2.88024177589548  3145
2.8808135922807914  3241
2.8813846567705728  3266
2.8819549713396007  3319
2.8825245379548803  3230
2.8830933585756897  3213
2.8836614351536176  3145
2.884228769632604  3113
2.884795363948981  3304
2.885361220031512  3128
2.885926339801431  3284
2.886490725172482  3262
2.8870543780509568  3329
2.887617300335736  3201
2.888179493918325  3237
2.8887409606828927  3200
2.88930170250631  3245
2.8898617212581885  3070
2.890421018800914  3201
2.890979596989689  3193
2.8915374576725643  3142
2.8920946026904804  3157
2.8926510338773004  3301
2.893206753059848  3190
2.8937617620579434  3228
2.8943160626844384  3217
2.8948696567452528  3167
2.895422546039408  3280
2.8959747323590648  3138
2.8965262174895554  3176
2.89707700320942  3087
2.8976270912904414  3178
2.8981764834976764  3133
2.8987251815894934  3278
2.8992731873176036  3163
2.8998205024270964  3222
2.9003671286564705  3137
2.900913067737669  3219
2.9014583213961123  3223
2.9020028913507296  3202
2.902546779313991  3259
2.9030899869919438  3151
2.9036325160842376  3211
2.9041743682841634  3224
2.904715545278681  3132
2.905256048748451  3224
2.9057958803678687  3163
2.906335041805091  3156
2.90687353472207  3198
2.907411360774586  3201
2.9079485216122722  3098
2.90848501887865  3239
2.909020854211156  3205
2.9095560292411755  3169
2.910090545594068  3162
2.910624404889201  3337
2.9111576087399764  3205
2.9116901587538613  3158
2.9122220565324155  3102
2.912753303671323  3089
2.9132839017604186  3096
2.9138138523837167  3154
2.9143431571194407  3190
2.9148718175400505  3103
2.91539983521227  3278
2.9159272116971158  3255
2.916453948549925  3202
2.9169800473203824  3133
2.9175055095525466  3145
2.9180303367848803  3180
2.9185545305502734  3306
2.9190780923760737  3170
2.919601023784111  3129
2.920123326290724  3222
2.9206450014067875  3174
2.921166050637739  3209
2.921686475483602  3107
2.9222062774390163  3155
2.92272545799326  3222
2.9232440186302764  3159
2.9237619608287004  3183
2.9242792860618816  3134
2.924795995797912  3297
2.9253120914996495  3290
2.9258275746247424  3197
2.926342446625655  3218
2.926856708949692  3303
2.9273703630390235  3182
2.9278834103307068  3323
2.9283958522567137  3172
2.928907690243953  3189
2.929418925714293  3127
2.929929560084588  3203
2.9304395947667  3199
2.930949031167523  3284
2.931457870689005  3090
2.931966114728173  3243
2.932473764677153  3205
2.932980821923198  3221
2.9334872878487053  3144
2.9339931638312424  3185
2.934498451243568  3242
2.935003151453655  3131
2.9355072658247128  3116
2.9360107957152097  3219
2.936513742478893  3120
2.9370161074648142  3156
2.937517892017347  3129
2.9380190974762104  3211
2.938519725176492  3205
2.9390197764486663  3128
2.9395192526186187  3159
2.9400181550076634  3216
2.940516484932567  3223
2.9410142437055695  3070
2.941511432634403  3158
2.942008053022313  3272
2.9425041061680806  3093
2.9429995933660407  3273
2.9434945159061026  3140
2.9439888750737717  3119
2.9444826721501687  3256
2.9449759084120477  3193
2.94546858513182  3310
2.9459607035775686  3203
2.946452265013073  3348
2.9469432706978256  3138
2.9474337218870508  3313
2.9479236198317262  3293
2.948412965778601  3177
2.9489017609702137  3175
2.949390006644913  3169
2.949877704036875  3141
2.950364854376123  3191
2.9508514588885464  3231
2.951337518795918  3170
2.951823035315912  3256
2.9523080096621253  3153
2.952792443044092  3178
2.9532763366673045  3216
2.9537596917332287  3206
2.9542425094393248  3158
2.954724790979063  3221
2.9552065375419416  3167
2.9556877503135057  3184
2.9561684304753633  3218
2.9566485792052033  3257
2.957128197676813  3188
2.957607287060095  3171
2.958085848521085  3158
2.9585638832219674  3183
2.9590413923210934  3227
2.9595183769729982  3291
2.959994838328416  3157
2.960470777534299  3274
2.960946195733831  3219
2.9614210940664485  3127
2.9618954736678504  3217
2.962369335670021  3181
2.9628426812012423  3289
2.9633155113861114  3180
2.963787827345555  3230
2.964259630196849  3352
2.9647309210536292  3156
2.965201701025912  3122
2.9656719712201065  3192
2.9661417327390325  3263
2.966610986681934  3268
2.967079734144497  3222
2.967547976218862  3162
2.968015713993642  3322
2.9684829485539352  3296
2.9689496809813427  3185
2.9694159123539814  3304
2.9698816437465  3180
2.9703468762300935  3206
2.9708116108725178  3339
2.971275848738105  3148
2.971739590887778  3200
2.9722028383790646  3241
2.972665592266111  3244
2.9731278535996988  3282
2.973589623427257  3087
2.9740509027928774  3158
2.9745116927373285  3176
2.974971994298069  3023
2.975431808509263  3263
2.975891136401793  3199
2.9763499790032735  3135
2.976808337338066  3139
2.977266212427293  3211
2.9777236052888476  3157
2.978180516937414  3232
2.9786369483844743  3284
2.979092900638326  3244
2.979548374704095  3208
2.9800033715837464  3188
2.9804578922761  3176
2.9809119377768436  3164
2.9813655090785445  3192
2.9818186071706636  3191
2.9822712330395684  3290
2.9827233876685453  3067
2.983175072037813  3276
2.9836262871245345  3120
2.984077033902831  3184
2.9845273133437926  3184
2.9849771264154934  3274
2.9854264740830017  3196
2.9858753573083936  3121
2.986323777050765  3170
2.9867717342662448  3261
2.9872192299080047  3270
2.9876662649262746  3342
2.988112840268352  3266
2.9885589568786157  3218
2.989004615698537  3190
2.9894498176666917  3276
2.989894563718773  3182
2.9903388547876015  3155
2.9907826918031377  3311
2.9912260756924947  3166
2.9916690073799486  3254
2.9921114877869495  3133
2.9925535178321354  3243
2.9929950984313414  3178
2.9934362304976116  3113
2.993876914941211  3133
2.9943171526696366  3186
2.9947569445876283  3195
2.9951962915971793  3201
2.99563519459755  3121
2.9960736544852753  3232
2.9965116721541785  3120
2.996949248495381  3252
2.997386384397313  3352
2.9978230807457256  3245
2.998259338423699  3195
2.998695158311656  3212
2.999130541287371  3179
2.9995654882259823  3243
3.0  3209
3.000434077479319  3297
3.0008677215312267  3117
3.0013009330204183  3321
3.0017337128090005  3163
3.002166061756508  3308
3.0025979807199086  3326
3.003029470553618  3181
3.0034605321095067  3216
3.0038911662369103  3257
3.0043213737826426  3342
3.004751155591001  3228
3.0051805125037805  3212
3.0056094453602804  3228
3.0060379549973173  3119
3.0064660422492318  3287
3.0068937079479006  3208
3.0073209529227447  3168
3.00774777800074  3127
3.0081741840064264  3178
3.0086001717619175  3252
3.0090257420869104  3227
3.009450895798694  3135
3.00987563371216  3143
3.010299956639812  3250
3.010723865391773  3098
3.0111473607757975  3159
3.0115704435972783  3183
3.011993114659257  3140
3.012415374762433  3242
3.012837224705172  3180
3.0132586652835167  3239
3.0136796972911926  3270
3.0141003215196207  3251
3.0145205387579237  3195
3.0149403497929366  3266
3.0153597554092144  3190
3.015778756389041  3193
3.016197353512439  3161
3.016615547557177  3220
3.0170333392987803  3150
3.017450729510536  3255
3.0178677189635055  3189
3.018284308426531  3163
3.0187004986662433  3147
3.019116290447073  3352
3.0195316845312554  3265
3.0199466816788423  3223
3.0203612826477078  3174
3.020775488193558  3210
3.0211892990699383  3216
3.021602716028242  3180
3.02201573981772  3308
3.0224283711854865  3273
3.022840610876528  3176
3.0232524596337114  3227
3.0236639181977933  3197
3.024074987307426  3370
3.024485667699167  3090
3.024895960107485  3221
3.0253058652647704  3266
3.025715383901341  3244
3.0261245167454502  3181
3.0265332645232967  3190
3.0269416279590295  3185
3.0273496077747564  3244
3.0277572046905536  3294
3.0281644194244697  3271
3.0285712526925375  3116
3.028977705208778  3173
3.0293837776852097  3246
3.029789470831856  3229
3.030194785356751  3175
3.030599721965951  3231
3.0310042813635367  3149
3.031408464251624  3185
3.0318122713303706  3204
3.0322157032979815  3193
3.03261876085072  3120
3.0330214446829107  3193
3.03342375548695  3130
3.03382569395331  3199
3.0342272607705505  3209
3.0346284566253203  3205
3.0350292822023683  3181
3.0354297381845483  3135
3.035829825252828  3270
3.0362295440862948  3244
3.036628895362161  3198
3.037027879755775  3111
3.037426497940624  3348
3.037824750588342  3270
3.0382226383687185  3247
3.038620161949703  3198
3.039017321997412  3131
3.0394141191761372  3090
3.0398105541483504  3145
3.0402066275747113  3131
3.040602340114073  3200
3.0409976924234905  3185
3.041392685158225  3243
3.041787318971752  3071
3.042181594515766  3130
3.0425755124401905  3140
3.0429690733931802  3139
3.0433622780211294  3287
3.0437551269686796  3120
3.044147620878723  3258
3.044539760392411  3236
3.04493154614916  3182
3.0453229787866576  3303
3.0457140589408676  3251
3.0461047872460387  3162
3.0464951643347082  3254
3.04688519083771  3133
3.0472748673841794  3160
3.04766419460156  3154
3.048053173115609  3311
3.0484418035504044  3194
3.04883008652835  3167
3.0492180226701815  3256
3.049605612594973  3222
3.0499928569201424  3245
3.050379756261458  3220
3.0507663112330423  3216
3.0511525224473814  3181
3.0515383905153275  3262
3.0519239160461065  3214
3.0523090996473234  3115
3.052693941924968  3141
3.0530784434834195  3204
3.053462604925455  3266
3.0538464268522527  3255
3.0542299098633974  3078
3.0546130545568877  3339
3.0549958615291417  3254
3.055378331375  3118
3.0557604646877348  3262
3.056142262059052  3173
3.0565237240791006  3226
3.0569048513364727  3224
3.0572856444182146  3199
3.0576661039098294  3273
3.0580462303952816  3167
3.058426024457005  3221
3.0588054866759067  3232
3.059184617631371  3220
3.0595634179012676  3177
3.059941888061955  3206
3.060320028688285  3154
3.060697840353612  3202
3.0610753236297916  3193
3.061452479087193  3250
3.061829307294699  3186
3.0622058088197126  3310
3.062581984228163  3221
3.0629578340845103  3200
3.0633333589517497  3210
3.0637085593914173  3094
3.064083435963596  3208
3.0644579892269186  3229
3.064832219738574  3089
3.065206128054312  3192
3.0655797147284485  3210
3.06595298031387  3174
3.0663259253620376  3250
3.0666985504229953  3195
3.0670708560453703  3266
3.0674428427763805  3222
3.0678145111618402  3194
3.0681858617461617  3208
3.068556895072363  3184
3.068927611682072  3123
3.0692980121155293  3135
3.0696680969115957  3179
3.070037866607755  3301
3.0704073217401198  3282
3.0707764628434346  3138
3.0711452904510828  3176
3.071513805095089  3367
3.0718820073061255  3173
3.072249897613515  3173
3.0726174765452368  3182
3.0729847446279304  3173
3.073351702386901  3185
3.0737183503461227  3230
3.074084689028244  3188
3.074450718954591  3161
3.074816440645175  3214
3.0751818546186915  3250
3.0755469613925306  3228
3.0759117614827773  3171
3.076276255404218  3246
3.076640443670342  3272
3.0770043267933502  3163
3.0773679052841563  3241
3.077731179652392  3260
3.0780941504064105  3187
3.0784568180532927  3112
3.0788191830988487  3138
3.0791812460476247  3170
3.079543007402906  3233
3.079904467666721  3162
3.0802656273398448  3222
3.0806264869218056  3182
3.080987046910887  3203
3.0813473078041325  3190
3.081707270097349  3131
3.082066934285113  3139
3.0824263008607717  3170
3.0827853703164503  3295
3.0831441431430524  3098
3.0835026198302673  3199
3.083860800866573  3217
3.0842186867392387  3102
3.084576277934331  3233
3.084933574936716  3134
3.085290578230065  3211
3.0856472882968564  3284
3.0860037056183818  3172
3.0863598306747484  3277
3.0867156639448825  3300
3.0870712059065353  3211
3.0874264570362855  3113
3.087781417809542  3178
3.0881360887005513  3198
3.0884904701823963  3156
3.088844562727004  3230
3.089198366805149  3156
3.089551882886454  3082
3.089905111439398  3200
3.090258052931316  3274
3.090610707828407  3234
3.0909630765957314  3128
3.091315159697223  3186
3.0916669575956846  3185
3.092018470752797  3159
3.0923696996291206  3232
3.0927206446840994  3145
3.0930713063760633  3225
3.093421685162235  3213
3.09377178149873  3227
3.0941215958405612  3205
3.094471128641645  3309
3.0948203803548  3336
3.095169351431755  3278
3.095518042323151  3181
3.0958664534785427  3304
3.0962145853464054  3241
3.0965624383741357  3216
3.0969100130080562  3221
3.09725730969342  3206
3.097604328874411  3184
3.09795107099415  3172
3.0982975364946976  3150
3.098643725817057  3191
3.0989896394011773  3236
3.0993352776859577  3140
3.09968064110925  3204
3.1000257301078626  3238
3.100370545117563  3103
3.1007150865730817  3162
3.1010593549081156  3227
3.101403350555331  3099
3.1017470739463664  3228
3.1020905255118367  3099
3.1024337056813365  3246
3.1027766148834415  3255
3.1031192535457137  3225
3.103461622094705  3226
3.103803720955957  3216
3.104145550554008  3245
3.104487111312395  3158
3.1048284036536553  3225
3.1051694279993316  3171
3.1055101847699738  3238
3.1058506743851435  3218
3.1061908972634154  3269
3.1065308538223815  3241
3.106870544478654  3209
3.1072099696478683  3077
3.1075491297446862  3236
3.1078880251827985  3187
3.1082266563749283  3242
3.1085650237328344  3189
3.1089031276673134  3376
3.109240968588203  3061
3.1095785469043866  3177
3.1099158630237933  3243
3.110252917353403  3079
3.110589710299249  3127
3.1109262422664203  3188
3.1112625136590655  3180
3.111598524880394  3215
3.1119342763326814  3249
3.1122697684172707  3262
3.1126050015345745  3214
3.11293997608408  3132
3.1132746924643504  3172
3.1136091510730277  3109
3.113943352306837  3201
3.1142772965615864  3077
3.114610984232173  3149
3.1149444157125847  3093
3.1152775913959014  3303
3.1156105116742996  3245
3.115943176939055  3165
3.116275587580544  3243
3.1166077439882485  3142
3.116939646550756  3232
3.1172712956557644  3333
3.117602691690084  3141
3.1179338350396413  3211
3.118264726089479  3174
3.118595365223762  3137
3.1189257528257768  3236
3.1192558892779365  3271
3.119585774961784  3175
3.119915410257991  3171
3.1202447955463652  3248
3.12057393120585  3207
3.1209028176145273  3201
3.1212314551496214  3132
3.1215598441875008  3300
3.121887985103681  3262
3.1222158782728267  3256
3.1225435240687545  3300
3.1228709228644354  3301
3.1231980750319988  3173
3.123524980942732  3250
3.123851640967086  3284
3.124178055474675  3237
3.1245042248342823  3336
3.1248301494138593  3087
3.12515582958053  3177
3.125481265700594  3224
3.125806458139527  3166
3.1261314072619846  3151
3.1264561134318045  3115
3.126780577012009  3106
3.1271047983648077  3236
3.127428777851599  3070
3.1277525158329733  3050
3.1280760126687155  3207
3.1283992687178066  3138
3.128722284338427  3290
3.1290450598879582  3145
3.1293675957229854  3183
3.129689892199301  3332
3.1300119496719043  3215
3.130333768495006  3122
3.130655349022031  3341
3.130976691605617  3181
3.131297796597623  3206
3.1316186643491255  3181
3.1319392952104246  3252
3.1322596895310446  3101
3.132579847659737  3173
3.132899769944483  3202
3.1332194567324945  3282
3.1335389083702174  3168
3.133858125203335  3216
3.1341771075767664  3164
3.1344958558346736  3192
3.13481437032046  3204
3.1351326513767748  3196
3.1354506993455136  3292
3.1357685145678222  3294
3.1360860973840974  3195
3.13640344813399  3243
3.1367205671564067  3249
3.1370374547895126  3214
3.137354111370733  3193
3.137670537236755  3096
3.137986732723532  3221
3.1383026981662816  3184
3.1386184338994925  3155
3.1389339402569236  3222
3.139249217571607  3143
3.13956426617585  3193
3.1398790864012365  3186
3.140193678578631  3268
3.1405080430381798  3142
3.1408221801093106  3212
3.141136090120739  3203
3.1414497734004674  3156
3.141763230275788  3209
3.1420764610732848  3213
3.142389466118836  3255
3.1427022457376155  3185
3.143014800254095  3139
3.143327129992046  3201
3.1436392352745433  3186
3.1439511164239633  3194
3.144262773761991  3310
3.144574207609616  3248
3.144885418287142  3108
3.1451964061141817  3266
3.1455071714096627  3131
3.1458177144918276  3232
3.146128035678238  3112
3.1464381352857744  3175
3.14674801363064  3188
3.1470576710283598  3244
3.1473671077937864  3274
3.1476763242410986  3209
3.147985320683805  3233
3.1482940974347455  3206
3.1486026548060932  3218
3.1489109931093564  3242
3.1492191126553797  3117
3.149527013754348  3244
3.149834696715785  3258
3.1501421618485588  3095
3.150449409460881  3173
3.150756439860309  3219
3.15106325335375  3243
3.1513698502474603  3128
3.151676230847048  3186
3.151982395457474  3225
3.1522883443830563  3142
3.15259407792747  3074
3.1528995963937474  3141
3.153204900084284  3268
3.1535099893008374  3191
3.153814864344529  3154
3.154119525515847  3276
3.154423973114647  3196
3.1547282074401557  3147
3.1550322287909704  3241
3.155336037465062  3165
3.1556396337597765  3197
3.1559430179718366  3143
3.1562461903973444  3196
3.1565491513317814  3147
3.156851901070011  3252
3.1571544399062814  3194
3.157456768134226  3356
3.1577588860468637  3211
3.158060793936605  3266
3.1583624920952498  3226
3.1586639808139894  3299
3.15896526038341  3295
3.159266331093494  3203
3.1595671932336202  3214
3.1598678470925665  3265
3.160168292958512  3239
3.1604685311190375  3406
3.1607685618611283  3107
3.1610683854711747  3136
3.161368002234975  3118
3.161667412437736  3343
3.161966616364075  3189
3.1622656142980214  3155
3.162564406523019  3056
3.162862993321926  3138
3.1631613749770184  3125
3.16345955176999  3212
3.163757523981956  3183
3.1640552918934515  3224
3.164352855784437  3216
3.1646502159342966  3178
3.1649473726218416  3321
3.1652443261253107  3163
3.165541076722373  3222
3.1658376246901283  3102
3.166133970305109  3156
3.166430113843283  3176
3.166726055580052  3164
3.1670217957902564  3113
3.167317334748176  3205
3.16761267272753  3213
3.16790781000148  3270
3.168202746842631  3256
3.1684974835230326  3237
3.1687920203141817  3276
3.1690863574870227  3195
3.1693804953119495  3196
3.1696744340588068  3117
3.1699681739968923  3279
3.1702617153949575  3167
3.1705550585212086  3314
3.170848203643309  3212
3.1711411510283822  3246
3.171433900943008  3145
3.171726453653231  3201
3.1720188094245563  3142
3.172310968521954  3193
3.17260293120986  3218
3.1728946977521764  3215
3.173186268412274  3190
3.1734776434529945  3099
3.17376882313665  3311
3.1740598077250253  3130
3.1743505974793798  3259
3.1746411926604483  3200
3.1749315935284423  3055
3.1752218003430523  3131
3.1755118133634475  3268
3.1758016328482794  3176
3.1760912590556813  3166
3.1763806922432702  3146
3.17666993266815  3135
3.176958980586908  3262
3.1772478362556233  3238
3.1775364999298623  3186
3.177824971864682  3190
3.1781132523146316  3130
3.178401341533755  3107
3.17868923977559  3148
3.1789769472931693  3189
3.1792644643390253  3326
3.1795517911651876  3356
3.179838928023187  3272
3.180125875164054  3184
3.180412632838324  3211
3.1806992012960347  3244
3.1809855807867304  3129
3.1812717715594614  3221
3.1815577738627865  3180
3.1818435879447726  3312
3.182129214052998  3314
3.182414652434554  3153
3.1826999033360424  3260
3.182984967003582  3006
3.1832698436828046  3178
3.1835545336188615  3167
3.1838390370564214  3108
3.184123354239671  3244
3.1844074854123203  3228
3.184691430817599  3200
3.184975190698261  3145
3.185258765296585  3184
3.185542154854375  3257
3.185825359612962  3191
3.1861083798132053  3141
3.186391215695493  3230
3.1866738674997452  3276
3.1869563354654122  3259
3.187238619831479  3271
3.187520720836463  3135
3.1878026387184195  3161
3.188084373714938  3203
3.188365926063148  3133
3.188647295999717  3250
3.1889284837608534  3110
3.189209489582306  3137
3.1894903136993675  3254
3.189770956346874  3199
3.190051417759206  3172
3.1903316981702914  3261
3.190611797813605  3175
3.1908917169221698  3189
3.1911714557285586  3247
3.1914510144648953  3235
3.1917303933628562  3141
3.1920095926536702  3229
3.1922886125681202  3189
3.1925674533365456  3294
3.192846115188842  3280
3.1931245983544616  3157
3.1934029030624176  3217
3.1936810295412816  3250
3.193958978019187  3265
3.1942367487238292  3242
3.194514341882467  3072
3.1947917577219247  3138
3.1950689964685903  3045
3.1953460583484197  3170
3.1956229435869368  3202
3.1958996524092336  3159
3.1961761850399735  3246
3.196452541703389  3250
3.196728722623287  3150
3.1970047280230456  3271
3.197280558125619  3198
3.1975562131535367  3388
3.197831693328903  3194
3.1981069988734014  3080
3.1983821300082944  3103
3.1986570869544226  3252
3.198931869932209  3080
3.1992064791616577  3128
3.199480914862356  3129
3.1997551772534747  3218
3.2000292665537704  3202
3.200303182981585  3204
3.2005769267548483  3167
3.2008504980910772  3217
3.2011238972073794  3114
3.2013971243204513  3233
3.2016701796465816  3223
3.20194306340165  3278
3.2022157758011316  3214
3.2024883170600935  3248
3.2027606873931997  3254
3.2030328870147105  3151
3.203304916138483  3078
3.2035767749779724  3263
3.2038484637462346  3265
3.2041199826559246  3096
3.2043913319193  3247
3.204662511748219  3139
3.204933522354145  3130
3.2052043639481447  3266
3.205475036740891  3135
3.205745540942662  3254
3.2060158767633444  3282
3.2062860444124324  3102
3.2065560440990297  3217
3.2068258760318495  3224
3.207095540419218  3219
3.2073650374690716  3259
3.2076343673889616  3139
3.2079035303860515  3193
3.2081725266671217  3156
3.208441356438567  3177
3.208710019906401  3170
3.2089785172762535  3198
3.2092468487533736  3098
3.2095150145426308  3283
3.209783014848515  3222
3.2100508498751372  3164
3.210318519826232  3217
3.2105860249051563  3172
3.210853365314893  3291
3.2111205412580492  3126
3.2113875529368587  3173
3.2116544005531824  3240
3.2119210843085093  3271
3.2121876044039577  3211
3.212453961040276  3081
3.2127201544178425  3134
3.212986184736668  3128
3.2132520521963968  3203
3.2135177569963047  3221
3.2137832993353044  3141
3.2140486794119414  3174
3.2143138974244  3113
3.214578953570499  3249
3.214843848047698  3119
3.215108581053093  3173
3.215373152783422  3053
3.215637563435062  3177
3.215901813204032  3161
3.216165902285993  3186
3.216429830876251  3306
3.2166935991697545  3283
3.216957207361097  3189
3.217220655644519  3181
3.2174839442139063  3193
3.2177470732627937  3227
3.218010042984363  3144
3.2182728535714475  3227
3.218535505216528  3274
3.2187979981117376  3242
3.219060332448861  3327
3.219322508419337  3169
3.2195845262142546  3248
3.219846386024361  3227
3.220108088040055  3201
3.2203696324513946  3153
3.220631019448092  3211
3.2208922492195193  3083
3.2211533219547053  3125
3.2214142378423385  3148
3.2216749970707688  3265
3.2219355998280053  3179
3.22219604630172  3204
3.222456336679247  3181
3.2227164711475833  3257
3.2229764498933915  3177
3.2232362731029975  3130
3.2234959409623944  3228
3.2237554536572413  3162
3.224014811372864  3302
3.2242740142942576  3208
3.2245330626060857  3178
3.2247919564926817  3095
3.225050696138049  3119
3.225309281725863  3182
3.225567713439471  3106
3.2258259914618934  3197
3.226084115975824  3126
3.226342087163631  3228
3.2265999052073573  3158
3.2268575702887237  3175
3.2271150825891253  3246
3.2273724422896364  3205
3.227629649571009  3182
3.2278867046136734  3216
3.2281436075977417  3094
3.228400358703005  3275
3.2286569581089353  3112
3.228913405994688  3081
3.229169702539101  3211
3.229425847920695  3318
3.229681842317676  3186
3.229937685907934  3196
3.230193378869046  3150
3.230448921378274  3284
3.230704313612569  3260
3.230959555748569  3306
3.231214647962601  3208
3.2314695904306814  3262
3.2317243833285163  3230
3.231979026831504  3127
3.2322335211147335  3124
3.232487866352986  3180
3.232742062720737  3248
3.2329961103921536  3078
3.2332500095411003  3206
3.2335037603411343  3107
3.2337573629655103  3242
3.2340108175871793  3176
3.2342641243787895  3283
3.2345172835126865  3219
3.2347702951609163  3240
3.2350231594952237  3191
3.2352758766870524  3261
3.2355284469075487  3182
3.2357808703275603  3221
3.236033147117636  3262
3.2362852774480286  3168
3.236537261488694  3205
3.2367890994092927  3111
3.237040791379191  3089
3.237292337567459  3208
3.2375437381428744  3239
3.2377949932739227  3228
3.2380461031287955  3173
3.238297067875394  3135
3.2385478876813276  3221
3.238798562713917  3240
3.2390490931401916  3243
3.2392994791268923  3095
3.239549720840473  3252
3.2397998184470986  3320
3.2400497721126476  3161
3.2402995820027125  3210
3.2405492482826  3242
3.240798771117331  3302
3.241048150671644  3222
3.2412973871099933  3198
3.2415464805965484  3135
3.241795431295199  3284
3.2420442393695508  3177
3.2422929049829308  3183
3.2425414282983844  3171
3.2427898094786767  3205
3.2430380486862944  3183
3.243286146083446  3254
3.243534101832062  3284
3.243781916093795  3076
3.244029589030022  3205
3.244277120801843  3092
3.244524511570084  3111
3.244771761495295  3251
3.245018870737753  3161
3.245265839457461  3225
3.24551266781415  3242
3.245759355967277  3225
3.246005904076029  3234
3.246252312299322  3221
3.246498580795801  3285
3.2467447097238415  3155
3.24699069924155  3182
3.247236549506764  3246
3.2474822606770544  3224
3.2477278329097232  3161
3.247973266361807  3203
3.248218561190075  3194
3.248463717551032  3106
3.2487087356009177  3249
3.2489536154957075  3124
3.249198357391113  3094
3.249442961442582  3226
3.2496874278053016  3205
3.249931756634195  3054
3.250175948083925  3268
3.250420002308894  3201
3.2506639194632436  3084
3.250907699700856  3183
3.2511513431753545  3274
3.2513948500401044  3304
3.251638220448212  3191
3.2518814545525276  3129
3.252124552505644  3226
3.2523675144598987  3267
3.252610340567373  3238
3.2528530309798933  3129
3.2530955858490316  3079
3.2533380053261065  3202
3.253580289562183  3251
3.2538224387080734  3315
3.254064452914338  3218
3.2543063323312857  3200
3.2545480771089736  3251
3.25478968739721  3101
3.2550311633455515  3188
3.255272505103306  3238
3.2555137128195333  3247
3.255754786643044  3073
3.255995726722402  3176
3.256236533205923  3239
3.256477206241677  3268
3.256717745977487  3082
3.256958152560932  3156
3.2571984261393445  3177
3.257438566859814  3105
3.2576785748691846  3334
3.2579184503140586  3185
3.2581581933407944  3092
3.258397804095509  3110
3.2586372827240764  3196
3.258876629372131  3212
3.2591158441850663  3268
3.2593549273080344  3176
3.2595938788859486  3087
3.2598326990634834  3255
3.2600713879850747  3252
3.26030994579492  3223
3.2605483726369795  3205
3.2607866686549762  3183
3.2610248339923973  3170
3.2612628687924934  3113
3.2615007731982804  3189
3.2617385473525378  3150
3.2619761913978125  3218
3.262213705476417  3239
3.2624510897304293  3275
3.2626883443016963  3271
3.2629254693318317  3228
3.2631624649622166  3339
3.263399331334002  3283
3.263636068588108  3229
3.2638726768652235  3184
3.2641091563058082  3124
3.2643455070500926  3218
3.2645817292380777  3238
3.2648178230095364  3161
3.2650537885040145  3083
3.26528962586083  3185
3.2655253352190736  3189
3.2657609167176105  3149
3.265996370495079  3245
3.266231696689893  3118
3.2664668954402414  3284
3.2667019668840878  3077
3.266936911159173  3275
3.2671717284030137  3114
3.267406418752904  3264
3.2676409823459154  3281
3.2678754193188975  3300
3.2681097298084785  3231
3.268343913951065  3196
3.268577971882843  3354
3.2688119037397803  3133
3.269045709657623  3255
3.2692793897718984  3119
3.2695129442179165  3283
3.269746373130767  3157
3.269979676645324  3174
3.2702128548962426  3197
3.2704459080179626  3241
3.2706788361447066  3247
3.2709116394104814  3238
3.2711443179490782  3173
3.2713768718940743  3088
3.271609301378832  3195
3.271841606536499  3198
3.27207378750001  3235
3.2723058444020863  3085
3.2725377773752373  3212
3.2727695865517594  3208
3.2730012720637376  3206
3.2732328340430454  3172
3.273464272621346  3195
3.273695587930092  3134
3.2739267801005254  3336
3.27415784926368  3179
3.274388795550379  3138
3.274619619091238  3116
3.274850320016665  3109
3.2750808984568587  3159
3.2753113545418118  3112
3.2755416884013098  3122
3.2757719001649312  3181
3.27600198996205  3200
3.2762319579218335  3320
3.2764618041732443  3231
3.27669152884504  3161
3.276921132065774  3198
3.277150613963797  3095
3.2773799746672547  3103
3.2776092143040914  3198
3.2778383330020473  3231
3.2780673308886628  3291
3.2782962080912736  3236
3.2785249647370174  3211
3.278753600952829  3183
3.278982116865443  3266
3.279210512601395  3202
3.2794387882870204  3112
3.2796669440484556  3134
3.279894980011638  3064
3.2801228963023075  3204
3.280350693046006  3181
3.2805783703680764  3201
3.280805928393667  3223
3.2810333672477277  3172
3.281260687055013  3234
3.2814878879400813  3183
3.281714970027296  3252
3.281941933440825  3188
3.2821687783046416  3159
3.2823955047425257  3212
3.2826221128780624  3167
3.282848602834645  3238
3.2830749747354715  3090
3.2833012287035497  3180
3.2835273648616936  3221
3.2837533833325265  3229
3.28397928423848  3254
3.284205067701794  3237
3.2844307338445193  3224
3.2846562827885157  3254
3.284881714655453  3219
3.285107029566812  3061
3.2853322276438846  3174
3.285557309007774  3256
3.285782273779395  3232
3.2860071220794747  3221
3.286231854028553  3247
3.286456469746983  3333
3.28668096935493  3197
3.286905352972375  3242
3.287129620719111  3116
3.2873537727147464  3267
3.2875778090787056  3160
3.287801729930226  3287
3.2880255353883627  3118
3.288249225571986  3127
3.2884728005997825  3123
3.288696260590256  3149
3.2889196056617265  3184
3.289142835932333  3251
3.2893659515200318  3103
3.2895889525425965  3228
3.2898118391176214  3151
3.290034611362518  3215
3.2902572693945182  3204
3.290479813330673  3149
3.2907022432878543  3177
3.2909245593827543  3084
3.2911467617318855  3223
3.291368850451583  3268
3.2915908256580013  3207
3.291812687467119  3263
3.2920344359947364  3238
3.292256071356476  3234
3.292477593667784  3257
3.29269900304393  3311
3.292920299600006  3102
3.2931414834509307  3234
3.2933625547114453  3120
3.2935835134961167  3149
3.2938043599193367  3314
3.2940250940953226  3265
3.2942457161381182  3152
3.294466226161593  3202
3.2946866242794433  3119
3.2949069106051923  3169
3.295127085252191  3130
3.295347148333618  3232
3.295567099962479  3210
3.295786940251609  3179
3.2960066693136723  3145
3.2962262872611605  3192
3.296445794206396  3249
3.296665190261531  3265
3.296884475538547  3372
3.2971036501492565  3105
3.2973227142053028  3155
3.2975416678181597  3261
3.297760511099134  3246
3.2979792441593623  3164
3.298197867109815  3060
3.2984163800612945  3232
3.2986347831244354  3110
3.298853076409707  3156
3.2990712600274095  3317
3.29928933408768  3191
3.2995072987004876  3116
3.2997251539756367  3217
3.299942900022767  3239
3.3001605369513523  3132
3.3003780648707024  3183
3.3005954838899636  3236
3.300812794118117  3187
3.3010299956639813  3159
3.3012470886362113  3241
3.3014640731433  3190
3.3016809492935764  3180
3.301897717195208  3153
3.302114376956201  3166
3.302330928684399  3236
3.3025473724874854  3157
3.3027637084729817  3216
3.3029799367482493  3145
3.303196057420489  3167
3.303412070596742  3200
3.30362797638389  3231
3.3038437748886547  3193
3.3040594662175993  3247
3.3042750504771283  3260
3.3044905277734875  3196
3.3047058982127653  3252
3.3049211619008916  3232
3.305136318943639  3263
3.305351369446624  3269
3.305566313515304  3144
3.3057811512549824  3191
3.3059958827708047  3264
3.3062105081677613  3211
3.3064250275506875  3344
3.3066394410242617  3202
3.3068537486930087  3213
3.3070679506612985  3149
3.307282047033346  3274
3.307496037913213  3198
3.307709923404807  3216
3.307923703611882  3278
3.3081373786380386  3149
3.308350948586726  3220
3.3085644135612386  3143
3.3087777736647213  3216
3.3089910290001643  3203
3.3092041796704077  3135
3.30941722577814  3315
3.3096301674258988  3153
3.3098430047160705  3211
3.3100557377508912  3167
3.3102683666324477  3123
3.3104808914626753  3278
3.3106933123433606  3173
3.3109056293761414  3327
3.311117842662506  3267
3.3113299523037933  3188
3.311541958401195  3308
3.311753861055754  3203
3.3119656603683665  3200
3.3121773564397787  3172
3.312388949370592  3218
3.3126004392612596  3191
3.312811826212088  3266
3.313023110323238  3286
3.313234291694724  3226
3.313445370426414  3179
3.3136563466180315  3368
3.3138672203691533  3210
3.3140779917792127  3231
3.3142886609474975  3160
3.3144992279731516  3296
3.314709692955174  3246
3.31492005599242  3108
3.315130317183602  3228
3.3153404766272883  3224
3.315550534421905  3255
3.3157604906657347  3255
3.315970345456918  3215
3.3161800988934527  3237
3.3163897510731952  3110
3.3165993020938607  3158
3.316808752053022  3168
3.3170181010481117  3146
3.31722734917642  3187
3.317436496535099  3190
3.3176455432211585  3143
3.317854489331469  3093
3.3180633349627615  3277
3.318272080211627  3221
3.3184807251745174  3201
3.318689269947746  3124
3.3188977146274867  3225
3.3191060593097763  3215
3.319314304090512  3175
3.3195224490654542  3295
3.3197304943302246  3207
3.3199384399803087  3190
3.3201462861110542  3175
3.3203540328176717  3175
3.3205616801952367  3286
3.3207692283386865  3229
3.3209766773428235  3186
3.3211840273023143  3289
3.321391278311689  3278
3.3215984304653436  3118
3.3218054838575393  3231
3.3220124385824006  3336
3.322219294733919  3230
3.3224260524059526  3249
3.3226327116922234  3218
3.322839272686321  3281
3.3230457354817013  3365
3.323252100171687  3168
3.3234583668494677  3198
3.3236645356081  3165
3.323870606540509  3243
3.3240765797394864  3235
3.3242824552976926  3170
3.3244882333076564  3130
3.3246939138617746  3204
3.3248994970523134  3186
3.3251049829714074  3153
3.325310371711061  3142
3.325515663363148  3179
3.325720858019412  3145
3.325925955771466  3204
3.3261309567107946  3227
3.326335860928751  3170
3.3265406685165617  3274
3.3267453795653217  3212
3.326949994165999  3264
3.3271545124094315  3202
3.3273589343863303  3098
3.327563260187278  3214
3.327767489902729  3069
3.3279716236230104  3274
3.3281756614383227  3139
3.3283796034387376  3147
3.328583449714202  3306
3.3287872003545345  3177
3.3289908554494287  3193
3.329194415088451  3261
3.329397879361043  3183
3.3296012483565187  3108
3.3298045221640695  3209
3.330007700872759  3197
3.330210784571528  3222
3.330413773349191  3115
3.3306166672944384  3164
3.330819466495837  3248
3.3310221710418286  3195
3.3312247810207323  3235
3.331427296520743  3168
3.3316297176299323  3250
3.331832044436249  3239
3.332034277027518  3162
3.3322364154914434  3258
3.3324384599156054  3192
3.3326404103874627  3147
3.3328422669943514  3069
3.3330440298234874  3144
3.3332456989619628  3237
3.3334472744967503  3189
3.3336487565147013  3104
3.333850145102545  3199
3.334051440346892  3324
3.334252642334231  3100
3.3344537511509307  3168
3.3346547668832414  3164
3.3348556896172914  3159
3.3350565194390915  3224
3.3352572564345317  3218
3.3354579006893843  3214
3.3356584522893016  3125
3.335858911319818  3189
3.336059277866349  3138
3.336259552014193  3213
3.3364597338485296  3321
3.3366598234544202  3162
3.336859820916809  3182
3.3370597263205246  3177
3.3372595397502756  3102
3.337459261290656  3144
3.3376588910261424  3158
3.3378584290410944  3220
3.3380578754197563  3125
3.3382572302462554  3179
3.3384564936046046  3064
3.3386556655787003  3244
3.338854746252323  3133
3.339053735709139  3263
3.3392526340327  3355
3.3394514413064407  3146
3.339650157613684  3136
3.339848783037637  3163
3.340047317661393  3215
3.3402457615679317  3143
3.3404441148401185  3140
3.3406423775607053  3205
3.3408405498123317  3157
3.341038631677523  3227
3.3412366232386925  3133
3.34143452457814  3192
3.3416323357780544  3222
3.3418300569205104  3284
3.3420276880874717  3287
3.3422252293607904  3075
3.342422680822206  3181
3.342620042553348  3195
3.342817314635733  3299
3.343014497150768  3265
3.3432115901797474  3176
3.3434085938038574  3162
3.343605508104172  3157
3.343802333161655  3237
3.3439990690571615  3211
3.344195715871435  3160
3.3443922736851106  3116
3.344588742578714  3347
3.344785122632661  3208
3.344981413927258  3181
3.345177616542704  3131
3.3453737305590883  3290
3.345569756056392  3209
3.345765693114488  3210
3.3459615418131414  3214
3.346157302232008  3183
3.346352974450639  3230
3.346548558548474  3186
3.346744054604849  3162
3.3469394626989906  3233
3.34713478291002  3285
3.3473300153169503  3302
3.3475251599986895  3224
3.347720217034038  3101
3.3479151865016914  3194
3.3481100684802376  3083
3.3483048630481607  3140
3.348499570283838  3088
3.348694190265541  3316
3.348888723071438  3260
3.34908316877959  3095
3.3492775274679554  3198
3.3494717992143856  3159
3.34966598409663  3207
3.3498600821923312  3201
3.3500540935790304  3135
3.3502480183341627  3130
3.350441856535061  3242
3.3506356082589543  3223
3.350829273582968  3174
3.3510228525841237  3186
3.351216345339342  3171
3.351409751925439  3168
3.351603072419129  3284
3.3517963068970236  3261
3.351989455435632  3221
3.3521825181113627  3236
3.35237549500052  3202
3.3525683861793087  3250
3.3527611917238307  3246
3.3529539117100877  3209
3.3531465462139796  3208
3.3533390953113047  3197
3.353531559077762  3287
3.353723937588949  3214
3.353916230920363  3084
3.3541084391474008  3188
3.35430056234536  3282
3.3544926005894364  3239
3.3546845539547285  3244
3.354876422516234  3226
3.3550682063488506  3274
3.3552599055273786  3203
3.3554515201265174  3271
3.355643050220869  3190
3.355834495884936  3183
3.3560258571931225  3227
3.3562171342197353  3066
3.3564083270389813  3195
3.356599435724971  3185
3.356790460351716  3101
3.3569814009931314  3202
3.3571722577230334  3256
3.3573630306151427  3196
3.3575537197430814  3239
3.3577443251803754  3256
3.357934847000454  3308
3.3581252852766488  3217
3.358315640082196  3207
3.3585059114902354  3169
3.3586960995738107  3253
3.358886204405869  3255
3.359076226059263  3213
3.3592661646067485  3160
3.3594560201209864  3245
3.359645792674543  3164
3.359835482339888  3284
3.3600250891893975  3134
3.3602146132953523  3196
3.3604040547299387  3226
3.360593413565249  3175
3.36078268987328  3266
3.3609718837259357  3198
3.361160995195026  3280
3.3613500243522663  3123
3.361538971269279  3317
3.361727836017593  3111
3.3619166186686433  3142
3.362105319293773  3084
3.362293937964231  3192
3.3624824747511743  3106
3.362670929725667  3302
3.36285930295868  3189
3.3630475945210936  3312
3.363235804483694  3175
3.3634239329171765  3204
3.3636119798921444  3141
3.3637999454791094  3234
3.3639878297484915  3198
3.3641756327706194  3240
3.3643633546157306  3122
3.364550995353972  3133
3.3647385550553985  3106
3.364926033789976  3231
3.3651134316275773  3193
3.3653007486379876  3218
3.3654879848909  3155
3.3656751404559175  3196
3.365862215402555  3210
3.3660492098002353  3156
3.366236123718293  3170
3.3664229572259727  3139
3.3666097103924297  3191
3.36679638328673  3321
3.3669829759778507  3229
3.367169488534681  3202
3.367355921026019  3128
3.3675422735205767  3200
3.3677285460869766  3305
3.3679147387937527  3174
3.3681008517093516  3185
3.368286884902131  3100
3.3684728384403617  3237
3.368658712392227  3211
3.3688445068258215  3269
3.3690302218091532  3140
3.369215857410143  3228
3.3694014136966244  3226
3.369586890736344  3147
3.369772288596963  3267
3.369957607346053  3230
3.370142847051102  3217
3.3703280077795106  3185
3.3705130895985924  3170
3.370698092575577  3132
3.370883016777606  3180
3.3710678622717363  3258
3.3712526291249394  3208
3.371437317404101  3107
3.3716219271760215  3075
3.371806458507416  3281
3.371990911464915  3290
3.372175286115064  3252
3.3723595825243238  3197
3.3725438007590705  3171
3.3727279408855955  3321
3.3729120029701067  3205
3.373095987078727  3106
3.373279893277496  3251
3.373463721632369  3255
3.3736474722092176  3197
3.3738311450738303  3172
3.3740147402919116  3221
3.374198257929083  3206
3.374381698050882  3205
3.374565060722765  3196
3.374748346010104  3210
3.3749315539781883  3225
3.375114684692225  3292
3.375297738217339  3127
3.3754807146185724  3151
3.3756636139608855  3153
3.375846436309156  3191
3.3760291817281805  3255
3.376211850282673  3211
3.3763944420372662  3140
3.376576957056512  3135
3.37675939540488  3242
3.3769417571467586  3186
3.377124042346456  3140
3.377306251068199  3254
3.3774883833761327  3204
3.377670439334323  3161
3.3778524190067545  3142
3.3780343224573315  3182
3.378216149749878  3180
3.3783979009481375  3263
3.378579576115775  3232
3.3787611753163733  3246
3.378942698613437  3298
3.379124146070392  3222
3.379305517750582  3294
3.3794868137172736  3164
3.379668034033654  3172
3.37984917876283  3270
3.380030247967831  3250
3.380211241711606  3322
3.3803921600570273  3217
3.3805730030668872  3241
3.3807537708039  3273
3.380934463330702  3183
3.3811150807098507  3254
3.381295623003826  3133
3.38147609027503  3240
3.381656482585787  3165
3.3818367999983434  3109
3.3820170425748683  3314
3.382197210377454  3163
3.3823773034681137  3126
3.3825573219087857  3140
3.3827372657613304  3286
3.382917135087531  3157
3.3830969299490943  3101
3.3832766504076504  3148
3.383456296524753  3116
3.3836358683618797  3155
3.383815365980431  3142
3.383994789441733  3115
3.3841741388070337  3189
3.384353414137506  3297
3.3845326154942486  3182
3.3847117429382823  3209
3.3848907965305544  3315
3.385069776331935  3091
3.38524868240322  3193
3.3854275148051305  3168
3.385606273598312  3177
3.3857849588433355  3281
3.385963570600697  3137
3.3861421089308186  3181
3.386320573894046  3213
3.386498965550653  3258
3.3866772839608377  3229
3.386855529184724  3222
3.387033701282363  3240
3.3872118003137306  3374
3.387389826338729  3217
3.387567779417189  3093
3.3877456596088638  3215
3.3879234669734366  3337
3.3881012015705165  3100
3.388278863459639  3283
3.3884564527002667  3188
3.388633969351789  3286
3.3888114134735234  3298
3.388988785124714  3269
3.3891660843645326  3088
3.389343311252078  3241
3.3895204658463776  3193
3.3896975482063856  3188
3.3898745583909853  3157
3.3900514964589874  3161
3.3902283624691303  3147
3.390405156480081  3124
3.390581878550435  3199
3.390758528738717  3094
3.3909351071033793  3273
3.3911116137028023  3121
3.3912880485952974  3166
3.3914644118391033  3228
3.3916407034923877  3208
3.391816923613249  3149
3.3919930722597127  3233
3.392169149489736  3278
3.392345155361204  3180
3.3925210899319325  3217
3.392696953259666  3280
3.3928727454020793  3208
3.3930484664167784  3128
3.3932241163612975  3145
3.393399695293102  3096
3.3935752032695876  3206
3.39375064034808  3162
3.3939260065858368  3082
3.3941013020400446  3173
3.3942765267678214  3230
3.3944516808262164  3212
3.394626764272209  3196
3.394801777162711  3164
3.394976719554564  3184
3.3951515915045425  3202
3.395326393069351  3223
3.395501124305626  3129
3.395675785269936  3210
3.3958503760187813  3125
3.3960248966085933  3134
3.3961993470957363  3204
3.3963737275365067  3148
3.396548037987132  3203
3.3967222785037734  3204
3.396896449142524  3143
3.397070549959409  3131
3.397244581010386  3177
3.397418542351348  3298
3.3975924340381165  3122
3.39776625612645  3215
3.3979400086720375  3181
3.3981136917305026  3158
3.398287305357401  3161
3.3984608496082234  3153
3.398634324538392  3100
3.3988077302032647  3206
3.398981066658131  3249
3.3991543339582164  3147
3.399327532158679  3074
3.3995006613146104  3247
3.399673721481038  3157
3.3998467127129226  3159
3.4000196350651586  3129
3.400192488592576  3227
3.400365273349939  3226
3.400537989391946  3245
3.400710636773231  3282
3.4008832155483626  3197
3.401055725771844  3169
3.401228167498113  3105
3.401400540781544  3176
3.401572845676446  3188
3.401745082237063  3294
3.4019172505175748  3212
3.402089350572097  3124
3.40226138245468  3195
3.402433346219312  3290
3.4026052419199146  3252
3.402777069610347  3169
3.4029488293444046  3114
3.403120521175818  3249
3.4032921451582543  3157
3.4034637013453173  3158
3.403635189790548  3127
3.4038066105474227  3246
3.403977963669355  3156
3.404149249209695  3216
3.404320467221731  3189
3.404491617758686  3129
3.4046627008737222  3119
3.404833716619938  3166
3.4050046650503694  3253
3.4051755462179893  3240
3.405346360175709  3309
3.4055171069763763  3183
3.4056877866727775  3171
3.4058583993176366  3188
3.406028944963615  3202
3.406199423663313  3148
3.4063698354692673  3199
3.406540180433955  3240
3.40671045860979  3135
3.4068806700491248  3207
3.40705081480425  3291
3.4072208929273966  3283
3.4073909044707316  3186
3.4075608494863627  3282
3.4077307280263356  3165
3.407900540142635  3211
3.4080702858871854  3135
3.4082399653118496  3208
3.40840957846843  3234
3.4085791254086675  3204
3.408748606184244  3161
3.4089180208467798  3188
3.409087369447835  3266
3.4092566520389096  3146
3.4094258686714434  3161
3.4095950193968156  3180
3.4097641042663462  3182
3.4099331233312946  3139
3.4101020766428607  3257
3.4102709642521845  3152
3.4104397862103464  3116
3.410608542568368  3298
3.41077723337721  3164
3.4109458586877746  3217
3.4111144185509046  3159
3.4112829130173843  3175
3.4114513421379375  3234
3.41161970596323  3159
3.411788004543869  3327
3.4119562379304016  3203
3.412124406173317  3171
3.4122925093230463  3255
3.412460547429961  3268
3.4126285205443754  3246
3.4127964287165433  3235
3.4129642719966626  3191
3.413132050434872  3138
3.413299764081252  3202
3.413467412985825  3280
3.413634997198556  3133
3.4138025167693513  3093
3.4139699717480614  3159
3.414137362184477  3254
3.4143046881283317  3201
3.4144719496293026  3316
3.414639146737009  3110
3.4148062795010126  3236
3.4149733479708178  3159
3.4151403521958725  3095
3.4153072922255676  3238
3.4154741681092355  3178
3.4156409798961542  3171
3.4158077276355434  3211
3.415974411376566  3185
3.416141031168329  3183
3.4163075870598827  3202
3.4164740791002206  3257
3.416640507338281  3168
3.4168068718229443  3180
3.4169731726030363  3245
3.4171394097273255  3234
3.4173055832445254  3260
3.417471693203293  3161
3.4176377396522297  3155
3.417803722639881  3194
3.417969642214737  3227
3.418135498425232  3242
3.4183012913197452  3176
3.4184670209466006  3202
3.4186326873540653  3195
3.4187982905903533  3296
3.4189638307036225  3212
3.4191293077419758  3326
3.4192947217534604  3276
3.4194600727860704  3211
3.419625360887743  3217
3.419790586106363  3140
3.419955748489758  3215
3.420120848085703  3103
3.4202858849419178  3170
3.4204508591060683  3176
3.420615770625765  3247
3.4207806195485655  3078
3.420945405921972  3300
3.4211101297934343  3202
3.4212747912103465  3250
3.4214393902200495  3234
3.4216039268698313  3161
3.421768401206924  3220
3.4219328132785085  3119
3.4220971631317103  3237
3.4222614508136027  3243
3.4224256763712044  3132
3.422589839851482  3197
3.422753941301348  3101
3.422917980767662  3301
3.423081958297231  3224
3.423245873936808  3215
3.4234097277330933  3158
3.4235735197327357  3281
3.423737249982329  3128
3.4239009185284166  3202
3.4240645254174877  3080
3.42422807069598  3181
3.4243915544102776  3151
3.4245549766067134  3115
3.424718337331567  3183
3.424881636631067  3255
3.425044874551389  3160
3.4252080511386565  3233
3.425371166438941  3329
3.4255342204982635  3248
3.425697213362591  3177
3.4258601450778405  3188
3.4260230156898763  3219
3.426185825244511  3083
3.4263485737875077  3240
3.4265112613645754  3107
3.426673888021373  3251
3.426836453803508  3223
3.426998958756537  3132
3.4271614029259654  3143
3.427323786357247  3150
3.4274861090957853  3206
3.4276483711869328  3247
3.42781057267599  3281
3.427972713608209  3164
3.428134794028789  3342
3.4282968139828798  3208
3.42845877351558  3128
3.428620672671939  3134
3.4287825114969546  3316
3.428944290035574  3234
3.4291060083326967  3187
3.4292676664331685  3206
3.429429264381788  3107
3.4295908022233017  3243
3.429752280002408  3199
3.4299136977637543  3200
3.430075055551939  3320
3.4302363534115106  3159
3.4303975913869666  3207
3.4305587695227575  3312
3.4307198878632823  3219
3.4308809464528913  3230
3.4310419453358856  3272
3.431202884556517  3183
3.4313637641589874  3151
3.431524584187451  3130
3.4316853446860116  3218
3.4318460456987254  3304
3.4320066872695985  3255
3.4321672694425884  3159
3.4323277922616042  3235
3.4324882557705063  3263
3.4326486600131068  3109
3.4328090050331683  3156
3.432969290874406  3100
3.4331295175804857  3124
3.433289685195026  3204
3.433449793761596  3127
3.433609843323718  3120
3.433769833924866  3192
3.433929765608464  3114
3.4340896384178907  3116
3.4342494523964757  3195
3.4344092075875  3297
3.4345689040341987  3190
3.4347285417797577  3276
3.434888120867316  3198
3.4350476413399647  3263
3.4352071032407476  3185
3.4353665066126613  3152
3.435525851498655  3195
3.43568513794163  3137
3.4358443659844413  3231
3.4360035356698964  3212
3.436162647040756  3272
3.4363217001397333  3159
3.436480695009495  3187
3.436639631692661  3191
3.4367985102318035  3192
3.4369573306694496  3210
3.4371160930480786  3199
3.4372747974101237  3116
3.437433443797971  3107
3.4375920322539613  3165
3.437750562820388  3232
3.4379090355394983  3399
3.438067450453494  3162
3.4382258076045296  3222
3.438384107034714  3234
3.4385423487861106  3170
3.4387005329007363  3161
3.438858659420562  3194
3.4390167283875126  3219
3.4391747398434687  3099
3.439332693830263  3299
3.4394905903896835  3243
3.4396484295634737  3375
3.4398062113933303  3203
3.439963935920905  3310
3.4401216031878037  3219
3.440279213235588  3203
3.4404367661057735  3163
3.440594261839831  3185
3.4407517004791854  3228
3.4409090820652177  3172
3.4410664066392633  3182
3.4412236742426123  3224
3.4413808849165113  3241
3.441538038702161  3227
3.441695135640717  3268
3.441852175773292  3208
3.442009159140952  3138
3.44216608578472  3176
3.4423229557455746  3226
3.4424797690644486  3188
3.442636525782232  3152
3.442793225939769  3160
3.4429498695778618  3120
3.443106456737266  3188
3.443262987458695  3201
3.4434194617828173  3153
3.4435758797502576  3156
3.4437322414015967  3182
3.443888546777372  3250
3.444044795918076  3134
3.4442009888641594  3219
3.4443571256560275  3146
3.444513206334043  3222
3.4446692309385245  3096
3.4448251995097476  3246
3.4449811120879446  3158
3.445136968713304  3160
3.4452927694259716  3190
3.44544851426605  3264
3.4456042032735974  3164
3.445759836488631  3185
3.4459154139511234  3194
3.446070935701005  3301
3.446226401778163  3129
3.446381812222442  3176
3.446537167073644  3194
3.4466924663715273  3199
3.446847710155809  3209
3.4470028984661623  3181
3.4471580313422194  3244
3.4473131088235682  3103
3.4474681309497557  3182
3.447623097760286  3323
3.447778009294621  3136
3.4479328655921804  3367
3.448087666692341  3126
3.448242412634439  3332
3.4483971034577676  3288
3.448551739201578  3187
3.44870631990508  3123
3.4488608456074408  3138
3.4490153163477864  3237
3.449169732165201  3252
3.449324093098727  3244
3.449478399187365  3300
3.4496326504700745  3113
3.4497868469857735  3268
3.4499409887733377  3245
3.4500950758716025  3193
3.450249108319361  3128
3.450403086155366  3145
3.450557009418329  3100
3.450710878146919  3127
3.450864692379766  3252
3.4510184521554574  3149
3.45117215751254  3132
3.4513258084895195  3161
3.4514794051248616  3178
3.4516329474569907  3151
3.45178643552429  3294
3.451939869365103  3298
3.4520932490177314  3176
3.452246574520437  3103
3.4523998459114416  3180
3.452553063228925  3164
3.452706226511029  3172
3.452859335795852  3188
3.4530123911214554  3156
3.4531653925258574  3301
3.4533183400470375  3197
3.453471233722936  3159
3.4536240735914507  3250
3.4537768596904423  3238
3.4539295920577286  3116
3.45408227073109  3172
3.4542348957482654  3109
3.454387467146955  3240
3.4545399849648186  3148
3.454692449239477  3199
3.45484486000851  3213
3.45499721730946  3308
3.4551495211798278  3164
3.4553017716570764  3109
3.4554539687786283  3116
3.455606112581867  3125
3.455758203104137  3156
3.455910240382743  3193
3.4560622244549513  3174
3.456214155357989  3246
3.456366033129043  3148
3.4565178578052627  3217
3.4566696294237578  3138
3.456821348021599  3085
3.456973013635818  3086
3.457124626303409  3163
3.4572761860613257  3121
3.4574276929464847  3170
3.4575791469957626  3154
3.4577305482459986  3145
3.4578818967339924  3019
3.458033192496506  3180
3.4581844355702627  3121
3.4583356259919475  3181
3.4584867637982066  3101
3.4586378490256493  3078
3.458788881710845  3086
3.458939861890326  3008
3.4590907896005865  3129
3.459241664878082  3163
3.459392487759231  3136
3.459543258280413  3041
3.4596939764779706  3158
3.459844642388208  3075
3.4599952560473914  3014
3.46014581749175  3051
3.4602963267574753  3067
3.4604467838807205  3114
3.4605971888976015  3046
3.460747541844197  3048
3.4608978427565478  2946
3.4610480916706576  3037
3.461198288622493  2988
3.461348433647983  2950
3.4614985267830187  2973
3.4616485680634552  3089
3.461798557525109  2894
3.461948495203762  2960
3.462098381135156  2882
3.4622482153549976  3086
3.462397997898956  2942
3.4625477288026643  2958
3.4626974081017172  2977
3.4628470358316736  2882
3.462996612028056  2874
3.4631461367263494  2880
3.4632956099620027  2957
3.4634450317704277  2914
3.463594402187  2758
3.463743721247059  2795
3.4638929889859074  2847
3.464042205438811  2790
3.4641913706409997  2752
3.4643404846276673  2800
3.4644895474339714  2722
3.464638559095033  2734
3.4647875196459372  2642
3.4649364291217326  2643
3.4650852875574327  2609
3.4652340949880145  2653
3.4653828514484184  2617
3.46553155697355  2509
3.465680211598278  2537
3.4658288153574364  2446
3.465977368285823  2554
3.466125870418199  2429
3.466274321789292  2367
3.466422722433792  2367
3.4665710723863543  2315
3.4667193716815987  2364
3.4668676203541096  2269
3.4670158184384356  2382
3.4671639659690903  2215
3.467312062980552  2211
3.4674601095072637  2120
3.467608105583633  2111
3.467756051244033  2150
3.4679039465228003  2057
3.4680517914542377  2108
3.4681995860726125  2017
3.4683473304121573  2034
3.468495024507069  1956
3.4686426683915115  1887
3.468790262099611  1878
3.4689378056654614  1777
3.4690852991231202  1808
3.469232742506612  1801
3.469380135849925  1755
3.469527479187014  1758
3.469674772551798  1708
3.469822015978163  1632
3.4699692094999595  1667
3.470116353151004  1609
3.4702634469650784  1575
3.470410490975931  1525
3.4705574852172743  1458
3.470704429722788  1427
3.4708513245261177  1414
3.4709981696608736  1355
3.471144965160633  1334
3.4712917110589387  1327
3.471438407389299  1332
3.47158505418519  1256
3.471731651480051  1243
3.4718781993072905  1223
3.4720246977002813  1164
3.472171146692363  1126
3.472317546316842  1076
3.4724638966069894  1045
3.472610197596045  1074
3.4727564493172123  1015
3.472902651803664  1042
3.4730488050885375  962
3.473194909204938  960
3.4733409641859354  898
3.4734869700645685  875
3.473632926873841  835
3.473778834646725  845
3.473924693416157  813
3.4740705032150436  798
3.4742162640762553  789
3.4743619760326307  738
3.474507639116976  716
3.474653253362063  704
3.474798818800631  629
3.4749443354653877  595
3.4750898033890065  582
3.475235222604128  567
3.475380593143361  536
3.4755259150392805  524
3.4756711883244296  502
3.475816413031318  466
3.4759615891924236  450
3.4761067168401913  419
3.4762517960070336  427
3.4763968267253302  385
3.4765418090274287  369
3.476686742945645  362
3.4768316285122607  365
3.476976465759527  330
3.4771212547196626  305
3.477265995424853  323
3.4774106879072515  304
3.477555332198981  279
3.4776999283321306  265
3.4778444763387584  242
3.4779889762508893  260
3.4781334281005174  208
3.4782778319196046  219
3.4784221877400805  206
3.4785664955938436  208
3.4787107555127594  176
3.478854967528663  181
3.478999131673357  168
3.479143247978613  156
3.47928731647617  158
3.4794313371977363  125
3.4795753101749884  126
3.479719235439571  143
3.479863113023098  113
3.4800069429571505  97
3.4801507252732806  96
3.4802944600030066  77
3.480438147177817  78
3.480581786829169  63
3.4807253789884878  68
3.4808689236871677  71
3.481012420956573  57
3.4811558708280352  53
3.481299273332856  47
3.481442628502305  48
3.4815859363676225  55
3.481729196960016  38
3.4818724103106633  44
3.4820155764507117  37
3.482158695411276  40
3.4823017672234426  34
3.4824447919182653  32
3.4825877695267677  40
3.482730700079943  29
3.482873583608754  23
3.483016420144132  27
3.4831592097169795  22
3.483301952358167  17
3.4834446480985353  11
3.4835872969688944  14
3.4837298990000236  14
3.4838724542226736  8
3.4840149626675627  7
3.484157424365381  9
3.484299839346786  8
3.484442207642407  11
3.484584529282843  7
3.4847268042986617  7
3.484869032720402  6
3.485011214578573  9
3.485153349903652  9
3.485295438726089  8
3.485437481076301  5
3.485579476984679  5
3.48572142648158  7
3.4858633295973345  6
3.486005186362242  3
3.4861469968065726  4
3.486288760960566  4
3.486430478854434  4
3.4865721505183562  4
3.4867137759824853  5
3.4868553552769432  4
3.4869968884318228  3
3.4871383754771865  4
3.4872798164430687  4
3.4874212113594742  5
3.4875625602563782  4
3.4877038631637265  4
3.4878451201114355  3
3.4879863311293935  6
3.4881274962474587  4
3.48826861549546  3
3.488409688903198  5
3.4885507165004443  3
3.4886916983169405  3
3.4888326343824003  3
3.488973524726508  3
3.4891143693789193  3
3.4892551683692603  1
3.4893959217271293  1
3.4895366294820955  1
3.4896772916636984  1
3.4898179083014504  1
3.4899584794248346  2
3.4900990050633047  1
3.4902394852462875  4
3.490379920003179  2
3.490520309363349  3
3.490660653356137  1
3.490800952010855  1
3.490941205356787  1
3.491081413423187  2
3.4913616938342726  1
3.4915017662373264  1
3.4916417934775863  1
3.491781775584166  1
3.491921712586151  1
3.492061604512599  1
3.49220145139254  2
3.4923412532549745  2
3.4924810101288766  1
3.492620722043192  1
3.4927603890268375  2
3.4929000111087034  1
3.4930395883176515  2
3.493179120682515  1
