0.3010299956639812  4304
0.47712125471966244  4223
0.6020599913279624  4175
0.6989700043360189  4289
0.7781512503836436  4465
0.8450980400142568  4062
0.9030899869919435  4654
0.9542425094393249  4229
1.0  4714
1.0413926851582251  4222
1.0791812460476249  4238
1.1139433523068367  4513
1.146128035678238  4403
1.1760912590556813  4603
1.2041199826559248  4204
1.2304489213782739  3988
1.255272505103306  4263
1.2787536009528289  4406
1.3010299956639813  4293
1.3222192947339193  4055
1.3424226808222062  3885
1.3617278360175928  3764
1.380211241711606  3509
1.3979400086720377  3242
1.414973347970818  2793
1.4313637641589874  3086
1.4471580313422192  2786
1.462397997898956  2674
1.4771212547196624  2826
1.4913616938342726  2522
1.505149978319906  2923
1.5185139398778875  2665
1.5314789170422551  2929
1.5440680443502757  3015
1.5563025007672873  2742
1.568201724066995  2662
1.5797835966168101  2678
1.591064607026499  2604
1.6020599913279623  2838
1.6127838567197355  2696
1.6232492903979006  2615
1.6334684555795864  2907
1.6434526764861874  2743
1.6532125137753437  2769
1.662757831681574  3021
1.6720978579357175  2884
1.6812412373755872  2611
1.6901960800285136  2772
1.6989700043360187  2698
1.7075701760979363  2764
1.7160033436347992  2843
1.724275869600789  2848
1.7323937598229686  2857
1.7403626894942439  2631
1.7481880270062005  2643
1.7558748556724915  2911
1.7634279935629373  2718
1.7708520116421442  2874
1.7781512503836436  2686
1.7853298350107671  3045
1.792391689498254  2454
1.7993405494535817  2634
1.806179973983887  2976
1.8129133566428555  2839
1.8195439355418688  2679
1.8260748027008264  2647
1.8325089127062364  2589
1.8388490907372552  2519
1.845098040014257  2827
1.8512583487190752  2844
1.8573324964312685  2760
1.863322860120456  2983
1.8692317197309762  2875
1.8750612633917  2588
1.8808135922807914  2881
1.8864907251724818  2792
1.8920946026904804  2769
1.8976270912904414  2841
1.9030899869919435  2779
1.9084850188786497  2837
1.9138138523837167  2883
1.919078092376074  2762
1.9242792860618816  2778
1.9294189257142926  2809
1.9344984512435677  2671
1.9395192526186185  2718
1.9444826721501687  2877
1.9493900066449128  2816
1.954242509439325  2802
1.9590413923210936  2892
1.9637878273455553  2712
1.968482948553935  2905
1.9731278535996986  2650
1.9777236052888478  2665
1.9822712330395684  2778
1.9867717342662448  2786
1.9912260756924949  2495
1.99563519459755  2493
2.0  2817
2.0043213737826426  2882
2.0086001717619175  2867
2.012837224705172  2527
2.0170333392987803  2613
2.0211892990699383  2748
2.0253058652647704  2585
2.0293837776852097  2723
2.03342375548695  2776
2.037426497940624  2894
2.041392685158225  2999
2.0453229787866576  2717
2.0492180226701815  2942
2.0530784434834195  2559
2.0569048513364727  2611
2.060697840353612  2793
2.0644579892269186  2336
2.0681858617461617  2437
2.0718820073061255  2671
2.0755469613925306  2731
2.0791812460476247  2752
2.0827853703164503  2650
2.0863598306747484  2959
2.089905111439398  2679
2.093421685162235  2735
2.0969100130080562  2740
2.100370545117563  2821
2.103803720955957  2785
2.1072099696478683  2817
2.110589710299249  2753
2.113943352306837  2939
2.1172712956557644  2615
2.12057393120585  2523
2.123851640967086  2766
2.1271047983648077  2776
2.130333768495006  2801
2.1335389083702174  2910
2.1367205671564067  2523
2.1398790864012365  2854
2.143014800254095  2771
2.146128035678238  2771
2.1492191126553797  2821
2.1522883443830563  2697
2.155336037465062  2464
2.1583624920952498  2663
2.161368002234975  2702
2.164352855784437  3122
2.167317334748176  2659
2.1702617153949575  2727
2.173186268412274  2843
2.1760912590556813  2763
2.1789769472931693  2715
2.1818435879447726  2711
2.184691430817599  2716
2.187520720836463  2967
2.1903316981702914  2951
2.1931245983544616  2962
2.1958996524092336  2799
2.1986570869544226  2752
2.2013971243204513  2857
2.2041199826559246  2715
2.2068258760318495  2874
2.2095150145426308  2899
2.2121876044039577  2661
2.214843848047698  2742
2.2174839442139063  2678
2.220108088040055  2778
2.2227164711475833  2730
2.225309281725863  2907
2.2278867046136734  2686
2.230448921378274  2733
2.2329961103921536  2711
2.2355284469075487  2940
2.2380461031287955  2952
2.2405492482826  2863
2.2430380486862944  2624
2.24551266781415  2987
2.247973266361807  2874
2.250420002308894  2730
2.2528530309798933  2874
2.255272505103306  2745
2.2576785748691846  2783
2.2600713879850747  2842
2.2624510897304293  2765
2.2648178230095364  2676
2.2671717284030137  2696
2.2695129442179165  2605
2.271841606536499  2828
2.27415784926368  2615
2.2764618041732443  3019
2.278753600952829  2657
2.2810333672477277  2799
2.2833012287035497  2635
2.285557309007774  2541
2.287801729930226  2815
2.290034611362518  2758
2.292256071356476  2616
2.294466226161593  2611
2.296665190261531  2890
2.298853076409707  2500
2.3010299956639813  2714
2.303196057420489  2753
2.305351369446624  2609
2.307496037913213  2999
2.3096301674258988  2560
2.311753861055754  2771
2.3138672203691533  2639
2.315970345456918  2783
2.3180633349627615  2371
2.3201462861110542  2737
2.322219294733919  2628
2.3242824552976926  2916
2.326335860928751  2829
2.3283796034387376  2799
2.330413773349191  2632
2.3324384599156054  2528
2.3344537511509307  2646
2.3364597338485296  2938
2.3384564936046046  2902
2.3404441148401185  2869
2.342422680822206  2984
2.3443922736851106  2697
2.346352974450639  2731
2.3483048630481607  2736
2.3502480183341627  2632
2.3521825181113627  2891
2.3541084391474008  2818
2.3560258571931225  2721
2.357934847000454  2701
2.359835482339888  2761
2.361727836017593  2836
2.3636119798921444  2729
2.3654879848909  2772
2.367355921026019  2647
2.369215857410143  2820
2.3710678622717363  2857
2.3729120029701067  2798
2.374748346010104  2758
2.376576957056512  2822
2.3783979009481375  2723
2.380211241711606  2705
2.3820170425748683  2848
2.383815365980431  2547
2.385606273598312  2731
2.387389826338729  2778
2.3891660843645326  2896
2.3909351071033793  2830
2.392696953259666  2695
2.3944516808262164  2964
2.3961993470957363  2774
2.3979400086720375  2832
2.399673721481038  2691
2.401400540781544  3154
2.403120521175818  2534
2.404833716619938  2903
2.406540180433955  2825
2.4082399653118496  2593
2.4099331233312946  2950
2.41161970596323  2634
2.413299764081252  2678
2.4149733479708178  2727
2.416640507338281  2818
2.4183012913197452  2748
2.419955748489758  2671
2.4216039268698313  2604
2.423245873936808  2739
2.424881636631067  2649
2.4265112613645754  2721
2.428134794028789  2907
2.429752280002408  2793
2.4313637641589874  2947
2.432969290874406  2818
2.4345689040341987  2770
2.436162647040756  3028
2.437750562820388  2791
2.439332693830263  2828
2.4409090820652177  2819
2.4424797690644486  2873
2.444044795918076  2758
2.4456042032735974  2537
2.4471580313422194  2393
2.44870631990508  2777
2.450249108319361  2572
2.45178643552429  2946
2.4533183400470375  2535
2.45484486000851  2783
2.456366033129043  2808
2.4578818967339924  2752
2.459392487759231  2794
2.4608978427565478  2688
2.462397997898956  2666
2.4638929889859074  2785
2.4653828514484184  2816
2.4668676203541096  2593
2.4683473304121573  2771
2.469822015978163  2699
2.4712917110589387  2764
2.4727564493172123  2773
2.4742162640762553  2535
2.4756711883244296  2654
2.4771212547196626  2720
2.4785664955938436  2927
2.4800069429571505  2795
2.481442628502305  2601
2.482873583608754  2494
2.484299839346786  2969
2.48572142648158  2848
2.4871383754771865  2847
2.4885507165004443  3039
2.4899584794248346  2799
2.4913616938342726  2872
2.4927603890268375  2895
2.494154594018443  2646
2.4955443375464483  2716
2.496929648073215  2809
2.4983105537896004  2978
2.499687082618404  2800
2.5010592622177517  2668
2.5024271199844326  2791
2.503790683057181  2515
2.505149978319906  2762
2.506505032404872  2771
2.507855871695831  2808
2.509202522331103  2677
2.510545010206612  2748
2.5118833609788744  2607
2.513217600067939  2612
2.514547752660286  2484
2.515873843711679  2813
2.5171958979499744  2757
2.5185139398778875  2782
2.519827993775719  2732
2.5211380837040362  2680
2.5224442335063197  2677
2.5237464668115646  2633
2.525044807036845  2380
2.526339277389844  2811
2.5276299008713385  2712
2.5289167002776547  2744
2.530199698203082  2845
2.531478917042255  2792
2.5327543789924976  2839
2.534026106056135  2600
2.5352941200427703  2644
2.53655844257153  2823
2.537819095073274  2837
2.5390760987927767  2782
2.5403294747908736  2808
2.5415792439465807  2775
2.5428254269591797  2909
2.5440680443502757  2766
2.545307116465824  2764
2.546542663478131  2906
2.5477747053878224  2538
2.5490032620257876  2664
2.550228353055094  2757
2.5514499979728753  2799
2.552668216112193  2728
2.5538830266438746  2883
2.5550944485783194  2546
2.5563025007672873  2763
2.5575072019056577  2913
2.558708570533166  2755
2.5599066250361124  2657
2.561101383649056  2781
2.5622928644564746  2934
2.5634810853944106  2819
2.5646660642520893  2744
2.5658478186735176  2607
2.56702636615906  2770
2.568201724066995  2900
2.569373909615046  2769
2.5705429398818973  2946
2.571708831808688  2815
2.5728716022004803  2789
2.574031267727719  2781
2.575187844927661  2744
2.576341350205793  2846
2.5774917998372255  2748
2.578639209968072  2820
2.57978359661681  2493
2.5809249756756194  2816
2.582063362911709  2887
2.583198773968623  2947
2.584331224367531  2772
2.5854607295085006  2784
2.586587304671755  2719
2.5877109650189114  2511
2.5888317255942073  2632
2.5899496013257077  2793
2.591064607026499  2667
2.5921767573958667  2581
2.593286067020457  2613
2.5943925503754266  2810
2.595496221825574  2742
2.59659709562646  2762
2.597695185925512  2520
2.598790506763115  2808
2.5998830720736876  2781
2.6009728956867484  2880
2.6020599913279625  2757
2.603144372620182  2964
2.60422605308447  2745
2.6053050461411096  2792
2.606381365110605  3002
2.6074550232146687  2937
2.6085260335771943  2800
2.60959440922522  2542
2.61066016308988  2910
2.611723308007342  2765
2.6127838567197355  2922
2.6138418218760693  2642
2.6148972160331345  2587
2.615950051656401  2726
2.617000341120899  2770
2.6180480967120925  2716
2.6190933306267428  2743
2.6201360549737576  2553
2.621176281775035  2434
2.622214022966295  2810
2.6232492903979003  2824
2.6242820958356683  2936
2.625312450961674  2740
2.6263403673750423  2768
2.6273658565927325  2826
2.6283889300503116  2670
2.629409599102719  2748
2.630427875025024  2730
2.6314437690131722  3070
2.6324572921847245  2687
2.6334684555795866  2724
2.6344772701607315  2690
2.635483746814912  2746
2.6364878963533656  2465
2.637489729512511  2843
2.6384892569546374  2633
2.639486489268586  2689
2.640481436970422  2660
2.6414741105040997  2591
2.6424645202421213  2980
2.6434526764861874  2677
2.6444385894678386  2909
2.645422269349092  2737
2.6464037262230695  2777
2.6473829701146196  2726
2.6483600109809315  2783
2.649334858712142  2768
2.6503075231319366  2778
2.651278013998144  2698
2.6522463410033232  2605
2.6532125137753435  2497
2.6541765418779604  2685
2.655138434811382  2924
2.656098202012832  2749
2.6570558528571038  2938
2.6580113966571126  2907
2.658964842664435  2848
2.6599162000698504  2797
2.660865478003869  2646
2.661812685537261  2879
2.662757831681574  2655
2.663700925389648  2752
2.6646419755561257  3040
2.6655809910179533  2976
2.6665179805548807  2794
2.667452952889954  3030
2.66838591669  2798
2.6693168805661123  2552
2.670245853074124  2568
2.6711728427150834  2896
2.6720978579357175  2541
2.673020907128896  2891
2.673941998634088  2709
2.6748611407378116  3015
2.6757783416740852  2652
2.6766936096248664  2569
2.677606952720493  2631
2.678518379040114  2846
2.6794278966121188  2602
2.680335513414563  2829
2.681241237375587  2875
2.682145076373832  2528
2.6830470382388496  2814
2.683947130751512  2863
2.6848453616444123  2580
2.6857417386022635  3007
2.6866362692622934  2876
2.6875289612146345  2782
2.6884198220027105  2901
2.6893088591236203  3100
2.690196080028514  2794
2.6910814921229687  2632
2.69196510276736  2990
2.69284691927723  2880
2.693726948923647  2480
2.694605198933569  2853
2.6954816764901977  2675
2.696356388733332  2831
2.6972293427597176  2894
2.6981005456233897  2642
2.6989700043360187  2763
2.699837725867246  2663
2.7007037171450192  2795
2.7015679850559273  2864
2.7024305364455254  2717
2.7032913781186614  2576
2.7041505168397992  2948
2.705007959333336  2709
2.7058637122839193  2918
2.7067177823367587  2758
2.7075701760979363  2657
2.708420900134713  2774
2.709269960975831  2773
2.7101173651118162  2520
2.710963118995276  3072
2.711807229041191  2581
2.7126497016272113  2883
2.7134905430939424  2723
2.714329759745233  2612
2.7151673578484576  2649
2.716003343634799  2984
2.7168377232995247  2753
2.717670503002262  2722
2.718501688867274  2568
2.7193312869837265  2794
2.720159303405957  2922
2.7209857441537393  2903
2.7218106152125467  2670
2.722633922533812  2778
2.7234556720351857  2762
2.724275869600789  2667
2.725094521081469  2674
2.7259116322950483  2869
2.7267272090265724  2590
2.727541257028556  2318
2.7283537820212285  2671
2.72916478969277  2770
2.7299742856995555  2793
2.7307822756663893  2813
2.7315887651867388  2849
2.7323937598229686  2717
2.7331972651065692  2847
2.733999286538387  2721
2.734799829588847  2893
2.73559889969818  2717
2.7363965022766426  2653
2.7371926427047373  2850
2.737987326333431  2800
2.738780558484369  2776
2.739572344450092  2542
2.7403626894942437  2801
2.741151598851785  2783
2.741939077729199  2854
2.7427251313046983  2717
2.74350976472843  2888
2.7442929831226763  2687
2.7450747915820575  2715
2.745855195173729  2624
2.7466341989375787  2815
2.747411807886423  2768
2.7481880270062002  2602
2.7489628612561616  2898
2.749736315569061  2793
2.7505083948513462  2706
2.751279103983342  2933
2.7520484478194387  2742
2.7528164311882715  2668
2.7535830588929064  2594
2.754348335711019  2977
2.7551122663950713  3041
2.7558748556724915  2899
2.756636108245848  2753
2.7573960287930244  2777
2.75815462196739  2698
2.7589118923979736  2794
2.7596678446896306  2810
2.760422483423212  2750
2.7611758131557314  2913
2.761927838420529  2552
2.762678563727436  3014
2.7634279935629373  2757
2.7641761323903307  2557
2.7649229846498886  2415
2.765668554759014  2789
2.7664128471123997  2805
2.7671558660821804  2799
2.767897616018091  2886
2.7686381012476144  2901
2.7693773260761385  2585
2.7701152947871015  2673
2.7708520116421442  2841
2.7715874808812555  2731
2.77232170672292  2713
2.7730546933642626  2861
2.7737864449811935  2623
2.7745169657285498  2568
2.7752462597402365  2639
2.775974331129369  2934
2.776701183988411  2718
2.7774268223893115  2946
2.7781512503836434  2943
2.7788744720027396  2826
2.7795964912578244  2907
2.780317312140151  2709
2.7810369386211318  2825
2.781755374652469  2824
2.782472624166286  2640
2.7831886910752575  2732
2.783903579272735  2917
2.784617292632875  2457
2.785329835010767  2959
2.786041210242554  2795
2.7867514221455614  2481
2.787460474518415  2599
2.788168371141168  2702
2.788875115775417  2880
2.7895807121644256  2472
2.7902851640332416  3071
2.790988475088816  2427
2.791690649020118  2646
2.792391689498254  2952
2.79309160017658  2805
2.7937903846908188  2864
2.7944880466591697  2644
2.795184589682424  2626
2.7958800173440754  2888
2.7965743332104296  2682
2.7972675408307164  2850
2.797959643737196  2665
2.798650645445269  2608
2.7993405494535817  2740
2.8000293592441343  2758
2.800717078282385  2638
2.801403710017355  2677
2.802089257881733  2617
2.8027737252919755  2856
2.803457115648414  2779
2.8041394323353503  2666
2.8048206787211623  2859
2.8055008581584002  2833
2.806179973983887  2669
2.8068580295188172  2987
2.807535028068853  2598
2.808210972924222  2826
2.808885867359812  3049
2.8095597146352675  2702
2.8102325179950842  2835
2.8109042806687006  2552
2.8115750058705933  2644
2.812244696800369  2691
2.8129133566428557  3112
2.813580988568192  2447
2.81424759573192  2821
2.814913181275074  2643
2.815577748324267  2763
2.816241299991783  2901
2.8169038393756605  2851
2.8175653695597807  2716
2.8182258936139557  3098
2.8188854145940097  2747
2.8195439355418688  2523
2.82020145948564  3035
2.8208579894397  2611
2.821513528404773  2526
2.8221680793680175  2818
2.8228216453031045  2590
2.823474229170301  2892
2.824125833916549  2882
2.824776462475546  2757
2.8254261177678233  2649
2.8260748027008264  2702
2.826722520168992  2800
2.8273692730538253  2680
2.828015064223977  2907
2.82865989653532  2782
2.829303772831025  2816
2.829946695941636  2744
2.8305886686851442  3072
2.8312296938670634  2688
2.8318697742805017  2701
2.832508912706236  2547
2.833147111912785  2655
2.833784374656479  2851
2.8344207036815328  3109
2.835056101720116  2595
2.8356905714924254  2802
2.8363241157067516  2692
2.8369567370595505  2680
2.837588438235511  2841
2.8382192219076257  2697
2.838849090737255  2750
2.8394780473741985  2555
2.840106094456758  2695
2.8407332346118066  2738
2.841359470454855  2441
2.8419848045901137  2840
2.842609239610562  2638
2.8432327780980096  2565
2.843855422623161  2855
2.8444771757456815  2891
2.845098040014257  2769
2.8457180179666586  2774
2.846337112129805  2783
2.846955325019824  2691
2.847572659142112  2698
2.848189116991399  2719
2.8488047010518036  2910
2.8494194137968996  2879
2.850033257689769  2682
2.8506462351830666  2573
2.8512583487190755  2629
2.851869600729766  2718
2.8524799936368566  2623
2.8530895298518657  2604
2.8536982117761744  2859
2.8543060418010806  2703
2.8549130223078554  2789
2.8555191556678  2643
2.8561244442423  2833
2.8567288903828825  2780
2.8573324964312685  2925
2.857935264719429  2955
2.858537197569639  2684
2.859138297294531  2500
2.859738566197147  2803
2.8603380065709936  3006
2.8609366207000937  2712
2.8615344108590377  2576
2.862131379313037  2729
2.8627275283179747  2437
2.863322860120456  2972
2.8639173769578603  2731
2.864511081058392  2565
2.8651039746411278  2857
2.8656960599160706  2918
2.8662873390841948  2891
2.866877814337499  2476
2.8674674878590514  2604
2.8680563618230415  2577
2.8686444383948255  2710
2.8692317197309762  2741
2.869818207979328  2688
2.870403905279027  2914
2.8709888137605755  2771
2.8715729355458786  2600
2.8721562727482928  2819
2.8727388274726686  2812
2.873320601815399  2664
2.8739015978644615  2626
2.8744818176994666  2904
2.8750612633917  2752
2.8756399370041685  2677
2.876217840591642  2722
2.8767949762007006  2980
2.877371345869774  3050
2.8779469516291885  2746
2.8785217955012063  2808
2.8790958795000727  2791
2.8796692056320534  2842
2.88024177589548  2563
2.8808135922807914  2855
2.8813846567705728  2680
2.8819549713396007  2934
2.8825245379548803  2920
2.8830933585756897  2751
2.8836614351536176  2766
2.884228769632604  2727
2.884795363948981  2642
2.885361220031512  2890
2.885926339801431  2692
2.886490725172482  2735
2.8870543780509568  2739
2.887617300335736  2989
2.888179493918325  2817
2.8887409606828927  2446
2.88930170250631  2875
2.8898617212581885  2531
2.890421018800914  2887
2.890979596989689  2707
2.8915374576725643  2595
2.8920946026904804  2595
2.8926510338773004  2766
2.893206753059848  2701
2.8937617620579434  2698
2.8943160626844384  3008
2.8948696567452528  2724
2.895422546039408  2895
2.8959747323590648  2720
2.8965262174895554  2775
2.89707700320942  2786
2.8976270912904414  2805
2.8981764834976764  2749
2.8987251815894934  2781
2.8992731873176036  2849
2.8998205024270964  2788
2.9003671286564705  2906
2.900913067737669  2712
2.9014583213961123  2700
2.9020028913507296  2831
2.902546779313991  2672
2.9030899869919438  2895
2.9036325160842376  2700
2.9041743682841634  2423
2.904715545278681  2928
2.905256048748451  2512
2.9057958803678687  2798
2.906335041805091  2675
2.90687353472207  2854
2.907411360774586  2789
2.9079485216122722  2803
2.90848501887865  2818
2.909020854211156  2900
2.9095560292411755  2903
2.910090545594068  2644
2.910624404889201  2750
2.9111576087399764  2501
2.9116901587538613  2837
2.9122220565324155  2652
2.912753303671323  2837
2.9132839017604186  2773
2.9138138523837167  2691
2.9143431571194407  2778
2.9148718175400505  2699
2.91539983521227  2827
2.9159272116971158  2639
2.916453948549925  2600
2.9169800473203824  2927
2.9175055095525466  2540
2.9180303367848803  2679
2.9185545305502734  2622
2.9190780923760737  2908
2.919601023784111  2665
2.920123326290724  2751
2.9206450014067875  2698
2.921166050637739  2867
2.921686475483602  2721
2.9222062774390163  2799
2.92272545799326  2852
2.9232440186302764  2989
2.9237619608287004  2677
2.9242792860618816  2630
2.924795995797912  2817
2.9253120914996495  2545
2.9258275746247424  2702
2.926342446625655  2717
2.926856708949692  2765
2.9273703630390235  2632
2.9278834103307068  2360
2.9283958522567137  2657
2.928907690243953  2601
2.929418925714293  2992
2.929929560084588  2917
2.9304395947667  2676
2.930949031167523  2618
2.931457870689005  2641
2.931966114728173  2905
2.932473764677153  3056
2.932980821923198  2847
2.9334872878487053  2567
2.9339931638312424  2813
2.934498451243568  3036
2.935003151453655  2863
2.9355072658247128  2703
2.9360107957152097  2854
2.936513742478893  2868
2.9370161074648142  2705
2.937517892017347  2625
2.9380190974762104  2756
2.938519725176492  2691
2.9390197764486663  2689
2.9395192526186187  2817
2.9400181550076634  2706
2.940516484932567  2855
2.9410142437055695  2744
2.941511432634403  2906
2.942008053022313  3087
2.9425041061680806  2721
2.9429995933660407  3060
2.9434945159061026  2482
2.9439888750737717  2666
2.9444826721501687  3101
2.9449759084120477  2934
2.94546858513182  2722
2.9459607035775686  2589
2.946452265013073  2777
2.9469432706978256  2758
2.9474337218870508  2588
2.9479236198317262  2704
2.948412965778601  2640
2.9489017609702137  2601
2.949390006644913  2746
2.949877704036875  2681
2.950364854376123  2936
2.9508514588885464  2565
2.951337518795918  2786
2.951823035315912  2711
2.9523080096621253  2636
2.952792443044092  2503
2.9532763366673045  2821
2.9537596917332287  2808
2.9542425094393248  2859
2.954724790979063  2875
2.9552065375419416  2956
2.9556877503135057  2731
2.9561684304753633  2765
2.9566485792052033  2895
2.957128197676813  2718
2.957607287060095  2732
2.958085848521085  2886
2.9585638832219674  2638
2.9590413923210934  2876
2.9595183769729982  2719
2.959994838328416  2727
2.960470777534299  2783
2.960946195733831  2655
2.9614210940664485  2601
2.9618954736678504  2638
2.962369335670021  2877
2.9628426812012423  2752
2.9633155113861114  2886
2.963787827345555  2707
2.964259630196849  2836
2.9647309210536292  2734
2.965201701025912  3165
2.9656719712201065  2719
2.9661417327390325  2530
2.966610986681934  2985
2.967079734144497  2837
2.967547976218862  2850
2.968015713993642  2542
2.9684829485539352  2809
2.9689496809813427  2501
2.9694159123539814  2818
2.9698816437465  2806
2.9703468762300935  2645
2.9708116108725178  2900
2.971275848738105  2568
2.971739590887778  2546
2.9722028383790646  2838
2.972665592266111  2765
2.9731278535996988  2649
2.973589623427257  2887
2.9740509027928774  2734
2.9745116927373285  2792
2.974971994298069  2742
2.975431808509263  2678
2.975891136401793  2879
2.9763499790032735  2806
2.976808337338066  2807
2.977266212427293  2855
2.9777236052888476  2744
2.978180516937414  2720
2.9786369483844743  2826
2.979092900638326  2971
2.979548374704095  2726
2.9800033715837464  2759
2.9804578922761  2849
2.9809119377768436  2653
2.9813655090785445  2654
2.9818186071706636  2830
2.9822712330395684  2522
2.9827233876685453  2690
2.983175072037813  2791
2.9836262871245345  2988
2.984077033902831  2750
2.9845273133437926  2575
2.9849771264154934  2810
2.9854264740830017  2526
2.9858753573083936  2714
2.986323777050765  2796
2.9867717342662448  2881
2.9872192299080047  2739
2.9876662649262746  2568
2.988112840268352  2650
2.9885589568786157  2538
2.989004615698537  2899
2.9894498176666917  2579
2.989894563718773  2754
2.9903388547876015  2584
2.9907826918031377  2597
2.9912260756924947  2652
2.9916690073799486  2868
2.9921114877869495  2743
2.9925535178321354  2580
2.9929950984313414  2815
2.9934362304976116  2694
2.993876914941211  2392
2.9943171526696366  2629
2.9947569445876283  2787
2.9951962915971793  2771
2.99563519459755  2613
2.9960736544852753  3053
2.9965116721541785  2657
2.996949248495381  2840
2.997386384397313  2813
2.9978230807457256  2939
2.998259338423699  2805
2.998695158311656  2724
2.999130541287371  2794
2.9995654882259823  2827
3.0  2785
3.000434077479319  2745
3.0008677215312267  2564
3.0013009330204183  2719
3.0017337128090005  3089
3.002166061756508  2615
3.0025979807199086  2626
3.003029470553618  2694
3.0034605321095067  3016
3.0038911662369103  2821
3.0043213737826426  2810
3.004751155591001  2884
3.0051805125037805  2823
3.0056094453602804  2638
3.0060379549973173  2964
3.0064660422492318  3082
3.0068937079479006  2595
3.0073209529227447  2754
3.00774777800074  2631
3.0081741840064264  2689
3.0086001717619175  2421
3.0090257420869104  2499
3.009450895798694  3013
3.00987563371216  2745
3.010299956639812  2595
3.010723865391773  2890
3.0111473607757975  2886
3.0115704435972783  2858
3.011993114659257  2880
3.012415374762433  2808
3.012837224705172  2789
3.0132586652835167  2658
3.0136796972911926  2625
3.0141003215196207  2588
3.0145205387579237  2875
3.0149403497929366  2881
3.0153597554092144  2798
3.015778756389041  2801
3.016197353512439  2801
3.016615547557177  2641
3.0170333392987803  2550
3.017450729510536  2674
3.0178677189635055  2874
3.018284308426531  2842
3.0187004986662433  2890
3.019116290447073  2760
3.0195316845312554  2973
3.0199466816788423  2769
3.0203612826477078  2492
3.020775488193558  2669
3.0211892990699383  2523
3.021602716028242  2656
3.02201573981772  2743
3.0224283711854865  2650
3.022840610876528  2873
3.0232524596337114  2846
3.0236639181977933  2761
3.024074987307426  2700
3.024485667699167  2807
3.024895960107485  2936
3.0253058652647704  2731
3.025715383901341  2982
3.0261245167454502  2717
3.0265332645232967  2829
3.0269416279590295  3003
3.0273496077747564  2943
3.0277572046905536  2733
3.0281644194244697  2580
3.0285712526925375  2857
3.028977705208778  2590
3.0293837776852097  2880
3.029789470831856  2890
3.030194785356751  2844
3.030599721965951  2662
3.0310042813635367  2718
3.031408464251624  2653
3.0318122713303706  2764
3.0322157032979815  2809
3.03261876085072  2647
3.0330214446829107  2546
3.03342375548695  2749
3.03382569395331  2813
3.0342272607705505  2835
3.0346284566253203  2821
3.0350292822023683  2542
3.0354297381845483  2619
3.035829825252828  2768
3.0362295440862948  2640
3.036628895362161  2994
3.037027879755775  2787
3.037426497940624  3148
3.037824750588342  2741
3.0382226383687185  2819
3.038620161949703  2596
3.039017321997412  2763
3.0394141191761372  2726
3.0398105541483504  2667
3.0402066275747113  2555
3.040602340114073  2743
3.0409976924234905  2927
3.041392685158225  2748
3.041787318971752  2880
3.042181594515766  2566
3.0425755124401905  2855
3.0429690733931802  2644
3.0433622780211294  2694
3.0437551269686796  2690
3.044147620878723  2876
3.044539760392411  3020
3.04493154614916  2615
3.0453229787866576  3056
3.0457140589408676  2751
3.0461047872460387  2714
3.0464951643347082  2682
3.04688519083771  2951
3.0472748673841794  3029
3.04766419460156  2890
3.048053173115609  2657
3.0484418035504044  2858
3.04883008652835  2813
3.0492180226701815  2806
3.049605612594973  2766
3.0499928569201424  2796
3.050379756261458  2541
3.0507663112330423  2744
3.0511525224473814  2722
3.0515383905153275  2875
3.0519239160461065  3063
3.0523090996473234  2736
3.052693941924968  2782
3.0530784434834195  2687
3.053462604925455  2686
3.0538464268522527  2613
3.0542299098633974  2924
3.0546130545568877  2718
3.0549958615291417  2910
3.055378331375  2644
3.0557604646877348  3092
3.056142262059052  2841
3.0565237240791006  2439
3.0569048513364727  2782
3.0572856444182146  2942
3.0576661039098294  2506
3.0580462303952816  2612
3.058426024457005  2767
3.0588054866759067  2558
3.059184617631371  3154
3.0595634179012676  2825
3.059941888061955  2767
3.060320028688285  2696
3.060697840353612  2687
3.0610753236297916  2703
3.061452479087193  2596
3.061829307294699  2807
3.0622058088197126  2603
3.062581984228163  2804
3.0629578340845103  2848
3.0633333589517497  2884
3.0637085593914173  2757
3.064083435963596  2603
3.0644579892269186  2933
3.064832219738574  2796
3.065206128054312  2652
3.0655797147284485  2609
3.06595298031387  2959
3.0663259253620376  2778
3.0666985504229953  2804
3.0670708560453703  2737
3.0674428427763805  2888
3.0678145111618402  2628
3.0681858617461617  2814
3.068556895072363  2592
3.068927611682072  2690
3.0692980121155293  2847
3.0696680969115957  2779
3.070037866607755  2584
3.0704073217401198  2876
3.0707764628434346  2787
3.0711452904510828  2851
3.071513805095089  2657
3.0718820073061255  2814
3.072249897613515  2685
3.0726174765452368  2721
3.0729847446279304  2918
3.073351702386901  2668
3.0737183503461227  2879
3.074084689028244  2536
3.074450718954591  2818
3.074816440645175  2877
3.0751818546186915  2766
3.0755469613925306  2854
3.0759117614827773  2695
3.076276255404218  2718
3.076640443670342  3023
3.0770043267933502  2764
3.0773679052841563  2564
3.077731179652392  2895
3.0780941504064105  2655
3.0784568180532927  2643
3.0788191830988487  2959
3.0791812460476247  2760
3.079543007402906  2914
3.079904467666721  2728
3.0802656273398448  2763
3.0806264869218056  2608
3.080987046910887  2859
3.0813473078041325  2747
3.081707270097349  2713
3.082066934285113  2703
3.0824263008607717  2752
3.0827853703164503  2674
3.0831441431430524  2787
3.0835026198302673  2787
3.083860800866573  2867
3.0842186867392387  2746
3.084576277934331  2851
3.084933574936716  2608
3.085290578230065  2806
3.0856472882968564  2731
3.0860037056183818  2738
3.0863598306747484  2778
3.0867156639448825  2493
3.0870712059065353  2611
3.0874264570362855  2928
3.087781417809542  2451
3.0881360887005513  2799
3.0884904701823963  2903
3.088844562727004  2620
3.089198366805149  2701
3.089551882886454  2688
3.089905111439398  2814
3.090258052931316  2717
3.090610707828407  2672
3.0909630765957314  2730
3.091315159697223  2529
3.0916669575956846  2796
3.092018470752797  2575
3.0923696996291206  2809
3.0927206446840994  2754
3.0930713063760633  2851
3.093421685162235  2739
3.09377178149873  2766
3.0941215958405612  2776
3.094471128641645  2919
3.0948203803548  2749
3.095169351431755  2686
3.095518042323151  2789
3.0958664534785427  2705
3.0962145853464054  2872
3.0965624383741357  2786
3.0969100130080562  2748
3.09725730969342  2817
3.097604328874411  2716
3.09795107099415  2872
3.0982975364946976  2757
3.098643725817057  2618
3.0989896394011773  2702
3.0993352776859577  2675
3.09968064110925  2655
3.1000257301078626  2777
3.100370545117563  2618
3.1007150865730817  2763
3.1010593549081156  3062
3.101403350555331  2827
3.1017470739463664  2853
3.1020905255118367  2906
3.1024337056813365  2894
3.1027766148834415  2740
3.1031192535457137  2894
3.103461622094705  2686
3.103803720955957  2745
3.104145550554008  2711
3.104487111312395  2910
3.1048284036536553  2706
3.1051694279993316  2814
3.1055101847699738  2692
3.1058506743851435  2774
3.1061908972634154  2716
3.1065308538223815  2785
3.106870544478654  2571
3.1072099696478683  2492
3.1075491297446862  2718
3.1078880251827985  2657
3.1082266563749283  2682
3.1085650237328344  2967
3.1089031276673134  2743
3.109240968588203  2957
3.1095785469043866  2683
3.1099158630237933  2756
3.110252917353403  2751
3.110589710299249  2665
3.1109262422664203  2726
3.1112625136590655  2902
3.111598524880394  2775
3.1119342763326814  2934
3.1122697684172707  2857
3.1126050015345745  2839
3.11293997608408  2931
3.1132746924643504  2601
3.1136091510730277  2510
3.113943352306837  2905
3.1142772965615864  2564
3.114610984232173  2775
3.1149444157125847  2847
3.1152775913959014  2482
3.1156105116742996  2825
3.115943176939055  2941
3.116275587580544  2621
3.1166077439882485  2756
3.116939646550756  2784
3.1172712956557644  2577
3.117602691690084  2755
3.1179338350396413  2734
3.118264726089479  2846
3.118595365223762  2541
3.1189257528257768  2916
3.1192558892779365  2692
3.119585774961784  2655
3.119915410257991  2571
3.1202447955463652  2853
3.12057393120585  2429
3.1209028176145273  2684
3.1212314551496214  2768
3.1215598441875008  2830
3.121887985103681  2518
3.1222158782728267  2694
3.1225435240687545  2749
3.1228709228644354  2730
3.1231980750319988  2675
3.123524980942732  2745
3.123851640967086  2545
3.124178055474675  2733
3.1245042248342823  2630
3.1248301494138593  2571
3.12515582958053  2794
3.125481265700594  2744
3.125806458139527  2655
3.1261314072619846  2727
3.1264561134318045  2735
3.126780577012009  2775
3.1271047983648077  2674
3.127428777851599  2686
3.1277525158329733  2858
3.1280760126687155  2683
3.1283992687178066  2934
3.128722284338427  2866
3.1290450598879582  2676
3.1293675957229854  2694
3.129689892199301  2856
3.1300119496719043  2915
3.130333768495006  2785
3.130655349022031  2823
3.130976691605617  2767
3.131297796597623  2779
3.1316186643491255  2751
3.1319392952104246  2849
3.1322596895310446  2653
3.132579847659737  2810
3.132899769944483  2677
3.1332194567324945  2802
3.1335389083702174  2666
3.133858125203335  2785
3.1341771075767664  2790
3.1344958558346736  2846
3.13481437032046  2361
3.1351326513767748  2621
3.1354506993455136  2697
3.1357685145678222  2545
3.1360860973840974  2597
3.13640344813399  2674
3.1367205671564067  2699
3.1370374547895126  2557
3.137354111370733  2617
3.137670537236755  2475
3.137986732723532  2562
3.1383026981662816  2611
3.1386184338994925  2548
3.1389339402569236  2546
3.139249217571607  2518
3.13956426617585  2611
3.1398790864012365  2504
3.140193678578631  2635
3.1405080430381798  2561
3.1408221801093106  2567
3.141136090120739  2495
3.1414497734004674  2525
3.141763230275788  2454
3.1420764610732848  2633
3.142389466118836  2539
3.1427022457376155  2557
3.143014800254095  2445
3.143327129992046  2474
3.1436392352745433  2380
3.1439511164239633  2369
3.144262773761991  2424
3.144574207609616  2137
3.144885418287142  2264
3.1451964061141817  2613
3.1455071714096627  2401
3.1458177144918276  2322
3.146128035678238  2280
3.1464381352857744  2365
3.14674801363064  2255
3.1470576710283598  2195
3.1473671077937864  2234
3.1476763242410986  2392
3.147985320683805  2168
3.1482940974347455  2308
3.1486026548060932  2112
3.1489109931093564  2288
3.1492191126553797  2199
3.149527013754348  2340
3.149834696715785  1960
3.1501421618485588  2176
3.150449409460881  2052
3.150756439860309  2155
3.15106325335375  2169
3.1513698502474603  2048
3.151676230847048  2024
3.151982395457474  2084
3.1522883443830563  2123
3.15259407792747  2115
3.1528995963937474  1999
3.153204900084284  1859
3.1535099893008374  1933
3.153814864344529  1890
3.154119525515847  1746
3.154423973114647  1773
3.1547282074401557  1889
3.1550322287909704  1755
3.155336037465062  1835
3.1556396337597765  1662
3.1559430179718366  1716
3.1562461903973444  1639
3.1565491513317814  1543
3.156851901070011  1574
3.1571544399062814  1618
3.157456768134226  1510
3.1577588860468637  1549
3.158060793936605  1396
3.1583624920952498  1408
3.1586639808139894  1406
3.15896526038341  1460
3.159266331093494  1340
3.1595671932336202  1284
3.1598678470925665  1273
3.160168292958512  1223
3.1604685311190375  1176
3.1607685618611283  1160
3.1610683854711747  1105
3.161368002234975  1146
3.161667412437736  1011
3.161966616364075  935
3.1622656142980214  981
3.162564406523019  900
3.162862993321926  894
3.1631613749770184  900
3.16345955176999  826
3.163757523981956  798
3.1640552918934515  772
3.164352855784437  746
3.1646502159342966  725
3.1649473726218416  671
3.1652443261253107  703
3.165541076722373  590
3.1658376246901283  626
3.166133970305109  617
3.166430113843283  578
3.166726055580052  566
3.1670217957902564  503
3.167317334748176  503
3.16761267272753  473
3.16790781000148  443
3.168202746842631  439
3.1684974835230326  364
3.1687920203141817  377
3.1690863574870227  354
3.1693804953119495  335
3.1696744340588068  332
3.1699681739968923  307
3.1702617153949575  285
3.1705550585212086  234
3.170848203643309  286
3.1711411510283822  214
3.171433900943008  239
3.171726453653231  175
3.1720188094245563  192
3.172310968521954  195
3.17260293120986  164
3.1728946977521764  171
3.173186268412274  134
3.1734776434529945  138
3.17376882313665  115
3.1740598077250253  138
3.1743505974793798  119
3.1746411926604483  108
3.1749315935284423  101
3.1752218003430523  88
3.1755118133634475  84
3.1758016328482794  83
3.1760912590556813  75
3.1763806922432702  59
3.17666993266815  60
3.176958980586908  40
3.1772478362556233  45
3.1775364999298623  58
3.177824971864682  49
3.1781132523146316  41
3.178401341533755  37
3.17868923977559  34
3.1789769472931693  33
3.1792644643390253  36
3.1795517911651876  25
3.179838928023187  28
3.180125875164054  34
3.180412632838324  13
3.1806992012960347  18
3.1809855807867304  11
3.1812717715594614  9
3.1815577738627865  19
3.1818435879447726  8
3.182129214052998  9
3.182414652434554  5
3.1826999033360424  5
3.182984967003582  7
3.1832698436828046  9
3.1835545336188615  17
3.1838390370564214  4
3.184123354239671  5
3.1844074854123203  7
3.184691430817599  6
3.184975190698261  6
3.185258765296585  5
3.185542154854375  5
3.185825359612962  1
3.1861083798132053  5
3.186391215695493  11
3.1866738674997452  3
3.1869563354654122  2
3.187238619831479  1
3.187520720836463  1
3.1878026387184195  1
3.188365926063148  4
3.188647295999717  1
3.1889284837608534  2
3.189209489582306  1
3.1894903136993675  1
3.189770956346874  5
3.190051417759206  1
3.1903316981702914  2
3.1908917169221698  1
3.1911714557285586  1
3.1914510144648953  1
3.1917303933628562  1
3.1920095926536702  3
3.1922886125681202  2
3.1925674533365456  1
3.192846115188842  1
3.1931245983544616  1
3.1934029030624176  1
3.1936810295412816  1
3.1942367487238292  2
3.194514341882467  1
