0.3010299956639812  25324
0.47712125471966244  23811
0.6020599913279624  23823
0.6989700043360189  24334
0.7781512503836436  24384
0.8450980400142568  24718
0.9030899869919435  24230
0.9542425094393249  27375
1.0  23603
1.0413926851582251  24837
1.0791812460476249  25172
1.1139433523068367  24341
1.146128035678238  24364
1.1760912590556813  23767
1.2041199826559248  24548
1.2304489213782739  21247
1.255272505103306  23329
1.2787536009528289  25305
1.3010299956639813  23494
1.3222192947339193  24427
1.3424226808222062  24535
1.3617278360175928  23092
1.380211241711606  24462
1.3979400086720377  24774
1.414973347970818  25375
1.4313637641589874  22927
1.4471580313422192  24462
1.462397997898956  23735
1.4771212547196624  23392
1.4913616938342726  24754
1.505149978319906  22866
1.5185139398778875  22312
1.5314789170422551  21269
1.5440680443502757  19315
1.5563025007672873  17892
1.568201724066995  16058
1.5797835966168101  13409
1.591064607026499  12802
1.6020599913279623  10883
1.6127838567197355  9451
1.6232492903979006  9194
1.6334684555795864  8464
1.6434526764861874  9710
1.6532125137753437  10250
1.662757831681574  8639
1.6720978579357175  8944
1.6812412373755872  8422
1.6901960800285136  9850
1.6989700043360187  8719
1.7075701760979363  8156
1.7160033436347992  9557
1.724275869600789  9237
1.7323937598229686  7808
1.7403626894942439  9712
1.7481880270062005  9841
1.7558748556724915  8153
1.7634279935629373  8725
1.7708520116421442  8685
1.7781512503836436  9101
1.7853298350107671  9020
1.792391689498254  9426
1.7993405494535817  9104
1.806179973983887  8459
1.8129133566428555  10369
1.8195439355418688  8753
1.8260748027008264  9212
1.8325089127062364  9188
1.8388490907372552  9011
1.845098040014257  8225
1.8512583487190752  9380
1.8573324964312685  9071
1.863322860120456  9534
1.8692317197309762  9277
1.8750612633917  9089
1.8808135922807914  8586
1.8864907251724818  9105
1.8920946026904804  9152
1.8976270912904414  9189
1.9030899869919435  8230
1.9084850188786497  8589
1.9138138523837167  8707
1.919078092376074  9260
1.9242792860618816  8715
1.9294189257142926  9618
1.9344984512435677  8522
1.9395192526186185  9024
1.9444826721501687  9506
1.9493900066449128  9115
1.954242509439325  9489
1.9590413923210936  8861
1.9637878273455553  8750
1.968482948553935  8620
1.9731278535996986  8679
1.9777236052888478  9237
1.9822712330395684  8264
1.9867717342662448  9246
1.9912260756924949  8692
1.99563519459755  9192
2.0  8499
2.0043213737826426  8782
2.0086001717619175  9453
2.012837224705172  9295
2.0170333392987803  8973
2.0211892990699383  9324
2.0253058652647704  9983
2.0293837776852097  9492
2.03342375548695  8891
2.037426497940624  8613
2.041392685158225  8371
2.0453229787866576  8694
2.0492180226701815  8973
2.0530784434834195  9712
2.0569048513364727  9823
2.060697840353612  9399
2.0644579892269186  8963
2.0681858617461617  8730
2.0718820073061255  8466
2.0755469613925306  9573
2.0791812460476247  8703
2.0827853703164503  8597
2.0863598306747484  8673
2.089905111439398  10227
2.093421685162235  8356
2.0969100130080562  9573
2.100370545117563  9256
2.103803720955957  9242
2.1072099696478683  8953
2.110589710299249  8315
2.113943352306837  9129
2.1172712956557644  9092
2.12057393120585  9285
2.123851640967086  8732
2.1271047983648077  9651
2.130333768495006  8820
2.1335389083702174  8755
2.1367205671564067  8555
2.1398790864012365  8515
2.143014800254095  8994
2.146128035678238  9409
2.1492191126553797  8395
2.1522883443830563  9191
2.155336037465062  8946
2.1583624920952498  9667
2.161368002234975  9081
2.164352855784437  8954
2.167317334748176  8188
2.1702617153949575  8939
2.173186268412274  8633
2.1760912590556813  9464
2.1789769472931693  8470
2.1818435879447726  9747
2.184691430817599  9150
2.187520720836463  8822
2.1903316981702914  9193
2.1931245983544616  9215
2.1958996524092336  9066
2.1986570869544226  9069
2.2013971243204513  8764
2.2041199826559246  9592
2.2068258760318495  8881
2.2095150145426308  9005
2.2121876044039577  8823
2.214843848047698  9583
2.2174839442139063  8721
2.220108088040055  9729
2.2227164711475833  8177
2.225309281725863  9870
2.2278867046136734  8562
2.230448921378274  9656
2.2329961103921536  8276
2.2355284469075487  8738
2.2380461031287955  8503
2.2405492482826  8115
2.2430380486862944  8827
2.24551266781415  9798
2.247973266361807  9589
2.250420002308894  8989
2.2528530309798933  9003
2.255272505103306  8984
2.2576785748691846  9696
2.2600713879850747  10364
2.2624510897304293  9309
2.2648178230095364  9139
2.2671717284030137  8955
2.2695129442179165  9049
2.271841606536499  9065
2.27415784926368  9100
2.2764618041732443  8802
2.278753600952829  9123
2.2810333672477277  8765
2.2833012287035497  8609
2.285557309007774  8885
2.287801729930226  9465
2.290034611362518  8836
2.292256071356476  9258
2.294466226161593  9264
2.296665190261531  9339
2.298853076409707  8831
2.3010299956639813  8995
2.303196057420489  9087
2.305351369446624  9350
2.307496037913213  9508
2.3096301674258988  8771
2.311753861055754  9246
2.3138672203691533  8462
2.315970345456918  9436
2.3180633349627615  8948
2.3201462861110542  9649
2.322219294733919  9221
2.3242824552976926  8721
2.326335860928751  8166
2.3283796034387376  8153
2.330413773349191  9981
2.3324384599156054  8484
2.3344537511509307  9407
2.3364597338485296  8407
2.3384564936046046  9307
2.3404441148401185  9031
2.342422680822206  9272
2.3443922736851106  8778
2.346352974450639  9768
2.3483048630481607  8809
2.3502480183341627  9257
2.3521825181113627  8502
2.3541084391474008  9248
2.3560258571931225  8542
2.357934847000454  8639
2.359835482339888  9500
2.361727836017593  9706
2.3636119798921444  8550
2.3654879848909  9359
2.367355921026019  8800
2.369215857410143  9339
2.3710678622717363  8867
2.3729120029701067  8587
2.374748346010104  10384
2.376576957056512  8933
2.3783979009481375  9026
2.380211241711606  8284
2.3820170425748683  8639
2.383815365980431  8515
2.385606273598312  9419
2.387389826338729  8718
2.3891660843645326  9263
2.3909351071033793  9467
2.392696953259666  8856
2.3944516808262164  8661
2.3961993470957363  8893
2.3979400086720375  9170
2.399673721481038  8974
2.401400540781544  8712
2.403120521175818  9234
2.404833716619938  9360
2.406540180433955  8638
2.4082399653118496  8825
2.4099331233312946  8738
2.41161970596323  8602
2.413299764081252  9339
2.4149733479708178  9941
2.416640507338281  9032
2.4183012913197452  8859
2.419955748489758  9310
2.4216039268698313  7962
2.423245873936808  8864
2.424881636631067  9556
2.4265112613645754  9477
2.428134794028789  8455
2.429752280002408  9129
2.4313637641589874  8633
2.432969290874406  8336
2.4345689040341987  8661
2.436162647040756  9178
2.437750562820388  8830
2.439332693830263  9343
2.4409090820652177  8790
2.4424797690644486  9329
2.444044795918076  9145
2.4456042032735974  8472
2.4471580313422194  9400
2.44870631990508  9346
2.450249108319361  9804
2.45178643552429  9689
2.4533183400470375  10076
2.45484486000851  9057
2.456366033129043  8964
2.4578818967339924  8868
2.459392487759231  8771
2.4608978427565478  7667
2.462397997898956  9462
2.4638929889859074  8670
2.4653828514484184  9254
2.4668676203541096  8544
2.4683473304121573  8758
2.469822015978163  8717
2.4712917110589387  8777
2.4727564493172123  8977
2.4742162640762553  9258
2.4756711883244296  8611
2.4771212547196626  9038
2.4785664955938436  8778
2.4800069429571505  9315
2.481442628502305  9099
2.482873583608754  8624
2.484299839346786  10338
2.48572142648158  10053
2.4871383754771865  8934
2.4885507165004443  9552
2.4899584794248346  8698
2.4913616938342726  9546
2.4927603890268375  8694
2.494154594018443  8765
2.4955443375464483  8757
2.496929648073215  8675
2.4983105537896004  8878
2.499687082618404  8731
2.5010592622177517  10023
2.5024271199844326  9133
2.503790683057181  8460
2.505149978319906  8839
2.506505032404872  8478
2.507855871695831  8468
2.509202522331103  8727
2.510545010206612  9410
2.5118833609788744  9035
2.513217600067939  9622
2.514547752660286  9186
2.515873843711679  8310
2.5171958979499744  9571
2.5185139398778875  8590
2.519827993775719  8649
2.5211380837040362  9890
2.5224442335063197  8082
2.5237464668115646  7947
2.525044807036845  9634
2.526339277389844  8573
2.5276299008713385  8826
2.5289167002776547  9276
2.530199698203082  9300
2.531478917042255  8604
2.5327543789924976  9018
2.534026106056135  8220
2.5352941200427703  8704
2.53655844257153  9086
2.537819095073274  8133
2.5390760987927767  9070
2.5403294747908736  8895
2.5415792439465807  8684
2.5428254269591797  10358
2.5440680443502757  10194
2.545307116465824  8043
2.546542663478131  9119
2.5477747053878224  8794
2.5490032620257876  8518
2.550228353055094  8598
2.5514499979728753  9754
2.552668216112193  9622
2.5538830266438746  9270
2.5550944485783194  9363
2.5563025007672873  8271
2.5575072019056577  8879
2.558708570533166  8620
2.5599066250361124  9032
2.561101383649056  8962
2.5622928644564746  8860
2.5634810853944106  9448
2.5646660642520893  9149
2.5658478186735176  8139
2.56702636615906  8655
2.568201724066995  9266
2.569373909615046  8923
2.5705429398818973  9231
2.571708831808688  8443
2.5728716022004803  8887
2.574031267727719  9088
2.575187844927661  9486
2.576341350205793  9332
2.5774917998372255  9180
2.578639209968072  9345
2.57978359661681  8669
2.5809249756756194  9635
2.582063362911709  9369
2.583198773968623  10354
2.584331224367531  8654
2.5854607295085006  8750
2.586587304671755  8456
2.5877109650189114  9926
2.5888317255942073  8888
2.5899496013257077  9652
2.591064607026499  8856
2.5921767573958667  8568
2.593286067020457  9274
2.5943925503754266  9154
2.595496221825574  8575
2.59659709562646  8454
2.597695185925512  9900
2.598790506763115  8582
2.5998830720736876  9675
2.6009728956867484  8548
2.6020599913279625  8139
2.603144372620182  8736
2.60422605308447  8924
2.6053050461411096  8763
2.606381365110605  9683
2.6074550232146687  8394
2.6085260335771943  8540
2.60959440922522  9015
2.61066016308988  8949
2.611723308007342  8533
2.6127838567197355  8199
2.6138418218760693  10269
2.6148972160331345  9622
2.615950051656401  8813
2.617000341120899  8828
2.6180480967120925  7782
2.6190933306267428  9007
2.6201360549737576  9650
2.621176281775035  9171
2.622214022966295  9604
2.6232492903979003  8781
2.6242820958356683  10060
2.625312450961674  9377
2.6263403673750423  8396
2.6273658565927325  9281
2.6283889300503116  9418
2.629409599102719  8109
2.630427875025024  9537
2.6314437690131722  7550
2.6324572921847245  8854
2.6334684555795866  8503
2.6344772701607315  8715
2.635483746814912  8030
2.6364878963533656  9329
2.637489729512511  9812
2.6384892569546374  8110
2.639486489268586  8646
2.640481436970422  8092
2.6414741105040997  8184
2.6424645202421213  9202
2.6434526764861874  8746
2.6444385894678386  9159
2.645422269349092  8705
2.6464037262230695  9626
2.6473829701146196  8685
2.6483600109809315  9109
2.649334858712142  8296
2.6503075231319366  9664
2.651278013998144  8649
2.6522463410033232  9090
2.6532125137753435  9976
2.6541765418779604  8833
2.655138434811382  8823
2.656098202012832  8262
2.6570558528571038  9639
2.6580113966571126  8997
2.658964842664435  9107
2.6599162000698504  8363
2.660865478003869  9592
2.661812685537261  9095
2.662757831681574  9720
2.663700925389648  9190
2.6646419755561257  8473
2.6655809910179533  9072
2.6665179805548807  8566
2.667452952889954  8982
2.66838591669  8715
2.6693168805661123  8389
2.670245853074124  10900
2.6711728427150834  9374
2.6720978579357175  9129
2.673020907128896  8182
2.673941998634088  9356
2.6748611407378116  9108
2.6757783416740852  9020
2.6766936096248664  9946
2.677606952720493  9288
2.678518379040114  8532
2.6794278966121188  8729
2.680335513414563  8656
2.681241237375587  9268
2.682145076373832  9298
2.6830470382388496  8950
2.683947130751512  9027
2.6848453616444123  10028
2.6857417386022635  8502
2.6866362692622934  8986
2.6875289612146345  9233
2.6884198220027105  9181
2.6893088591236203  7986
2.690196080028514  8651
2.6910814921229687  8734
2.69196510276736  7800
2.69284691927723  9450
2.693726948923647  8796
2.694605198933569  9162
2.6954816764901977  8972
2.696356388733332  10279
2.6972293427597176  9574
2.6981005456233897  8432
2.6989700043360187  8516
2.699837725867246  10008
2.7007037171450192  9361
2.7015679850559273  8560
2.7024305364455254  8619
2.7032913781186614  8867
2.7041505168397992  9132
2.705007959333336  8630
2.7058637122839193  9088
2.7067177823367587  9127
2.7075701760979363  8677
2.708420900134713  9270
2.709269960975831  8907
2.7101173651118162  9175
2.710963118995276  9717
2.711807229041191  8834
2.7126497016272113  9880
2.7134905430939424  9340
2.714329759745233  9426
2.7151673578484576  7920
2.716003343634799  8615
2.7168377232995247  9645
2.717670503002262  9135
2.718501688867274  8672
2.7193312869837265  8331
2.720159303405957  9465
2.7209857441537393  9358
2.7218106152125467  8335
2.722633922533812  9600
2.7234556720351857  8381
2.724275869600789  8948
2.725094521081469  8942
2.7259116322950483  9701
2.7267272090265724  9104
2.727541257028556  8904
2.7283537820212285  9001
2.72916478969277  9419
2.7299742856995555  9708
2.7307822756663893  8884
2.7315887651867388  9873
2.7323937598229686  9058
2.7331972651065692  9001
2.733999286538387  8846
2.734799829588847  8961
2.73559889969818  8937
2.7363965022766426  8727
2.7371926427047373  9194
2.737987326333431  8682
2.738780558484369  9203
2.739572344450092  8795
2.7403626894942437  8748
2.741151598851785  8474
2.741939077729199  8820
2.7427251313046983  9833
2.74350976472843  8878
2.7442929831226763  9011
2.7450747915820575  8697
2.745855195173729  8933
2.7466341989375787  8942
2.747411807886423  8003
2.7481880270062002  9064
2.7489628612561616  9252
2.749736315569061  8538
2.7505083948513462  8445
2.751279103983342  8457
2.7520484478194387  8905
2.7528164311882715  9020
2.7535830588929064  9148
2.754348335711019  9421
2.7551122663950713  8370
2.7558748556724915  8194
2.756636108245848  8977
2.7573960287930244  9259
2.75815462196739  8699
2.7589118923979736  9098
2.7596678446896306  8393
2.760422483423212  8743
2.7611758131557314  9317
2.761927838420529  9647
2.762678563727436  8669
2.7634279935629373  8877
2.7641761323903307  9185
2.7649229846498886  9286
2.765668554759014  9687
2.7664128471123997  9623
2.7671558660821804  8744
2.767897616018091  8648
2.7686381012476144  9127
2.7693773260761385  8825
2.7701152947871015  8974
2.7708520116421442  9117
2.7715874808812555  9023
2.77232170672292  8966
2.7730546933642626  7910
2.7737864449811935  9017
2.7745169657285498  9236
2.7752462597402365  9156
2.775974331129369  8491
2.776701183988411  9593
2.7774268223893115  9184
2.7781512503836434  10167
2.7788744720027396  8523
2.7795964912578244  9202
2.780317312140151  9303
2.7810369386211318  8016
2.781755374652469  9161
2.782472624166286  9337
2.7831886910752575  9315
2.783903579272735  8491
2.784617292632875  8989
2.785329835010767  8028
2.786041210242554  8696
2.7867514221455614  8489
2.787460474518415  9190
2.788168371141168  8882
2.788875115775417  9594
2.7895807121644256  9660
2.7902851640332416  9028
2.790988475088816  7952
2.791690649020118  9107
2.792391689498254  8996
2.79309160017658  8471
2.7937903846908188  9355
2.7944880466591697  7867
2.795184589682424  9101
2.7958800173440754  10199
2.7965743332104296  9182
2.7972675408307164  8412
2.797959643737196  9125
2.798650645445269  8170
2.7993405494535817  8993
2.8000293592441343  9577
2.800717078282385  8864
2.801403710017355  8674
2.802089257881733  9735
2.8027737252919755  9115
2.803457115648414  8349
2.8041394323353503  8954
2.8048206787211623  9257
2.8055008581584002  8633
2.806179973983887  9185
2.8068580295188172  9851
2.807535028068853  8720
2.808210972924222  9645
2.808885867359812  9250
2.8095597146352675  9255
2.8102325179950842  8696
2.8109042806687006  9365
2.8115750058705933  8889
2.812244696800369  9158
2.8129133566428557  9113
2.813580988568192  8978
2.81424759573192  9032
2.814913181275074  8858
2.815577748324267  9600
2.816241299991783  9050
2.8169038393756605  9448
2.8175653695597807  9103
2.8182258936139557  8741
2.8188854145940097  9002
2.8195439355418688  9523
2.82020145948564  8968
2.8208579894397  8869
2.821513528404773  8850
2.8221680793680175  8440
2.8228216453031045  9051
2.823474229170301  8552
2.824125833916549  8739
2.824776462475546  8567
2.8254261177678233  8654
2.8260748027008264  9298
2.826722520168992  9317
2.8273692730538253  9316
2.828015064223977  9509
2.82865989653532  8733
2.829303772831025  8637
2.829946695941636  8957
2.8305886686851442  9881
2.8312296938670634  9435
2.8318697742805017  8133
2.832508912706236  8772
2.833147111912785  7984
2.833784374656479  9150
2.8344207036815328  8380
2.835056101720116  8613
2.8356905714924254  9604
2.8363241157067516  8704
2.8369567370595505  8537
2.837588438235511  9026
2.8382192219076257  9071
2.838849090737255  8936
2.8394780473741985  8315
2.840106094456758  9223
2.8407332346118066  8504
2.841359470454855  10045
2.8419848045901137  9083
2.842609239610562  9836
2.8432327780980096  9610
2.843855422623161  8533
2.8444771757456815  9282
2.845098040014257  9753
2.8457180179666586  10063
2.846337112129805  9608
2.846955325019824  8393
2.847572659142112  9797
2.848189116991399  8970
2.8488047010518036  8255
2.8494194137968996  9155
2.850033257689769  8603
2.8506462351830666  9877
2.8512583487190755  7341
2.851869600729766  8116
2.8524799936368566  8443
2.8530895298518657  8875
2.8536982117761744  9229
2.8543060418010806  8106
2.8549130223078554  8907
2.8555191556678  8244
2.8561244442423  9156
2.8567288903828825  8901
2.8573324964312685  8698
2.857935264719429  9074
2.858537197569639  8490
2.859138297294531  9430
2.859738566197147  9207
2.8603380065709936  9123
2.8609366207000937  8633
2.8615344108590377  9130
2.862131379313037  8717
2.8627275283179747  9687
2.863322860120456  8833
2.8639173769578603  10307
2.864511081058392  8747
2.8651039746411278  9481
2.8656960599160706  9190
2.8662873390841948  8110
2.866877814337499  9781
2.8674674878590514  9499
2.8680563618230415  8159
2.8686444383948255  8218
2.8692317197309762  8253
2.869818207979328  8295
2.870403905279027  9061
2.8709888137605755  8644
2.8715729355458786  9810
2.8721562727482928  9085
2.8727388274726686  9815
2.873320601815399  7846
2.8739015978644615  9237
2.8744818176994666  9130
2.8750612633917  8827
2.8756399370041685  10227
2.876217840591642  8226
2.8767949762007006  9380
2.877371345869774  9496
2.8779469516291885  9525
2.8785217955012063  8930
2.8790958795000727  8650
2.8796692056320534  8810
2.88024177589548  8040
2.8808135922807914  8089
2.8813846567705728  9699
2.8819549713396007  9036
2.8825245379548803  8838
2.8830933585756897  9097
2.8836614351536176  8950
2.884228769632604  9190
2.884795363948981  8254
2.885361220031512  10017
2.885926339801431  8154
2.886490725172482  8938
2.8870543780509568  9428
2.887617300335736  9210
2.888179493918325  9210
2.8887409606828927  9397
2.88930170250631  8929
2.8898617212581885  8437
2.890421018800914  8380
2.890979596989689  8038
2.8915374576725643  8897
2.8920946026904804  8839
2.8926510338773004  9778
2.893206753059848  9359
2.8937617620579434  8634
2.8943160626844384  8873
2.8948696567452528  8899
2.895422546039408  9340
2.8959747323590648  8670
2.8965262174895554  9246
2.89707700320942  8975
2.8976270912904414  8512
2.8981764834976764  9760
2.8987251815894934  8350
2.8992731873176036  10281
2.8998205024270964  9081
2.9003671286564705  8307
2.900913067737669  8921
2.9014583213961123  9482
2.9020028913507296  9046
2.902546779313991  8619
2.9030899869919438  8817
2.9036325160842376  8746
2.9041743682841634  8484
2.904715545278681  8458
2.905256048748451  9117
2.9057958803678687  9199
2.906335041805091  9046
2.90687353472207  9593
2.907411360774586  8214
2.9079485216122722  9414
2.90848501887865  9002
2.909020854211156  8750
2.9095560292411755  9264
2.910090545594068  9699
2.910624404889201  8653
2.9111576087399764  8624
2.9116901587538613  8622
2.9122220565324155  9877
2.912753303671323  9890
2.9132839017604186  9675
2.9138138523837167  10043
2.9143431571194407  8707
2.9148718175400505  8169
2.91539983521227  8326
2.9159272116971158  9631
2.916453948549925  9295
2.9169800473203824  8794
2.9175055095525466  9011
2.9180303367848803  9122
2.9185545305502734  9407
2.9190780923760737  9419
2.919601023784111  8901
2.920123326290724  9032
2.9206450014067875  8789
2.921166050637739  9403
2.921686475483602  9659
2.9222062774390163  8313
2.92272545799326  8868
2.9232440186302764  9210
2.9237619608287004  8852
2.9242792860618816  9339
2.924795995797912  10266
2.9253120914996495  9123
2.9258275746247424  8136
2.926342446625655  8684
2.926856708949692  9304
2.9273703630390235  9012
2.9278834103307068  8520
2.9283958522567137  8908
2.928907690243953  8242
2.929418925714293  9480
2.929929560084588  9383
2.9304395947667  8893
2.930949031167523  9691
2.931457870689005  9473
2.931966114728173  9161
2.932473764677153  8933
2.932980821923198  9096
2.9334872878487053  8563
2.9339931638312424  8368
2.934498451243568  9062
2.935003151453655  9015
2.9355072658247128  8630
2.9360107957152097  8562
2.936513742478893  10306
2.9370161074648142  8230
2.937517892017347  8899
2.9380190974762104  8389
2.938519725176492  9144
2.9390197764486663  8568
2.9395192526186187  9480
2.9400181550076634  8302
2.940516484932567  8486
2.9410142437055695  8328
2.941511432634403  8575
2.942008053022313  8773
2.9425041061680806  9506
2.9429995933660407  8848
2.9434945159061026  8512
2.9439888750737717  8928
2.9444826721501687  9797
2.9449759084120477  9438
2.94546858513182  8869
2.9459607035775686  8410
2.946452265013073  8584
2.9469432706978256  9084
2.9474337218870508  9108
2.9479236198317262  10108
2.948412965778601  8330
2.9489017609702137  10133
2.949390006644913  9506
2.949877704036875  9115
2.950364854376123  9132
2.9508514588885464  8428
2.951337518795918  8764
2.951823035315912  9118
2.9523080096621253  9784
2.952792443044092  8793
2.9532763366673045  9086
2.9537596917332287  9267
2.9542425094393248  8711
2.954724790979063  9033
2.9552065375419416  9361
2.9556877503135057  8297
2.9561684304753633  9458
2.9566485792052033  9417
2.957128197676813  9232
2.957607287060095  9147
2.958085848521085  8328
2.9585638832219674  8948
2.9590413923210934  8392
2.9595183769729982  8748
2.959994838328416  7725
2.960470777534299  8697
2.960946195733831  9108
2.9614210940664485  8826
2.9618954736678504  9597
2.962369335670021  8977
2.9628426812012423  9517
2.9633155113861114  8606
2.963787827345555  8818
2.964259630196849  9657
2.9647309210536292  9851
2.965201701025912  8584
2.9656719712201065  9681
2.9661417327390325  9310
2.966610986681934  9122
2.967079734144497  9773
2.967547976218862  9524
2.968015713993642  8909
2.9684829485539352  8647
2.9689496809813427  9379
2.9694159123539814  8596
2.9698816437465  8387
2.9703468762300935  9309
2.9708116108725178  9284
2.971275848738105  8865
2.971739590887778  8599
2.9722028383790646  8884
2.972665592266111  8301
2.9731278535996988  8949
2.973589623427257  8625
2.9740509027928774  8785
2.9745116927373285  9409
2.974971994298069  8832
2.975431808509263  10110
2.975891136401793  9132
2.9763499790032735  8929
2.976808337338066  8603
2.977266212427293  9378
2.9777236052888476  9457
2.978180516937414  9730
2.9786369483844743  8524
2.979092900638326  8595
2.979548374704095  9686
2.9800033715837464  9526
2.9804578922761  9085
2.9809119377768436  8585
2.9813655090785445  8986
2.9818186071706636  8725
2.9822712330395684  8500
2.9827233876685453  8529
2.983175072037813  8890
2.9836262871245345  9051
2.984077033902831  8831
2.9845273133437926  8282
2.9849771264154934  8164
2.9854264740830017  8514
2.9858753573083936  9163
2.986323777050765  8419
2.9867717342662448  8549
2.9872192299080047  8970
2.9876662649262746  8868
2.988112840268352  9186
2.9885589568786157  8015
2.989004615698537  8504
2.9894498176666917  8561
2.989894563718773  8990
2.9903388547876015  8619
2.9907826918031377  9803
2.9912260756924947  9603
2.9916690073799486  8293
2.9921114877869495  8181
2.9925535178321354  9252
2.9929950984313414  8948
2.9934362304976116  9195
2.993876914941211  9703
2.9943171526696366  8862
2.9947569445876283  9451
2.9951962915971793  10423
2.99563519459755  9242
2.9960736544852753  8854
2.9965116721541785  8710
2.996949248495381  9294
2.997386384397313  8460
2.9978230807457256  8261
2.998259338423699  9171
2.998695158311656  9004
2.999130541287371  8880
2.9995654882259823  9390
3.0  8605
3.000434077479319  9197
3.0008677215312267  9363
3.0013009330204183  8812
3.0017337128090005  9137
3.002166061756508  10062
3.0025979807199086  8854
3.003029470553618  8067
3.0034605321095067  8832
3.0038911662369103  9019
3.0043213737826426  8882
3.004751155591001  9238
3.0051805125037805  9677
3.0056094453602804  9189
3.0060379549973173  8999
3.0064660422492318  8693
3.0068937079479006  9765
3.0073209529227447  9431
3.00774777800074  8539
3.0081741840064264  9174
3.0086001717619175  8651
3.0090257420869104  9439
3.009450895798694  8786
3.00987563371216  8829
3.010299956639812  8796
3.010723865391773  8670
3.0111473607757975  8713
3.0115704435972783  8219
3.011993114659257  8884
3.012415374762433  8724
3.012837224705172  9277
3.0132586652835167  9396
3.0136796972911926  9001
3.0141003215196207  8529
3.0145205387579237  9119
3.0149403497929366  9072
3.0153597554092144  9209
3.015778756389041  8871
3.016197353512439  8480
3.016615547557177  8975
3.0170333392987803  8755
3.017450729510536  9181
3.0178677189635055  9863
3.018284308426531  9169
3.0187004986662433  8731
3.019116290447073  9026
3.0195316845312554  8997
3.0199466816788423  7617
3.0203612826477078  9697
3.020775488193558  8782
3.0211892990699383  8752
3.021602716028242  9211
3.02201573981772  9570
3.0224283711854865  8427
3.022840610876528  9133
3.0232524596337114  8748
3.0236639181977933  8909
3.024074987307426  9513
3.024485667699167  8916
3.024895960107485  9092
3.0253058652647704  9908
3.025715383901341  7923
3.0261245167454502  8973
3.0265332645232967  9234
3.0269416279590295  9312
3.0273496077747564  9224
3.0277572046905536  8523
3.0281644194244697  9859
3.0285712526925375  9092
3.028977705208778  10251
3.0293837776852097  9697
3.029789470831856  9563
3.030194785356751  9295
3.030599721965951  8653
3.0310042813635367  9542
3.031408464251624  8019
3.0318122713303706  8386
3.0322157032979815  9395
3.03261876085072  8908
3.0330214446829107  8297
3.03342375548695  9214
3.03382569395331  9587
3.0342272607705505  9457
3.0346284566253203  7965
3.0350292822023683  8559
3.0354297381845483  9399
3.035829825252828  8982
3.0362295440862948  9437
3.036628895362161  9299
3.037027879755775  9453
3.037426497940624  8983
3.037824750588342  9746
3.0382226383687185  9898
3.038620161949703  9003
3.039017321997412  8442
3.0394141191761372  8422
3.0398105541483504  9761
3.0402066275747113  9289
3.040602340114073  9944
3.0409976924234905  9091
3.041392685158225  8352
3.041787318971752  8402
3.042181594515766  9322
3.0425755124401905  8359
3.0429690733931802  8217
3.0433622780211294  9354
3.0437551269686796  9807
3.044147620878723  8404
3.044539760392411  8428
3.04493154614916  8503
3.0453229787866576  9430
3.0457140589408676  8310
3.0461047872460387  8823
3.0464951643347082  9072
3.04688519083771  9097
3.0472748673841794  8574
3.04766419460156  8344
3.048053173115609  9393
3.0484418035504044  9635
3.04883008652835  8339
3.0492180226701815  8508
3.049605612594973  10689
3.0499928569201424  9085
3.050379756261458  10109
3.0507663112330423  9183
3.0511525224473814  8713
3.0515383905153275  8273
3.0519239160461065  9592
3.0523090996473234  9452
3.052693941924968  8641
3.0530784434834195  9797
3.053462604925455  8819
3.0538464268522527  7979
3.0542299098633974  8817
3.0546130545568877  9333
3.0549958615291417  8949
3.055378331375  8742
3.0557604646877348  9637
3.056142262059052  9162
3.0565237240791006  8890
3.0569048513364727  8443
3.0572856444182146  9500
3.0576661039098294  9567
3.0580462303952816  9123
3.058426024457005  8846
3.0588054866759067  8591
3.059184617631371  9068
3.0595634179012676  8759
3.059941888061955  8620
3.060320028688285  9031
3.060697840353612  8558
3.0610753236297916  9211
3.061452479087193  9947
3.061829307294699  7930
3.0622058088197126  9154
3.062581984228163  9770
3.0629578340845103  9165
3.0633333589517497  9344
3.0637085593914173  9199
3.064083435963596  8602
3.0644579892269186  8622
3.064832219738574  9827
3.065206128054312  8759
3.0655797147284485  8825
3.06595298031387  9156
3.0663259253620376  7802
3.0666985504229953  9249
3.0670708560453703  8759
3.0674428427763805  8418
3.0678145111618402  8183
3.0681858617461617  9238
3.068556895072363  8716
3.068927611682072  9144
3.0692980121155293  8160
3.0696680969115957  8935
3.070037866607755  8402
3.0704073217401198  9201
3.0707764628434346  8568
3.0711452904510828  8741
3.071513805095089  9681
3.0718820073061255  8851
3.072249897613515  9749
3.0726174765452368  7535
3.0729847446279304  9063
3.073351702386901  8910
3.0737183503461227  9549
3.074084689028244  8211
3.074450718954591  8739
3.074816440645175  9187
3.0751818546186915  8922
3.0755469613925306  8009
3.0759117614827773  8180
3.076276255404218  8888
3.076640443670342  9085
3.0770043267933502  8931
3.0773679052841563  7962
3.077731179652392  9487
3.0780941504064105  9318
3.0784568180532927  8867
3.0788191830988487  8530
3.0791812460476247  9765
3.079543007402906  8425
3.079904467666721  9236
3.0802656273398448  8653
3.0806264869218056  9257
3.080987046910887  8850
3.0813473078041325  8802
3.081707270097349  8515
3.082066934285113  8524
3.0824263008607717  9678
3.0827853703164503  8094
3.0831441431430524  8871
3.0835026198302673  9295
3.083860800866573  8916
3.0842186867392387  8399
3.084576277934331  8835
3.084933574936716  8550
3.085290578230065  10020
3.0856472882968564  8097
3.0860037056183818  8806
3.0863598306747484  8567
3.0867156639448825  9083
3.0870712059065353  8767
3.0874264570362855  9952
3.087781417809542  8451
3.0881360887005513  9321
3.0884904701823963  8066
3.088844562727004  8160
3.089198366805149  8755
3.089551882886454  9048
3.089905111439398  9007
3.090258052931316  9577
3.090610707828407  9070
3.0909630765957314  9280
3.091315159697223  9193
3.0916669575956846  9741
3.092018470752797  8710
3.0923696996291206  8485
3.0927206446840994  10078
3.0930713063760633  9043
3.093421685162235  8579
3.09377178149873  9055
3.0941215958405612  8926
3.094471128641645  9960
3.0948203803548  8575
3.095169351431755  9809
3.095518042323151  8856
3.0958664534785427  9743
3.0962145853464054  8530
3.0965624383741357  8307
3.0969100130080562  9054
3.09725730969342  9139
3.097604328874411  8352
3.09795107099415  8747
3.0982975364946976  8752
3.098643725817057  9624
3.0989896394011773  8901
3.0993352776859577  9100
3.09968064110925  8127
3.1000257301078626  9093
3.100370545117563  9479
3.1007150865730817  8393
3.1010593549081156  8312
3.101403350555331  9147
3.1017470739463664  8494
3.1020905255118367  9849
3.1024337056813365  9024
3.1027766148834415  8792
3.1031192535457137  8107
3.103461622094705  9401
3.103803720955957  9599
3.104145550554008  8666
3.104487111312395  8552
3.1048284036536553  9410
3.1051694279993316  8774
3.1055101847699738  8978
3.1058506743851435  9595
3.1061908972634154  9980
3.1065308538223815  9082
3.106870544478654  9123
3.1072099696478683  8282
3.1075491297446862  8718
3.1078880251827985  9389
3.1082266563749283  9346
3.1085650237328344  9019
3.1089031276673134  8008
3.109240968588203  9008
3.1095785469043866  8802
3.1099158630237933  9122
3.110252917353403  8352
3.110589710299249  9642
3.1109262422664203  8386
3.1112625136590655  9477
3.111598524880394  9275
3.1119342763326814  8820
3.1122697684172707  8308
3.1126050015345745  8992
3.11293997608408  9214
3.1132746924643504  8090
3.1136091510730277  9424
3.113943352306837  8727
3.1142772965615864  8886
3.114610984232173  8295
3.1149444157125847  9180
3.1152775913959014  9219
3.1156105116742996  8688
3.115943176939055  8967
3.116275587580544  8567
3.1166077439882485  9409
3.116939646550756  9147
3.1172712956557644  9400
3.117602691690084  8707
3.1179338350396413  8490
3.118264726089479  9039
3.118595365223762  10052
3.1189257528257768  9071
3.1192558892779365  9149
3.119585774961784  10444
3.119915410257991  8970
3.1202447955463652  9373
3.12057393120585  8250
3.1209028176145273  9268
3.1212314551496214  10014
3.1215598441875008  8496
3.121887985103681  9093
3.1222158782728267  8927
3.1225435240687545  8816
3.1228709228644354  9042
3.1231980750319988  9040
3.123524980942732  8866
3.123851640967086  8775
3.124178055474675  8787
3.1245042248342823  9791
3.1248301494138593  9271
3.12515582958053  9647
3.125481265700594  8607
3.125806458139527  9172
3.1261314072619846  9373
3.1264561134318045  8246
3.126780577012009  10048
3.1271047983648077  8064
3.127428777851599  9281
3.1277525158329733  9151
3.1280760126687155  8790
3.1283992687178066  8265
3.128722284338427  8587
3.1290450598879582  9748
3.1293675957229854  9279
3.129689892199301  9286
3.1300119496719043  9234
3.130333768495006  8879
3.130655349022031  9403
3.130976691605617  8872
3.131297796597623  9590
3.1316186643491255  8860
3.1319392952104246  8951
3.1322596895310446  8516
3.132579847659737  9195
3.132899769944483  9215
3.1332194567324945  8058
3.1335389083702174  8464
3.133858125203335  8542
3.1341771075767664  8255
3.1344958558346736  9139
3.13481437032046  8432
3.1351326513767748  9869
3.1354506993455136  8082
3.1357685145678222  8370
3.1360860973840974  8649
3.13640344813399  7824
3.1367205671564067  10005
3.1370374547895126  7858
3.137354111370733  8658
3.137670537236755  10140
3.137986732723532  8094
3.1383026981662816  8986
3.1386184338994925  8813
3.1389339402569236  8108
3.139249217571607  9482
3.13956426617585  9793
3.1398790864012365  8841
3.140193678578631  9058
3.1405080430381798  9339
3.1408221801093106  8478
3.141136090120739  9052
3.1414497734004674  9231
3.141763230275788  9600
3.1420764610732848  8503
3.142389466118836  8257
3.1427022457376155  8778
3.143014800254095  8741
3.143327129992046  9090
3.1436392352745433  8878
3.1439511164239633  10131
3.144262773761991  9436
3.144574207609616  8261
3.144885418287142  8952
3.1451964061141817  9345
3.1455071714096627  8763
3.1458177144918276  9405
3.146128035678238  9009
3.1464381352857744  9226
3.14674801363064  9040
3.1470576710283598  8282
3.1473671077937864  8692
3.1476763242410986  8593
3.147985320683805  9105
3.1482940974347455  8896
3.1486026548060932  8926
3.1489109931093564  8992
3.1492191126553797  9072
3.149527013754348  8352
3.149834696715785  7933
3.1501421618485588  9535
3.150449409460881  8889
3.150756439860309  8731
3.15106325335375  8921
3.1513698502474603  8679
3.151676230847048  8945
3.151982395457474  8898
3.1522883443830563  8252
3.15259407792747  8410
3.1528995963937474  8669
3.153204900084284  8679
3.1535099893008374  8029
3.153814864344529  8473
3.154119525515847  8485
3.154423973114647  8296
3.1547282074401557  9369
3.1550322287909704  8448
3.155336037465062  8662
3.1556396337597765  8835
3.1559430179718366  9527
3.1562461903973444  9004
3.1565491513317814  8652
3.156851901070011  9287
3.1571544399062814  7680
3.157456768134226  9058
3.1577588860468637  9407
3.158060793936605  8992
3.1583624920952498  8018
3.1586639808139894  9491
3.15896526038341  8722
3.159266331093494  9790
3.1595671932336202  8560
3.1598678470925665  9098
3.160168292958512  9105
3.1604685311190375  9489
3.1607685618611283  9082
3.1610683854711747  9349
3.161368002234975  9628
3.161667412437736  9114
3.161966616364075  8780
3.1622656142980214  9253
3.162564406523019  9101
3.162862993321926  8251
3.1631613749770184  9750
3.16345955176999  8913
3.163757523981956  10240
3.1640552918934515  9206
3.164352855784437  9287
3.1646502159342966  8860
3.1649473726218416  9206
3.1652443261253107  8762
3.165541076722373  9357
3.1658376246901283  9056
3.166133970305109  8907
3.166430113843283  8925
3.166726055580052  8886
3.1670217957902564  8252
3.167317334748176  9011
3.16761267272753  10160
3.16790781000148  9258
3.168202746842631  9784
3.1684974835230326  9319
3.1687920203141817  9030
3.1690863574870227  7691
3.1693804953119495  8648
3.1696744340588068  9425
3.1699681739968923  9104
3.1702617153949575  9488
3.1705550585212086  8735
3.170848203643309  9727
3.1711411510283822  9100
3.171433900943008  9515
3.171726453653231  8404
3.1720188094245563  9066
3.172310968521954  9595
3.17260293120986  8880
3.1728946977521764  9633
3.173186268412274  9340
3.1734776434529945  9276
3.17376882313665  8434
3.1740598077250253  8853
3.1743505974793798  9637
3.1746411926604483  8772
3.1749315935284423  9140
3.1752218003430523  9238
3.1755118133634475  9018
3.1758016328482794  9679
3.1760912590556813  9412
3.1763806922432702  9154
3.17666993266815  8765
3.176958980586908  9275
3.1772478362556233  8473
3.1775364999298623  8478
3.177824971864682  8687
3.1781132523146316  7485
3.178401341533755  8900
3.17868923977559  8626
3.1789769472931693  9408
3.1792644643390253  8498
3.1795517911651876  9295
3.179838928023187  9339
3.180125875164054  9417
3.180412632838324  9166
3.1806992012960347  8964
3.1809855807867304  8747
3.1812717715594614  9376
3.1815577738627865  9117
3.1818435879447726  9287
3.182129214052998  8931
3.182414652434554  9053
3.1826999033360424  8651
3.182984967003582  9204
3.1832698436828046  8853
3.1835545336188615  9225
3.1838390370564214  8166
3.184123354239671  8188
3.1844074854123203  7723
3.184691430817599  10065
3.184975190698261  8528
3.185258765296585  8988
3.185542154854375  9442
3.185825359612962  9070
3.1861083798132053  8781
3.186391215695493  8788
3.1866738674997452  9060
3.1869563354654122  7821
3.187238619831479  9580
3.187520720836463  9379
3.1878026387184195  9144
3.188084373714938  8473
3.188365926063148  8227
3.188647295999717  8254
3.1889284837608534  8472
3.189209489582306  9416
3.1894903136993675  8933
3.189770956346874  9497
3.190051417759206  9526
3.1903316981702914  9042
3.190611797813605  9194
3.1908917169221698  9301
3.1911714557285586  10097
3.1914510144648953  7861
3.1917303933628562  8726
3.1920095926536702  9359
3.1922886125681202  9258
3.1925674533365456  8569
3.192846115188842  9190
3.1931245983544616  9142
3.1934029030624176  8198
3.1936810295412816  9380
3.193958978019187  7887
3.1942367487238292  9682
3.194514341882467  8363
3.1947917577219247  8804
3.1950689964685903  9022
3.1953460583484197  8914
3.1956229435869368  9429
3.1958996524092336  8950
3.1961761850399735  9435
3.196452541703389  9070
3.196728722623287  8754
3.1970047280230456  9608
3.197280558125619  9536
3.1975562131535367  8326
3.197831693328903  8298
3.1981069988734014  10088
3.1983821300082944  9447
3.1986570869544226  9166
3.198931869932209  8010
3.1992064791616577  8919
3.199480914862356  8057
3.1997551772534747  9493
3.2000292665537704  9154
3.200303182981585  8837
3.2005769267548483  9329
3.2008504980910772  7936
3.2011238972073794  8907
3.2013971243204513  9084
3.2016701796465816  8554
3.20194306340165  8622
3.2022157758011316  8675
3.2024883170600935  8277
3.2027606873931997  8430
3.2030328870147105  8962
3.203304916138483  9476
3.2035767749779724  9235
3.2038484637462346  9502
3.2041199826559246  8613
3.2043913319193  8716
3.204662511748219  8941
3.204933522354145  9425
3.2052043639481447  9181
3.205475036740891  8962
3.205745540942662  8656
3.2060158767633444  9951
3.2062860444124324  9651
3.2065560440990297  8723
3.2068258760318495  8736
3.207095540419218  9908
3.2073650374690716  8998
3.2076343673889616  9265
3.2079035303860515  8926
3.2081725266671217  7852
3.208441356438567  10032
3.208710019906401  8596
3.2089785172762535  9149
3.2092468487533736  9044
3.2095150145426308  8463
3.209783014848515  8111
3.2100508498751372  9901
3.210318519826232  10122
3.2105860249051563  9011
3.210853365314893  9608
3.2111205412580492  8323
3.2113875529368587  9316
3.2116544005531824  8596
3.2119210843085093  9118
3.2121876044039577  8803
3.212453961040276  8386
3.2127201544178425  9139
3.212986184736668  10226
3.2132520521963968  8849
3.2135177569963047  9349
3.2137832993353044  9653
3.2140486794119414  8528
3.2143138974244  8370
3.214578953570499  9229
3.214843848047698  10136
3.215108581053093  8326
3.215373152783422  8493
3.215637563435062  9576
3.215901813204032  7969
3.216165902285993  9377
3.216429830876251  7874
3.2166935991697545  8924
3.216957207361097  9101
3.217220655644519  8856
3.2174839442139063  8938
3.2177470732627937  9473
3.218010042984363  8959
3.2182728535714475  10084
3.218535505216528  8696
3.2187979981117376  9932
3.219060332448861  7998
3.219322508419337  8443
3.2195845262142546  9866
3.219846386024361  8673
3.220108088040055  8998
3.2203696324513946  8141
3.220631019448092  8413
3.2208922492195193  9362
3.2211533219547053  9100
3.2214142378423385  9312
3.2216749970707688  9496
3.2219355998280053  9012
3.22219604630172  9028
3.222456336679247  8978
3.2227164711475833  8475
3.2229764498933915  9013
3.2232362731029975  9315
3.2234959409623944  8117
3.2237554536572413  8209
3.224014811372864  10027
3.2242740142942576  9176
3.2245330626060857  9228
3.2247919564926817  8114
3.225050696138049  8396
3.225309281725863  9558
3.225567713439471  8561
3.2258259914618934  9356
3.226084115975824  9097
3.226342087163631  8291
3.2265999052073573  9419
3.2268575702887237  10337
3.2271150825891253  8044
3.2273724422896364  8542
3.227629649571009  9795
3.2278867046136734  9233
3.2281436075977417  8662
3.228400358703005  9335
3.2286569581089353  9271
3.228913405994688  9300
3.229169702539101  8630
3.229425847920695  9546
3.229681842317676  8282
3.229937685907934  8639
3.230193378869046  9124
3.230448921378274  9404
3.230704313612569  8637
3.230959555748569  9386
3.231214647962601  9515
3.2314695904306814  9265
3.2317243833285163  8758
3.231979026831504  9271
3.2322335211147335  8670
3.232487866352986  8630
3.232742062720737  9139
3.2329961103921536  10221
3.2332500095411003  8610
3.2335037603411343  9483
3.2337573629655103  8734
3.2340108175871793  8844
3.2342641243787895  9223
3.2345172835126865  9093
3.2347702951609163  8370
3.2350231594952237  8650
3.2352758766870524  9778
3.2355284469075487  9206
3.2357808703275603  9309
3.236033147117636  8732
3.2362852774480286  9078
3.236537261488694  9151
3.2367890994092927  8833
3.237040791379191  8433
3.237292337567459  9531
3.2375437381428744  10017
3.2377949932739227  8375
3.2380461031287955  9323
3.238297067875394  9285
3.2385478876813276  8626
3.238798562713917  7813
3.2390490931401916  9809
3.2392994791268923  9577
3.239549720840473  9142
3.2397998184470986  9297
3.2400497721126476  9416
3.2402995820027125  8335
3.2405492482826  8456
3.240798771117331  8965
3.241048150671644  8852
3.2412973871099933  9323
3.2415464805965484  8624
3.241795431295199  9581
3.2420442393695508  9201
3.2422929049829308  9965
3.2425414282983844  9253
3.2427898094786767  8485
3.2430380486862944  8434
3.243286146083446  8487
3.243534101832062  9277
3.243781916093795  9572
3.244029589030022  9389
3.244277120801843  8600
3.244524511570084  9398
3.244771761495295  8507
3.245018870737753  8726
3.245265839457461  8943
3.24551266781415  9177
3.245759355967277  8905
3.246005904076029  9835
3.246252312299322  9231
3.246498580795801  8790
3.2467447097238415  9541
3.24699069924155  9495
3.247236549506764  8386
3.2474822606770544  7150
3.2477278329097232  9263
3.247973266361807  8619
3.248218561190075  9139
3.248463717551032  8804
3.2487087356009177  9807
3.2489536154957075  8794
3.249198357391113  9079
3.249442961442582  9302
3.2496874278053016  8674
3.249931756634195  9068
3.250175948083925  8646
3.250420002308894  9542
3.2506639194632436  10008
3.250907699700856  9807
3.2511513431753545  8812
3.2513948500401044  9123
3.251638220448212  9025
3.2518814545525276  8782
3.252124552505644  8153
3.2523675144598987  8878
3.252610340567373  8591
3.2528530309798933  8738
3.2530955858490316  9110
3.2533380053261065  9094
3.253580289562183  8937
3.2538224387080734  8653
3.254064452914338  8787
3.2543063323312857  8899
3.2545480771089736  8901
3.25478968739721  8382
3.2550311633455515  9078
3.255272505103306  8918
3.2555137128195333  8927
3.255754786643044  8837
3.255995726722402  8847
3.256236533205923  8793
3.256477206241677  8802
3.256717745977487  10016
3.256958152560932  8901
3.2571984261393445  9040
3.257438566859814  8667
3.2576785748691846  9282
3.2579184503140586  9571
3.2581581933407944  9519
3.258397804095509  9021
3.2586372827240764  8365
3.258876629372131  9335
3.2591158441850663  9369
3.2593549273080344  8944
3.2595938788859486  8933
3.2598326990634834  8785
3.2600713879850747  10185
3.26030994579492  8859
3.2605483726369795  8340
3.2607866686549762  8727
3.2610248339923973  8264
3.2612628687924934  8407
3.2615007731982804  9426
3.2617385473525378  8916
3.2619761913978125  9304
3.262213705476417  9139
3.2624510897304293  8606
3.2626883443016963  8571
3.2629254693318317  9976
3.2631624649622166  8828
3.263399331334002  9194
3.263636068588108  8396
3.2638726768652235  7914
3.2641091563058082  9306
3.2643455070500926  8656
3.2645817292380777  10285
3.2648178230095364  8890
3.2650537885040145  7999
3.26528962586083  8567
3.2655253352190736  8884
3.2657609167176105  9225
3.265996370495079  9937
3.266231696689893  9000
3.2664668954402414  8993
3.2667019668840878  8762
3.266936911159173  8809
3.2671717284030137  9482
3.267406418752904  8048
3.2676409823459154  9673
3.2678754193188975  9133
3.2681097298084785  8012
3.268343913951065  8980
3.268577971882843  9747
3.2688119037397803  9880
3.269045709657623  7790
3.2692793897718984  9401
3.2695129442179165  9285
3.269746373130767  9127
3.269979676645324  7751
3.2702128548962426  9620
3.2704459080179626  8601
3.2706788361447066  9376
3.2709116394104814  9524
3.2711443179490782  8749
3.2713768718940743  8185
3.271609301378832  8894
3.271841606536499  8272
3.27207378750001  10070
3.2723058444020863  8541
3.2725377773752373  9601
3.2727695865517594  8308
3.2730012720637376  9649
3.2732328340430454  8379
3.273464272621346  8768
3.273695587930092  8331
3.2739267801005254  9410
3.27415784926368  9220
3.274388795550379  9241
3.274619619091238  9314
3.274850320016665  8900
3.2750808984568587  9379
3.2753113545418118  8581
3.2755416884013098  8277
3.2757719001649312  9343
3.27600198996205  8092
3.2762319579218335  9290
3.2764618041732443  8566
3.27669152884504  8668
3.276921132065774  8109
3.277150613963797  8292
3.2773799746672547  8914
3.2776092143040914  8873
3.2778383330020473  9260
3.2780673308886628  7715
3.2782962080912736  8492
3.2785249647370174  8997
3.278753600952829  8410
3.278982116865443  9174
3.279210512601395  9132
3.2794387882870204  8300
3.2796669440484556  9883
3.279894980011638  8399
3.2801228963023075  9246
3.280350693046006  8624
3.2805783703680764  9665
3.280805928393667  8771
3.2810333672477277  8838
3.281260687055013  8676
3.2814878879400813  7895
3.281714970027296  9380
3.281941933440825  8833
3.2821687783046416  9356
3.2823955047425257  9715
3.2826221128780624  10213
3.282848602834645  8317
3.2830749747354715  8116
3.2833012287035497  8450
3.2835273648616936  7904
3.2837533833325265  8895
3.28397928423848  9210
3.284205067701794  10376
3.2844307338445193  9355
3.2846562827885157  9271
3.284881714655453  9257
3.285107029566812  9101
3.2853322276438846  8594
3.285557309007774  8352
3.285782273779395  9224
3.2860071220794747  9741
3.286231854028553  9855
3.286456469746983  8408
3.28668096935493  9439
3.286905352972375  9238
3.287129620719111  8565
3.2873537727147464  7402
3.2875778090787056  8743
3.287801729930226  9190
3.2880255353883627  7816
3.288249225571986  8791
3.2884728005997825  8322
3.288696260590256  9958
3.2889196056617265  10175
3.289142835932333  8766
3.2893659515200318  8515
3.2895889525425965  9111
3.2898118391176214  9174
3.290034611362518  10144
3.2902572693945182  9335
3.290479813330673  8650
3.2907022432878543  9067
3.2909245593827543  8555
3.2911467617318855  8242
3.291368850451583  8408
3.2915908256580013  9459
3.291812687467119  8611
3.2920344359947364  8941
3.292256071356476  7960
3.292477593667784  9539
3.29269900304393  9714
3.292920299600006  8054
3.2931414834509307  8339
3.2933625547114453  9464
3.2935835134961167  9929
3.2938043599193367  8637
3.2940250940953226  8861
3.2942457161381182  8783
3.294466226161593  9337
3.2946866242794433  9076
3.2949069106051923  9233
3.295127085252191  8553
3.295347148333618  8040
3.295567099962479  8832
3.295786940251609  8108
3.2960066693136723  8578
3.2962262872611605  9036
3.296445794206396  9582
3.296665190261531  9837
3.296884475538547  9481
3.2971036501492565  9507
3.2973227142053028  9274
3.2975416678181597  8833
3.297760511099134  8589
3.2979792441593623  9169
3.298197867109815  8388
3.2984163800612945  7759
3.2986347831244354  9349
3.298853076409707  9013
3.2990712600274095  9248
3.29928933408768  8193
3.2995072987004876  8783
3.2997251539756367  8492
3.299942900022767  8546
3.3001605369513523  8571
3.3003780648707024  9010
3.3005954838899636  8590
3.300812794118117  8855
3.3010299956639813  9506
3.3012470886362113  9142
3.3014640731433  10363
3.3016809492935764  8373
3.301897717195208  8130
3.302114376956201  9680
3.302330928684399  10107
3.3025473724874854  8196
3.3027637084729817  8602
3.3029799367482493  8851
3.303196057420489  9514
3.303412070596742  8787
3.30362797638389  9061
3.3038437748886547  9116
3.3040594662175993  8824
3.3042750504771283  8651
3.3044905277734875  9254
3.3047058982127653  7916
3.3049211619008916  8836
3.305136318943639  8378
3.305351369446624  9682
3.305566313515304  9720
3.3057811512549824  9524
3.3059958827708047  9120
3.3062105081677613  9675
3.3064250275506875  8565
3.3066394410242617  9090
3.3068537486930087  10070
3.3070679506612985  8702
3.307282047033346  8533
3.307496037913213  9818
3.307709923404807  9115
3.307923703611882  9904
3.3081373786380386  9342
3.308350948586726  8961
3.3085644135612386  9487
3.3087777736647213  9011
3.3089910290001643  8592
3.3092041796704077  8823
3.30941722577814  9811
3.3096301674258988  9829
3.3098430047160705  8856
3.3100557377508912  8377
3.3102683666324477  8452
3.3104808914626753  9166
3.3106933123433606  9868
3.3109056293761414  9646
3.311117842662506  9322
3.3113299523037933  10146
3.311541958401195  8353
3.311753861055754  9259
3.3119656603683665  9525
3.3121773564397787  8853
3.312388949370592  9898
3.3126004392612596  9184
3.312811826212088  8613
3.313023110323238  9781
3.313234291694724  9410
3.313445370426414  8816
3.3136563466180315  9063
3.3138672203691533  9447
3.3140779917792127  9150
3.3142886609474975  9056
3.3144992279731516  7934
3.314709692955174  8900
3.31492005599242  8621
3.315130317183602  8810
3.3153404766272883  9166
3.315550534421905  8563
3.3157604906657347  9041
3.315970345456918  7905
3.3161800988934527  8677
3.3163897510731952  10086
3.3165993020938607  8350
3.316808752053022  8561
3.3170181010481117  8928
3.31722734917642  9545
3.317436496535099  8990
3.3176455432211585  9420
3.317854489331469  9288
3.3180633349627615  9746
3.318272080211627  8484
3.3184807251745174  9223
3.318689269947746  9606
3.3188977146274867  9982
3.3191060593097763  9774
3.319314304090512  8781
3.3195224490654542  9196
3.3197304943302246  8589
3.3199384399803087  8786
3.3201462861110542  9612
3.3203540328176717  8307
3.3205616801952367  9510
3.3207692283386865  7761
3.3209766773428235  8059
3.3211840273023143  9604
3.321391278311689  8613
3.3215984304653436  8615
3.3218054838575393  9576
3.3220124385824006  8818
3.322219294733919  9261
3.3224260524059526  9797
3.3226327116922234  9101
3.322839272686321  8720
3.3230457354817013  8953
3.323252100171687  8377
3.3234583668494677  9187
3.3236645356081  8900
3.323870606540509  7978
3.3240765797394864  8729
3.3242824552976926  8745
3.3244882333076564  9483
3.3246939138617746  9937
3.3248994970523134  8901
3.3251049829714074  9160
3.325310371711061  9776
3.325515663363148  8928
3.325720858019412  9158
3.325925955771466  9020
3.3261309567107946  8915
3.326335860928751  9183
3.3265406685165617  8539
3.3267453795653217  9091
3.326949994165999  9161
3.3271545124094315  8682
3.3273589343863303  8559
3.327563260187278  10350
3.327767489902729  9531
3.3279716236230104  9903
3.3281756614383227  9058
3.3283796034387376  9475
3.328583449714202  8940
3.3287872003545345  9245
3.3289908554494287  8996
3.329194415088451  8210
3.329397879361043  8538
3.3296012483565187  8237
3.3298045221640695  8958
3.330007700872759  9126
3.330210784571528  8467
3.330413773349191  8099
3.3306166672944384  9137
3.330819466495837  8988
3.3310221710418286  10032
3.3312247810207323  9041
3.331427296520743  8099
3.3316297176299323  9017
3.331832044436249  8444
3.332034277027518  8858
3.3322364154914434  8479
3.3324384599156054  8992
3.3326404103874627  9979
3.3328422669943514  8793
3.3330440298234874  8711
3.3332456989619628  7866
3.3334472744967503  9086
3.3336487565147013  9747
3.333850145102545  9420
3.334051440346892  9332
3.334252642334231  9390
3.3344537511509307  8516
3.3346547668832414  8699
3.3348556896172914  8557
3.3350565194390915  9710
3.3352572564345317  8328
3.3354579006893843  8407
3.3356584522893016  8535
3.335858911319818  8372
3.336059277866349  8555
3.336259552014193  9923
3.3364597338485296  9598
3.3366598234544202  9392
3.336859820916809  8604
3.3370597263205246  8569
3.3372595397502756  9950
3.337459261290656  8019
3.3376588910261424  9096
3.3378584290410944  8580
3.3380578754197563  9661
3.3382572302462554  8110
3.3384564936046046  9137
3.3386556655787003  8064
3.338854746252323  8847
3.339053735709139  8509
3.3392526340327  8891
3.3394514413064407  9134
3.339650157613684  9859
3.339848783037637  8737
3.340047317661393  9713
3.3402457615679317  9711
3.3404441148401185  9762
3.3406423775607053  9139
3.3408405498123317  9422
3.341038631677523  9532
3.3412366232386925  8906
3.34143452457814  8639
3.3416323357780544  8200
3.3418300569205104  9351
3.3420276880874717  9611
3.3422252293607904  8964
3.342422680822206  7867
3.342620042553348  8972
3.342817314635733  7774
3.343014497150768  9721
3.3432115901797474  9336
3.3434085938038574  8768
3.343605508104172  9330
3.343802333161655  8776
3.3439990690571615  8202
3.344195715871435  7894
3.3443922736851106  10175
3.344588742578714  9189
3.344785122632661  9246
3.344981413927258  8614
3.345177616542704  7961
3.3453737305590883  8884
3.345569756056392  8479
3.345765693114488  9413
3.3459615418131414  8701
3.346157302232008  8502
3.346352974450639  8804
3.346548558548474  8808
3.346744054604849  8760
3.3469394626989906  8460
3.34713478291002  8241
3.3473300153169503  8808
3.3475251599986895  8487
3.347720217034038  8345
3.3479151865016914  8960
3.3481100684802376  8300
3.3483048630481607  8956
3.348499570283838  8914
3.348694190265541  9354
3.348888723071438  9064
3.34908316877959  7898
3.3492775274679554  9453
3.3494717992143856  9034
3.34966598409663  8428
3.3498600821923312  8476
3.3500540935790304  8941
3.3502480183341627  9727
3.350441856535061  8412
3.3506356082589543  8384
3.350829273582968  8431
3.3510228525841237  8456
3.351216345339342  8276
3.351409751925439  8874
3.351603072419129  9338
3.3517963068970236  8596
3.351989455435632  9036
3.3521825181113627  9005
3.35237549500052  8435
3.3525683861793087  9594
3.3527611917238307  8644
3.3529539117100877  8941
3.3531465462139796  8904
3.3533390953113047  8647
3.353531559077762  9444
3.353723937588949  9224
3.353916230920363  9693
3.3541084391474008  9360
3.35430056234536  8762
3.3544926005894364  9145
3.3546845539547285  9395
3.354876422516234  9118
3.3550682063488506  9136
3.3552599055273786  8890
3.3554515201265174  8968
3.355643050220869  7856
3.355834495884936  9756
3.3560258571931225  9290
3.3562171342197353  9254
3.3564083270389813  10063
3.356599435724971  9669
3.356790460351716  9438
3.3569814009931314  8772
3.3571722577230334  9087
3.3573630306151427  8702
3.3575537197430814  8618
3.3577443251803754  8464
3.357934847000454  10211
3.3581252852766488  10065
3.358315640082196  8535
3.3585059114902354  9068
3.3586960995738107  8765
3.358886204405869  8392
3.359076226059263  8697
3.3592661646067485  8768
3.3594560201209864  9250
3.359645792674543  8461
3.359835482339888  8628
3.3600250891893975  8554
3.3602146132953523  9450
3.3604040547299387  8456
3.360593413565249  9996
3.36078268987328  8828
3.3609718837259357  9262
3.361160995195026  8747
3.3613500243522663  8876
3.361538971269279  9018
3.361727836017593  9220
3.3619166186686433  8115
3.362105319293773  9541
3.362293937964231  9167
3.3624824747511743  8229
3.362670929725667  8408
3.36285930295868  9247
3.3630475945210936  8496
3.363235804483694  9811
3.3634239329171765  9701
3.3636119798921444  9510
3.3637999454791094  8797
3.3639878297484915  9801
3.3641756327706194  8090
3.3643633546157306  8704
3.364550995353972  8520
3.3647385550553985  9028
3.364926033789976  9687
3.3651134316275773  8740
3.3653007486379876  8729
3.3654879848909  8293
3.3656751404559175  9138
3.365862215402555  8458
3.3660492098002353  9481
3.366236123718293  8714
3.3664229572259727  8906
3.3666097103924297  9706
3.36679638328673  9416
3.3669829759778507  8596
3.367169488534681  8993
3.367355921026019  8972
3.3675422735205767  9000
3.3677285460869766  9226
3.3679147387937527  9422
3.3681008517093516  9794
3.368286884902131  8846
3.3684728384403617  7899
3.368658712392227  8873
3.3688445068258215  8732
3.3690302218091532  8101
3.369215857410143  8650
3.3694014136966244  8120
3.369586890736344  9405
3.369772288596963  8526
3.369957607346053  8898
3.370142847051102  8195
3.3703280077795106  8418
3.3705130895985924  8398
3.370698092575577  8427
3.370883016777606  9019
3.3710678622717363  8622
3.3712526291249394  8888
3.371437317404101  8766
3.3716219271760215  8280
3.371806458507416  8549
3.371990911464915  9003
3.372175286115064  9062
3.3723595825243238  8317
3.3725438007590705  8367
3.3727279408855955  8731
3.3729120029701067  8747
3.373095987078727  8849
3.373279893277496  8954
3.373463721632369  8296
3.3736474722092176  8983
3.3738311450738303  7897
3.3740147402919116  8738
3.374198257929083  8992
3.374381698050882  8304
3.374565060722765  8066
3.374748346010104  9188
3.3749315539781883  9104
3.375114684692225  8705
3.375297738217339  8264
3.3754807146185724  9543
3.3756636139608855  8070
3.375846436309156  7870
3.3760291817281805  8872
3.376211850282673  9367
3.3763944420372662  8428
3.376576957056512  9302
3.37675939540488  9257
3.3769417571467586  8388
3.377124042346456  9027
3.377306251068199  9351
3.3774883833761327  8529
3.377670439334323  7724
3.3778524190067545  9067
3.3780343224573315  8078
3.378216149749878  9044
3.3783979009481375  9023
3.378579576115775  8179
3.3787611753163733  9130
3.378942698613437  8294
3.379124146070392  8589
3.379305517750582  8605
3.3794868137172736  9005
3.379668034033654  8854
3.37984917876283  8298
3.380030247967831  8402
3.380211241711606  8567
3.3803921600570273  8218
3.3805730030668872  8464
3.3807537708039  8000
3.380934463330702  8264
3.3811150807098507  8461
3.381295623003826  8791
3.38147609027503  8941
3.381656482585787  8531
3.3818367999983434  9175
3.3820170425748683  8483
3.382197210377454  8439
3.3823773034681137  8867
3.3825573219087857  8274
3.3827372657613304  9096
3.382917135087531  8589
3.3830969299490943  8508
3.3832766504076504  8333
3.383456296524753  8712
3.3836358683618797  8683
3.383815365980431  8769
3.383994789441733  8235
3.3841741388070337  8228
3.384353414137506  8158
3.3845326154942486  8160
3.3847117429382823  8215
3.3848907965305544  7704
3.385069776331935  8326
3.38524868240322  8337
3.3854275148051305  7685
3.385606273598312  8400
3.3857849588433355  7876
3.385963570600697  7813
3.3861421089308186  8723
3.386320573894046  9470
3.386498965550653  8410
3.3866772839608377  8111
3.386855529184724  8609
3.387033701282363  7900
3.3872118003137306  8643
3.387389826338729  8327
3.387567779417189  8377
3.3877456596088638  8295
3.3879234669734366  9220
3.3881012015705165  8014
3.388278863459639  7994
3.3884564527002667  8288
3.388633969351789  8984
3.3888114134735234  7551
3.388988785124714  8581
3.3891660843645326  7981
3.389343311252078  7706
3.3895204658463776  8721
3.3896975482063856  8314
3.3898745583909853  7867
3.3900514964589874  8061
3.3902283624691303  8264
3.390405156480081  7667
3.390581878550435  7094
3.390758528738717  8482
3.3909351071033793  7336
3.3911116137028023  8877
3.3912880485952974  7975
3.3914644118391033  7846
3.3916407034923877  8061
3.391816923613249  8748
3.3919930722597127  7951
3.392169149489736  7648
3.392345155361204  8382
3.3925210899319325  7698
3.392696953259666  8426
3.3928727454020793  7831
3.3930484664167784  7457
3.3932241163612975  7398
3.393399695293102  8455
3.3935752032695876  7082
3.39375064034808  8105
3.3939260065858368  7813
3.3941013020400446  7160
3.3942765267678214  7649
3.3944516808262164  7637
3.394626764272209  7736
3.394801777162711  7773
3.394976719554564  7341
3.3951515915045425  7616
3.395326393069351  8256
3.395501124305626  7699
3.395675785269936  7930
3.3958503760187813  8087
3.3960248966085933  7607
3.3961993470957363  7478
3.3963737275365067  7377
3.396548037987132  7497
3.3967222785037734  7732
3.396896449142524  7380
3.397070549959409  7512
3.397244581010386  7184
3.397418542351348  8308
3.3975924340381165  7400
3.39776625612645  7630
3.3979400086720375  8131
3.3981136917305026  7132
3.398287305357401  7173
3.3984608496082234  7897
3.398634324538392  7220
3.3988077302032647  7879
3.398981066658131  7884
3.3991543339582164  8122
3.399327532158679  6951
3.3995006613146104  7362
3.399673721481038  7566
3.3998467127129226  8199
3.4000196350651586  7240
3.400192488592576  7085
3.400365273349939  7709
3.400537989391946  6903
3.400710636773231  7201
3.4008832155483626  7339
3.401055725771844  7879
3.401228167498113  7583
3.401400540781544  6991
3.401572845676446  7412
3.401745082237063  7594
3.4019172505175748  7436
3.402089350572097  7148
3.40226138245468  7404
3.402433346219312  7567
3.4026052419199146  7729
3.402777069610347  7354
3.4029488293444046  6786
3.403120521175818  7157
3.4032921451582543  6546
3.4034637013453173  6779
3.403635189790548  6829
3.4038066105474227  6954
3.403977963669355  6550
3.404149249209695  6976
3.404320467221731  7642
3.404491617758686  6666
3.4046627008737222  7153
3.404833716619938  6957
3.4050046650503694  6673
3.4051755462179893  6971
3.405346360175709  7007
3.4055171069763763  6296
3.4056877866727775  6688
3.4058583993176366  6546
3.406028944963615  7029
3.406199423663313  6652
3.4063698354692673  6324
3.406540180433955  6280
3.40671045860979  6112
3.4068806700491248  6287
3.40705081480425  6431
3.4072208929273966  7032
3.4073909044707316  7059
3.4075608494863627  6353
3.4077307280263356  6214
3.407900540142635  5564
3.4080702858871854  6159
3.4082399653118496  6440
3.40840957846843  5647
3.4085791254086675  6075
3.408748606184244  6124
3.4089180208467798  5961
3.409087369447835  6249
3.4092566520389096  6236
3.4094258686714434  6296
3.4095950193968156  6139
3.4097641042663462  6280
3.4099331233312946  5974
3.4101020766428607  6014
3.4102709642521845  5882
3.4104397862103464  5768
3.410608542568368  5522
3.41077723337721  6367
3.4109458586877746  6167
3.4111144185509046  5641
3.4112829130173843  5959
3.4114513421379375  5465
3.41161970596323  5639
3.411788004543869  5406
3.4119562379304016  5829
3.412124406173317  5495
3.4122925093230463  5868
3.412460547429961  5366
3.4126285205443754  5629
3.4127964287165433  4918
3.4129642719966626  4952
3.413132050434872  5056
3.413299764081252  5018
3.413467412985825  5381
3.413634997198556  5588
3.4138025167693513  5114
3.4139699717480614  5246
3.414137362184477  5207
3.4143046881283317  4858
3.4144719496293026  4978
3.414639146737009  4847
3.4148062795010126  5130
3.4149733479708178  5056
3.4151403521958725  5024
3.4153072922255676  4980
3.4154741681092355  5151
3.4156409798961542  4843
3.4158077276355434  4816
3.415974411376566  4527
3.416141031168329  4969
3.4163075870598827  4593
3.4164740791002206  4128
3.416640507338281  4493
3.4168068718229443  4521
3.4169731726030363  4695
3.4171394097273255  4450
3.4173055832445254  4160
3.417471693203293  4183
3.4176377396522297  4080
3.417803722639881  4100
3.417969642214737  4242
3.418135498425232  4203
3.4183012913197452  4166
3.4184670209466006  3744
3.4186326873540653  3820
3.4187982905903533  3633
3.4189638307036225  3960
3.4191293077419758  3858
3.4192947217534604  3729
3.4194600727860704  3853
3.419625360887743  3625
3.419790586106363  3891
3.419955748489758  3687
3.420120848085703  4048
3.4202858849419178  3172
3.4204508591060683  3233
3.420615770625765  3325
3.4207806195485655  3239
3.420945405921972  3351
3.4211101297934343  3289
3.4212747912103465  3204
3.4214393902200495  3107
3.4216039268698313  3426
3.421768401206924  3043
3.4219328132785085  2994
3.4220971631317103  3070
3.4222614508136027  2860
3.4224256763712044  3201
3.422589839851482  2855
3.422753941301348  2930
3.422917980767662  2554
3.423081958297231  2699
3.423245873936808  2537
3.4234097277330933  2705
3.4235735197327357  2779
3.423737249982329  2453
3.4239009185284166  2452
3.4240645254174877  2429
3.42422807069598  2265
3.4243915544102776  2349
3.4245549766067134  2390
3.424718337331567  2351
3.424881636631067  2074
3.425044874551389  2271
3.4252080511386565  2101
3.425371166438941  1984
3.4255342204982635  2011
3.425697213362591  1945
3.4258601450778405  1815
3.4260230156898763  1818
3.426185825244511  1824
3.4263485737875077  1937
3.4265112613645754  1873
3.426673888021373  1631
3.426836453803508  1670
3.426998958756537  1628
3.4271614029259654  1609
3.427323786357247  1561
3.4274861090957853  1435
3.4276483711869328  1638
3.42781057267599  1342
3.427972713608209  1461
3.428134794028789  1377
3.4282968139828798  1292
3.42845877351558  1231
3.428620672671939  1283
3.4287825114969546  1314
3.428944290035574  1296
3.4291060083326967  1100
3.4292676664331685  1116
3.429429264381788  1090
3.4295908022233017  1080
3.429752280002408  1097
3.4299136977637543  985
3.430075055551939  944
3.4302363534115106  1136
3.4303975913869666  932
3.4305587695227575  819
3.4307198878632823  938
3.4308809464528913  790
3.4310419453358856  856
3.431202884556517  792
3.4313637641589874  741
3.431524584187451  801
3.4316853446860116  711
3.4318460456987254  775
3.4320066872695985  687
3.4321672694425884  718
3.4323277922616042  579
3.4324882557705063  568
3.4326486600131068  633
3.4328090050331683  628
3.432969290874406  564
3.4331295175804857  487
3.433289685195026  611
3.433449793761596  519
3.433609843323718  454
3.433769833924866  460
3.433929765608464  445
3.4340896384178907  431
3.4342494523964757  433
3.4344092075875  386
3.4345689040341987  387
3.4347285417797577  363
3.434888120867316  334
3.4350476413399647  311
3.4352071032407476  320
3.4353665066126613  271
3.435525851498655  247
3.43568513794163  287
3.4358443659844413  245
3.4360035356698964  251
3.436162647040756  237
3.4363217001397333  274
3.436480695009495  283
3.436639631692661  210
3.4367985102318035  220
3.4369573306694496  182
3.4371160930480786  217
3.4372747974101237  158
3.437433443797971  199
3.4375920322539613  164
3.437750562820388  156
3.4379090355394983  124
3.438067450453494  157
3.4382258076045296  154
3.438384107034714  121
3.4385423487861106  150
3.4387005329007363  128
3.438858659420562  103
3.4390167283875126  115
3.4391747398434687  111
3.439332693830263  92
3.4394905903896835  70
3.4396484295634737  120
3.4398062113933303  66
3.439963935920905  80
3.4401216031878037  81
3.440279213235588  60
3.4404367661057735  72
3.440594261839831  56
3.4407517004791854  50
3.4409090820652177  56
3.4410664066392633  54
3.4412236742426123  43
3.4413808849165113  31
3.441538038702161  27
3.441695135640717  32
3.441852175773292  29
3.442009159140952  21
3.44216608578472  33
3.4423229557455746  34
3.4424797690644486  21
3.442636525782232  30
3.442793225939769  37
3.4429498695778618  19
3.443106456737266  34
3.443262987458695  21
3.4434194617828173  18
3.4435758797502576  15
3.4437322414015967  11
3.443888546777372  17
3.444044795918076  9
3.4442009888641594  5
3.4443571256560275  17
3.444513206334043  13
3.4446692309385245  10
3.4448251995097476  11
3.4449811120879446  10
3.445136968713304  8
3.4452927694259716  11
3.44544851426605  2
3.4456042032735974  4
3.445759836488631  7
3.4459154139511234  4
3.446070935701005  3
3.446226401778163  4
3.446381812222442  4
3.446537167073644  2
3.446847710155809  1
3.4470028984661623  4
3.4471580313422194  1
3.4473131088235682  1
3.4474681309497557  1
3.447623097760286  1
3.448242412634439  1
3.44870631990508  1
3.4488608456074408  3
3.4496326504700745  1
3.4497868469857735  1
3.4499409887733377  1
