0.3010299956639812  1253
0.47712125471966244  1271
0.6020599913279624  1295
0.6989700043360189  1335
0.7781512503836436  1264
0.8450980400142568  1284
0.9030899869919435  1292
0.9542425094393249  1268
1.0  1300
1.0413926851582251  1260
1.0791812460476249  1314
1.1139433523068367  1301
1.146128035678238  1252
1.1760912590556813  1262
1.2041199826559248  1303
1.2304489213782739  1266
1.255272505103306  1271
1.2787536009528289  1284
1.3010299956639813  1259
1.3222192947339193  1253
1.3424226808222062  1275
1.3617278360175928  1281
1.380211241711606  1235
1.3979400086720377  1268
1.414973347970818  1262
1.4313637641589874  1252
1.4471580313422192  1253
1.462397997898956  1242
1.4771212547196624  1243
1.4913616938342726  1275
1.505149978319906  1270
1.5185139398778875  1264
1.5314789170422551  1314
1.5440680443502757  1251
1.5563025007672873  1243
1.568201724066995  1226
1.5797835966168101  1240
1.591064607026499  1248
1.6020599913279623  1255
1.6127838567197355  1239
1.6232492903979006  1272
1.6334684555795864  1283
1.6434526764861874  1257
1.6532125137753437  1263
1.662757831681574  1234
1.6720978579357175  1246
1.6812412373755872  1259
1.6901960800285136  1280
1.6989700043360187  1257
1.7075701760979363  1249
1.7160033436347992  1233
1.724275869600789  1290
1.7323937598229686  1252
1.7403626894942439  1276
1.7481880270062005  1234
1.7558748556724915  1305
1.7634279935629373  1249
1.7708520116421442  1301
1.7781512503836436  1270
1.7853298350107671  1242
1.792391689498254  1229
1.7993405494535817  1249
1.806179973983887  1217
1.8129133566428555  1271
1.8195439355418688  1284
1.8260748027008264  1238
1.8325089127062364  1258
1.8388490907372552  1275
1.845098040014257  1304
1.8512583487190752  1273
1.8573324964312685  1289
1.863322860120456  1265
1.8692317197309762  1242
1.8750612633917  1245
1.8808135922807914  1267
1.8864907251724818  1233
1.8920946026904804  1248
1.8976270912904414  1285
1.9030899869919435  1275
1.9084850188786497  1202
1.9138138523837167  1288
1.919078092376074  1232
1.9242792860618816  1275
1.9294189257142926  1209
1.9344984512435677  1241
1.9395192526186185  1261
1.9444826721501687  1273
1.9493900066449128  1319
1.954242509439325  1236
1.9590413923210936  1268
1.9637878273455553  1240
1.968482948553935  1264
1.9731278535996986  1264
1.9777236052888478  1261
1.9822712330395684  1306
1.9867717342662448  1271
1.9912260756924949  1293
1.99563519459755  1263
2.0  1263
2.0043213737826426  1269
2.0086001717619175  1240
2.012837224705172  1226
2.0170333392987803  1275
2.0211892990699383  1268
2.0253058652647704  1250
2.0293837776852097  1244
2.03342375548695  1277
2.037426497940624  1253
2.041392685158225  1306
2.0453229787866576  1262
2.0492180226701815  1269
2.0530784434834195  1265
2.0569048513364727  1247
2.060697840353612  1260
2.0644579892269186  1284
2.0681858617461617  1294
2.0718820073061255  1256
2.0755469613925306  1290
2.0791812460476247  1268
2.0827853703164503  1308
2.0863598306747484  1219
2.089905111439398  1256
2.093421685162235  1257
2.0969100130080562  1260
2.100370545117563  1295
2.103803720955957  1251
2.1072099696478683  1243
2.110589710299249  1301
2.113943352306837  1268
2.1172712956557644  1279
2.12057393120585  1236
2.123851640967086  1260
2.1271047983648077  1292
2.130333768495006  1241
2.1335389083702174  1231
2.1367205671564067  1214
2.1398790864012365  1258
2.143014800254095  1275
2.146128035678238  1248
2.1492191126553797  1236
2.1522883443830563  1254
2.155336037465062  1279
2.1583624920952498  1287
2.161368002234975  1268
2.164352855784437  1250
2.167317334748176  1248
2.1702617153949575  1273
2.173186268412274  1282
2.1760912590556813  1251
2.1789769472931693  1277
2.1818435879447726  1271
2.184691430817599  1267
2.187520720836463  1273
2.1903316981702914  1230
2.1931245983544616  1294
2.1958996524092336  1258
2.1986570869544226  1250
2.2013971243204513  1276
2.2041199826559246  1249
2.2068258760318495  1262
2.2095150145426308  1231
2.2121876044039577  1271
2.214843848047698  1278
2.2174839442139063  1242
2.220108088040055  1245
2.2227164711475833  1234
2.225309281725863  1260
2.2278867046136734  1257
2.230448921378274  1271
2.2329961103921536  1236
2.2355284469075487  1255
2.2380461031287955  1258
2.2405492482826  1265
2.2430380486862944  1256
2.24551266781415  1273
2.247973266361807  1258
2.250420002308894  1238
2.2528530309798933  1281
2.255272505103306  1247
2.2576785748691846  1251
2.2600713879850747  1270
2.2624510897304293  1272
2.2648178230095364  1284
2.2671717284030137  1244
2.2695129442179165  1252
2.271841606536499  1274
2.27415784926368  1256
2.2764618041732443  1260
2.278753600952829  1279
2.2810333672477277  1238
2.2833012287035497  1280
2.285557309007774  1248
2.287801729930226  1245
2.290034611362518  1251
2.292256071356476  1294
2.294466226161593  1288
2.296665190261531  1273
2.298853076409707  1215
2.3010299956639813  1269
2.303196057420489  1243
2.305351369446624  1245
2.307496037913213  1283
2.3096301674258988  1252
2.311753861055754  1276
2.3138672203691533  1255
2.315970345456918  1252
2.3180633349627615  1270
2.3201462861110542  1269
2.322219294733919  1245
2.3242824552976926  1261
2.326335860928751  1247
2.3283796034387376  1237
2.330413773349191  1258
2.3324384599156054  1267
2.3344537511509307  1263
2.3364597338485296  1249
2.3384564936046046  1262
2.3404441148401185  1280
2.342422680822206  1259
2.3443922736851106  1252
2.346352974450639  1253
2.3483048630481607  1246
2.3502480183341627  1277
2.3521825181113627  1249
2.3541084391474008  1254
2.3560258571931225  1291
2.357934847000454  1283
2.359835482339888  1253
2.361727836017593  1258
2.3636119798921444  1237
2.3654879848909  1257
2.367355921026019  1255
2.369215857410143  1253
2.3710678622717363  1305
2.3729120029701067  1265
2.374748346010104  1285
2.376576957056512  1224
2.3783979009481375  1264
2.380211241711606  1247
2.3820170425748683  1287
2.383815365980431  1236
2.385606273598312  1239
2.387389826338729  1236
2.3891660843645326  1250
2.3909351071033793  1264
2.392696953259666  1269
2.3944516808262164  1236
2.3961993470957363  1308
2.3979400086720375  1285
2.399673721481038  1251
2.401400540781544  1265
2.403120521175818  1253
2.404833716619938  1227
2.406540180433955  1272
2.4082399653118496  1232
2.4099331233312946  1248
2.41161970596323  1275
2.413299764081252  1241
2.4149733479708178  1288
2.416640507338281  1261
2.4183012913197452  1262
2.419955748489758  1253
2.4216039268698313  1252
2.423245873936808  1265
2.424881636631067  1234
2.4265112613645754  1268
2.428134794028789  1269
2.429752280002408  1256
2.4313637641589874  1249
2.432969290874406  1253
2.4345689040341987  1273
2.436162647040756  1256
2.437750562820388  1263
2.439332693830263  1248
2.4409090820652177  1255
2.4424797690644486  1259
2.444044795918076  1218
2.4456042032735974  1250
2.4471580313422194  1261
2.44870631990508  1256
2.450249108319361  1225
2.45178643552429  1253
2.4533183400470375  1252
2.45484486000851  1299
2.456366033129043  1250
2.4578818967339924  1260
2.459392487759231  1248
2.4608978427565478  1310
2.462397997898956  1231
2.4638929889859074  1283
2.4653828514484184  1240
2.4668676203541096  1249
2.4683473304121573  1241
2.469822015978163  1246
2.4712917110589387  1232
2.4727564493172123  1247
2.4742162640762553  1280
2.4756711883244296  1248
2.4771212547196626  1295
2.4785664955938436  1271
2.4800069429571505  1262
2.481442628502305  1304
2.482873583608754  1247
2.484299839346786  1230
2.48572142648158  1257
2.4871383754771865  1241
2.4885507165004443  1249
2.4899584794248346  1242
2.4913616938342726  1267
2.4927603890268375  1298
2.494154594018443  1264
2.4955443375464483  1265
2.496929648073215  1265
2.4983105537896004  1224
2.499687082618404  1245
2.5010592622177517  1248
2.5024271199844326  1282
2.503790683057181  1311
2.505149978319906  1244
2.506505032404872  1260
2.507855871695831  1277
2.509202522331103  1235
2.510545010206612  1268
2.5118833609788744  1240
2.513217600067939  1255
2.514547752660286  1289
2.515873843711679  1268
2.5171958979499744  1265
2.5185139398778875  1286
2.519827993775719  1211
2.5211380837040362  1216
2.5224442335063197  1259
2.5237464668115646  1248
2.525044807036845  1252
2.526339277389844  1268
2.5276299008713385  1226
2.5289167002776547  1254
2.530199698203082  1254
2.531478917042255  1208
2.5327543789924976  1266
2.534026106056135  1228
2.5352941200427703  1217
2.53655844257153  1247
2.537819095073274  1282
2.5390760987927767  1267
2.5403294747908736  1248
2.5415792439465807  1279
2.5428254269591797  1255
2.5440680443502757  1235
2.545307116465824  1239
2.546542663478131  1267
2.5477747053878224  1277
2.5490032620257876  1272
2.550228353055094  1256
2.5514499979728753  1214
2.552668216112193  1238
2.5538830266438746  1238
2.5550944485783194  1259
2.5563025007672873  1244
2.5575072019056577  1246
2.558708570533166  1238
2.5599066250361124  1263
2.561101383649056  1253
2.5622928644564746  1240
2.5634810853944106  1264
2.5646660642520893  1216
2.5658478186735176  1228
2.56702636615906  1246
2.568201724066995  1276
2.569373909615046  1227
2.5705429398818973  1239
2.571708831808688  1258
2.5728716022004803  1272
2.574031267727719  1297
2.575187844927661  1238
2.576341350205793  1236
2.5774917998372255  1264
2.578639209968072  1257
2.57978359661681  1286
2.5809249756756194  1279
2.582063362911709  1240
2.583198773968623  1292
2.584331224367531  1273
2.5854607295085006  1313
2.586587304671755  1254
2.5877109650189114  1301
2.5888317255942073  1258
2.5899496013257077  1234
2.591064607026499  1265
2.5921767573958667  1243
2.593286067020457  1254
2.5943925503754266  1249
2.595496221825574  1276
2.59659709562646  1247
2.597695185925512  1269
2.598790506763115  1265
2.5998830720736876  1236
2.6009728956867484  1280
2.6020599913279625  1269
2.603144372620182  1268
2.60422605308447  1284
2.6053050461411096  1308
2.606381365110605  1268
2.6074550232146687  1261
2.6085260335771943  1283
2.60959440922522  1259
2.61066016308988  1250
2.611723308007342  1256
2.6127838567197355  1252
2.6138418218760693  1251
2.6148972160331345  1236
2.615950051656401  1340
2.617000341120899  1261
2.6180480967120925  1276
2.6190933306267428  1283
2.6201360549737576  1234
2.621176281775035  1274
2.622214022966295  1272
2.6232492903979003  1299
2.6242820958356683  1247
2.625312450961674  1252
2.6263403673750423  1301
2.6273658565927325  1252
2.6283889300503116  1233
2.629409599102719  1282
2.630427875025024  1280
2.6314437690131722  1207
2.6324572921847245  1247
2.6334684555795866  1247
2.6344772701607315  1248
2.635483746814912  1273
2.6364878963533656  1259
2.637489729512511  1242
2.6384892569546374  1264
2.639486489268586  1261
2.640481436970422  1268
2.6414741105040997  1225
2.6424645202421213  1295
2.6434526764861874  1229
2.6444385894678386  1272
2.645422269349092  1265
2.6464037262230695  1264
2.6473829701146196  1253
2.6483600109809315  1258
2.649334858712142  1287
2.6503075231319366  1241
2.651278013998144  1245
2.6522463410033232  1218
2.6532125137753435  1255
2.6541765418779604  1247
2.655138434811382  1261
2.656098202012832  1276
2.6570558528571038  1262
2.6580113966571126  1261
2.658964842664435  1257
2.6599162000698504  1281
2.660865478003869  1261
2.661812685537261  1243
2.662757831681574  1295
2.663700925389648  1242
2.6646419755561257  1284
2.6655809910179533  1245
2.6665179805548807  1268
2.667452952889954  1250
2.66838591669  1263
2.6693168805661123  1306
2.670245853074124  1257
2.6711728427150834  1268
2.6720978579357175  1229
2.673020907128896  1233
2.673941998634088  1264
2.6748611407378116  1281
2.6757783416740852  1252
2.6766936096248664  1263
2.677606952720493  1211
2.678518379040114  1310
2.6794278966121188  1263
2.680335513414563  1275
2.681241237375587  1265
2.682145076373832  1239
2.6830470382388496  1269
2.683947130751512  1247
2.6848453616444123  1286
2.6857417386022635  1298
2.6866362692622934  1238
2.6875289612146345  1257
2.6884198220027105  1304
2.6893088591236203  1253
2.690196080028514  1238
2.6910814921229687  1308
2.69196510276736  1233
2.69284691927723  1258
2.693726948923647  1242
2.694605198933569  1231
2.6954816764901977  1275
2.696356388733332  1306
2.6972293427597176  1249
2.6981005456233897  1298
2.6989700043360187  1232
2.699837725867246  1243
2.7007037171450192  1246
2.7015679850559273  1262
2.7024305364455254  1288
2.7032913781186614  1264
2.7041505168397992  1291
2.705007959333336  1242
2.7058637122839193  1261
2.7067177823367587  1232
2.7075701760979363  1277
2.708420900134713  1275
2.709269960975831  1257
2.7101173651118162  1248
2.710963118995276  1249
2.711807229041191  1279
2.7126497016272113  1261
2.7134905430939424  1277
2.714329759745233  1299
2.7151673578484576  1284
2.716003343634799  1249
2.7168377232995247  1237
2.717670503002262  1243
2.718501688867274  1261
2.7193312869837265  1264
2.720159303405957  1264
2.7209857441537393  1275
2.7218106152125467  1273
2.722633922533812  1264
2.7234556720351857  1287
2.724275869600789  1243
2.725094521081469  1266
2.7259116322950483  1258
2.7267272090265724  1256
2.727541257028556  1246
2.7283537820212285  1286
2.72916478969277  1299
2.7299742856995555  1271
2.7307822756663893  1243
2.7315887651867388  1231
2.7323937598229686  1235
2.7331972651065692  1242
2.733999286538387  1272
2.734799829588847  1281
2.73559889969818  1285
2.7363965022766426  1283
2.7371926427047373  1283
2.737987326333431  1275
2.738780558484369  1223
2.739572344450092  1288
2.7403626894942437  1240
2.741151598851785  1258
2.741939077729199  1268
2.7427251313046983  1284
2.74350976472843  1282
2.7442929831226763  1269
2.7450747915820575  1225
2.745855195173729  1263
2.7466341989375787  1313
2.747411807886423  1259
2.7481880270062002  1266
2.7489628612561616  1234
2.749736315569061  1253
2.7505083948513462  1258
2.751279103983342  1254
2.7520484478194387  1235
2.7528164311882715  1266
2.7535830588929064  1224
2.754348335711019  1265
2.7551122663950713  1253
2.7558748556724915  1284
2.756636108245848  1232
2.7573960287930244  1255
2.75815462196739  1263
2.7589118923979736  1247
2.7596678446896306  1257
2.760422483423212  1312
2.7611758131557314  1272
2.761927838420529  1214
2.762678563727436  1247
2.7634279935629373  1239
2.7641761323903307  1257
2.7649229846498886  1263
2.765668554759014  1294
2.7664128471123997  1263
2.7671558660821804  1261
2.767897616018091  1219
2.7686381012476144  1290
2.7693773260761385  1233
2.7701152947871015  1217
2.7708520116421442  1244
2.7715874808812555  1246
2.77232170672292  1262
2.7730546933642626  1262
2.7737864449811935  1257
2.7745169657285498  1229
2.7752462597402365  1272
2.775974331129369  1257
2.776701183988411  1255
2.7774268223893115  1266
2.7781512503836434  1258
2.7788744720027396  1244
2.7795964912578244  1242
2.780317312140151  1240
2.7810369386211318  1262
2.781755374652469  1260
2.782472624166286  1243
2.7831886910752575  1251
2.783903579272735  1273
2.784617292632875  1280
2.785329835010767  1231
2.786041210242554  1261
2.7867514221455614  1285
2.787460474518415  1258
2.788168371141168  1298
2.788875115775417  1285
2.7895807121644256  1278
2.7902851640332416  1243
2.790988475088816  1267
2.791690649020118  1261
2.792391689498254  1289
2.79309160017658  1252
2.7937903846908188  1258
2.7944880466591697  1257
2.795184589682424  1271
2.7958800173440754  1242
2.7965743332104296  1227
2.7972675408307164  1210
2.797959643737196  1240
2.798650645445269  1246
2.7993405494535817  1265
2.8000293592441343  1281
2.800717078282385  1253
2.801403710017355  1249
2.802089257881733  1282
2.8027737252919755  1275
2.803457115648414  1278
2.8041394323353503  1216
2.8048206787211623  1267
2.8055008581584002  1254
2.806179973983887  1277
2.8068580295188172  1272
2.807535028068853  1256
2.808210972924222  1256
2.808885867359812  1275
2.8095597146352675  1242
2.8102325179950842  1263
2.8109042806687006  1265
2.8115750058705933  1243
2.812244696800369  1274
2.8129133566428557  1270
2.813580988568192  1256
2.81424759573192  1235
2.814913181275074  1250
2.815577748324267  1284
2.816241299991783  1253
2.8169038393756605  1286
2.8175653695597807  1257
2.8182258936139557  1262
2.8188854145940097  1239
2.8195439355418688  1250
2.82020145948564  1275
2.8208579894397  1266
2.821513528404773  1274
2.8221680793680175  1300
2.8228216453031045  1211
2.823474229170301  1256
2.824125833916549  1241
2.824776462475546  1245
2.8254261177678233  1239
2.8260748027008264  1240
2.826722520168992  1271
2.8273692730538253  1229
2.828015064223977  1265
2.82865989653532  1245
2.829303772831025  1270
2.829946695941636  1262
2.8305886686851442  1284
2.8312296938670634  1293
2.8318697742805017  1311
2.832508912706236  1264
2.833147111912785  1267
2.833784374656479  1292
2.8344207036815328  1229
2.835056101720116  1251
2.8356905714924254  1283
2.8363241157067516  1233
2.8369567370595505  1296
2.837588438235511  1271
2.8382192219076257  1262
2.838849090737255  1239
2.8394780473741985  1234
2.840106094456758  1221
2.8407332346118066  1246
2.841359470454855  1250
2.8419848045901137  1236
2.842609239610562  1258
2.8432327780980096  1279
2.843855422623161  1256
2.8444771757456815  1243
2.845098040014257  1261
2.8457180179666586  1273
2.846337112129805  1278
2.846955325019824  1219
2.847572659142112  1271
2.848189116991399  1281
2.8488047010518036  1283
2.8494194137968996  1218
2.850033257689769  1242
2.8506462351830666  1244
2.8512583487190755  1270
2.851869600729766  1263
2.8524799936368566  1271
2.8530895298518657  1228
2.8536982117761744  1244
2.8543060418010806  1255
2.8549130223078554  1306
2.8555191556678  1242
2.8561244442423  1270
2.8567288903828825  1252
2.8573324964312685  1246
2.857935264719429  1210
2.858537197569639  1289
2.859138297294531  1269
2.859738566197147  1238
2.8603380065709936  1279
2.8609366207000937  1273
2.8615344108590377  1283
2.862131379313037  1272
2.8627275283179747  1236
2.863322860120456  1248
2.8639173769578603  1249
2.864511081058392  1287
2.8651039746411278  1249
2.8656960599160706  1245
2.8662873390841948  1253
2.866877814337499  1263
2.8674674878590514  1278
2.8680563618230415  1292
2.8686444383948255  1286
2.8692317197309762  1235
2.869818207979328  1243
2.870403905279027  1282
2.8709888137605755  1294
2.8715729355458786  1281
2.8721562727482928  1235
2.8727388274726686  1262
2.873320601815399  1238
2.8739015978644615  1237
2.8744818176994666  1224
2.8750612633917  1227
2.8756399370041685  1247
2.876217840591642  1289
2.8767949762007006  1260
2.877371345869774  1253
2.8779469516291885  1246
2.8785217955012063  1234
2.8790958795000727  1262
2.8796692056320534  1277
2.88024177589548  1253
2.8808135922807914  1226
2.8813846567705728  1256
2.8819549713396007  1259
2.8825245379548803  1249
2.8830933585756897  1248
2.8836614351536176  1219
2.884228769632604  1261
2.884795363948981  1248
2.885361220031512  1298
2.885926339801431  1227
2.886490725172482  1253
2.8870543780509568  1291
2.887617300335736  1247
2.888179493918325  1253
2.8887409606828927  1266
2.88930170250631  1281
2.8898617212581885  1243
2.890421018800914  1272
2.890979596989689  1233
2.8915374576725643  1258
2.8920946026904804  1266
2.8926510338773004  1235
2.893206753059848  1257
2.8937617620579434  1286
2.8943160626844384  1264
2.8948696567452528  1257
2.895422546039408  1241
2.8959747323590648  1267
2.8965262174895554  1267
2.89707700320942  1261
2.8976270912904414  1227
2.8981764834976764  1272
2.8987251815894934  1274
2.8992731873176036  1258
2.8998205024270964  1222
2.9003671286564705  1307
2.900913067737669  1275
2.9014583213961123  1271
2.9020028913507296  1261
2.902546779313991  1250
2.9030899869919438  1243
2.9036325160842376  1243
2.9041743682841634  1222
2.904715545278681  1279
2.905256048748451  1243
2.9057958803678687  1275
2.906335041805091  1256
2.90687353472207  1230
2.907411360774586  1233
2.9079485216122722  1230
2.90848501887865  1248
2.909020854211156  1293
2.9095560292411755  1265
2.910090545594068  1276
2.910624404889201  1243
2.9111576087399764  1283
2.9116901587538613  1256
2.9122220565324155  1216
2.912753303671323  1235
2.9132839017604186  1259
2.9138138523837167  1228
2.9143431571194407  1276
2.9148718175400505  1231
2.91539983521227  1274
2.9159272116971158  1214
2.916453948549925  1257
2.9169800473203824  1257
2.9175055095525466  1214
2.9180303367848803  1212
2.9185545305502734  1215
2.9190780923760737  1254
2.919601023784111  1219
2.920123326290724  1181
2.9206450014067875  1182
2.921166050637739  1182
2.921686475483602  1164
2.9222062774390163  1204
2.92272545799326  1170
2.9232440186302764  1175
2.9237619608287004  1175
2.9242792860618816  1146
2.924795995797912  1123
2.9253120914996495  1140
2.9258275746247424  1110
2.926342446625655  1115
2.926856708949692  1094
2.9273703630390235  1103
2.9278834103307068  1073
2.9283958522567137  1074
2.928907690243953  1044
2.929418925714293  1034
2.929929560084588  997
2.9304395947667  1030
2.930949031167523  1017
2.931457870689005  969
2.931966114728173  942
2.932473764677153  950
2.932980821923198  929
2.9334872878487053  924
2.9339931638312424  898
2.934498451243568  889
2.935003151453655  854
2.9355072658247128  855
2.9360107957152097  830
2.936513742478893  812
2.9370161074648142  816
2.937517892017347  761
2.9380190974762104  763
2.938519725176492  706
2.9390197764486663  698
2.9395192526186187  674
2.9400181550076634  679
2.940516484932567  618
2.9410142437055695  608
2.941511432634403  590
2.942008053022313  562
2.9425041061680806  574
2.9429995933660407  533
2.9434945159061026  525
2.9439888750737717  483
2.9444826721501687  460
2.9449759084120477  471
2.94546858513182  446
2.9459607035775686  418
2.946452265013073  380
2.9469432706978256  373
2.9474337218870508  348
2.9479236198317262  339
2.948412965778601  334
2.9489017609702137  304
2.949390006644913  278
2.949877704036875  281
2.950364854376123  248
2.9508514588885464  242
2.951337518795918  229
2.951823035315912  222
2.9523080096621253  216
2.952792443044092  191
2.9532763366673045  177
2.9537596917332287  168
2.9542425094393248  161
2.954724790979063  150
2.9552065375419416  139
2.9556877503135057  119
2.9561684304753633  125
2.9566485792052033  113
2.957128197676813  99
2.957607287060095  103
2.958085848521085  87
2.9585638832219674  88
2.9590413923210934  77
2.9595183769729982  68
2.959994838328416  59
2.960470777534299  62
2.960946195733831  60
2.9614210940664485  46
2.9618954736678504  49
2.962369335670021  44
2.9628426812012423  38
2.9633155113861114  39
2.963787827345555  37
2.964259630196849  30
2.9647309210536292  30
2.965201701025912  27
2.9656719712201065  22
2.9661417327390325  17
2.966610986681934  19
2.967079734144497  18
2.967547976218862  12
2.968015713993642  11
2.9684829485539352  11
2.9689496809813427  11
2.9694159123539814  9
2.9698816437465  7
2.9703468762300935  10
2.9708116108725178  9
2.971275848738105  8
2.971739590887778  6
2.9722028383790646  5
2.972665592266111  3
2.9731278535996988  3
2.973589623427257  3
2.9740509027928774  3
2.9745116927373285  2
2.974971994298069  2
2.975431808509263  1
2.975891136401793  2
2.9763499790032735  1
