0.3010299956639812  14702
0.47712125471966244  14500
0.6020599913279624  13885
0.6989700043360189  14313
0.7781512503836436  14831
0.8450980400142568  13707
0.9030899869919435  13753
0.9542425094393249  14666
1.0  13220
1.0413926851582251  14516
1.0791812460476249  13131
1.1139433523068367  13939
1.146128035678238  14512
1.1760912590556813  13661
1.2041199826559248  15238
1.2304489213782739  15400
1.255272505103306  14224
1.2787536009528289  13878
1.3010299956639813  14610
1.3222192947339193  14372
1.3424226808222062  14064
1.3617278360175928  13978
1.380211241711606  14326
1.3979400086720377  13998
1.414973347970818  14095
1.4313637641589874  14384
1.4471580313422192  14030
1.462397997898956  13699
1.4771212547196624  13656
1.4913616938342726  14077
1.505149978319906  13821
1.5185139398778875  12917
1.5314789170422551  13242
1.5440680443502757  12520
1.5563025007672873  11679
1.568201724066995  10709
1.5797835966168101  9441
1.591064607026499  8758
1.6020599913279623  8222
1.6127838567197355  7298
1.6232492903979006  7335
1.6334684555795864  7034
1.6434526764861874  7154
1.6532125137753437  6865
1.662757831681574  7041
1.6720978579357175  7999
1.6812412373755872  7066
1.6901960800285136  7335
1.6989700043360187  7024
1.7075701760979363  7619
1.7160033436347992  6608
1.724275869600789  7584
1.7323937598229686  6588
1.7403626894942439  6599
1.7481880270062005  7356
1.7558748556724915  6992
1.7634279935629373  6671
1.7708520116421442  7078
1.7781512503836436  7574
1.7853298350107671  7453
1.792391689498254  6950
1.7993405494535817  7187
1.806179973983887  7432
1.8129133566428555  7055
1.8195439355418688  7040
1.8260748027008264  7284
1.8325089127062364  7651
1.8388490907372552  6884
1.845098040014257  7085
1.8512583487190752  6990
1.8573324964312685  7226
1.863322860120456  6938
1.8692317197309762  6725
1.8750612633917  6888
1.8808135922807914  6932
1.8864907251724818  7526
1.8920946026904804  7206
1.8976270912904414  6321
1.9030899869919435  7490
1.9084850188786497  6821
1.9138138523837167  6727
1.919078092376074  7296
1.9242792860618816  7499
1.9294189257142926  6848
1.9344984512435677  6760
1.9395192526186185  6724
1.9444826721501687  7001
1.9493900066449128  6814
1.954242509439325  7000
1.9590413923210936  7222
1.9637878273455553  7110
1.968482948553935  7132
1.9731278535996986  7482
1.9777236052888478  7162
1.9822712330395684  7545
1.9867717342662448  6709
1.9912260756924949  7339
1.99563519459755  6845
2.0  6972
2.0043213737826426  7805
2.0086001717619175  6770
2.012837224705172  7250
2.0170333392987803  6971
2.0211892990699383  7658
2.0253058652647704  7000
2.0293837776852097  7593
2.03342375548695  6808
2.037426497940624  6862
2.041392685158225  6912
2.0453229787866576  6649
2.0492180226701815  6925
2.0530784434834195  7339
2.0569048513364727  7010
2.060697840353612  6879
2.0644579892269186  7331
2.0681858617461617  7446
2.0718820073061255  6908
2.0755469613925306  7339
2.0791812460476247  6807
2.0827853703164503  6439
2.0863598306747484  7379
2.089905111439398  6947
2.093421685162235  7027
2.0969100130080562  7027
2.100370545117563  6965
2.103803720955957  7175
2.1072099696478683  7215
2.110589710299249  6554
2.113943352306837  7243
2.1172712956557644  7106
2.12057393120585  7145
2.123851640967086  6830
2.1271047983648077  6955
2.130333768495006  6758
2.1335389083702174  7249
2.1367205671564067  6716
2.1398790864012365  7002
2.143014800254095  7138
2.146128035678238  7078
2.1492191126553797  6711
2.1522883443830563  6555
2.155336037465062  7113
2.1583624920952498  6695
2.161368002234975  7441
2.164352855784437  7434
2.167317334748176  7545
2.1702617153949575  7116
2.173186268412274  7179
2.1760912590556813  6718
2.1789769472931693  6952
2.1818435879447726  6863
2.184691430817599  6738
2.187520720836463  6896
2.1903316981702914  7455
2.1931245983544616  7414
2.1958996524092336  6491
2.1986570869544226  7504
2.2013971243204513  6591
2.2041199826559246  6732
2.2068258760318495  7081
2.2095150145426308  6715
2.2121876044039577  7514
2.214843848047698  7611
2.2174839442139063  7147
2.220108088040055  6989
2.2227164711475833  6957
2.225309281725863  7383
2.2278867046136734  7420
2.230448921378274  7183
2.2329961103921536  7060
2.2355284469075487  7211
2.2380461031287955  6760
2.2405492482826  7451
2.2430380486862944  7441
2.24551266781415  6965
2.247973266361807  7030
2.250420002308894  6994
2.2528530309798933  7218
2.255272505103306  6987
2.2576785748691846  6684
2.2600713879850747  6712
2.2624510897304293  6410
2.2648178230095364  7169
2.2671717284030137  6928
2.2695129442179165  6723
2.271841606536499  6988
2.27415784926368  7239
2.2764618041732443  6271
2.278753600952829  7533
2.2810333672477277  6985
2.2833012287035497  7396
2.285557309007774  7237
2.287801729930226  7225
2.290034611362518  7795
2.292256071356476  7361
2.294466226161593  6812
2.296665190261531  6894
2.298853076409707  7547
2.3010299956639813  7063
2.303196057420489  7055
2.305351369446624  6493
2.307496037913213  7580
2.3096301674258988  7678
2.311753861055754  6542
2.3138672203691533  7388
2.315970345456918  6857
2.3180633349627615  7310
2.3201462861110542  7030
2.322219294733919  7023
2.3242824552976926  7625
2.326335860928751  6900
2.3283796034387376  6467
2.330413773349191  7790
2.3324384599156054  7400
2.3344537511509307  7435
2.3364597338485296  7269
2.3384564936046046  6918
2.3404441148401185  6900
2.342422680822206  7324
2.3443922736851106  6771
2.346352974450639  6598
2.3483048630481607  6838
2.3502480183341627  7029
2.3521825181113627  7189
2.3541084391474008  6899
2.3560258571931225  6611
2.357934847000454  6722
2.359835482339888  7191
2.361727836017593  7068
2.3636119798921444  7088
2.3654879848909  7918
2.367355921026019  7154
2.369215857410143  6889
2.3710678622717363  7527
2.3729120029701067  7532
2.374748346010104  6762
2.376576957056512  6691
2.3783979009481375  7044
2.380211241711606  7309
2.3820170425748683  7574
2.383815365980431  6989
2.385606273598312  6492
2.387389826338729  7658
2.3891660843645326  7166
2.3909351071033793  6977
2.392696953259666  6759
2.3944516808262164  7539
2.3961993470957363  6912
2.3979400086720375  6845
2.399673721481038  7256
2.401400540781544  7191
2.403120521175818  7154
2.404833716619938  7051
2.406540180433955  7176
2.4082399653118496  6771
2.4099331233312946  7317
2.41161970596323  7244
2.413299764081252  6755
2.4149733479708178  6941
2.416640507338281  7752
2.4183012913197452  7130
2.419955748489758  6624
2.4216039268698313  6833
2.423245873936808  6954
2.424881636631067  6813
2.4265112613645754  6969
2.428134794028789  6926
2.429752280002408  7245
2.4313637641589874  7184
2.432969290874406  7126
2.4345689040341987  7303
2.436162647040756  6780
2.437750562820388  6956
2.439332693830263  7797
2.4409090820652177  6396
2.4424797690644486  7049
2.444044795918076  6599
2.4456042032735974  7316
2.4471580313422194  7255
2.44870631990508  7180
2.450249108319361  6963
2.45178643552429  6885
2.4533183400470375  6548
2.45484486000851  6770
2.456366033129043  7013
2.4578818967339924  6831
2.459392487759231  7462
2.4608978427565478  7125
2.462397997898956  7184
2.4638929889859074  7522
2.4653828514484184  7587
2.4668676203541096  7114
2.4683473304121573  6427
2.469822015978163  6880
2.4712917110589387  7096
2.4727564493172123  7306
2.4742162640762553  7046
2.4756711883244296  7298
2.4771212547196626  7049
2.4785664955938436  7199
2.4800069429571505  7478
2.481442628502305  7442
2.482873583608754  7403
2.484299839346786  6632
2.48572142648158  6797
2.4871383754771865  7280
2.4885507165004443  7445
2.4899584794248346  6980
2.4913616938342726  7148
2.4927603890268375  7391
2.494154594018443  7049
2.4955443375464483  7242
2.496929648073215  7422
2.4983105537896004  6994
2.499687082618404  6989
2.5010592622177517  6995
2.5024271199844326  6996
2.503790683057181  7436
2.505149978319906  7449
2.506505032404872  6934
2.507855871695831  7232
2.509202522331103  6703
2.510545010206612  7070
2.5118833609788744  7253
2.513217600067939  7054
2.514547752660286  6958
2.515873843711679  6896
2.5171958979499744  6851
2.5185139398778875  7302
2.519827993775719  6881
2.5211380837040362  7314
2.5224442335063197  7034
2.5237464668115646  6944
2.525044807036845  7712
2.526339277389844  6921
2.5276299008713385  7603
2.5289167002776547  6916
2.530199698203082  6965
2.531478917042255  6750
2.5327543789924976  7270
2.534026106056135  6852
2.5352941200427703  6848
2.53655844257153  7521
2.537819095073274  6883
2.5390760987927767  6934
2.5403294747908736  6923
2.5415792439465807  7134
2.5428254269591797  7130
2.5440680443502757  7534
2.545307116465824  6876
2.546542663478131  6941
2.5477747053878224  6948
2.5490032620257876  7130
2.550228353055094  7549
2.5514499979728753  6962
2.552668216112193  7035
2.5538830266438746  6773
2.5550944485783194  7849
2.5563025007672873  6268
2.5575072019056577  7786
2.558708570533166  6567
2.5599066250361124  6687
2.561101383649056  7349
2.5622928644564746  6985
2.5634810853944106  7408
2.5646660642520893  7459
2.5658478186735176  7431
2.56702636615906  6937
2.568201724066995  6809
2.569373909615046  6965
2.5705429398818973  6886
2.571708831808688  7343
2.5728716022004803  7393
2.574031267727719  6794
2.575187844927661  7075
2.576341350205793  7299
2.5774917998372255  6554
2.578639209968072  6872
2.57978359661681  6961
2.5809249756756194  7222
2.582063362911709  6767
2.583198773968623  7314
2.584331224367531  7185
2.5854607295085006  7270
2.586587304671755  6783
2.5877109650189114  6850
2.5888317255942073  6732
2.5899496013257077  7283
2.591064607026499  7553
2.5921767573958667  6972
2.593286067020457  6778
2.5943925503754266  7553
2.595496221825574  7030
2.59659709562646  7490
2.597695185925512  6732
2.598790506763115  6678
2.5998830720736876  7797
2.6009728956867484  7511
2.6020599913279625  7243
2.603144372620182  6644
2.60422605308447  6846
2.6053050461411096  7020
2.606381365110605  7111
2.6074550232146687  6953
2.6085260335771943  6635
2.60959440922522  7279
2.61066016308988  7242
2.611723308007342  7618
2.6127838567197355  7258
2.6138418218760693  7139
2.6148972160331345  6480
2.615950051656401  7735
2.617000341120899  7329
2.6180480967120925  7200
2.6190933306267428  7280
2.6201360549737576  7490
2.621176281775035  7021
2.622214022966295  7310
2.6232492903979003  6689
2.6242820958356683  7491
2.625312450961674  6589
2.6263403673750423  6777
2.6273658565927325  6781
2.6283889300503116  6709
2.629409599102719  6810
2.630427875025024  7245
2.6314437690131722  6684
2.6324572921847245  6959
2.6334684555795866  6851
2.6344772701607315  7283
2.635483746814912  6797
2.6364878963533656  6893
2.637489729512511  6741
2.6384892569546374  7169
2.639486489268586  7159
2.640481436970422  6977
2.6414741105040997  7343
2.6424645202421213  7426
2.6434526764861874  6875
2.6444385894678386  7281
2.645422269349092  6813
2.6464037262230695  7431
2.6473829701146196  6861
2.6483600109809315  7659
2.649334858712142  7029
2.6503075231319366  7008
2.651278013998144  7391
2.6522463410033232  6882
2.6532125137753435  7155
2.6541765418779604  7072
2.655138434811382  7415
2.656098202012832  7016
2.6570558528571038  6642
2.6580113966571126  7123
2.658964842664435  6815
2.6599162000698504  7152
2.660865478003869  6950
2.661812685537261  6838
2.662757831681574  6688
2.663700925389648  7088
2.6646419755561257  7261
2.6655809910179533  7206
2.6665179805548807  7434
2.667452952889954  6987
2.66838591669  7342
2.6693168805661123  6953
2.670245853074124  7478
2.6711728427150834  7319
2.6720978579357175  6759
2.673020907128896  7268
2.673941998634088  6815
2.6748611407378116  7461
2.6757783416740852  6681
2.6766936096248664  7248
2.677606952720493  7119
2.678518379040114  7332
2.6794278966121188  6788
2.680335513414563  7018
2.681241237375587  6909
2.682145076373832  7160
2.6830470382388496  7190
2.683947130751512  7136
2.6848453616444123  6656
2.6857417386022635  7088
2.6866362692622934  7164
2.6875289612146345  6689
2.6884198220027105  6706
2.6893088591236203  6948
2.690196080028514  6707
2.6910814921229687  7718
2.69196510276736  7039
2.69284691927723  6656
2.693726948923647  7235
2.694605198933569  7837
2.6954816764901977  6528
2.696356388733332  6785
2.6972293427597176  7259
2.6981005456233897  7152
2.6989700043360187  7197
2.699837725867246  6617
2.7007037171450192  7030
2.7015679850559273  6842
2.7024305364455254  7386
2.7032913781186614  7387
2.7041505168397992  6769
2.705007959333336  7737
2.7058637122839193  6875
2.7067177823367587  6871
2.7075701760979363  6886
2.708420900134713  7033
2.709269960975831  7221
2.7101173651118162  7371
2.710963118995276  7074
2.711807229041191  7334
2.7126497016272113  6824
2.7134905430939424  7182
2.714329759745233  7381
2.7151673578484576  7259
2.716003343634799  6759
2.7168377232995247  7220
2.717670503002262  7257
2.718501688867274  6939
2.7193312869837265  7364
2.720159303405957  7474
2.7209857441537393  7339
2.7218106152125467  7007
2.722633922533812  7097
2.7234556720351857  7584
2.724275869600789  6997
2.725094521081469  7427
2.7259116322950483  6579
2.7267272090265724  6897
2.727541257028556  7671
2.7283537820212285  6969
2.72916478969277  7121
2.7299742856995555  7054
2.7307822756663893  6791
2.7315887651867388  7064
2.7323937598229686  7325
2.7331972651065692  6923
2.733999286538387  7082
2.734799829588847  7093
2.73559889969818  6986
2.7363965022766426  6858
2.7371926427047373  6943
2.737987326333431  7319
2.738780558484369  6727
2.739572344450092  6747
2.7403626894942437  6334
2.741151598851785  6955
2.741939077729199  7345
2.7427251313046983  7026
2.74350976472843  7099
2.7442929831226763  7053
2.7450747915820575  6951
2.745855195173729  7686
2.7466341989375787  6839
2.747411807886423  6831
2.7481880270062002  7572
2.7489628612561616  6274
2.749736315569061  7233
2.7505083948513462  7210
2.751279103983342  7132
2.7520484478194387  7122
2.7528164311882715  7074
2.7535830588929064  7181
2.754348335711019  6924
2.7551122663950713  7215
2.7558748556724915  7311
2.756636108245848  7075
2.7573960287930244  6778
2.75815462196739  6864
2.7589118923979736  7163
2.7596678446896306  6904
2.760422483423212  6971
2.7611758131557314  6739
2.761927838420529  6730
2.762678563727436  6802
2.7634279935629373  7306
2.7641761323903307  6718
2.7649229846498886  6999
2.765668554759014  7435
2.7664128471123997  7280
2.7671558660821804  7270
2.767897616018091  6841
2.7686381012476144  7072
2.7693773260761385  6951
2.7701152947871015  7030
2.7708520116421442  7126
2.7715874808812555  7242
2.77232170672292  7396
2.7730546933642626  6970
2.7737864449811935  7005
2.7745169657285498  7195
2.7752462597402365  6303
2.775974331129369  6467
2.776701183988411  7208
2.7774268223893115  6867
2.7781512503836434  6949
2.7788744720027396  6944
2.7795964912578244  6612
2.780317312140151  7266
2.7810369386211318  7174
2.781755374652469  7142
2.782472624166286  7412
2.7831886910752575  6719
2.783903579272735  6632
2.784617292632875  7156
2.785329835010767  7351
2.786041210242554  6771
2.7867514221455614  7107
2.787460474518415  7217
2.788168371141168  6636
2.788875115775417  6908
2.7895807121644256  7457
2.7902851640332416  7170
2.790988475088816  6859
2.791690649020118  7614
2.792391689498254  6585
2.79309160017658  7265
2.7937903846908188  6907
2.7944880466591697  7672
2.795184589682424  6732
2.7958800173440754  7287
2.7965743332104296  7203
2.7972675408307164  6794
2.797959643737196  6258
2.798650645445269  7425
2.7993405494535817  6736
2.8000293592441343  6981
2.800717078282385  7475
2.801403710017355  7641
2.802089257881733  6725
2.8027737252919755  6933
2.803457115648414  6424
2.8041394323353503  7170
2.8048206787211623  6748
2.8055008581584002  7059
2.806179973983887  7252
2.8068580295188172  7297
2.807535028068853  7288
2.808210972924222  6819
2.808885867359812  7342
2.8095597146352675  7096
2.8102325179950842  6887
2.8109042806687006  7089
2.8115750058705933  7035
2.812244696800369  7194
2.8129133566428557  7066
2.813580988568192  7824
2.81424759573192  7455
2.814913181275074  6920
2.815577748324267  7564
2.816241299991783  7243
2.8169038393756605  7537
2.8175653695597807  6838
2.8182258936139557  7629
2.8188854145940097  7052
2.8195439355418688  6972
2.82020145948564  6921
2.8208579894397  6628
2.821513528404773  7127
2.8221680793680175  7283
2.8228216453031045  6910
2.823474229170301  7325
2.824125833916549  7289
2.824776462475546  6944
2.8254261177678233  7328
2.8260748027008264  7451
2.826722520168992  7116
2.8273692730538253  7251
2.828015064223977  6449
2.82865989653532  6654
2.829303772831025  6658
2.829946695941636  6760
2.8305886686851442  7175
2.8312296938670634  7093
2.8318697742805017  7022
2.832508912706236  7099
2.833147111912785  6967
2.833784374656479  6971
2.8344207036815328  7137
2.835056101720116  6663
2.8356905714924254  7438
2.8363241157067516  6778
2.8369567370595505  7292
2.837588438235511  6790
2.8382192219076257  7843
2.838849090737255  6841
2.8394780473741985  7099
2.840106094456758  7398
2.8407332346118066  7362
2.841359470454855  6678
2.8419848045901137  6897
2.842609239610562  6664
2.8432327780980096  7161
2.843855422623161  6922
2.8444771757456815  7022
2.845098040014257  7413
2.8457180179666586  7207
2.846337112129805  6763
2.846955325019824  6685
2.847572659142112  7182
2.848189116991399  7287
2.8488047010518036  6849
2.8494194137968996  7339
2.850033257689769  7142
2.8506462351830666  7362
2.8512583487190755  7497
2.851869600729766  7227
2.8524799936368566  7117
2.8530895298518657  6679
2.8536982117761744  7342
2.8543060418010806  7134
2.8549130223078554  7072
2.8555191556678  7371
2.8561244442423  7067
2.8567288903828825  7141
2.8573324964312685  7407
2.857935264719429  7616
2.858537197569639  7077
2.859138297294531  6651
2.859738566197147  7162
2.8603380065709936  6902
2.8609366207000937  6610
2.8615344108590377  7245
2.862131379313037  6770
2.8627275283179747  7419
2.863322860120456  6748
2.8639173769578603  6691
2.864511081058392  7049
2.8651039746411278  6700
2.8656960599160706  7077
2.8662873390841948  7021
2.866877814337499  6565
2.8674674878590514  7194
2.8680563618230415  7115
2.8686444383948255  7056
2.8692317197309762  6682
2.869818207979328  6946
2.870403905279027  7191
2.8709888137605755  6860
2.8715729355458786  6728
2.8721562727482928  6939
2.8727388274726686  7270
2.873320601815399  7285
2.8739015978644615  6645
2.8744818176994666  6559
2.8750612633917  7538
2.8756399370041685  7213
2.876217840591642  7204
2.8767949762007006  6958
2.877371345869774  7110
2.8779469516291885  7367
2.8785217955012063  6907
2.8790958795000727  7126
2.8796692056320534  6617
2.88024177589548  6984
2.8808135922807914  7012
2.8813846567705728  6899
2.8819549713396007  7258
2.8825245379548803  7255
2.8830933585756897  7169
2.8836614351536176  7110
2.884228769632604  7236
2.884795363948981  7480
2.885361220031512  7135
2.885926339801431  7419
2.886490725172482  7376
2.8870543780509568  6523
2.887617300335736  6352
2.888179493918325  7511
2.8887409606828927  7085
2.88930170250631  6687
2.8898617212581885  6755
2.890421018800914  7108
2.890979596989689  7306
2.8915374576725643  6909
2.8920946026904804  6822
2.8926510338773004  7282
2.893206753059848  7295
2.8937617620579434  7393
2.8943160626844384  7187
2.8948696567452528  7362
2.895422546039408  7118
2.8959747323590648  7244
2.8965262174895554  7738
2.89707700320942  7507
2.8976270912904414  7431
2.8981764834976764  6888
2.8987251815894934  7151
2.8992731873176036  6878
2.8998205024270964  7682
2.9003671286564705  7065
2.900913067737669  6924
2.9014583213961123  7413
2.9020028913507296  6948
2.902546779313991  6819
2.9030899869919438  7025
2.9036325160842376  7271
2.9041743682841634  7241
2.904715545278681  7386
2.905256048748451  6738
2.9057958803678687  7036
2.906335041805091  6971
2.90687353472207  6614
2.907411360774586  7121
2.9079485216122722  6781
2.90848501887865  7105
2.909020854211156  6327
2.9095560292411755  6541
2.910090545594068  6588
2.910624404889201  7093
2.9111576087399764  6739
2.9116901587538613  7171
2.9122220565324155  7194
2.912753303671323  6941
2.9132839017604186  7450
2.9138138523837167  6926
2.9143431571194407  7063
2.9148718175400505  6839
2.91539983521227  6773
2.9159272116971158  7551
2.916453948549925  6748
2.9169800473203824  6934
2.9175055095525466  6854
2.9180303367848803  6692
2.9185545305502734  7222
2.9190780923760737  7095
2.919601023784111  6772
2.920123326290724  7223
2.9206450014067875  7076
2.921166050637739  7206
2.921686475483602  6666
2.9222062774390163  6979
2.92272545799326  7316
2.9232440186302764  6948
2.9237619608287004  7109
2.9242792860618816  7008
2.924795995797912  7611
2.9253120914996495  6673
2.9258275746247424  6922
2.926342446625655  6672
2.926856708949692  7518
2.9273703630390235  7180
2.9278834103307068  7242
2.9283958522567137  7401
2.928907690243953  7880
2.929418925714293  7350
2.929929560084588  6673
2.9304395947667  6904
2.930949031167523  7144
2.931457870689005  7075
2.931966114728173  7182
2.932473764677153  7002
2.932980821923198  7146
2.9334872878487053  7192
2.9339931638312424  7275
2.934498451243568  7142
2.935003151453655  7084
2.9355072658247128  7410
2.9360107957152097  7215
2.936513742478893  7218
2.9370161074648142  6590
2.937517892017347  6849
2.9380190974762104  6863
2.938519725176492  7730
2.9390197764486663  7054
2.9395192526186187  7306
2.9400181550076634  7706
2.940516484932567  6128
2.9410142437055695  7395
2.941511432634403  7187
2.942008053022313  6871
2.9425041061680806  6638
2.9429995933660407  6831
2.9434945159061026  6935
2.9439888750737717  7392
2.9444826721501687  6681
2.9449759084120477  7015
2.94546858513182  6849
2.9459607035775686  6848
2.946452265013073  7451
2.9469432706978256  7410
2.9474337218870508  6691
2.9479236198317262  6663
2.948412965778601  6778
2.9489017609702137  7032
2.949390006644913  6818
2.949877704036875  7158
2.950364854376123  6519
2.9508514588885464  7708
2.951337518795918  7120
2.951823035315912  7007
2.9523080096621253  6966
2.952792443044092  7164
2.9532763366673045  7636
2.9537596917332287  7272
2.9542425094393248  6822
2.954724790979063  7689
2.9552065375419416  6988
2.9556877503135057  6868
2.9561684304753633  6846
2.9566485792052033  7185
2.957128197676813  7145
2.957607287060095  6516
2.958085848521085  7353
2.9585638832219674  7361
2.9590413923210934  7331
2.9595183769729982  6852
2.959994838328416  7768
2.960470777534299  6869
2.960946195733831  7451
2.9614210940664485  7330
2.9618954736678504  7556
2.962369335670021  7648
2.9628426812012423  7238
2.9633155113861114  7269
2.963787827345555  6972
2.964259630196849  6806
2.9647309210536292  7282
2.965201701025912  7351
2.9656719712201065  6359
2.9661417327390325  7391
2.966610986681934  6723
2.967079734144497  7357
2.967547976218862  7191
2.968015713993642  6954
2.9684829485539352  6961
2.9689496809813427  7067
2.9694159123539814  7401
2.9698816437465  7563
2.9703468762300935  6856
2.9708116108725178  7038
2.971275848738105  7198
2.971739590887778  6258
2.9722028383790646  7113
2.972665592266111  6949
2.9731278535996988  6798
2.973589623427257  7472
2.9740509027928774  6688
2.9745116927373285  6812
2.974971994298069  7059
2.975431808509263  6948
2.975891136401793  7430
2.9763499790032735  7054
2.976808337338066  7169
2.977266212427293  7455
2.9777236052888476  7421
2.978180516937414  7042
2.9786369483844743  7392
2.979092900638326  7084
2.979548374704095  7161
2.9800033715837464  6715
2.9804578922761  7199
2.9809119377768436  6810
2.9813655090785445  7175
2.9818186071706636  7009
2.9822712330395684  7787
2.9827233876685453  6861
2.983175072037813  7266
2.9836262871245345  6631
2.984077033902831  7132
2.9845273133437926  7474
2.9849771264154934  6665
2.9854264740830017  6693
2.9858753573083936  7514
2.986323777050765  6679
2.9867717342662448  7548
2.9872192299080047  6788
2.9876662649262746  6826
2.988112840268352  6791
2.9885589568786157  7571
2.989004615698537  6909
2.9894498176666917  6836
2.989894563718773  7248
2.9903388547876015  6837
2.9907826918031377  7081
2.9912260756924947  7506
2.9916690073799486  7042
2.9921114877869495  7019
2.9925535178321354  6785
2.9929950984313414  7360
2.9934362304976116  7193
2.993876914941211  6900
2.9943171526696366  7521
2.9947569445876283  6968
2.9951962915971793  7424
2.99563519459755  6395
2.9960736544852753  6883
2.9965116721541785  7179
2.996949248495381  6821
2.997386384397313  7562
2.9978230807457256  7189
2.998259338423699  7009
2.998695158311656  7450
2.999130541287371  7346
2.9995654882259823  7101
3.0  7709
3.000434077479319  6965
3.0008677215312267  7029
3.0013009330204183  7408
3.0017337128090005  7384
3.002166061756508  6535
3.0025979807199086  7031
3.003029470553618  7364
3.0034605321095067  6749
3.0038911662369103  6417
3.0043213737826426  6864
3.004751155591001  7090
3.0051805125037805  6771
3.0056094453602804  7400
3.0060379549973173  7164
3.0064660422492318  7182
3.0068937079479006  7252
3.0073209529227447  6538
3.00774777800074  7181
3.0081741840064264  6846
3.0086001717619175  6848
3.0090257420869104  6967
3.009450895798694  7379
3.00987563371216  6473
3.010299956639812  7470
3.010723865391773  6812
3.0111473607757975  6867
3.0115704435972783  7021
3.011993114659257  6750
3.012415374762433  6857
3.012837224705172  6685
3.0132586652835167  7028
3.0136796972911926  6558
3.0141003215196207  6868
3.0145205387579237  6680
3.0149403497929366  6924
3.0153597554092144  7104
3.015778756389041  6930
3.016197353512439  7002
3.016615547557177  7533
3.0170333392987803  7051
3.017450729510536  6746
3.0178677189635055  7124
3.018284308426531  6844
3.0187004986662433  7326
3.019116290447073  7046
3.0195316845312554  7494
3.0199466816788423  7417
3.0203612826477078  7096
3.020775488193558  7282
3.0211892990699383  7213
3.021602716028242  7274
3.02201573981772  6737
3.0224283711854865  7094
3.022840610876528  6784
3.0232524596337114  7466
3.0236639181977933  7203
3.024074987307426  6946
3.024485667699167  6953
3.024895960107485  7120
3.0253058652647704  7019
3.025715383901341  7232
3.0261245167454502  7408
3.0265332645232967  7241
3.0269416279590295  6814
3.0273496077747564  6930
3.0277572046905536  6487
3.0281644194244697  7088
3.0285712526925375  7154
3.028977705208778  7212
3.0293837776852097  6414
3.029789470831856  6574
3.030194785356751  6708
3.030599721965951  7633
3.0310042813635367  7221
3.031408464251624  7273
3.0318122713303706  7180
3.0322157032979815  6922
3.03261876085072  6852
3.0330214446829107  7148
3.03342375548695  6590
3.03382569395331  7118
3.0342272607705505  7080
3.0346284566253203  7207
3.0350292822023683  7034
3.0354297381845483  6640
3.035829825252828  6698
3.0362295440862948  7504
3.036628895362161  7192
3.037027879755775  7261
3.037426497940624  7377
3.037824750588342  6843
3.0382226383687185  7080
3.038620161949703  6842
3.039017321997412  7240
3.0394141191761372  6994
3.0398105541483504  6984
3.0402066275747113  7301
3.040602340114073  6982
3.0409976924234905  6954
3.041392685158225  7367
3.041787318971752  6774
3.042181594515766  7423
3.0425755124401905  7255
3.0429690733931802  7013
3.0433622780211294  6564
3.0437551269686796  6889
3.044147620878723  7636
3.044539760392411  7231
3.04493154614916  6861
3.0453229787866576  7378
3.0457140589408676  7005
3.0461047872460387  6717
3.0464951643347082  6704
3.04688519083771  7183
3.0472748673841794  6768
3.04766419460156  7008
3.048053173115609  6889
3.0484418035504044  6560
3.04883008652835  7772
3.0492180226701815  7006
3.049605612594973  7086
3.0499928569201424  7398
3.050379756261458  7504
3.0507663112330423  6779
3.0511525224473814  7216
3.0515383905153275  7463
3.0519239160461065  7094
3.0523090996473234  7054
3.052693941924968  7076
3.0530784434834195  6850
3.053462604925455  6957
3.0538464268522527  6915
3.0542299098633974  6716
3.0546130545568877  6870
3.0549958615291417  6967
3.055378331375  6697
3.0557604646877348  7321
3.056142262059052  6948
3.0565237240791006  7283
3.0569048513364727  7170
3.0572856444182146  6797
3.0576661039098294  8207
3.0580462303952816  7291
3.058426024457005  7731
3.0588054866759067  6952
3.059184617631371  6589
3.0595634179012676  7603
3.059941888061955  7064
3.060320028688285  6779
3.060697840353612  7164
3.0610753236297916  7269
3.061452479087193  6913
3.061829307294699  7265
3.0622058088197126  7429
3.062581984228163  7174
3.0629578340845103  7366
3.0633333589517497  6922
3.0637085593914173  7095
3.064083435963596  6711
3.0644579892269186  6780
3.064832219738574  7091
3.065206128054312  7041
3.0655797147284485  6978
3.06595298031387  6709
3.0663259253620376  6796
3.0666985504229953  7219
3.0670708560453703  6822
3.0674428427763805  6846
3.0678145111618402  6944
3.0681858617461617  7737
3.068556895072363  6738
3.068927611682072  7502
3.0692980121155293  6777
3.0696680969115957  7038
3.070037866607755  7674
3.0704073217401198  7101
3.0707764628434346  6940
3.0711452904510828  6912
3.071513805095089  6805
3.0718820073061255  7260
3.072249897613515  6776
3.0726174765452368  7139
3.0729847446279304  7631
3.073351702386901  6956
3.0737183503461227  6830
3.074084689028244  6677
3.074450718954591  7208
3.074816440645175  7004
3.0751818546186915  7336
3.0755469613925306  7076
3.0759117614827773  7127
3.076276255404218  6272
3.076640443670342  7425
3.0770043267933502  6868
3.0773679052841563  7373
3.077731179652392  7052
3.0780941504064105  6780
3.0784568180532927  7084
3.0788191830988487  7151
3.0791812460476247  7127
3.079543007402906  7132
3.079904467666721  6639
3.0802656273398448  7040
3.0806264869218056  7040
3.080987046910887  7050
3.0813473078041325  7609
3.081707270097349  7334
3.082066934285113  7001
3.0824263008607717  7236
3.0827853703164503  7112
3.0831441431430524  6975
3.0835026198302673  7076
3.083860800866573  7140
3.0842186867392387  7510
3.084576277934331  6724
3.084933574936716  6839
3.085290578230065  7397
3.0856472882968564  7113
3.0860037056183818  7520
3.0863598306747484  6914
3.0867156639448825  7139
3.0870712059065353  6891
3.0874264570362855  7371
3.087781417809542  7793
3.0881360887005513  7199
3.0884904701823963  7033
3.088844562727004  6726
3.089198366805149  7375
3.089551882886454  7497
3.089905111439398  6903
3.090258052931316  7731
3.090610707828407  7634
3.0909630765957314  7634
3.091315159697223  6567
3.0916669575956846  7323
3.092018470752797  6907
3.0923696996291206  6559
3.0927206446840994  6858
3.0930713063760633  7433
3.093421685162235  7722
3.09377178149873  7371
3.0941215958405612  6918
3.094471128641645  6955
3.0948203803548  7111
3.095169351431755  7588
3.095518042323151  7349
3.0958664534785427  7358
3.0962145853464054  7141
3.0965624383741357  7335
3.0969100130080562  6813
3.09725730969342  7337
3.097604328874411  6634
3.09795107099415  6956
3.0982975364946976  6996
3.098643725817057  7220
3.0989896394011773  6929
3.0993352776859577  6838
3.09968064110925  7191
3.1000257301078626  7090
3.100370545117563  6671
3.1007150865730817  6609
3.1010593549081156  6610
3.101403350555331  6829
3.1017470739463664  7504
3.1020905255118367  7202
3.1024337056813365  7094
3.1027766148834415  7061
3.1031192535457137  7517
3.103461622094705  6664
3.103803720955957  6863
3.104145550554008  6849
3.104487111312395  6996
3.1048284036536553  7323
3.1051694279993316  7041
3.1055101847699738  7071
3.1058506743851435  6884
3.1061908972634154  6809
3.1065308538223815  7072
3.106870544478654  6954
3.1072099696478683  6891
3.1075491297446862  7201
3.1078880251827985  6934
3.1082266563749283  7301
3.1085650237328344  7212
3.1089031276673134  7605
3.109240968588203  7201
3.1095785469043866  6803
3.1099158630237933  6891
3.110252917353403  7453
3.110589710299249  7058
3.1109262422664203  7304
3.1112625136590655  6876
3.111598524880394  7308
3.1119342763326814  7360
3.1122697684172707  6655
3.1126050015345745  7397
3.11293997608408  7133
3.1132746924643504  6858
3.1136091510730277  7360
3.113943352306837  7277
3.1142772965615864  6677
3.114610984232173  6948
3.1149444157125847  7269
3.1152775913959014  7426
3.1156105116742996  6706
3.115943176939055  7617
3.116275587580544  6847
3.1166077439882485  6998
3.116939646550756  7010
3.1172712956557644  6886
3.117602691690084  7149
3.1179338350396413  6743
3.118264726089479  6799
3.118595365223762  6932
3.1189257528257768  6565
3.1192558892779365  5958
3.119585774961784  6827
3.119915410257991  6680
3.1202447955463652  6613
3.12057393120585  6995
3.1209028176145273  7368
3.1212314551496214  7569
3.1215598441875008  6470
3.121887985103681  7045
3.1222158782728267  6971
3.1225435240687545  7063
3.1228709228644354  7543
3.1231980750319988  7415
3.123524980942732  6459
3.123851640967086  7121
3.124178055474675  7705
3.1245042248342823  7095
3.1248301494138593  7625
3.12515582958053  6676
3.125481265700594  7355
3.125806458139527  6803
3.1261314072619846  7252
3.1264561134318045  6824
3.126780577012009  7002
3.1271047983648077  7241
3.127428777851599  6929
3.1277525158329733  7242
3.1280760126687155  6936
3.1283992687178066  7261
3.128722284338427  6902
3.1290450598879582  6617
3.1293675957229854  7429
3.129689892199301  7081
3.1300119496719043  7355
3.130333768495006  6309
3.130655349022031  6808
3.130976691605617  7149
3.131297796597623  7139
3.1316186643491255  7048
3.1319392952104246  6939
3.1322596895310446  7001
3.132579847659737  6921
3.132899769944483  6831
3.1332194567324945  7127
3.1335389083702174  7644
3.133858125203335  7474
3.1341771075767664  6690
3.1344958558346736  7367
3.13481437032046  7283
3.1351326513767748  6936
3.1354506993455136  7230
3.1357685145678222  7439
3.1360860973840974  7116
3.13640344813399  6948
3.1367205671564067  7077
3.1370374547895126  6685
3.137354111370733  7040
3.137670537236755  7323
3.137986732723532  7224
3.1383026981662816  6708
3.1386184338994925  7056
3.1389339402569236  7106
3.139249217571607  6912
3.13956426617585  6608
3.1398790864012365  6970
3.140193678578631  7000
3.1405080430381798  6746
3.1408221801093106  7168
3.141136090120739  7212
3.1414497734004674  7127
3.141763230275788  7188
3.1420764610732848  7108
3.142389466118836  6775
3.1427022457376155  7300
3.143014800254095  7415
3.143327129992046  7106
3.1436392352745433  7232
3.1439511164239633  7052
3.144262773761991  7297
3.144574207609616  6932
3.144885418287142  7216
3.1451964061141817  7372
3.1455071714096627  6836
3.1458177144918276  7178
3.146128035678238  7455
3.1464381352857744  7229
3.14674801363064  6914
3.1470576710283598  6538
3.1473671077937864  6510
3.1476763242410986  6645
3.147985320683805  7149
3.1482940974347455  6737
3.1486026548060932  7379
3.1489109931093564  6963
3.1492191126553797  6932
3.149527013754348  7045
3.149834696715785  6872
3.1501421618485588  7068
3.150449409460881  7185
3.150756439860309  6883
3.15106325335375  7085
3.1513698502474603  7337
3.151676230847048  7183
3.151982395457474  7017
3.1522883443830563  6787
3.15259407792747  7345
3.1528995963937474  6711
3.153204900084284  7695
3.1535099893008374  6578
3.153814864344529  6901
3.154119525515847  7172
3.154423973114647  7190
3.1547282074401557  7116
3.1550322287909704  6884
3.155336037465062  6922
3.1556396337597765  7208
3.1559430179718366  6417
3.1562461903973444  7495
3.1565491513317814  7238
3.156851901070011  7541
3.1571544399062814  7589
3.157456768134226  6598
3.1577588860468637  6536
3.158060793936605  7496
3.1583624920952498  7233
3.1586639808139894  6813
3.15896526038341  6759
3.159266331093494  7062
3.1595671932336202  6875
3.1598678470925665  6873
3.160168292958512  7252
3.1604685311190375  7289
3.1607685618611283  7285
3.1610683854711747  6991
3.161368002234975  7225
3.161667412437736  7464
3.161966616364075  7012
3.1622656142980214  7058
3.162564406523019  6933
3.162862993321926  7029
3.1631613749770184  6688
3.16345955176999  6716
3.163757523981956  6662
3.1640552918934515  6753
3.164352855784437  6957
3.1646502159342966  6725
3.1649473726218416  6890
3.1652443261253107  7235
3.165541076722373  7192
3.1658376246901283  6825
3.166133970305109  7049
3.166430113843283  7219
3.166726055580052  7070
3.1670217957902564  6703
3.167317334748176  7340
3.16761267272753  7079
3.16790781000148  7500
3.168202746842631  7298
3.1684974835230326  7174
3.1687920203141817  7126
3.1690863574870227  7000
3.1693804953119495  7005
3.1696744340588068  6935
3.1699681739968923  7218
3.1702617153949575  7477
3.1705550585212086  6869
3.170848203643309  7352
3.1711411510283822  7159
3.171433900943008  6221
3.171726453653231  6787
3.1720188094245563  6611
3.172310968521954  7236
3.17260293120986  6925
3.1728946977521764  7451
3.173186268412274  6608
3.1734776434529945  6540
3.17376882313665  7184
3.1740598077250253  7391
3.1743505974793798  7259
3.1746411926604483  6998
3.1749315935284423  6315
3.1752218003430523  6971
3.1755118133634475  6862
3.1758016328482794  7829
3.1760912590556813  7402
3.1763806922432702  7105
3.17666993266815  7026
3.176958980586908  7209
3.1772478362556233  7371
3.1775364999298623  7224
3.177824971864682  7225
3.1781132523146316  7875
3.178401341533755  7337
3.17868923977559  6845
3.1789769472931693  7128
3.1792644643390253  7048
3.1795517911651876  6906
3.179838928023187  6970
3.180125875164054  6794
3.180412632838324  7420
3.1806992012960347  7362
3.1809855807867304  6873
3.1812717715594614  6668
3.1815577738627865  7097
3.1818435879447726  6982
3.182129214052998  7391
3.182414652434554  6925
3.1826999033360424  7108
3.182984967003582  7018
3.1832698436828046  7542
3.1835545336188615  6858
3.1838390370564214  7452
3.184123354239671  6918
3.1844074854123203  7041
3.184691430817599  7248
3.184975190698261  6264
3.185258765296585  6943
3.185542154854375  6577
3.185825359612962  7140
3.1861083798132053  6922
3.186391215695493  7316
3.1866738674997452  7195
3.1869563354654122  6976
3.187238619831479  6921
3.187520720836463  7537
3.1878026387184195  7290
3.188084373714938  7205
3.188365926063148  6664
3.188647295999717  6718
3.1889284837608534  6486
3.189209489582306  7319
3.1894903136993675  7113
3.189770956346874  7626
3.190051417759206  7297
3.1903316981702914  7836
3.190611797813605  6998
3.1908917169221698  7052
3.1911714557285586  6691
3.1914510144648953  7500
3.1917303933628562  7378
3.1920095926536702  7283
3.1922886125681202  6863
3.1925674533365456  7118
3.192846115188842  7048
3.1931245983544616  7357
3.1934029030624176  6863
3.1936810295412816  7187
3.193958978019187  7342
3.1942367487238292  6583
3.194514341882467  6669
3.1947917577219247  7218
3.1950689964685903  6895
3.1953460583484197  7100
3.1956229435869368  7161
3.1958996524092336  7490
3.1961761850399735  6703
3.196452541703389  7233
3.196728722623287  6730
3.1970047280230456  7075
3.197280558125619  7067
3.1975562131535367  6829
3.197831693328903  6619
3.1981069988734014  6939
3.1983821300082944  6515
3.1986570869544226  7323
3.198931869932209  6506
3.1992064791616577  6516
3.199480914862356  7524
3.1997551772534747  7262
3.2000292665537704  6853
3.200303182981585  7365
3.2005769267548483  7376
3.2008504980910772  7201
3.2011238972073794  6950
3.2013971243204513  6652
3.2016701796465816  7062
3.20194306340165  6537
3.2022157758011316  6852
3.2024883170600935  6787
3.2027606873931997  7021
3.2030328870147105  7318
3.203304916138483  7031
3.2035767749779724  6939
3.2038484637462346  6838
3.2041199826559246  7377
3.2043913319193  6750
3.204662511748219  6690
3.204933522354145  6816
3.2052043639481447  6954
3.205475036740891  7213
3.205745540942662  7176
3.2060158767633444  7361
3.2062860444124324  7029
3.2065560440990297  7436
3.2068258760318495  6718
3.207095540419218  6244
3.2073650374690716  7602
3.2076343673889616  7624
3.2079035303860515  6860
3.2081725266671217  7439
3.208441356438567  7493
3.208710019906401  7059
3.2089785172762535  6806
3.2092468487533736  7085
3.2095150145426308  7253
3.209783014848515  6904
3.2100508498751372  7003
3.210318519826232  7355
3.2105860249051563  6757
3.210853365314893  7553
3.2111205412580492  7222
3.2113875529368587  7273
3.2116544005531824  7252
3.2119210843085093  7083
3.2121876044039577  6651
3.212453961040276  7257
3.2127201544178425  7500
3.212986184736668  7909
3.2132520521963968  7336
3.2135177569963047  7015
3.2137832993353044  7676
3.2140486794119414  6899
3.2143138974244  7251
3.214578953570499  7420
3.214843848047698  7644
3.215108581053093  7164
3.215373152783422  7074
3.215637563435062  6781
3.215901813204032  7405
3.216165902285993  7702
3.216429830876251  7057
3.2166935991697545  6935
3.216957207361097  6410
3.217220655644519  7197
3.2174839442139063  7673
3.2177470732627937  7351
3.218010042984363  7462
3.2182728535714475  7611
3.218535505216528  7377
3.2187979981117376  6901
3.219060332448861  6818
3.219322508419337  7398
3.2195845262142546  7099
3.219846386024361  7130
3.220108088040055  7145
3.2203696324513946  7436
3.220631019448092  6903
3.2208922492195193  6800
3.2211533219547053  7144
3.2214142378423385  7533
3.2216749970707688  6818
3.2219355998280053  7163
3.22219604630172  7084
3.222456336679247  6875
3.2227164711475833  7126
3.2229764498933915  6995
3.2232362731029975  7187
3.2234959409623944  6868
3.2237554536572413  6782
3.224014811372864  6933
3.2242740142942576  7136
3.2245330626060857  6883
3.2247919564926817  7123
3.225050696138049  7421
3.225309281725863  6531
3.225567713439471  6880
3.2258259914618934  7532
3.226084115975824  7262
3.226342087163631  6893
3.2265999052073573  6644
3.2268575702887237  6941
3.2271150825891253  6966
3.2273724422896364  7476
3.227629649571009  6977
3.2278867046136734  7229
3.2281436075977417  6783
3.228400358703005  6824
3.2286569581089353  7070
3.228913405994688  6682
3.229169702539101  6916
3.229425847920695  6745
3.229681842317676  6831
3.229937685907934  7001
3.230193378869046  7672
3.230448921378274  7250
3.230704313612569  6914
3.230959555748569  7349
3.231214647962601  7022
3.2314695904306814  7092
3.2317243833285163  6353
3.231979026831504  7452
3.2322335211147335  6905
3.232487866352986  7335
3.232742062720737  7273
3.2329961103921536  6910
3.2332500095411003  7178
3.2335037603411343  7716
3.2337573629655103  7113
3.2340108175871793  7385
3.2342641243787895  7099
3.2345172835126865  7136
3.2347702951609163  6862
3.2350231594952237  7262
3.2352758766870524  7189
3.2355284469075487  6723
3.2357808703275603  6854
3.236033147117636  6808
3.2362852774480286  6592
3.236537261488694  6559
3.2367890994092927  7413
3.237040791379191  6712
3.237292337567459  6416
3.2375437381428744  6845
3.2377949932739227  6815
3.2380461031287955  6804
3.238297067875394  7014
3.2385478876813276  6945
3.238798562713917  6973
3.2390490931401916  7282
3.2392994791268923  7528
3.239549720840473  6377
3.2397998184470986  6569
3.2400497721126476  7075
3.2402995820027125  7598
3.2405492482826  7623
3.240798771117331  7283
3.241048150671644  6606
3.2412973871099933  7297
3.2415464805965484  7326
3.241795431295199  7336
3.2420442393695508  7165
3.2422929049829308  7230
3.2425414282983844  7499
3.2427898094786767  7192
3.2430380486862944  7667
3.243286146083446  7106
3.243534101832062  7273
3.243781916093795  6733
3.244029589030022  6920
3.244277120801843  7061
3.244524511570084  7124
3.244771761495295  7063
3.245018870737753  7084
3.245265839457461  7130
3.24551266781415  6654
3.245759355967277  7094
3.246005904076029  6824
3.246252312299322  7085
3.246498580795801  7560
3.2467447097238415  6910
3.24699069924155  7152
3.247236549506764  7038
3.2474822606770544  7564
3.2477278329097232  6519
3.247973266361807  7027
3.248218561190075  7454
3.248463717551032  6855
3.2487087356009177  7630
3.2489536154957075  7080
3.249198357391113  7188
3.249442961442582  6850
3.2496874278053016  6514
3.249931756634195  7565
3.250175948083925  6972
3.250420002308894  7296
3.2506639194632436  6791
3.250907699700856  7137
3.2511513431753545  6307
3.2513948500401044  7509
3.251638220448212  6950
3.2518814545525276  7015
3.252124552505644  7508
3.2523675144598987  6939
3.252610340567373  7418
3.2528530309798933  6928
3.2530955858490316  7062
3.2533380053261065  7141
3.253580289562183  7247
3.2538224387080734  7472
3.254064452914338  7219
3.2543063323312857  6701
3.2545480771089736  6998
3.25478968739721  7558
3.2550311633455515  6603
3.255272505103306  7283
3.2555137128195333  7003
3.255754786643044  6873
3.255995726722402  6853
3.256236533205923  7184
3.256477206241677  6912
3.256717745977487  7229
3.256958152560932  6561
3.2571984261393445  7829
3.257438566859814  6924
3.2576785748691846  6916
3.2579184503140586  6755
3.2581581933407944  7328
3.258397804095509  7253
3.2586372827240764  7073
3.258876629372131  6883
3.2591158441850663  6682
3.2593549273080344  7303
3.2595938788859486  7422
3.2598326990634834  7117
3.2600713879850747  6990
3.26030994579492  7589
3.2605483726369795  7057
3.2607866686549762  7234
3.2610248339923973  6637
3.2612628687924934  6672
3.2615007731982804  7067
3.2617385473525378  6921
3.2619761913978125  7436
3.262213705476417  7028
3.2624510897304293  6650
3.2626883443016963  7084
3.2629254693318317  6839
3.2631624649622166  6414
3.263399331334002  7166
3.263636068588108  6233
3.2638726768652235  7189
3.2641091563058082  6791
3.2643455070500926  7014
3.2645817292380777  6350
3.2648178230095364  7325
3.2650537885040145  6922
3.26528962586083  7416
3.2655253352190736  6950
3.2657609167176105  6611
3.265996370495079  6966
3.266231696689893  7336
3.2664668954402414  7106
3.2667019668840878  7242
3.266936911159173  6848
3.2671717284030137  6918
3.267406418752904  7023
3.2676409823459154  6693
3.2678754193188975  7075
3.2681097298084785  7125
3.268343913951065  6880
3.268577971882843  6791
3.2688119037397803  6834
3.269045709657623  6764
3.2692793897718984  6981
3.2695129442179165  7011
3.269746373130767  7422
3.269979676645324  7332
3.2702128548962426  7349
3.2704459080179626  7177
3.2706788361447066  6989
3.2709116394104814  7002
3.2711443179490782  7094
3.2713768718940743  6962
3.271609301378832  7548
3.271841606536499  6924
3.27207378750001  6647
3.2723058444020863  6822
3.2725377773752373  6545
3.2727695865517594  6987
3.2730012720637376  6757
3.2732328340430454  7493
3.273464272621346  6911
3.273695587930092  7533
3.2739267801005254  7043
3.27415784926368  7689
3.274388795550379  7402
3.274619619091238  7104
3.274850320016665  6929
3.2750808984568587  7665
3.2753113545418118  7318
3.2755416884013098  7005
3.2757719001649312  7019
3.27600198996205  7128
3.2762319579218335  6640
3.2764618041732443  7270
3.27669152884504  7281
3.276921132065774  7169
3.277150613963797  6992
3.2773799746672547  7404
3.2776092143040914  6986
3.2778383330020473  7243
3.2780673308886628  7407
3.2782962080912736  6964
3.2785249647370174  6948
3.278753600952829  6853
3.278982116865443  7069
3.279210512601395  7028
3.2794387882870204  7207
3.2796669440484556  6914
3.279894980011638  7156
3.2801228963023075  7004
3.280350693046006  6940
3.2805783703680764  7071
3.280805928393667  7108
3.2810333672477277  6968
3.281260687055013  7377
3.2814878879400813  7433
3.281714970027296  7593
3.281941933440825  7179
3.2821687783046416  7102
3.2823955047425257  6786
3.2826221128780624  6863
3.282848602834645  7254
3.2830749747354715  6686
3.2833012287035497  7213
3.2835273648616936  7141
3.2837533833325265  7309
3.28397928423848  7319
3.284205067701794  7281
3.2844307338445193  7007
3.2846562827885157  6751
3.284881714655453  6742
3.285107029566812  7113
3.2853322276438846  7120
3.285557309007774  6727
3.285782273779395  7252
3.2860071220794747  7073
3.286231854028553  7575
3.286456469746983  7754
3.28668096935493  7063
3.286905352972375  7435
3.287129620719111  7193
3.2873537727147464  7409
3.2875778090787056  7035
3.287801729930226  6997
3.2880255353883627  7467
3.288249225571986  7318
3.2884728005997825  7074
3.288696260590256  6947
3.2889196056617265  7144
3.289142835932333  6733
3.2893659515200318  7231
3.2895889525425965  7010
3.2898118391176214  6714
3.290034611362518  7306
3.2902572693945182  6898
3.290479813330673  7084
3.2907022432878543  6993
3.2909245593827543  7154
3.2911467617318855  7605
3.291368850451583  7221
3.2915908256580013  7288
3.291812687467119  7359
3.2920344359947364  7113
3.292256071356476  6217
3.292477593667784  7306
3.29269900304393  7638
3.292920299600006  6631
3.2931414834509307  7330
3.2933625547114453  6688
3.2935835134961167  7211
3.2938043599193367  6489
3.2940250940953226  6734
3.2942457161381182  7268
3.294466226161593  7153
3.2946866242794433  6568
3.2949069106051923  7208
3.295127085252191  7096
3.295347148333618  6849
3.295567099962479  6943
3.295786940251609  7302
3.2960066693136723  7129
3.2962262872611605  7162
3.296445794206396  7445
3.296665190261531  6643
3.296884475538547  7624
3.2971036501492565  6880
3.2973227142053028  6987
3.2975416678181597  7361
3.297760511099134  6920
3.2979792441593623  6859
3.298197867109815  7341
3.2984163800612945  6962
3.2986347831244354  7351
3.298853076409707  6764
3.2990712600274095  7342
3.29928933408768  6718
3.2995072987004876  6889
3.2997251539756367  7278
3.299942900022767  7472
3.3001605369513523  6816
3.3003780648707024  7286
3.3005954838899636  7237
3.300812794118117  6910
3.3010299956639813  7526
3.3012470886362113  7086
3.3014640731433  7274
3.3016809492935764  6650
3.301897717195208  7313
3.302114376956201  7047
3.302330928684399  6885
3.3025473724874854  6453
3.3027637084729817  7257
3.3029799367482493  6829
3.303196057420489  6761
3.303412070596742  7091
3.30362797638389  6908
3.3038437748886547  6948
3.3040594662175993  6442
3.3042750504771283  6847
3.3044905277734875  6637
3.3047058982127653  7619
3.3049211619008916  6978
3.305136318943639  6853
3.305351369446624  6863
3.305566313515304  6855
3.3057811512549824  7390
3.3059958827708047  7113
3.3062105081677613  6908
3.3064250275506875  6831
3.3066394410242617  6859
3.3068537486930087  6889
3.3070679506612985  6963
3.307282047033346  7238
3.307496037913213  6745
3.307709923404807  7105
3.307923703611882  6885
3.3081373786380386  7188
3.308350948586726  6913
3.3085644135612386  7767
3.3087777736647213  7486
3.3089910290001643  6885
3.3092041796704077  7108
3.30941722577814  6432
3.3096301674258988  7427
3.3098430047160705  7609
3.3100557377508912  6632
3.3102683666324477  6740
3.3104808914626753  6794
3.3106933123433606  6822
3.3109056293761414  6958
3.311117842662506  6991
3.3113299523037933  6672
3.311541958401195  6527
3.311753861055754  7195
3.3119656603683665  6986
3.3121773564397787  6672
3.312388949370592  7678
3.3126004392612596  7236
3.312811826212088  6747
3.313023110323238  6187
3.313234291694724  6747
3.313445370426414  7343
3.3136563466180315  7339
3.3138672203691533  6990
3.3140779917792127  7464
3.3142886609474975  6971
3.3144992279731516  6838
3.314709692955174  7165
3.31492005599242  6677
3.315130317183602  7230
3.3153404766272883  6905
3.315550534421905  7111
3.3157604906657347  6984
3.315970345456918  6709
3.3161800988934527  6776
3.3163897510731952  7371
3.3165993020938607  7012
3.316808752053022  7036
3.3170181010481117  7802
3.31722734917642  6873
3.317436496535099  7346
3.3176455432211585  6640
3.317854489331469  7017
3.3180633349627615  7372
3.318272080211627  6951
3.3184807251745174  7176
3.318689269947746  7035
3.3188977146274867  7152
3.3191060593097763  7122
3.319314304090512  6817
3.3195224490654542  7115
3.3197304943302246  7748
3.3199384399803087  7379
3.3201462861110542  7656
3.3203540328176717  7568
3.3205616801952367  6317
3.3207692283386865  7521
3.3209766773428235  7349
3.3211840273023143  6908
3.321391278311689  6518
3.3215984304653436  7259
3.3218054838575393  7197
3.3220124385824006  6943
3.322219294733919  7171
3.3224260524059526  6740
3.3226327116922234  7154
3.322839272686321  7299
3.3230457354817013  6843
3.323252100171687  7314
3.3234583668494677  7032
3.3236645356081  7835
3.323870606540509  6912
3.3240765797394864  7251
3.3242824552976926  6696
3.3244882333076564  7097
3.3246939138617746  7462
3.3248994970523134  7069
3.3251049829714074  7037
3.325310371711061  7275
3.325515663363148  7777
3.325720858019412  7431
3.325925955771466  6913
3.3261309567107946  7174
3.326335860928751  7212
3.3265406685165617  6901
3.3267453795653217  6694
3.326949994165999  6532
3.3271545124094315  6379
3.3273589343863303  6800
3.327563260187278  6888
3.327767489902729  6417
3.3279716236230104  6980
3.3281756614383227  6865
3.3283796034387376  7318
3.328583449714202  7856
3.3287872003545345  6105
3.3289908554494287  7229
3.329194415088451  7910
3.329397879361043  7406
3.3296012483565187  6993
3.3298045221640695  7144
3.330007700872759  7170
3.330210784571528  7292
3.330413773349191  6885
3.3306166672944384  7108
3.330819466495837  7047
3.3310221710418286  7169
3.3312247810207323  6459
3.331427296520743  6666
3.3316297176299323  7759
3.331832044436249  7794
3.332034277027518  6816
3.3322364154914434  7739
3.3324384599156054  7198
3.3326404103874627  7463
3.3328422669943514  7064
3.3330440298234874  6866
3.3332456989619628  7026
3.3334472744967503  7281
3.3336487565147013  7049
3.333850145102545  7917
3.334051440346892  6914
3.334252642334231  7311
3.3344537511509307  6801
3.3346547668832414  7327
3.3348556896172914  7373
3.3350565194390915  6843
3.3352572564345317  7628
3.3354579006893843  6603
3.3356584522893016  7349
3.335858911319818  6623
3.336059277866349  6448
3.336259552014193  6718
3.3364597338485296  6909
3.3366598234544202  6912
3.336859820916809  7184
3.3370597263205246  6830
3.3372595397502756  7334
3.337459261290656  7517
3.3376588910261424  7707
3.3378584290410944  7199
3.3380578754197563  7280
3.3382572302462554  6880
3.3384564936046046  7202
3.3386556655787003  7491
3.338854746252323  7353
3.339053735709139  7473
3.3392526340327  7308
3.3394514413064407  6758
3.339650157613684  7069
3.339848783037637  7440
3.340047317661393  7608
3.3402457615679317  6849
3.3404441148401185  7119
3.3406423775607053  7046
3.3408405498123317  6926
3.341038631677523  6993
3.3412366232386925  7356
3.34143452457814  6849
3.3416323357780544  7018
3.3418300569205104  6750
3.3420276880874717  6928
3.3422252293607904  6952
3.342422680822206  6787
3.342620042553348  7183
3.342817314635733  6418
3.343014497150768  7127
3.3432115901797474  7410
3.3434085938038574  7303
3.343605508104172  6690
3.343802333161655  6891
3.3439990690571615  7088
3.344195715871435  6994
3.3443922736851106  6983
3.344588742578714  6919
3.344785122632661  7472
3.344981413927258  7082
3.345177616542704  7026
3.3453737305590883  6555
3.345569756056392  6997
3.345765693114488  7451
3.3459615418131414  6796
3.346157302232008  7194
3.346352974450639  6880
3.346548558548474  7093
3.346744054604849  7534
3.3469394626989906  6641
3.34713478291002  6979
3.3473300153169503  6778
3.3475251599986895  6937
3.347720217034038  6888
3.3479151865016914  6889
3.3481100684802376  7033
3.3483048630481607  7045
3.348499570283838  6792
3.348694190265541  6692
3.348888723071438  7038
3.34908316877959  7011
3.3492775274679554  6680
3.3494717992143856  7217
3.34966598409663  6767
3.3498600821923312  7500
3.3500540935790304  7270
3.3502480183341627  7425
3.350441856535061  6938
3.3506356082589543  7092
3.350829273582968  6677
3.3510228525841237  7263
3.351216345339342  6887
3.351409751925439  7038
3.351603072419129  7355
3.3517963068970236  7913
3.351989455435632  7145
3.3521825181113627  7507
3.35237549500052  7164
3.3525683861793087  7120
3.3527611917238307  7241
3.3529539117100877  7098
3.3531465462139796  6727
3.3533390953113047  6827
3.353531559077762  6795
3.353723937588949  7388
3.353916230920363  7763
3.3541084391474008  7041
3.35430056234536  7131
3.3544926005894364  7011
3.3546845539547285  7122
3.354876422516234  7303
3.3550682063488506  6985
3.3552599055273786  6889
3.3554515201265174  7248
3.355643050220869  7089
3.355834495884936  7526
3.3560258571931225  6934
3.3562171342197353  7523
3.3564083270389813  6998
3.356599435724971  7011
3.356790460351716  7165
3.3569814009931314  7819
3.3571722577230334  6603
3.3573630306151427  7565
3.3575537197430814  7085
3.3577443251803754  6817
3.357934847000454  6740
3.3581252852766488  6773
3.358315640082196  7795
3.3585059114902354  6729
3.3586960995738107  7126
3.358886204405869  7026
3.359076226059263  6944
3.3592661646067485  7241
3.3594560201209864  7997
3.359645792674543  7286
3.359835482339888  7454
3.3600250891893975  7084
3.3602146132953523  7097
3.3604040547299387  7099
3.360593413565249  7000
3.36078268987328  6839
3.3609718837259357  7199
3.361160995195026  7189
3.3613500243522663  7495
3.361538971269279  6919
3.361727836017593  7409
3.3619166186686433  6943
3.362105319293773  7145
3.362293937964231  6581
3.3624824747511743  7039
3.362670929725667  7007
3.36285930295868  6973
3.3630475945210936  6721
3.363235804483694  7408
3.3634239329171765  6970
3.3636119798921444  7363
3.3637999454791094  7486
3.3639878297484915  7050
3.3641756327706194  7131
3.3643633546157306  7505
3.364550995353972  6897
3.3647385550553985  6607
3.364926033789976  7017
3.3651134316275773  7304
3.3653007486379876  7180
3.3654879848909  7266
3.3656751404559175  6885
3.365862215402555  7599
3.3660492098002353  7217
3.366236123718293  7361
3.3664229572259727  7008
3.3666097103924297  7372
3.36679638328673  7397
3.3669829759778507  6613
3.367169488534681  6669
3.367355921026019  7370
3.3675422735205767  6706
3.3677285460869766  7178
3.3679147387937527  7023
3.3681008517093516  6935
3.368286884902131  7339
3.3684728384403617  7438
3.368658712392227  6377
3.3688445068258215  6866
3.3690302218091532  6717
3.369215857410143  7171
3.3694014136966244  7330
3.369586890736344  7192
3.369772288596963  6926
3.369957607346053  6822
3.370142847051102  6943
3.3703280077795106  7004
3.3705130895985924  7244
3.370698092575577  6832
3.370883016777606  6908
3.3710678622717363  7166
3.3712526291249394  6275
3.371437317404101  7060
3.3716219271760215  7428
3.371806458507416  7303
3.371990911464915  6585
3.372175286115064  7154
3.3723595825243238  7343
3.3725438007590705  7620
3.3727279408855955  6941
3.3729120029701067  7043
3.373095987078727  7269
3.373279893277496  6693
3.373463721632369  7421
3.3736474722092176  6960
3.3738311450738303  7206
3.3740147402919116  7427
3.374198257929083  7645
3.374381698050882  7298
3.374565060722765  6910
3.374748346010104  6927
3.3749315539781883  6985
3.375114684692225  6840
3.375297738217339  6646
3.3754807146185724  7491
3.3756636139608855  7349
3.375846436309156  7651
3.3760291817281805  6928
3.376211850282673  7336
3.3763944420372662  6664
3.376576957056512  7125
3.37675939540488  6870
3.3769417571467586  7116
3.377124042346456  7397
3.377306251068199  6698
3.3774883833761327  6769
3.377670439334323  7167
3.3778524190067545  7178
3.3780343224573315  6475
3.378216149749878  7019
3.3783979009481375  7552
3.378579576115775  7284
3.3787611753163733  6925
3.378942698613437  6889
3.379124146070392  7374
3.379305517750582  7408
3.3794868137172736  6996
3.379668034033654  7556
3.37984917876283  6891
3.380030247967831  6736
3.380211241711606  7290
3.3803921600570273  6958
3.3805730030668872  6600
3.3807537708039  7052
3.380934463330702  7232
3.3811150807098507  6817
3.381295623003826  7162
3.38147609027503  7142
3.381656482585787  6836
3.3818367999983434  7410
3.3820170425748683  6382
3.382197210377454  7182
3.3823773034681137  7229
3.3825573219087857  6249
3.3827372657613304  7039
3.382917135087531  6714
3.3830969299490943  7628
3.3832766504076504  7055
3.383456296524753  7185
3.3836358683618797  6953
3.383815365980431  7751
3.383994789441733  6498
3.3841741388070337  7466
3.384353414137506  6767
3.3845326154942486  7036
3.3847117429382823  7028
3.3848907965305544  6522
3.385069776331935  7355
3.38524868240322  7056
3.3854275148051305  6755
3.385606273598312  7111
3.3857849588433355  7198
3.385963570600697  7226
3.3861421089308186  6788
3.386320573894046  6729
3.386498965550653  6533
3.3866772839608377  7595
3.386855529184724  6925
3.387033701282363  6381
3.3872118003137306  6860
3.387389826338729  7377
3.387567779417189  7069
3.3877456596088638  6649
3.3879234669734366  6918
3.3881012015705165  7092
3.388278863459639  6236
3.3884564527002667  7279
3.388633969351789  6594
3.3888114134735234  7140
3.388988785124714  6918
3.3891660843645326  7445
3.389343311252078  7662
3.3895204658463776  6557
3.3896975482063856  6975
3.3898745583909853  7502
3.3900514964589874  6755
3.3902283624691303  7131
3.390405156480081  7083
3.390581878550435  7439
3.390758528738717  7369
3.3909351071033793  6875
3.3911116137028023  7184
3.3912880485952974  6743
3.3914644118391033  7115
3.3916407034923877  7152
3.391816923613249  7690
3.3919930722597127  7184
3.392169149489736  7575
3.392345155361204  7056
3.3925210899319325  7129
3.392696953259666  6669
3.3928727454020793  6982
3.3930484664167784  7046
3.3932241163612975  7225
3.393399695293102  6967
3.3935752032695876  6799
3.39375064034808  7101
3.3939260065858368  7052
3.3941013020400446  7415
3.3942765267678214  7390
3.3944516808262164  7100
3.394626764272209  7408
3.394801777162711  7502
3.394976719554564  7247
3.3951515915045425  7047
3.395326393069351  6587
3.395501124305626  7760
3.395675785269936  7253
3.3958503760187813  7157
3.3960248966085933  7011
3.3961993470957363  6579
3.3963737275365067  7280
3.396548037987132  7193
3.3967222785037734  7099
3.396896449142524  6420
3.397070549959409  7552
3.397244581010386  6646
3.397418542351348  7440
3.3975924340381165  7216
3.39776625612645  7003
3.3979400086720375  7045
3.3981136917305026  6842
3.398287305357401  6767
3.3984608496082234  6552
3.398634324538392  7072
3.3988077302032647  7313
3.398981066658131  7094
3.3991543339582164  7435
3.399327532158679  7260
3.3995006613146104  6309
3.399673721481038  6892
3.3998467127129226  6194
3.4000196350651586  7039
3.400192488592576  7086
3.400365273349939  7456
3.400537989391946  6784
3.400710636773231  6876
3.4008832155483626  7093
3.401055725771844  6706
3.401228167498113  6877
3.401400540781544  7455
3.401572845676446  7248
3.401745082237063  7300
3.4019172505175748  7293
3.402089350572097  7266
3.40226138245468  6711
3.402433346219312  6876
3.4026052419199146  6891
3.402777069610347  7076
3.4029488293444046  7291
3.403120521175818  7100
3.4032921451582543  7030
3.4034637013453173  6816
3.403635189790548  6933
3.4038066105474227  7429
3.403977963669355  7045
3.404149249209695  6993
3.404320467221731  7373
3.404491617758686  6817
3.4046627008737222  7194
3.404833716619938  6999
3.4050046650503694  6923
3.4051755462179893  6645
3.405346360175709  7090
3.4055171069763763  6384
3.4056877866727775  7342
3.4058583993176366  6811
3.406028944963615  6811
3.406199423663313  6746
3.4063698354692673  6820
3.406540180433955  7008
3.40671045860979  7098
3.4068806700491248  7305
3.40705081480425  6668
3.4072208929273966  6640
3.4073909044707316  7357
3.4075608494863627  6926
3.4077307280263356  6809
3.407900540142635  6700
3.4080702858871854  6855
3.4082399653118496  7104
3.40840957846843  6957
3.4085791254086675  7157
3.408748606184244  6459
3.4089180208467798  7243
3.409087369447835  7122
3.4092566520389096  6908
3.4094258686714434  7215
3.4095950193968156  7029
3.4097641042663462  7152
3.4099331233312946  7667
3.4101020766428607  7168
3.4102709642521845  7594
3.4104397862103464  7242
3.410608542568368  7116
3.41077723337721  6708
3.4109458586877746  7038
3.4111144185509046  7269
3.4112829130173843  7114
3.4114513421379375  7360
3.41161970596323  6992
3.411788004543869  7259
3.4119562379304016  6714
3.412124406173317  7526
3.4122925093230463  7540
3.412460547429961  7778
3.4126285205443754  7101
3.4127964287165433  6914
3.4129642719966626  7098
3.413132050434872  7137
3.413299764081252  6997
3.413467412985825  7474
3.413634997198556  7341
3.4138025167693513  6584
3.4139699717480614  7496
3.414137362184477  6872
3.4143046881283317  7167
3.4144719496293026  7133
3.414639146737009  6824
3.4148062795010126  7556
3.4149733479708178  6851
3.4151403521958725  7291
3.4153072922255676  7067
3.4154741681092355  7370
3.4156409798961542  6844
3.4158077276355434  7259
3.415974411376566  7078
3.416141031168329  7121
3.4163075870598827  6838
3.4164740791002206  7523
3.416640507338281  7413
3.4168068718229443  7463
3.4169731726030363  7513
3.4171394097273255  7941
3.4173055832445254  7296
3.417471693203293  7069
3.4176377396522297  6725
3.417803722639881  7371
3.417969642214737  6965
3.418135498425232  6347
3.4183012913197452  7523
3.4184670209466006  7699
3.4186326873540653  7022
3.4187982905903533  7062
3.4189638307036225  7239
3.4191293077419758  6462
3.4192947217534604  7411
3.4194600727860704  7242
3.419625360887743  7144
3.419790586106363  7492
3.419955748489758  7112
3.420120848085703  6443
3.4202858849419178  7001
3.4204508591060683  7499
3.420615770625765  7141
3.4207806195485655  7292
3.420945405921972  7082
3.4211101297934343  7350
3.4212747912103465  7310
3.4214393902200495  7232
3.4216039268698313  6872
3.421768401206924  6642
3.4219328132785085  6872
3.4220971631317103  6969
3.4222614508136027  7128
3.4224256763712044  7137
3.422589839851482  6880
3.422753941301348  7038
3.422917980767662  6517
3.423081958297231  7352
3.423245873936808  7204
3.4234097277330933  7787
3.4235735197327357  7483
3.423737249982329  6933
3.4239009185284166  6610
3.4240645254174877  6883
3.42422807069598  6822
3.4243915544102776  6886
3.4245549766067134  7159
3.424718337331567  7306
3.424881636631067  6987
3.425044874551389  6900
3.4252080511386565  6799
3.425371166438941  7240
3.4255342204982635  7560
3.425697213362591  7011
3.4258601450778405  7320
3.4260230156898763  6963
3.426185825244511  7219
3.4263485737875077  7128
3.4265112613645754  6770
3.426673888021373  6778
3.426836453803508  6717
3.426998958756537  6837
3.4271614029259654  6718
3.427323786357247  7034
3.4274861090957853  7264
3.4276483711869328  6737
3.42781057267599  7331
3.427972713608209  7080
3.428134794028789  7296
3.4282968139828798  7255
3.42845877351558  7313
3.428620672671939  7070
3.4287825114969546  7116
3.428944290035574  7735
3.4291060083326967  6884
3.4292676664331685  7375
3.429429264381788  7096
3.4295908022233017  7359
3.429752280002408  6991
3.4299136977637543  6413
3.430075055551939  6547
3.4302363534115106  6463
3.4303975913869666  6682
3.4305587695227575  7214
3.4307198878632823  7114
3.4308809464528913  6862
3.4310419453358856  6830
3.431202884556517  7125
3.4313637641589874  7379
3.431524584187451  6978
3.4316853446860116  7085
3.4318460456987254  7719
3.4320066872695985  6828
3.4321672694425884  7239
3.4323277922616042  7505
3.4324882557705063  7194
3.4326486600131068  7583
3.4328090050331683  7239
3.432969290874406  7411
3.4331295175804857  6740
3.433289685195026  7077
3.433449793761596  7121
3.433609843323718  6995
3.433769833924866  7297
3.433929765608464  6696
3.4340896384178907  7137
3.4342494523964757  6820
3.4344092075875  6767
3.4345689040341987  6522
3.4347285417797577  6964
3.434888120867316  6767
3.4350476413399647  7276
3.4352071032407476  6948
3.4353665066126613  7193
3.435525851498655  6756
3.43568513794163  6714
3.4358443659844413  6823
3.4360035356698964  7037
3.436162647040756  6811
3.4363217001397333  6663
3.436480695009495  7245
3.436639631692661  6950
3.4367985102318035  6675
3.4369573306694496  6570
3.4371160930480786  7051
3.4372747974101237  7101
3.437433443797971  7424
3.4375920322539613  6709
3.437750562820388  6745
3.4379090355394983  6699
3.438067450453494  7076
3.4382258076045296  6954
3.438384107034714  7411
3.4385423487861106  7036
3.4387005329007363  7002
3.438858659420562  6829
3.4390167283875126  6593
3.4391747398434687  6667
3.439332693830263  6777
3.4394905903896835  6907
3.4396484295634737  6849
3.4398062113933303  7176
3.439963935920905  6939
3.4401216031878037  6810
3.440279213235588  8162
3.4404367661057735  6489
3.440594261839831  6728
3.4407517004791854  7203
3.4409090820652177  6917
3.4410664066392633  6856
3.4412236742426123  7573
3.4413808849165113  6192
3.441538038702161  6706
3.441695135640717  7206
3.441852175773292  7014
3.442009159140952  7011
3.44216608578472  6750
3.4423229557455746  6644
3.4424797690644486  6575
3.442636525782232  6549
3.442793225939769  6867
3.4429498695778618  7168
3.443106456737266  7009
3.443262987458695  6205
3.4434194617828173  7360
3.4435758797502576  6753
3.4437322414015967  7281
3.443888546777372  6314
3.444044795918076  6881
3.4442009888641594  6922
3.4443571256560275  7433
3.444513206334043  6630
3.4446692309385245  6875
3.4448251995097476  6827
3.4449811120879446  6635
3.445136968713304  6798
3.4452927694259716  6612
3.44544851426605  6825
3.4456042032735974  6621
3.445759836488631  7446
3.4459154139511234  6885
3.446070935701005  6555
3.446226401778163  6513
3.446381812222442  6965
3.446537167073644  6766
3.4466924663715273  6603
3.446847710155809  6814
3.4470028984661623  6872
3.4471580313422194  6837
3.4473131088235682  6542
3.4474681309497557  7113
3.447623097760286  6227
3.447778009294621  6925
3.4479328655921804  6565
3.448087666692341  6764
3.448242412634439  6440
3.4483971034577676  6292
3.448551739201578  6959
3.44870631990508  6443
3.4488608456074408  6105
3.4490153163477864  6560
3.449169732165201  7027
3.449324093098727  6876
3.449478399187365  7053
3.4496326504700745  6735
3.4497868469857735  7133
3.4499409887733377  6786
3.4500950758716025  6659
3.450249108319361  6732
3.450403086155366  6535
3.450557009418329  6773
3.450710878146919  6864
3.450864692379766  6631
3.4510184521554574  6757
3.45117215751254  6412
3.4513258084895195  6626
3.4514794051248616  6684
3.4516329474569907  6923
3.45178643552429  7143
3.451939869365103  6515
3.4520932490177314  6248
3.452246574520437  6568
3.4523998459114416  6885
3.452553063228925  6640
3.452706226511029  6575
3.452859335795852  6467
3.4530123911214554  6605
3.4531653925258574  6984
3.4533183400470375  6497
3.453471233722936  6690
3.4536240735914507  6657
3.4537768596904423  6082
3.4539295920577286  6407
3.45408227073109  6404
3.4542348957482654  6137
3.454387467146955  6421
3.4545399849648186  6552
3.454692449239477  6024
3.45484486000851  7085
3.45499721730946  6257
3.4551495211798278  6069
3.4553017716570764  6421
3.4554539687786283  6197
3.455606112581867  6191
3.455758203104137  6148
3.455910240382743  6455
3.4560622244549513  6412
3.456214155357989  6310
3.456366033129043  6504
3.4565178578052627  6329
3.4566696294237578  6190
3.456821348021599  5836
3.456973013635818  6410
3.457124626303409  6550
3.4572761860613257  6415
3.4574276929464847  6063
3.4575791469957626  6028
3.4577305482459986  6357
3.4578818967339924  6105
3.458033192496506  6095
3.4581844355702627  6087
3.4583356259919475  6262
3.4584867637982066  5985
3.4586378490256493  6203
3.458788881710845  6583
3.458939861890326  6397
3.4590907896005865  6213
3.459241664878082  6134
3.459392487759231  6273
3.459543258280413  6069
3.4596939764779706  6232
3.459844642388208  6061
3.4599952560473914  5931
3.46014581749175  5937
3.4602963267574753  6254
3.4604467838807205  5841
3.4605971888976015  5922
3.460747541844197  6004
3.4608978427565478  5996
3.4610480916706576  6014
3.461198288622493  5776
3.461348433647983  5646
3.4614985267830187  5931
3.4616485680634552  5881
3.461798557525109  5889
3.461948495203762  6085
3.462098381135156  5905
3.4622482153549976  5897
3.462397997898956  5312
3.4625477288026643  5594
3.4626974081017172  5987
3.4628470358316736  5358
3.462996612028056  5241
3.4631461367263494  5547
3.4632956099620027  5772
3.4634450317704277  5735
3.463594402187  5400
3.463743721247059  5925
3.4638929889859074  5268
3.464042205438811  5877
3.4641913706409997  5352
3.4643404846276673  5065
3.4644895474339714  5327
3.464638559095033  5171
3.4647875196459372  5331
3.4649364291217326  5437
3.4650852875574327  5340
3.4652340949880145  5110
3.4653828514484184  5429
3.46553155697355  5377
3.465680211598278  5244
3.4658288153574364  5174
3.465977368285823  5099
3.466125870418199  4981
3.466274321789292  5148
3.466422722433792  5275
3.4665710723863543  5187
3.4667193716815987  4822
3.4668676203541096  4722
3.4670158184384356  4832
3.4671639659690903  4847
3.467312062980552  4473
3.4674601095072637  4991
3.467608105583633  4870
3.467756051244033  4645
3.4679039465228003  4526
3.4680517914542377  4826
3.4681995860726125  4522
3.4683473304121573  4509
3.468495024507069  4299
3.4686426683915115  4644
3.468790262099611  4224
3.4689378056654614  4308
3.4690852991231202  4143
3.469232742506612  4257
3.469380135849925  4220
3.469527479187014  4411
3.469674772551798  4208
3.469822015978163  4239
3.4699692094999595  4077
3.470116353151004  3811
3.4702634469650784  4229
3.470410490975931  3783
3.4705574852172743  3936
3.470704429722788  3862
3.4708513245261177  3792
3.4709981696608736  3698
3.471144965160633  3772
3.4712917110589387  3395
3.471438407389299  3629
3.47158505418519  3714
3.471731651480051  3435
3.4718781993072905  3212
3.4720246977002813  3657
3.472171146692363  3446
3.472317546316842  3184
3.4724638966069894  3293
3.472610197596045  3027
3.4727564493172123  3254
3.472902651803664  3200
3.4730488050885375  3215
3.473194909204938  3204
3.4733409641859354  2997
3.4734869700645685  3061
3.473632926873841  2808
3.473778834646725  2909
3.473924693416157  3020
3.4740705032150436  2733
3.4742162640762553  2925
3.4743619760326307  2801
3.474507639116976  2674
3.474653253362063  2855
3.474798818800631  2519
3.4749443354653877  2429
3.4750898033890065  2420
3.475235222604128  2401
3.475380593143361  2405
3.4755259150392805  2344
3.4756711883244296  2320
3.475816413031318  2368
3.4759615891924236  2299
3.4761067168401913  2340
3.4762517960070336  2298
3.4763968267253302  2227
3.4765418090274287  2088
3.476686742945645  1917
3.4768316285122607  2022
3.476976465759527  1904
3.4771212547196626  1997
3.477265995424853  1839
3.4774106879072515  1867
3.477555332198981  1802
3.4776999283321306  1829
3.4778444763387584  1757
3.4779889762508893  1708
3.4781334281005174  1576
3.4782778319196046  1598
3.4784221877400805  1563
3.4785664955938436  1525
3.4787107555127594  1505
3.478854967528663  1352
3.478999131673357  1377
3.479143247978613  1296
3.47928731647617  1338
3.4794313371977363  1190
3.4795753101749884  1264
3.479719235439571  1270
3.479863113023098  1180
3.4800069429571505  1141
3.4801507252732806  1209
3.4802944600030066  1099
3.480438147177817  952
3.480581786829169  996
3.4807253789884878  1010
3.4808689236871677  867
3.481012420956573  944
3.4811558708280352  882
3.481299273332856  863
3.481442628502305  813
3.4815859363676225  787
3.481729196960016  788
3.4818724103106633  777
3.4820155764507117  717
3.482158695411276  747
3.4823017672234426  645
3.4824447919182653  624
3.4825877695267677  646
3.482730700079943  569
3.482873583608754  543
3.483016420144132  556
3.4831592097169795  485
3.483301952358167  489
3.4834446480985353  467
3.4835872969688944  444
3.4837298990000236  433
3.4838724542226736  391
3.4840149626675627  395
3.484157424365381  405
3.484299839346786  368
3.484442207642407  347
3.484584529282843  332
3.4847268042986617  333
3.484869032720402  338
3.485011214578573  283
3.485153349903652  277
3.485295438726089  272
3.485437481076301  289
3.485579476984679  297
3.48572142648158  243
3.4858633295973345  248
3.486005186362242  223
3.4861469968065726  255
3.486288760960566  178
3.486430478854434  194
3.4865721505183562  146
3.4867137759824853  126
3.4868553552769432  155
3.4869968884318228  126
3.4871383754771865  132
3.4872798164430687  126
3.4874212113594742  120
3.4875625602563782  107
3.4877038631637265  102
3.4878451201114355  84
3.4879863311293935  90
3.4881274962474587  83
3.48826861549546  100
3.488409688903198  78
3.4885507165004443  69
3.4886916983169405  63
3.4888326343824003  79
3.488973524726508  46
3.4891143693789193  78
3.4892551683692603  42
3.4893959217271293  46
3.4895366294820955  55
3.4896772916636984  54
3.4898179083014504  58
3.4899584794248346  46
3.4900990050633047  36
3.4902394852462875  36
3.490379920003179  44
3.490520309363349  21
3.490660653356137  28
3.490800952010855  26
3.490941205356787  36
3.491081413423187  19
3.491221576239283  20
3.4913616938342726  17
3.4915017662373264  18
3.4916417934775863  18
3.491781775584166  18
3.491921712586151  26
3.492061604512599  13
3.49220145139254  29
3.4923412532549745  21
3.4924810101288766  21
3.492620722043192  25
3.4927603890268375  17
3.4929000111087034  18
3.4930395883176515  14
3.493179120682515  13
3.4933186082321015  13
3.4934580509951885  12
3.493597449000527  16
3.49373680227684  10
3.4938761108528227  6
3.4940153747571436  14
3.494154594018443  6
3.4942937686653326  13
3.494432898726399  8
3.4945719842301988  10
3.494711025205263  8
3.494850021680094  6
3.494988973683168  3
3.4951278812429334  6
3.4952667443878105  6
3.495405563146193  10
3.4955443375464483  4
3.4956830676169153  3
3.495821753385906  7
3.4959603948817053  6
3.496098992132571  3
3.496237545166735  3
3.496376054012401  3
3.496514518697745  5
3.496652939250918  3
3.4967913157000425  1
3.496929648073215  2
3.497067936398505  3
3.4972061807039547  3
3.49734438101758  3
3.4974825373673704  1
3.497620649781288  3
3.497758718287268  3
3.49789674291322  2
3.498034723687027  2
3.498172660636544  2
3.4983105537896004  1
3.4984484031739997  1
