0.3010299956639812  7071
0.47712125471966244  7469
0.6020599913279624  7307
0.6989700043360189  7049
0.7781512503836436  7428
0.8450980400142568  7603
0.9030899869919435  7247
0.9542425094393249  6971
1.0  7095
1.0413926851582251  7236
1.0791812460476249  7306
1.1139433523068367  7025
1.146128035678238  7021
1.1760912590556813  7452
1.2041199826559248  7162
1.2304489213782739  7475
1.255272505103306  7171
1.2787536009528289  7144
1.3010299956639813  7525
1.3222192947339193  7404
1.3424226808222062  7287
1.3617278360175928  7048
1.380211241711606  7504
1.3979400086720377  7296
1.414973347970818  7053
1.4313637641589874  7297
1.4471580313422192  7254
1.462397997898956  7443
1.4771212547196624  6852
1.4913616938342726  7325
1.505149978319906  7097
1.5185139398778875  6402
1.5314789170422551  6489
1.5440680443502757  6176
1.5563025007672873  6035
1.568201724066995  5728
1.5797835966168101  5306
1.591064607026499  5556
1.6020599913279623  5268
1.6127838567197355  5121
1.6232492903979006  5096
1.6334684555795864  5235
1.6434526764861874  4847
1.6532125137753437  5010
1.662757831681574  4881
1.6720978579357175  5357
1.6812412373755872  5048
1.6901960800285136  4995
1.6989700043360187  5317
1.7075701760979363  4739
1.7160033436347992  4763
1.724275869600789  4718
1.7323937598229686  4939
1.7403626894942439  4827
1.7481880270062005  5118
1.7558748556724915  4719
1.7634279935629373  4910
1.7708520116421442  4997
1.7781512503836436  5127
1.7853298350107671  5056
1.792391689498254  5019
1.7993405494535817  5227
1.806179973983887  5020
1.8129133566428555  5183
1.8195439355418688  5119
1.8260748027008264  5103
1.8325089127062364  5113
1.8388490907372552  4972
1.845098040014257  5056
1.8512583487190752  5125
1.8573324964312685  5104
1.863322860120456  5073
1.8692317197309762  5080
1.8750612633917  5376
1.8808135922807914  4851
1.8864907251724818  4631
1.8920946026904804  4622
1.8976270912904414  5203
1.9030899869919435  5151
1.9084850188786497  4932
1.9138138523837167  5069
1.919078092376074  4835
1.9242792860618816  4928
1.9294189257142926  5051
1.9344984512435677  5183
1.9395192526186185  5243
1.9444826721501687  5198
1.9493900066449128  5044
1.954242509439325  5261
1.9590413923210936  4950
1.9637878273455553  4881
1.968482948553935  5216
1.9731278535996986  5006
1.9777236052888478  4922
1.9822712330395684  5253
1.9867717342662448  5093
1.9912260756924949  4839
1.99563519459755  5130
2.0  4839
2.0043213737826426  4988
2.0086001717619175  5104
2.012837224705172  5129
2.0170333392987803  5219
2.0211892990699383  4852
2.0253058652647704  5177
2.0293837776852097  4778
2.03342375548695  5198
2.037426497940624  4996
2.041392685158225  4907
2.0453229787866576  4942
2.0492180226701815  5136
2.0530784434834195  5340
2.0569048513364727  4971
2.060697840353612  5000
2.0644579892269186  5180
2.0681858617461617  4873
2.0718820073061255  5022
2.0755469613925306  5204
2.0791812460476247  5422
2.0827853703164503  5033
2.0863598306747484  4963
2.089905111439398  5101
2.093421685162235  5066
2.0969100130080562  5221
2.100370545117563  4929
2.103803720955957  5122
2.1072099696478683  5096
2.110589710299249  4955
2.113943352306837  4883
2.1172712956557644  4890
2.12057393120585  4978
2.123851640967086  4887
2.1271047983648077  5153
2.130333768495006  5130
2.1335389083702174  4843
2.1367205671564067  5097
2.1398790864012365  5100
2.143014800254095  4922
2.146128035678238  5050
2.1492191126553797  5230
2.1522883443830563  4859
2.155336037465062  4906
2.1583624920952498  4931
2.161368002234975  4966
2.164352855784437  5076
2.167317334748176  5049
2.1702617153949575  5048
2.173186268412274  4946
2.1760912590556813  4976
2.1789769472931693  5118
2.1818435879447726  4786
2.184691430817599  4865
2.187520720836463  5304
2.1903316981702914  5128
2.1931245983544616  5127
2.1958996524092336  4890
2.1986570869544226  4925
2.2013971243204513  4864
2.2041199826559246  5010
2.2068258760318495  4853
2.2095150145426308  5101
2.2121876044039577  4611
2.214843848047698  4996
2.2174839442139063  5110
2.220108088040055  5040
2.2227164711475833  4863
2.225309281725863  4944
2.2278867046136734  4894
2.230448921378274  5135
2.2329961103921536  5202
2.2355284469075487  4938
2.2380461031287955  4884
2.2405492482826  5233
2.2430380486862944  4844
2.24551266781415  5025
2.247973266361807  5210
2.250420002308894  4839
2.2528530309798933  5064
2.255272505103306  5083
2.2576785748691846  5247
2.2600713879850747  4721
2.2624510897304293  5238
2.2648178230095364  4845
2.2671717284030137  4942
2.2695129442179165  5008
2.271841606536499  5206
2.27415784926368  5000
2.2764618041732443  4942
2.278753600952829  5089
2.2810333672477277  4920
2.2833012287035497  5141
2.285557309007774  4978
2.287801729930226  5220
2.290034611362518  4823
2.292256071356476  4893
2.294466226161593  5100
2.296665190261531  5166
2.298853076409707  5086
2.3010299956639813  5256
2.303196057420489  5151
2.305351369446624  5257
2.307496037913213  4903
2.3096301674258988  5181
2.311753861055754  4686
2.3138672203691533  4673
2.315970345456918  5141
2.3180633349627615  4831
2.3201462861110542  4883
2.322219294733919  4789
2.3242824552976926  5043
2.326335860928751  4922
2.3283796034387376  5226
2.330413773349191  4803
2.3324384599156054  5091
2.3344537511509307  5255
2.3364597338485296  5081
2.3384564936046046  5147
2.3404441148401185  4989
2.342422680822206  5125
2.3443922736851106  5220
2.346352974450639  4924
2.3483048630481607  4800
2.3502480183341627  4901
2.3521825181113627  5043
2.3541084391474008  5047
2.3560258571931225  4760
2.357934847000454  5068
2.359835482339888  5068
2.361727836017593  4939
2.3636119798921444  4952
2.3654879848909  4996
2.367355921026019  5089
2.369215857410143  4949
2.3710678622717363  5348
2.3729120029701067  4772
2.374748346010104  5098
2.376576957056512  4754
2.3783979009481375  4925
2.380211241711606  4713
2.3820170425748683  5053
2.383815365980431  4880
2.385606273598312  4975
2.387389826338729  4853
2.3891660843645326  5109
2.3909351071033793  4967
2.392696953259666  4976
2.3944516808262164  4902
2.3961993470957363  4784
2.3979400086720375  4951
2.399673721481038  5062
2.401400540781544  5131
2.403120521175818  4876
2.404833716619938  4656
2.406540180433955  5149
2.4082399653118496  5198
2.4099331233312946  5090
2.41161970596323  4857
2.413299764081252  4932
2.4149733479708178  4825
2.416640507338281  5105
2.4183012913197452  5196
2.419955748489758  5232
2.4216039268698313  5106
2.423245873936808  4897
2.424881636631067  4862
2.4265112613645754  5032
2.428134794028789  5083
2.429752280002408  5129
2.4313637641589874  4756
2.432969290874406  5437
2.4345689040341987  4985
2.436162647040756  4761
2.437750562820388  4880
2.439332693830263  5015
2.4409090820652177  5260
2.4424797690644486  4947
2.444044795918076  4806
2.4456042032735974  5013
2.4471580313422194  5197
2.44870631990508  5002
2.450249108319361  5007
2.45178643552429  4816
2.4533183400470375  4948
2.45484486000851  5091
2.456366033129043  5047
2.4578818967339924  5101
2.459392487759231  5290
2.4608978427565478  5020
2.462397997898956  5222
2.4638929889859074  5130
2.4653828514484184  5123
2.4668676203541096  5357
2.4683473304121573  4979
2.469822015978163  4979
2.4712917110589387  5004
2.4727564493172123  4947
2.4742162640762553  5142
2.4756711883244296  4891
2.4771212547196626  5198
2.4785664955938436  5045
2.4800069429571505  5127
2.481442628502305  5255
2.482873583608754  5211
2.484299839346786  5266
2.48572142648158  5085
2.4871383754771865  4989
2.4885507165004443  4831
2.4899584794248346  4886
2.4913616938342726  4844
2.4927603890268375  5132
2.494154594018443  4908
2.4955443375464483  5126
2.496929648073215  5033
2.4983105537896004  5163
2.499687082618404  4844
2.5010592622177517  4797
2.5024271199844326  4907
2.503790683057181  5164
2.505149978319906  5260
2.506505032404872  4860
2.507855871695831  4858
2.509202522331103  5133
2.510545010206612  4782
2.5118833609788744  5089
2.513217600067939  5038
2.514547752660286  5028
2.515873843711679  5071
2.5171958979499744  4855
2.5185139398778875  5003
2.519827993775719  5135
2.5211380837040362  5258
2.5224442335063197  4944
2.5237464668115646  5343
2.525044807036845  4959
2.526339277389844  4929
2.5276299008713385  4943
2.5289167002776547  5054
2.530199698203082  5162
2.531478917042255  5146
2.5327543789924976  5009
2.534026106056135  5004
2.5352941200427703  4981
2.53655844257153  4874
2.537819095073274  5022
2.5390760987927767  4963
2.5403294747908736  4933
2.5415792439465807  4917
2.5428254269591797  5134
2.5440680443502757  5094
2.545307116465824  5138
2.546542663478131  5067
2.5477747053878224  5037
2.5490032620257876  5099
2.550228353055094  4759
2.5514499979728753  4903
2.552668216112193  4968
2.5538830266438746  5005
2.5550944485783194  4851
2.5563025007672873  4950
2.5575072019056577  5010
2.558708570533166  5011
2.5599066250361124  5228
2.561101383649056  5598
2.5622928644564746  4748
2.5634810853944106  4943
2.5646660642520893  4973
2.5658478186735176  5001
2.56702636615906  5271
2.568201724066995  5190
2.569373909615046  5136
2.5705429398818973  5131
2.571708831808688  5332
2.5728716022004803  5334
2.574031267727719  4984
2.575187844927661  5241
2.576341350205793  5039
2.5774917998372255  4854
2.578639209968072  5304
2.57978359661681  5128
2.5809249756756194  4829
2.582063362911709  5070
2.583198773968623  4982
2.584331224367531  4969
2.5854607295085006  4977
2.586587304671755  5124
2.5877109650189114  5078
2.5888317255942073  4822
2.5899496013257077  5029
2.591064607026499  5117
2.5921767573958667  4975
2.593286067020457  4982
2.5943925503754266  5156
2.595496221825574  4977
2.59659709562646  5240
2.597695185925512  4715
2.598790506763115  4949
2.5998830720736876  5161
2.6009728956867484  5038
2.6020599913279625  5356
2.603144372620182  5353
2.60422605308447  5023
2.6053050461411096  5048
2.606381365110605  5288
2.6074550232146687  4979
2.6085260335771943  5117
2.60959440922522  5173
2.61066016308988  5197
2.611723308007342  4782
2.6127838567197355  5391
2.6138418218760693  5094
2.6148972160331345  5050
2.615950051656401  5054
2.617000341120899  5028
2.6180480967120925  5117
2.6190933306267428  5389
2.6201360549737576  4845
2.621176281775035  4990
2.622214022966295  4759
2.6232492903979003  4766
2.6242820958356683  5288
2.625312450961674  5013
2.6263403673750423  4920
2.6273658565927325  4873
2.6283889300503116  5215
2.629409599102719  5120
2.630427875025024  4824
2.6314437690131722  4802
2.6324572921847245  4694
2.6334684555795866  5178
2.6344772701607315  5069
2.635483746814912  4768
2.6364878963533656  5020
2.637489729512511  4955
2.6384892569546374  4930
2.639486489268586  4970
2.640481436970422  4995
2.6414741105040997  4974
2.6424645202421213  5206
2.6434526764861874  5067
2.6444385894678386  4882
2.645422269349092  5056
2.6464037262230695  4865
2.6473829701146196  5157
2.6483600109809315  5000
2.649334858712142  4790
2.6503075231319366  5042
2.651278013998144  5253
2.6522463410033232  5041
2.6532125137753435  5012
2.6541765418779604  5099
2.655138434811382  4822
2.656098202012832  5014
2.6570558528571038  4650
2.6580113966571126  4829
2.658964842664435  5082
2.6599162000698504  4939
2.660865478003869  5388
2.661812685537261  4777
2.662757831681574  4953
2.663700925389648  5042
2.6646419755561257  5038
2.6655809910179533  4645
2.6665179805548807  5025
2.667452952889954  4999
2.66838591669  5106
2.6693168805661123  5164
2.670245853074124  4639
2.6711728427150834  4697
2.6720978579357175  5036
2.673020907128896  5012
2.673941998634088  4734
2.6748611407378116  4967
2.6757783416740852  5209
2.6766936096248664  5137
2.677606952720493  5062
2.678518379040114  4819
2.6794278966121188  5197
2.680335513414563  5156
2.681241237375587  5150
2.682145076373832  5246
2.6830470382388496  4959
2.683947130751512  4999
2.6848453616444123  4981
2.6857417386022635  5018
2.6866362692622934  5101
2.6875289612146345  4981
2.6884198220027105  5142
2.6893088591236203  4796
2.690196080028514  5213
2.6910814921229687  4891
2.69196510276736  4910
2.69284691927723  4906
2.693726948923647  5076
2.694605198933569  5114
2.6954816764901977  4972
2.696356388733332  5102
2.6972293427597176  4979
2.6981005456233897  5053
2.6989700043360187  5079
2.699837725867246  5208
2.7007037171450192  5089
2.7015679850559273  5111
2.7024305364455254  5236
2.7032913781186614  5027
2.7041505168397992  4952
2.705007959333336  4722
2.7058637122839193  4849
2.7067177823367587  5236
2.7075701760979363  4976
2.708420900134713  4927
2.709269960975831  5059
2.7101173651118162  4720
2.710963118995276  4997
2.711807229041191  5059
2.7126497016272113  5107
2.7134905430939424  5290
2.714329759745233  5239
2.7151673578484576  4812
2.716003343634799  4780
2.7168377232995247  4889
2.717670503002262  5023
2.718501688867274  5034
2.7193312869837265  4984
2.720159303405957  4951
2.7209857441537393  5130
2.7218106152125467  4867
2.722633922533812  5037
2.7234556720351857  4731
2.724275869600789  4943
2.725094521081469  4928
2.7259116322950483  4936
2.7267272090265724  5133
2.727541257028556  4815
2.7283537820212285  5254
2.72916478969277  4995
2.7299742856995555  5024
2.7307822756663893  5153
2.7315887651867388  5446
2.7323937598229686  4962
2.7331972651065692  5313
2.733999286538387  4801
2.734799829588847  5041
2.73559889969818  5025
2.7363965022766426  4754
2.7371926427047373  4885
2.737987326333431  4819
2.738780558484369  5204
2.739572344450092  5097
2.7403626894942437  4878
2.741151598851785  5005
2.741939077729199  5083
2.7427251313046983  5251
2.74350976472843  4994
2.7442929831226763  5134
2.7450747915820575  4920
2.745855195173729  5053
2.7466341989375787  4938
2.747411807886423  5334
2.7481880270062002  4651
2.7489628612561616  5033
2.749736315569061  4925
2.7505083948513462  5080
2.751279103983342  4795
2.7520484478194387  5032
2.7528164311882715  4923
2.7535830588929064  4882
2.754348335711019  4713
2.7551122663950713  5074
2.7558748556724915  4976
2.756636108245848  5046
2.7573960287930244  4898
2.75815462196739  4769
2.7589118923979736  5132
2.7596678446896306  5194
2.760422483423212  4845
2.7611758131557314  5327
2.761927838420529  5186
2.762678563727436  5194
2.7634279935629373  5506
2.7641761323903307  4838
2.7649229846498886  4979
2.765668554759014  4893
2.7664128471123997  5219
2.7671558660821804  5013
2.767897616018091  5101
2.7686381012476144  4909
2.7693773260761385  5161
2.7701152947871015  4943
2.7708520116421442  5056
2.7715874808812555  5183
2.77232170672292  4967
2.7730546933642626  4849
2.7737864449811935  4624
2.7745169657285498  5060
2.7752462597402365  4809
2.775974331129369  4842
2.776701183988411  5091
2.7774268223893115  5049
2.7781512503836434  5057
2.7788744720027396  5115
2.7795964912578244  4810
2.780317312140151  4934
2.7810369386211318  4803
2.781755374652469  4882
2.782472624166286  5066
2.7831886910752575  4919
2.783903579272735  5331
2.784617292632875  5251
2.785329835010767  4946
2.786041210242554  5224
2.7867514221455614  4829
2.787460474518415  5300
2.788168371141168  5200
2.788875115775417  5163
2.7895807121644256  5037
2.7902851640332416  4966
2.790988475088816  5096
2.791690649020118  5085
2.792391689498254  4785
2.79309160017658  5091
2.7937903846908188  4952
2.7944880466591697  5033
2.795184589682424  4939
2.7958800173440754  5076
2.7965743332104296  4930
2.7972675408307164  4932
2.797959643737196  4996
2.798650645445269  5034
2.7993405494535817  4964
2.8000293592441343  5051
2.800717078282385  4798
2.801403710017355  4614
2.802089257881733  4973
2.8027737252919755  4893
2.803457115648414  5063
2.8041394323353503  5060
2.8048206787211623  4897
2.8055008581584002  4763
2.806179973983887  4958
2.8068580295188172  5157
2.807535028068853  4932
2.808210972924222  5036
2.808885867359812  5047
2.8095597146352675  5127
2.8102325179950842  5269
2.8109042806687006  5088
2.8115750058705933  5161
2.812244696800369  5250
2.8129133566428557  5212
2.813580988568192  4668
2.81424759573192  4885
2.814913181275074  5159
2.815577748324267  5077
2.816241299991783  5155
2.8169038393756605  5231
2.8175653695597807  4964
2.8182258936139557  5166
2.8188854145940097  5086
2.8195439355418688  4902
2.82020145948564  4800
2.8208579894397  5240
2.821513528404773  4945
2.8221680793680175  5000
2.8228216453031045  5180
2.823474229170301  5019
2.824125833916549  5081
2.824776462475546  4931
2.8254261177678233  5097
2.8260748027008264  5330
2.826722520168992  4989
2.8273692730538253  4851
2.828015064223977  5054
2.82865989653532  5046
2.829303772831025  5035
2.829946695941636  4744
2.8305886686851442  5105
2.8312296938670634  5215
2.8318697742805017  4891
2.832508912706236  5240
2.833147111912785  5017
2.833784374656479  4930
2.8344207036815328  4836
2.835056101720116  4763
2.8356905714924254  5023
2.8363241157067516  4943
2.8369567370595505  4990
2.837588438235511  5081
2.8382192219076257  4897
2.838849090737255  4745
2.8394780473741985  4881
2.840106094456758  4853
2.8407332346118066  4840
2.841359470454855  5051
2.8419848045901137  4906
2.842609239610562  4876
2.8432327780980096  5068
2.843855422623161  4912
2.8444771757456815  5078
2.845098040014257  4794
2.8457180179666586  5044
2.846337112129805  4988
2.846955325019824  5076
2.847572659142112  5109
2.848189116991399  4782
2.8488047010518036  4919
2.8494194137968996  5037
2.850033257689769  5045
2.8506462351830666  5065
2.8512583487190755  4977
2.851869600729766  5013
2.8524799936368566  4728
2.8530895298518657  4908
2.8536982117761744  5109
2.8543060418010806  5041
2.8549130223078554  5029
2.8555191556678  4867
2.8561244442423  4839
2.8567288903828825  5025
2.8573324964312685  5111
2.857935264719429  5030
2.858537197569639  4762
2.859138297294531  4795
2.859738566197147  4954
2.8603380065709936  4987
2.8609366207000937  5205
2.8615344108590377  4896
2.862131379313037  5222
2.8627275283179747  5011
2.863322860120456  5315
2.8639173769578603  5002
2.864511081058392  4954
2.8651039746411278  4960
2.8656960599160706  4985
2.8662873390841948  4938
2.866877814337499  5190
2.8674674878590514  4735
2.8680563618230415  4950
2.8686444383948255  5184
2.8692317197309762  5314
2.869818207979328  4857
2.870403905279027  4842
2.8709888137605755  5271
2.8715729355458786  4973
2.8721562727482928  5163
2.8727388274726686  5012
2.873320601815399  5186
2.8739015978644615  4869
2.8744818176994666  5262
2.8750612633917  4936
2.8756399370041685  5283
2.876217840591642  5378
2.8767949762007006  4831
2.877371345869774  4828
2.8779469516291885  4746
2.8785217955012063  5308
2.8790958795000727  4994
2.8796692056320534  5023
2.88024177589548  4938
2.8808135922807914  5197
2.8813846567705728  4960
2.8819549713396007  5113
2.8825245379548803  5065
2.8830933585756897  5026
2.8836614351536176  5113
2.884228769632604  5117
2.884795363948981  5074
2.885361220031512  5021
2.885926339801431  5097
2.886490725172482  5120
2.8870543780509568  5206
2.887617300335736  4623
2.888179493918325  5003
2.8887409606828927  5188
2.88930170250631  4764
2.8898617212581885  5045
2.890421018800914  4829
2.890979596989689  4965
2.8915374576725643  5110
2.8920946026904804  5540
2.8926510338773004  4891
2.893206753059848  5135
2.8937617620579434  4883
2.8943160626844384  4819
2.8948696567452528  5083
2.895422546039408  5100
2.8959747323590648  4828
2.8965262174895554  5069
2.89707700320942  4883
2.8976270912904414  5019
2.8981764834976764  4987
2.8987251815894934  4727
2.8992731873176036  5045
2.8998205024270964  5235
2.9003671286564705  4847
2.900913067737669  4951
2.9014583213961123  4718
2.9020028913507296  4975
2.902546779313991  5001
2.9030899869919438  5016
2.9036325160842376  5126
2.9041743682841634  4758
2.904715545278681  5061
2.905256048748451  4994
2.9057958803678687  5407
2.906335041805091  5151
2.90687353472207  5022
2.907411360774586  5171
2.9079485216122722  4858
2.90848501887865  5040
2.909020854211156  4868
2.9095560292411755  4799
2.910090545594068  4925
2.910624404889201  4813
2.9111576087399764  5006
2.9116901587538613  5139
2.9122220565324155  5097
2.912753303671323  5315
2.9132839017604186  5008
2.9138138523837167  5095
2.9143431571194407  5262
2.9148718175400505  5077
2.91539983521227  5056
2.9159272116971158  4973
2.916453948549925  5152
2.9169800473203824  5062
2.9175055095525466  5114
2.9180303367848803  5072
2.9185545305502734  5091
2.9190780923760737  4927
2.919601023784111  4868
2.920123326290724  5146
2.9206450014067875  4901
2.921166050637739  5011
2.921686475483602  4953
2.9222062774390163  4905
2.92272545799326  4969
2.9232440186302764  4739
2.9237619608287004  5096
2.9242792860618816  4816
2.924795995797912  5161
2.9253120914996495  4927
2.9258275746247424  4920
2.926342446625655  5117
2.926856708949692  4932
2.9273703630390235  5152
2.9278834103307068  5101
2.9283958522567137  5258
2.928907690243953  4918
2.929418925714293  4927
2.929929560084588  4678
2.9304395947667  4989
2.930949031167523  4873
2.931457870689005  4871
2.931966114728173  5090
2.932473764677153  5169
2.932980821923198  5027
2.9334872878487053  4922
2.9339931638312424  5367
2.934498451243568  4967
2.935003151453655  4982
2.9355072658247128  5141
2.9360107957152097  5027
2.936513742478893  5015
2.9370161074648142  5358
2.937517892017347  4808
2.9380190974762104  5191
2.938519725176492  5170
2.9390197764486663  4758
2.9395192526186187  5020
2.9400181550076634  5145
2.940516484932567  5078
2.9410142437055695  4952
2.941511432634403  4982
2.942008053022313  5025
2.9425041061680806  5073
2.9429995933660407  5257
2.9434945159061026  4887
2.9439888750737717  5145
2.9444826721501687  5139
2.9449759084120477  5032
2.94546858513182  4855
2.9459607035775686  5179
2.946452265013073  4966
2.9469432706978256  4978
2.9474337218870508  5124
2.9479236198317262  5184
2.948412965778601  4997
2.9489017609702137  4876
2.949390006644913  5018
2.949877704036875  5119
2.950364854376123  5121
2.9508514588885464  5189
2.951337518795918  5089
2.951823035315912  5133
2.9523080096621253  4664
2.952792443044092  5264
2.9532763366673045  4874
2.9537596917332287  4976
2.9542425094393248  5093
2.954724790979063  5028
2.9552065375419416  4960
2.9556877503135057  4922
2.9561684304753633  5108
2.9566485792052033  5174
2.957128197676813  4696
2.957607287060095  5206
2.958085848521085  5033
2.9585638832219674  4848
2.9590413923210934  4937
2.9595183769729982  4839
2.959994838328416  4925
2.960470777534299  5250
2.960946195733831  4990
2.9614210940664485  4929
2.9618954736678504  5151
2.962369335670021  4860
2.9628426812012423  4952
2.9633155113861114  4922
2.963787827345555  4876
2.964259630196849  5012
2.9647309210536292  4974
2.965201701025912  5245
2.9656719712201065  5151
2.9661417327390325  5117
2.966610986681934  5057
2.967079734144497  4979
2.967547976218862  4911
2.968015713993642  5140
2.9684829485539352  5123
2.9689496809813427  5125
2.9694159123539814  4869
2.9698816437465  4957
2.9703468762300935  4912
2.9708116108725178  5054
2.971275848738105  4784
2.971739590887778  5225
2.9722028383790646  5067
2.972665592266111  4806
2.9731278535996988  4849
2.973589623427257  5190
2.9740509027928774  5204
2.9745116927373285  5226
2.974971994298069  5095
2.975431808509263  5037
2.975891136401793  4990
2.9763499790032735  5294
2.976808337338066  5353
2.977266212427293  5170
2.9777236052888476  4733
2.978180516937414  4934
2.9786369483844743  5160
2.979092900638326  4921
2.979548374704095  4957
2.9800033715837464  5008
2.9804578922761  5086
2.9809119377768436  5004
2.9813655090785445  4973
2.9818186071706636  5076
2.9822712330395684  4910
2.9827233876685453  4916
2.983175072037813  4726
2.9836262871245345  5070
2.984077033902831  4946
2.9845273133437926  5043
2.9849771264154934  5158
2.9854264740830017  4980
2.9858753573083936  5231
2.986323777050765  4949
2.9867717342662448  4912
2.9872192299080047  4700
2.9876662649262746  5113
2.988112840268352  5007
2.9885589568786157  5003
2.989004615698537  4968
2.9894498176666917  5065
2.989894563718773  4850
2.9903388547876015  5041
2.9907826918031377  5055
2.9912260756924947  4807
2.9916690073799486  5147
2.9921114877869495  5157
2.9925535178321354  4955
2.9929950984313414  5113
2.9934362304976116  5049
2.993876914941211  4907
2.9943171526696366  4639
2.9947569445876283  5112
2.9951962915971793  5025
2.99563519459755  5191
2.9960736544852753  4979
2.9965116721541785  5000
2.996949248495381  4985
2.997386384397313  5156
2.9978230807457256  4998
2.998259338423699  4994
2.998695158311656  5222
2.999130541287371  5119
2.9995654882259823  5156
3.0  4858
3.000434077479319  4902
3.0008677215312267  4841
3.0013009330204183  4683
3.0017337128090005  5261
3.002166061756508  5039
3.0025979807199086  5103
3.003029470553618  4808
3.0034605321095067  5277
3.0038911662369103  4869
3.0043213737826426  4976
3.004751155591001  5150
3.0051805125037805  4958
3.0056094453602804  4678
3.0060379549973173  4974
3.0064660422492318  5045
3.0068937079479006  5025
3.0073209529227447  5096
3.00774777800074  5124
3.0081741840064264  5229
3.0086001717619175  4703
3.0090257420869104  4670
3.009450895798694  5222
3.00987563371216  5068
3.010299956639812  5004
3.010723865391773  5032
3.0111473607757975  5024
3.0115704435972783  5077
3.011993114659257  4987
3.012415374762433  5095
3.012837224705172  4988
3.0132586652835167  5185
3.0136796972911926  4989
3.0141003215196207  5071
3.0145205387579237  4803
3.0149403497929366  4990
3.0153597554092144  4975
3.015778756389041  4960
3.016197353512439  4712
3.016615547557177  5060
3.0170333392987803  5053
3.017450729510536  5166
3.0178677189635055  5405
3.018284308426531  4799
3.0187004986662433  5023
3.019116290447073  5275
3.0195316845312554  4981
3.0199466816788423  4706
3.0203612826477078  5029
3.020775488193558  4913
3.0211892990699383  5020
3.021602716028242  5214
3.02201573981772  5064
3.0224283711854865  5301
3.022840610876528  4871
3.0232524596337114  4949
3.0236639181977933  4986
3.024074987307426  5075
3.024485667699167  4933
3.024895960107485  5472
3.0253058652647704  5334
3.025715383901341  5055
3.0261245167454502  4954
3.0265332645232967  4994
3.0269416279590295  5126
3.0273496077747564  5216
3.0277572046905536  4728
3.0281644194244697  5183
3.0285712526925375  5147
3.028977705208778  5087
3.0293837776852097  5050
3.029789470831856  4950
3.030194785356751  5227
3.030599721965951  5020
3.0310042813635367  4986
3.031408464251624  5156
3.0318122713303706  5111
3.0322157032979815  4965
3.03261876085072  5018
3.0330214446829107  5027
3.03342375548695  5127
3.03382569395331  4954
3.0342272607705505  5048
3.0346284566253203  4944
3.0350292822023683  4926
3.0354297381845483  5081
3.035829825252828  5096
3.0362295440862948  5047
3.036628895362161  4991
3.037027879755775  4627
3.037426497940624  4943
3.037824750588342  4924
3.0382226383687185  5124
3.038620161949703  4815
3.039017321997412  4918
3.0394141191761372  4857
3.0398105541483504  5045
3.0402066275747113  5265
3.040602340114073  4995
3.0409976924234905  4907
3.041392685158225  4937
3.041787318971752  4925
3.042181594515766  5087
3.0425755124401905  5052
3.0429690733931802  5064
3.0433622780211294  4936
3.0437551269686796  5131
3.044147620878723  4992
3.044539760392411  4845
3.04493154614916  5266
3.0453229787866576  4930
3.0457140589408676  5015
3.0461047872460387  5043
3.0464951643347082  5177
3.04688519083771  5351
3.0472748673841794  5362
3.04766419460156  5237
3.048053173115609  5096
3.0484418035504044  5148
3.04883008652835  4999
3.0492180226701815  5190
3.049605612594973  5060
3.0499928569201424  4845
3.050379756261458  5292
3.0507663112330423  5015
3.0511525224473814  5225
3.0515383905153275  5041
3.0519239160461065  5080
3.0523090996473234  4875
3.052693941924968  5203
3.0530784434834195  5112
3.053462604925455  4841
3.0538464268522527  4866
3.0542299098633974  4970
3.0546130545568877  5070
3.0549958615291417  5185
3.055378331375  4630
3.0557604646877348  5140
3.056142262059052  5016
3.0565237240791006  4907
3.0569048513364727  4942
3.0572856444182146  5387
3.0576661039098294  4961
3.0580462303952816  4998
3.058426024457005  4926
3.0588054866759067  4971
3.059184617631371  5044
3.0595634179012676  4919
3.059941888061955  5413
3.060320028688285  5247
3.060697840353612  4879
3.0610753236297916  5007
3.061452479087193  5248
3.061829307294699  4886
3.0622058088197126  5025
3.062581984228163  5319
3.0629578340845103  4789
3.0633333589517497  5232
3.0637085593914173  4776
3.064083435963596  5013
3.0644579892269186  5029
3.064832219738574  5062
3.065206128054312  4957
3.0655797147284485  5118
3.06595298031387  4872
3.0663259253620376  5094
3.0666985504229953  4969
3.0670708560453703  5080
3.0674428427763805  4914
3.0678145111618402  4911
3.0681858617461617  5327
3.068556895072363  4800
3.068927611682072  5024
3.0692980121155293  5155
3.0696680969115957  5355
3.070037866607755  4926
3.0704073217401198  5064
3.0707764628434346  5154
3.0711452904510828  4964
3.071513805095089  5179
3.0718820073061255  4807
3.072249897613515  4807
3.0726174765452368  4967
3.0729847446279304  5057
3.073351702386901  5424
3.0737183503461227  5140
3.074084689028244  4815
3.074450718954591  5380
3.074816440645175  4927
3.0751818546186915  5313
3.0755469613925306  4755
3.0759117614827773  4931
3.076276255404218  4876
3.076640443670342  5290
3.0770043267933502  5114
3.0773679052841563  5160
3.077731179652392  5044
3.0780941504064105  4883
3.0784568180532927  5081
3.0788191830988487  4966
3.0791812460476247  5020
3.079543007402906  5030
3.079904467666721  4874
3.0802656273398448  4895
3.0806264869218056  4758
3.080987046910887  5148
3.0813473078041325  4889
3.081707270097349  5270
3.082066934285113  4939
3.0824263008607717  4890
3.0827853703164503  5119
3.0831441431430524  5017
3.0835026198302673  5163
3.083860800866573  5131
3.0842186867392387  5049
3.084576277934331  5167
3.084933574936716  4685
3.085290578230065  5079
3.0856472882968564  5347
3.0860037056183818  5086
3.0863598306747484  4809
3.0867156639448825  5102
3.0870712059065353  5007
3.0874264570362855  5029
3.087781417809542  4912
3.0881360887005513  5058
3.0884904701823963  4966
3.088844562727004  5178
3.089198366805149  5013
3.089551882886454  4877
3.089905111439398  5162
3.090258052931316  4952
3.090610707828407  5027
3.0909630765957314  4940
3.091315159697223  4920
3.0916669575956846  4863
3.092018470752797  5150
3.0923696996291206  5030
3.0927206446840994  5466
3.0930713063760633  5000
3.093421685162235  5165
3.09377178149873  5125
3.0941215958405612  4927
3.094471128641645  4875
3.0948203803548  4724
3.095169351431755  4865
3.095518042323151  4646
3.0958664534785427  5060
3.0962145853464054  5190
3.0965624383741357  4989
3.0969100130080562  4889
3.09725730969342  4858
3.097604328874411  4762
3.09795107099415  4924
3.0982975364946976  5162
3.098643725817057  5035
3.0989896394011773  4996
3.0993352776859577  5141
3.09968064110925  4861
3.1000257301078626  5044
3.100370545117563  4956
3.1007150865730817  5041
3.1010593549081156  4885
3.101403350555331  4967
3.1017470739463664  5161
3.1020905255118367  5134
3.1024337056813365  5149
3.1027766148834415  5096
3.1031192535457137  4943
3.103461622094705  5189
3.103803720955957  5005
3.104145550554008  4990
3.104487111312395  5118
3.1048284036536553  5028
3.1051694279993316  5230
3.1055101847699738  4933
3.1058506743851435  5099
3.1061908972634154  5073
3.1065308538223815  4542
3.106870544478654  5031
3.1072099696478683  4983
3.1075491297446862  5274
3.1078880251827985  4953
3.1082266563749283  5267
3.1085650237328344  4978
3.1089031276673134  5262
3.109240968588203  4912
3.1095785469043866  5206
3.1099158630237933  4974
3.110252917353403  5122
3.110589710299249  5179
3.1109262422664203  4995
3.1112625136590655  5108
3.111598524880394  5037
3.1119342763326814  4963
3.1122697684172707  4958
3.1126050015345745  5178
3.11293997608408  4995
3.1132746924643504  4986
3.1136091510730277  4950
3.113943352306837  4833
3.1142772965615864  5167
3.114610984232173  5147
3.1149444157125847  5025
3.1152775913959014  5064
3.1156105116742996  4749
3.115943176939055  4828
3.116275587580544  4798
3.1166077439882485  5099
3.116939646550756  5010
3.1172712956557644  5205
3.117602691690084  4919
3.1179338350396413  5161
3.118264726089479  4996
3.118595365223762  4870
3.1189257528257768  5036
3.1192558892779365  5219
3.119585774961784  4986
3.119915410257991  4936
3.1202447955463652  4838
3.12057393120585  5154
3.1209028176145273  4858
3.1212314551496214  4995
3.1215598441875008  5064
3.121887985103681  5168
3.1222158782728267  5222
3.1225435240687545  5162
3.1228709228644354  5191
3.1231980750319988  5031
3.123524980942732  5470
3.123851640967086  4983
3.124178055474675  4816
3.1245042248342823  5172
3.1248301494138593  5048
3.12515582958053  5124
3.125481265700594  5017
3.125806458139527  5354
3.1261314072619846  5259
3.1264561134318045  5145
3.126780577012009  4900
3.1271047983648077  5044
3.127428777851599  5046
3.1277525158329733  4811
3.1280760126687155  5123
3.1283992687178066  5159
3.128722284338427  4894
3.1290450598879582  5162
3.1293675957229854  4882
3.129689892199301  4975
3.1300119496719043  4909
3.130333768495006  4949
3.130655349022031  5113
3.130976691605617  4965
3.131297796597623  4985
3.1316186643491255  4921
3.1319392952104246  4792
3.1322596895310446  5034
3.132579847659737  5064
3.132899769944483  5092
3.1332194567324945  4891
3.1335389083702174  4979
3.133858125203335  5101
3.1341771075767664  5128
3.1344958558346736  4947
3.13481437032046  4802
3.1351326513767748  5321
3.1354506993455136  5019
3.1357685145678222  5029
3.1360860973840974  5298
3.13640344813399  5110
3.1367205671564067  4799
3.1370374547895126  4947
3.137354111370733  5212
3.137670537236755  5073
3.137986732723532  5172
3.1383026981662816  4906
3.1386184338994925  5457
3.1389339402569236  4745
3.139249217571607  4972
3.13956426617585  4999
3.1398790864012365  5098
3.140193678578631  4871
3.1405080430381798  5429
3.1408221801093106  5026
3.141136090120739  5146
3.1414497734004674  5091
3.141763230275788  5201
3.1420764610732848  5102
3.142389466118836  5031
3.1427022457376155  4969
3.143014800254095  5104
3.143327129992046  4891
3.1436392352745433  4961
3.1439511164239633  4777
3.144262773761991  5041
3.144574207609616  4929
3.144885418287142  5153
3.1451964061141817  5146
3.1455071714096627  5018
3.1458177144918276  5035
3.146128035678238  5057
3.1464381352857744  5219
3.14674801363064  4843
3.1470576710283598  4861
3.1473671077937864  4776
3.1476763242410986  5071
3.147985320683805  5222
3.1482940974347455  4965
3.1486026548060932  4833
3.1489109931093564  4948
3.1492191126553797  5333
3.149527013754348  4956
3.149834696715785  5123
3.1501421618485588  4945
3.150449409460881  5021
3.150756439860309  5233
3.15106325335375  4850
3.1513698502474603  4981
3.151676230847048  5179
3.151982395457474  4976
3.1522883443830563  4847
3.15259407792747  5104
3.1528995963937474  5261
3.153204900084284  4994
3.1535099893008374  4996
3.153814864344529  4959
3.154119525515847  5023
3.154423973114647  4643
3.1547282074401557  5122
3.1550322287909704  4968
3.155336037465062  5121
3.1556396337597765  5112
3.1559430179718366  4953
3.1562461903973444  5002
3.1565491513317814  4725
3.156851901070011  5336
3.1571544399062814  4991
3.157456768134226  5045
3.1577588860468637  5348
3.158060793936605  5015
3.1583624920952498  5194
3.1586639808139894  4791
3.15896526038341  4912
3.159266331093494  5010
3.1595671932336202  4850
3.1598678470925665  4853
3.160168292958512  5005
3.1604685311190375  4813
3.1607685618611283  5096
3.1610683854711747  5242
3.161368002234975  5180
3.161667412437736  4998
3.161966616364075  4777
3.1622656142980214  4933
3.162564406523019  5016
3.162862993321926  5011
3.1631613749770184  5050
3.16345955176999  5241
3.163757523981956  5042
3.1640552918934515  4917
3.164352855784437  4942
3.1646502159342966  5157
3.1649473726218416  5035
3.1652443261253107  4979
3.165541076722373  4961
3.1658376246901283  5156
3.166133970305109  4896
3.166430113843283  4981
3.166726055580052  4863
3.1670217957902564  5223
3.167317334748176  4932
3.16761267272753  5135
3.16790781000148  4863
3.168202746842631  4846
3.1684974835230326  5231
3.1687920203141817  5007
3.1690863574870227  4940
3.1693804953119495  4921
3.1696744340588068  4976
3.1699681739968923  5310
3.1702617153949575  4891
3.1705550585212086  5074
3.170848203643309  4692
3.1711411510283822  4824
3.171433900943008  5013
3.171726453653231  4842
3.1720188094245563  5081
3.172310968521954  5305
3.17260293120986  5184
3.1728946977521764  5123
3.173186268412274  4867
3.1734776434529945  5066
3.17376882313665  5227
3.1740598077250253  5324
3.1743505974793798  4735
3.1746411926604483  5122
3.1749315935284423  5094
3.1752218003430523  4930
3.1755118133634475  4822
3.1758016328482794  4940
3.1760912590556813  4994
3.1763806922432702  5062
3.17666993266815  5125
3.176958980586908  4943
3.1772478362556233  5000
3.1775364999298623  4969
3.177824971864682  5090
3.1781132523146316  4916
3.178401341533755  5113
3.17868923977559  5070
3.1789769472931693  5189
3.1792644643390253  4873
3.1795517911651876  5028
3.179838928023187  5181
3.180125875164054  5173
3.180412632838324  5176
3.1806992012960347  4838
3.1809855807867304  5205
3.1812717715594614  5140
3.1815577738627865  5272
3.1818435879447726  4907
3.182129214052998  4825
3.182414652434554  5186
3.1826999033360424  4956
3.182984967003582  4795
3.1832698436828046  4940
3.1835545336188615  5094
3.1838390370564214  4826
3.184123354239671  4980
3.1844074854123203  5007
3.184691430817599  5290
3.184975190698261  4983
3.185258765296585  5340
3.185542154854375  4881
3.185825359612962  5048
3.1861083798132053  5399
3.186391215695493  5137
3.1866738674997452  4884
3.1869563354654122  4919
3.187238619831479  5179
3.187520720836463  4822
3.1878026387184195  5032
3.188084373714938  5121
3.188365926063148  5056
3.188647295999717  5029
3.1889284837608534  4987
3.189209489582306  5001
3.1894903136993675  5220
3.189770956346874  4856
3.190051417759206  5015
3.1903316981702914  5138
3.190611797813605  5289
3.1908917169221698  5311
3.1911714557285586  4988
3.1914510144648953  4896
3.1917303933628562  5220
3.1920095926536702  4977
3.1922886125681202  4909
3.1925674533365456  4868
3.192846115188842  5078
3.1931245983544616  4980
3.1934029030624176  4851
3.1936810295412816  5124
3.193958978019187  4687
3.1942367487238292  5109
3.194514341882467  5169
3.1947917577219247  4902
3.1950689964685903  5241
3.1953460583484197  5005
3.1956229435869368  5209
3.1958996524092336  4959
3.1961761850399735  4845
3.196452541703389  5039
3.196728722623287  5280
3.1970047280230456  5139
3.197280558125619  4891
3.1975562131535367  4931
3.197831693328903  4814
3.1981069988734014  4961
3.1983821300082944  4721
3.1986570869544226  4685
3.198931869932209  5070
3.1992064791616577  5002
3.199480914862356  4825
3.1997551772534747  4864
3.2000292665537704  4905
3.200303182981585  5509
3.2005769267548483  4853
3.2008504980910772  5085
3.2011238972073794  5172
3.2013971243204513  5177
3.2016701796465816  4746
3.20194306340165  4966
3.2022157758011316  5232
3.2024883170600935  5192
3.2027606873931997  5159
3.2030328870147105  5215
3.203304916138483  5124
3.2035767749779724  5260
3.2038484637462346  4936
3.2041199826559246  5361
3.2043913319193  5292
3.204662511748219  5004
3.204933522354145  5062
3.2052043639481447  5344
3.205475036740891  5020
3.205745540942662  5016
3.2060158767633444  4977
3.2062860444124324  4999
3.2065560440990297  4889
3.2068258760318495  5205
3.207095540419218  4760
3.2073650374690716  5135
3.2076343673889616  5088
3.2079035303860515  5221
3.2081725266671217  4920
3.208441356438567  4709
3.208710019906401  4841
3.2089785172762535  4832
3.2092468487533736  4905
3.2095150145426308  5098
3.209783014848515  5085
3.2100508498751372  5178
3.210318519826232  4988
3.2105860249051563  5035
3.210853365314893  5231
3.2111205412580492  5124
3.2113875529368587  4903
3.2116544005531824  5166
3.2119210843085093  5067
3.2121876044039577  5163
3.212453961040276  5091
3.2127201544178425  5019
3.212986184736668  4945
3.2132520521963968  5074
3.2135177569963047  5121
3.2137832993353044  4902
3.2140486794119414  5145
3.2143138974244  5160
3.214578953570499  5186
3.214843848047698  5268
3.215108581053093  4820
3.215373152783422  4921
3.215637563435062  5176
3.215901813204032  5198
3.216165902285993  5200
3.216429830876251  4843
3.2166935991697545  5251
3.216957207361097  5152
3.217220655644519  5081
3.2174839442139063  4879
3.2177470732627937  5040
3.218010042984363  5108
3.2182728535714475  4900
3.218535505216528  4822
3.2187979981117376  4952
3.219060332448861  5120
3.219322508419337  4964
3.2195845262142546  4863
3.219846386024361  5099
3.220108088040055  5125
3.2203696324513946  4903
3.220631019448092  5020
3.2208922492195193  4969
3.2211533219547053  5059
3.2214142378423385  5305
3.2216749970707688  4708
3.2219355998280053  4853
3.22219604630172  4881
3.222456336679247  5052
3.2227164711475833  4959
3.2229764498933915  5150
3.2232362731029975  5097
3.2234959409623944  5167
3.2237554536572413  5160
3.224014811372864  4818
3.2242740142942576  4907
3.2245330626060857  4663
3.2247919564926817  5086
3.225050696138049  5241
3.225309281725863  5168
3.225567713439471  4953
3.2258259914618934  4977
3.226084115975824  4998
3.226342087163631  5134
3.2265999052073573  5305
3.2268575702887237  4791
3.2271150825891253  5301
3.2273724422896364  5021
3.227629649571009  5012
3.2278867046136734  4961
3.2281436075977417  4797
3.228400358703005  5024
3.2286569581089353  4972
3.228913405994688  5091
3.229169702539101  5126
3.229425847920695  5100
3.229681842317676  5188
3.229937685907934  5462
3.230193378869046  4857
3.230448921378274  5372
3.230704313612569  5067
3.230959555748569  5019
3.231214647962601  4938
3.2314695904306814  4741
3.2317243833285163  4874
3.231979026831504  5097
3.2322335211147335  5044
3.232487866352986  5009
3.232742062720737  5048
3.2329961103921536  4712
3.2332500095411003  4992
3.2335037603411343  5039
3.2337573629655103  4947
3.2340108175871793  5118
3.2342641243787895  4769
3.2345172835126865  4981
3.2347702951609163  5112
3.2350231594952237  4910
3.2352758766870524  5162
3.2355284469075487  4714
3.2357808703275603  4885
3.236033147117636  5034
3.2362852774480286  4844
3.236537261488694  5046
3.2367890994092927  5074
3.237040791379191  5467
3.237292337567459  4957
3.2375437381428744  4817
3.2377949932739227  4966
3.2380461031287955  5018
3.238297067875394  4966
3.2385478876813276  5179
3.238798562713917  5023
3.2390490931401916  5049
3.2392994791268923  4985
3.239549720840473  5156
3.2397998184470986  4992
3.2400497721126476  5205
3.2402995820027125  4993
3.2405492482826  4955
3.240798771117331  5016
3.241048150671644  4858
3.2412973871099933  5149
3.2415464805965484  4981
3.241795431295199  4983
3.2420442393695508  4970
3.2422929049829308  4957
3.2425414282983844  5335
3.2427898094786767  5151
3.2430380486862944  5176
3.243286146083446  4903
3.243534101832062  4961
3.243781916093795  5021
3.244029589030022  4819
3.244277120801843  4976
3.244524511570084  4961
3.244771761495295  5051
3.245018870737753  4756
3.245265839457461  4858
3.24551266781415  5075
3.245759355967277  4878
3.246005904076029  4753
3.246252312299322  4951
3.246498580795801  4924
3.2467447097238415  5054
3.24699069924155  5047
3.247236549506764  4869
3.2474822606770544  5023
3.2477278329097232  5322
3.247973266361807  4998
3.248218561190075  4809
3.248463717551032  4900
3.2487087356009177  4926
3.2489536154957075  4899
3.249198357391113  5332
3.249442961442582  5054
3.2496874278053016  4891
3.249931756634195  5275
3.250175948083925  4925
3.250420002308894  5095
3.2506639194632436  4916
3.250907699700856  5084
3.2511513431753545  5204
3.2513948500401044  4802
3.251638220448212  4884
3.2518814545525276  4874
3.252124552505644  5107
3.2523675144598987  4817
3.252610340567373  5113
3.2528530309798933  4747
3.2530955858490316  4894
3.2533380053261065  4845
3.253580289562183  5133
3.2538224387080734  5059
3.254064452914338  5020
3.2543063323312857  4905
3.2545480771089736  5020
3.25478968739721  5162
3.2550311633455515  5036
3.255272505103306  5087
3.2555137128195333  4951
3.255754786643044  5063
3.255995726722402  4933
3.256236533205923  5104
3.256477206241677  5127
3.256717745977487  4728
3.256958152560932  5035
3.2571984261393445  4879
3.257438566859814  5011
3.2576785748691846  4835
3.2579184503140586  5135
3.2581581933407944  4691
3.258397804095509  5234
3.2586372827240764  5034
3.258876629372131  4854
3.2591158441850663  5068
3.2593549273080344  4659
3.2595938788859486  5165
3.2598326990634834  4904
3.2600713879850747  5072
3.26030994579492  5051
3.2605483726369795  4977
3.2607866686549762  4862
3.2610248339923973  4830
3.2612628687924934  5012
3.2615007731982804  5159
3.2617385473525378  5203
3.2619761913978125  5004
3.262213705476417  5117
3.2624510897304293  4947
3.2626883443016963  5062
3.2629254693318317  4794
3.2631624649622166  4893
3.263399331334002  5205
3.263636068588108  5065
3.2638726768652235  4959
3.2641091563058082  5105
3.2643455070500926  5014
3.2645817292380777  4817
3.2648178230095364  5105
3.2650537885040145  5333
3.26528962586083  4945
3.2655253352190736  4859
3.2657609167176105  4755
3.265996370495079  4931
3.266231696689893  4860
3.2664668954402414  4816
3.2667019668840878  4733
3.266936911159173  4875
3.2671717284030137  5185
3.267406418752904  5060
3.2676409823459154  5097
3.2678754193188975  5246
3.2681097298084785  5316
3.268343913951065  4952
3.268577971882843  5127
3.2688119037397803  5295
3.269045709657623  4814
3.2692793897718984  5024
3.2695129442179165  4900
3.269746373130767  5039
3.269979676645324  5054
3.2702128548962426  4840
3.2704459080179626  5131
3.2706788361447066  4880
3.2709116394104814  4873
3.2711443179490782  4827
3.2713768718940743  4909
3.271609301378832  5270
3.271841606536499  5148
3.27207378750001  4968
3.2723058444020863  4996
3.2725377773752373  4771
3.2727695865517594  4948
3.2730012720637376  5062
3.2732328340430454  5460
3.273464272621346  5113
3.273695587930092  4965
3.2739267801005254  5032
3.27415784926368  4867
3.274388795550379  4977
3.274619619091238  4981
3.274850320016665  5079
3.2750808984568587  4881
3.2753113545418118  5027
3.2755416884013098  5346
3.2757719001649312  5160
3.27600198996205  4912
3.2762319579218335  4968
3.2764618041732443  5138
3.27669152884504  5006
3.276921132065774  4974
3.277150613963797  5028
3.2773799746672547  5245
3.2776092143040914  5124
3.2778383330020473  4996
3.2780673308886628  4847
3.2782962080912736  4986
3.2785249647370174  4889
3.278753600952829  5194
3.278982116865443  5115
3.279210512601395  5091
3.2794387882870204  5003
3.2796669440484556  5350
3.279894980011638  5060
3.2801228963023075  5025
3.280350693046006  4847
3.2805783703680764  4684
3.280805928393667  4969
3.2810333672477277  4811
3.281260687055013  4639
3.2814878879400813  4911
3.281714970027296  4948
3.281941933440825  4921
3.2821687783046416  5267
3.2823955047425257  4876
3.2826221128780624  5114
3.282848602834645  5001
3.2830749747354715  5097
3.2833012287035497  5110
3.2835273648616936  5173
3.2837533833325265  4831
3.28397928423848  4999
3.284205067701794  5006
3.2844307338445193  5008
3.2846562827885157  4775
3.284881714655453  4980
3.285107029566812  4976
3.2853322276438846  4964
3.285557309007774  4995
3.285782273779395  4988
3.2860071220794747  5142
3.286231854028553  4878
3.286456469746983  4833
3.28668096935493  4929
3.286905352972375  4988
3.287129620719111  4921
3.2873537727147464  4975
3.2875778090787056  4716
3.287801729930226  4924
3.2880255353883627  4768
3.288249225571986  5206
3.2884728005997825  5102
3.288696260590256  4827
3.2889196056617265  5063
3.289142835932333  5018
3.2893659515200318  4885
3.2895889525425965  5261
3.2898118391176214  4802
3.290034611362518  5162
3.2902572693945182  5160
3.290479813330673  5168
3.2907022432878543  4698
3.2909245593827543  5018
3.2911467617318855  4749
3.291368850451583  4880
3.2915908256580013  5042
3.291812687467119  5224
3.2920344359947364  5247
3.292256071356476  5021
3.292477593667784  5092
3.29269900304393  4813
3.292920299600006  5237
3.2931414834509307  4959
3.2933625547114453  5018
3.2935835134961167  5127
3.2938043599193367  4961
3.2940250940953226  5284
3.2942457161381182  5014
3.294466226161593  4815
3.2946866242794433  4941
3.2949069106051923  5265
3.295127085252191  5356
3.295347148333618  4917
3.295567099962479  4771
3.295786940251609  5154
3.2960066693136723  4941
3.2962262872611605  4931
3.296445794206396  4953
3.296665190261531  5223
3.296884475538547  5144
3.2971036501492565  4917
3.2973227142053028  5236
3.2975416678181597  4692
3.297760511099134  4983
3.2979792441593623  4922
3.298197867109815  5183
3.2984163800612945  5019
3.2986347831244354  5117
3.298853076409707  4942
3.2990712600274095  5104
3.29928933408768  4805
3.2995072987004876  5038
3.2997251539756367  5082
3.299942900022767  5037
3.3001605369513523  5130
3.3003780648707024  4900
3.3005954838899636  5022
3.300812794118117  4839
3.3010299956639813  5120
3.3012470886362113  4805
3.3014640731433  4922
3.3016809492935764  5183
3.301897717195208  5236
3.302114376956201  4662
3.302330928684399  5200
3.3025473724874854  5131
3.3027637084729817  5163
3.3029799367482493  4825
3.303196057420489  4929
3.303412070596742  4934
3.30362797638389  4922
3.3038437748886547  4912
3.3040594662175993  5153
3.3042750504771283  5263
3.3044905277734875  5121
3.3047058982127653  4988
3.3049211619008916  5080
3.305136318943639  4946
3.305351369446624  4854
3.305566313515304  5227
3.3057811512549824  5057
3.3059958827708047  5156
3.3062105081677613  4964
3.3064250275506875  5039
3.3066394410242617  5120
3.3068537486930087  5091
3.3070679506612985  5564
3.307282047033346  5065
3.307496037913213  4552
3.307709923404807  4916
3.307923703611882  5108
3.3081373786380386  5045
3.308350948586726  4841
3.3085644135612386  5208
3.3087777736647213  4956
3.3089910290001643  4680
3.3092041796704077  5180
3.30941722577814  4797
3.3096301674258988  4928
3.3098430047160705  5282
3.3100557377508912  4870
3.3102683666324477  5046
3.3104808914626753  4917
3.3106933123433606  5327
3.3109056293761414  4908
3.311117842662506  4902
3.3113299523037933  5005
3.311541958401195  4845
3.311753861055754  5041
3.3119656603683665  4831
3.3121773564397787  5110
3.312388949370592  5047
3.3126004392612596  5103
3.312811826212088  5007
3.313023110323238  5065
3.313234291694724  5336
3.313445370426414  4932
3.3136563466180315  5227
3.3138672203691533  4984
3.3140779917792127  5087
3.3142886609474975  4737
3.3144992279731516  4979
3.314709692955174  5090
3.31492005599242  5077
3.315130317183602  4850
3.3153404766272883  5061
3.315550534421905  4832
3.3157604906657347  5107
3.315970345456918  5142
3.3161800988934527  4851
3.3163897510731952  4966
3.3165993020938607  4855
3.316808752053022  4820
3.3170181010481117  5251
3.31722734917642  4922
3.317436496535099  5006
3.3176455432211585  5053
3.317854489331469  4895
3.3180633349627615  5148
3.318272080211627  5012
3.3184807251745174  4981
3.318689269947746  5302
3.3188977146274867  4915
3.3191060593097763  5075
3.319314304090512  5230
3.3195224490654542  4981
3.3197304943302246  5081
3.3199384399803087  4888
3.3201462861110542  5151
3.3203540328176717  4954
3.3205616801952367  5008
3.3207692283386865  5041
3.3209766773428235  5052
3.3211840273023143  5108
3.321391278311689  4900
3.3215984304653436  4585
3.3218054838575393  5026
3.3220124385824006  5180
3.322219294733919  4842
3.3224260524059526  5008
3.3226327116922234  5130
3.322839272686321  5234
3.3230457354817013  5021
3.323252100171687  4948
3.3234583668494677  4946
3.3236645356081  4922
3.323870606540509  4990
3.3240765797394864  5104
3.3242824552976926  5147
3.3244882333076564  4942
3.3246939138617746  5060
3.3248994970523134  5079
3.3251049829714074  5070
3.325310371711061  5239
3.325515663363148  4951
3.325720858019412  4956
3.325925955771466  4960
3.3261309567107946  5131
3.326335860928751  5016
3.3265406685165617  5027
3.3267453795653217  5041
3.326949994165999  5111
3.3271545124094315  5132
3.3273589343863303  4815
3.327563260187278  4950
3.327767489902729  5124
3.3279716236230104  5285
3.3281756614383227  4974
3.3283796034387376  4949
3.328583449714202  5025
3.3287872003545345  5202
3.3289908554494287  5079
3.329194415088451  5008
3.329397879361043  4955
3.3296012483565187  5230
3.3298045221640695  4931
3.330007700872759  5052
3.330210784571528  4850
3.330413773349191  5306
3.3306166672944384  4906
3.330819466495837  5374
3.3310221710418286  5080
3.3312247810207323  4878
3.331427296520743  4974
3.3316297176299323  5116
3.331832044436249  5051
3.332034277027518  4995
3.3322364154914434  5024
3.3324384599156054  4945
3.3326404103874627  5221
3.3328422669943514  5062
3.3330440298234874  5135
3.3332456989619628  5149
3.3334472744967503  5112
3.3336487565147013  4751
3.333850145102545  4804
3.334051440346892  4974
3.334252642334231  5028
3.3344537511509307  5089
3.3346547668832414  5067
3.3348556896172914  4960
3.3350565194390915  4852
3.3352572564345317  5031
3.3354579006893843  4960
3.3356584522893016  4961
3.335858911319818  4944
3.336059277866349  4897
3.336259552014193  5243
3.3364597338485296  5083
3.3366598234544202  5060
3.336859820916809  5128
3.3370597263205246  5091
3.3372595397502756  4746
3.337459261290656  5144
3.3376588910261424  4898
3.3378584290410944  4692
3.3380578754197563  4932
3.3382572302462554  4961
3.3384564936046046  5045
3.3386556655787003  4794
3.338854746252323  4945
3.339053735709139  5130
3.3392526340327  5124
3.3394514413064407  5074
3.339650157613684  4869
3.339848783037637  5071
3.340047317661393  5112
3.3402457615679317  5243
3.3404441148401185  5274
3.3406423775607053  5329
3.3408405498123317  5128
3.341038631677523  5104
3.3412366232386925  5026
3.34143452457814  4990
3.3416323357780544  5118
3.3418300569205104  4946
3.3420276880874717  5135
3.3422252293607904  5105
3.342422680822206  5202
3.342620042553348  5165
3.342817314635733  4878
3.343014497150768  5039
3.3432115901797474  4833
3.3434085938038574  4891
3.343605508104172  5078
3.343802333161655  4940
3.3439990690571615  4911
3.344195715871435  5196
3.3443922736851106  4982
3.344588742578714  5076
3.344785122632661  4840
3.344981413927258  4870
3.345177616542704  5041
3.3453737305590883  4918
3.345569756056392  4701
3.345765693114488  4944
3.3459615418131414  4774
3.346157302232008  4885
3.346352974450639  4663
3.346548558548474  5001
3.346744054604849  4700
3.3469394626989906  5029
3.34713478291002  5000
3.3473300153169503  4934
3.3475251599986895  5008
3.347720217034038  5026
3.3479151865016914  5154
3.3481100684802376  4894
3.3483048630481607  5177
3.348499570283838  5009
3.348694190265541  5071
3.348888723071438  4940
3.34908316877959  4812
3.3492775274679554  5058
3.3494717992143856  4649
3.34966598409663  5172
3.3498600821923312  5080
3.3500540935790304  5335
3.3502480183341627  5109
3.350441856535061  5265
3.3506356082589543  5279
3.350829273582968  5033
3.3510228525841237  4967
3.351216345339342  4948
3.351409751925439  4891
3.351603072419129  4809
3.3517963068970236  5086
3.351989455435632  5067
3.3521825181113627  5317
3.35237549500052  5109
3.3525683861793087  5030
3.3527611917238307  5176
3.3529539117100877  5152
3.3531465462139796  4941
3.3533390953113047  4908
3.353531559077762  5123
3.353723937588949  5279
3.353916230920363  5224
3.3541084391474008  5231
3.35430056234536  4804
3.3544926005894364  4911
3.3546845539547285  5178
3.354876422516234  4958
3.3550682063488506  5314
3.3552599055273786  5138
3.3554515201265174  5078
3.355643050220869  4766
3.355834495884936  5239
3.3560258571931225  5016
3.3562171342197353  4726
3.3564083270389813  4856
3.356599435724971  4925
3.356790460351716  4798
3.3569814009931314  4959
3.3571722577230334  4898
3.3573630306151427  5097
3.3575537197430814  5368
3.3577443251803754  5113
3.357934847000454  5143
3.3581252852766488  5086
3.358315640082196  4959
3.3585059114902354  4918
3.3586960995738107  5257
3.358886204405869  4785
3.359076226059263  4931
3.3592661646067485  5136
3.3594560201209864  4806
3.359645792674543  4899
3.359835482339888  5205
3.3600250891893975  4884
3.3602146132953523  5061
3.3604040547299387  4750
3.360593413565249  4750
3.36078268987328  4937
3.3609718837259357  5031
3.361160995195026  5109
3.3613500243522663  5269
3.361538971269279  5035
3.361727836017593  5067
3.3619166186686433  5196
3.362105319293773  5135
3.362293937964231  5110
3.3624824747511743  5277
3.362670929725667  4991
3.36285930295868  4752
3.3630475945210936  5303
3.363235804483694  4831
3.3634239329171765  4943
3.3636119798921444  5024
3.3637999454791094  4939
3.3639878297484915  4960
3.3641756327706194  5215
3.3643633546157306  4811
3.364550995353972  5035
3.3647385550553985  5087
3.364926033789976  5053
3.3651134316275773  4981
3.3653007486379876  4986
3.3654879848909  4995
3.3656751404559175  5055
3.365862215402555  4881
3.3660492098002353  4793
3.366236123718293  5029
3.3664229572259727  5028
3.3666097103924297  5257
3.36679638328673  5248
3.3669829759778507  5068
3.367169488534681  4959
3.367355921026019  4826
3.3675422735205767  5264
3.3677285460869766  5094
3.3679147387937527  5087
3.3681008517093516  5184
3.368286884902131  5136
3.3684728384403617  5184
3.368658712392227  5114
3.3688445068258215  4862
3.3690302218091532  4926
3.369215857410143  4980
3.3694014136966244  4790
3.369586890736344  5024
3.369772288596963  4814
3.369957607346053  5158
3.370142847051102  4906
3.3703280077795106  5071
3.3705130895985924  5138
3.370698092575577  5049
3.370883016777606  5071
3.3710678622717363  5223
3.3712526291249394  4950
3.371437317404101  4907
3.3716219271760215  5056
3.371806458507416  4993
3.371990911464915  4799
3.372175286115064  5307
3.3723595825243238  5332
3.3725438007590705  5064
3.3727279408855955  5010
3.3729120029701067  5026
3.373095987078727  4903
3.373279893277496  4702
3.373463721632369  4943
3.3736474722092176  5213
3.3738311450738303  5157
3.3740147402919116  4936
3.374198257929083  4792
3.374381698050882  5030
3.374565060722765  5022
3.374748346010104  5005
3.3749315539781883  4934
3.375114684692225  4841
3.375297738217339  5167
3.3754807146185724  5053
3.3756636139608855  5053
3.375846436309156  4840
3.3760291817281805  4876
3.376211850282673  5045
3.3763944420372662  5304
3.376576957056512  5355
3.37675939540488  4956
3.3769417571467586  4814
3.377124042346456  4975
3.377306251068199  4825
3.3774883833761327  5332
3.377670439334323  5110
3.3778524190067545  4855
3.3780343224573315  5192
3.378216149749878  5087
3.3783979009481375  5355
3.378579576115775  5152
3.3787611753163733  5242
3.378942698613437  5264
3.379124146070392  4967
3.379305517750582  5212
3.3794868137172736  5087
3.379668034033654  4784
3.37984917876283  5185
3.380030247967831  5024
3.380211241711606  4987
3.3803921600570273  4849
3.3805730030668872  4701
3.3807537708039  5227
3.380934463330702  5149
3.3811150807098507  5005
3.381295623003826  4864
3.38147609027503  5052
3.381656482585787  5198
3.3818367999983434  5134
3.3820170425748683  5033
3.382197210377454  5102
3.3823773034681137  5328
3.3825573219087857  4903
3.3827372657613304  4737
3.382917135087531  4974
3.3830969299490943  4871
3.3832766504076504  5220
3.383456296524753  4936
3.3836358683618797  5239
3.383815365980431  5047
3.383994789441733  4954
3.3841741388070337  4951
3.384353414137506  5281
3.3845326154942486  4865
3.3847117429382823  5124
3.3848907965305544  4772
3.385069776331935  4962
3.38524868240322  4938
3.3854275148051305  5158
3.385606273598312  4848
3.3857849588433355  4992
3.385963570600697  5102
3.3861421089308186  4979
3.386320573894046  4886
3.386498965550653  4944
3.3866772839608377  4910
3.386855529184724  4799
3.387033701282363  4828
3.3872118003137306  5072
3.387389826338729  4962
3.387567779417189  5086
3.3877456596088638  5029
3.3879234669734366  4799
3.3881012015705165  5181
3.388278863459639  5164
3.3884564527002667  4910
3.388633969351789  4719
3.3888114134735234  5152
3.388988785124714  4837
3.3891660843645326  4882
3.389343311252078  5011
3.3895204658463776  5250
3.3896975482063856  4997
3.3898745583909853  4953
3.3900514964589874  4963
3.3902283624691303  4973
3.390405156480081  5067
3.390581878550435  5236
3.390758528738717  4777
3.3909351071033793  4992
3.3911116137028023  4849
3.3912880485952974  5113
3.3914644118391033  5288
3.3916407034923877  5056
3.391816923613249  4953
3.3919930722597127  5274
3.392169149489736  4937
3.392345155361204  5178
3.3925210899319325  5221
3.392696953259666  4998
3.3928727454020793  5077
3.3930484664167784  5110
3.3932241163612975  4928
3.393399695293102  5128
3.3935752032695876  4881
3.39375064034808  5084
3.3939260065858368  4895
3.3941013020400446  5087
3.3942765267678214  5218
3.3944516808262164  5235
3.394626764272209  5064
3.394801777162711  4890
3.394976719554564  4793
3.3951515915045425  4887
3.395326393069351  4908
3.395501124305626  5290
3.395675785269936  4919
3.3958503760187813  4969
3.3960248966085933  5218
3.3961993470957363  5121
3.3963737275365067  4780
3.396548037987132  5030
3.3967222785037734  4982
3.396896449142524  4909
3.397070549959409  4831
3.397244581010386  5006
3.397418542351348  5220
3.3975924340381165  5020
3.39776625612645  5150
3.3979400086720375  5099
3.3981136917305026  4914
3.398287305357401  4956
3.3984608496082234  4881
3.398634324538392  4949
3.3988077302032647  5183
3.398981066658131  5099
3.3991543339582164  5190
3.399327532158679  4964
3.3995006613146104  4859
3.399673721481038  5191
3.3998467127129226  4928
3.4000196350651586  4939
3.400192488592576  4833
3.400365273349939  5001
3.400537989391946  4881
3.400710636773231  4957
3.4008832155483626  4911
3.401055725771844  5101
3.401228167498113  4917
3.401400540781544  5247
3.401572845676446  4995
3.401745082237063  4888
3.4019172505175748  5219
3.402089350572097  5002
3.40226138245468  5023
3.402433346219312  5234
3.4026052419199146  4833
3.402777069610347  4913
3.4029488293444046  5285
3.403120521175818  5007
3.4032921451582543  4971
3.4034637013453173  5021
3.403635189790548  4654
3.4038066105474227  5154
3.403977963669355  5158
3.404149249209695  5148
3.404320467221731  4830
3.404491617758686  4932
3.4046627008737222  4609
3.404833716619938  4975
3.4050046650503694  4984
3.4051755462179893  4657
3.405346360175709  5192
3.4055171069763763  5171
3.4056877866727775  5019
3.4058583993176366  5026
3.406028944963615  4994
3.406199423663313  4979
3.4063698354692673  5040
3.406540180433955  5161
3.40671045860979  5190
3.4068806700491248  5201
3.40705081480425  5115
3.4072208929273966  5016
3.4073909044707316  4760
3.4075608494863627  5081
3.4077307280263356  5270
3.407900540142635  5165
3.4080702858871854  5043
3.4082399653118496  4784
3.40840957846843  5229
3.4085791254086675  4944
3.408748606184244  4707
3.4089180208467798  5237
3.409087369447835  4781
3.4092566520389096  5078
3.4094258686714434  5043
3.4095950193968156  4836
3.4097641042663462  5086
3.4099331233312946  5055
3.4101020766428607  5094
3.4102709642521845  5092
3.4104397862103464  4974
3.410608542568368  5076
3.41077723337721  4966
3.4109458586877746  4930
3.4111144185509046  4985
3.4112829130173843  5049
3.4114513421379375  4943
3.41161970596323  5020
3.411788004543869  5185
3.4119562379304016  5099
3.412124406173317  5102
3.4122925093230463  4836
3.412460547429961  5251
3.4126285205443754  4858
3.4127964287165433  4651
3.4129642719966626  5250
3.413132050434872  4984
3.413299764081252  5042
3.413467412985825  4853
3.413634997198556  5032
3.4138025167693513  4954
3.4139699717480614  5215
3.414137362184477  4892
3.4143046881283317  5252
3.4144719496293026  5136
3.414639146737009  5196
3.4148062795010126  4853
3.4149733479708178  5288
3.4151403521958725  4887
3.4153072922255676  5393
3.4154741681092355  5227
3.4156409798961542  4961
3.4158077276355434  5030
3.415974411376566  5223
3.416141031168329  5018
3.4163075870598827  5041
3.4164740791002206  5390
3.416640507338281  4602
3.4168068718229443  5109
3.4169731726030363  5282
3.4171394097273255  4718
3.4173055832445254  4680
3.417471693203293  5193
3.4176377396522297  4868
3.417803722639881  4847
3.417969642214737  5118
3.418135498425232  5176
3.4183012913197452  4919
3.4184670209466006  5039
3.4186326873540653  5120
3.4187982905903533  4987
3.4189638307036225  5012
3.4191293077419758  5127
3.4192947217534604  4808
3.4194600727860704  5241
3.419625360887743  5095
3.419790586106363  4862
3.419955748489758  5015
3.420120848085703  5246
3.4202858849419178  5024
3.4204508591060683  5271
3.420615770625765  5255
3.4207806195485655  4959
3.420945405921972  4702
3.4211101297934343  5055
3.4212747912103465  5056
3.4214393902200495  4831
3.4216039268698313  5244
3.421768401206924  4770
3.4219328132785085  5258
3.4220971631317103  5091
3.4222614508136027  5057
3.4224256763712044  5001
3.422589839851482  5207
3.422753941301348  5047
3.422917980767662  5089
3.423081958297231  5187
3.423245873936808  4922
3.4234097277330933  4908
3.4235735197327357  5181
3.423737249982329  5254
3.4239009185284166  5063
3.4240645254174877  4852
3.42422807069598  4715
3.4243915544102776  4935
3.4245549766067134  5000
3.424718337331567  4903
3.424881636631067  5133
3.425044874551389  4892
3.4252080511386565  5010
3.425371166438941  5048
3.4255342204982635  5064
3.425697213362591  4893
3.4258601450778405  4958
3.4260230156898763  4772
3.426185825244511  4973
3.4263485737875077  5118
3.4265112613645754  4603
3.426673888021373  4789
3.426836453803508  5104
3.426998958756537  5052
3.4271614029259654  4741
3.427323786357247  4711
3.4274861090957853  5132
3.4276483711869328  4939
3.42781057267599  5177
3.427972713608209  5242
3.428134794028789  5149
3.4282968139828798  4853
3.42845877351558  4988
3.428620672671939  5110
3.4287825114969546  4931
3.428944290035574  5255
3.4291060083326967  5188
3.4292676664331685  5094
3.429429264381788  5033
3.4295908022233017  5009
3.429752280002408  5275
3.4299136977637543  5308
3.430075055551939  4961
3.4302363534115106  5028
3.4303975913869666  5199
3.4305587695227575  5180
3.4307198878632823  4939
3.4308809464528913  4750
3.4310419453358856  5460
3.431202884556517  5063
3.4313637641589874  4841
3.431524584187451  4870
3.4316853446860116  5136
3.4318460456987254  4900
3.4320066872695985  4720
3.4321672694425884  4949
3.4323277922616042  5003
3.4324882557705063  5240
3.4326486600131068  4926
3.4328090050331683  5030
3.432969290874406  4951
3.4331295175804857  4909
3.433289685195026  5226
3.433449793761596  4962
3.433609843323718  4877
3.433769833924866  5042
3.433929765608464  5334
3.4340896384178907  4883
3.4342494523964757  4945
3.4344092075875  5288
3.4345689040341987  5135
3.4347285417797577  5033
3.434888120867316  5085
3.4350476413399647  4990
3.4352071032407476  4882
3.4353665066126613  5194
3.435525851498655  5055
3.43568513794163  5031
3.4358443659844413  5202
3.4360035356698964  4883
3.436162647040756  5017
3.4363217001397333  4999
3.436480695009495  4851
3.436639631692661  5128
3.4367985102318035  4861
3.4369573306694496  5002
3.4371160930480786  4619
3.4372747974101237  4964
3.437433443797971  5047
3.4375920322539613  5164
3.437750562820388  4951
3.4379090355394983  4983
3.438067450453494  5016
3.4382258076045296  5230
3.438384107034714  5177
3.4385423487861106  4906
3.4387005329007363  4909
3.438858659420562  5017
3.4390167283875126  5118
3.4391747398434687  5198
3.439332693830263  5043
3.4394905903896835  4851
3.4396484295634737  5020
3.4398062113933303  4984
3.439963935920905  5010
3.4401216031878037  5187
3.440279213235588  4777
3.4404367661057735  5002
3.440594261839831  5095
3.4407517004791854  4907
3.4409090820652177  4863
3.4410664066392633  5098
3.4412236742426123  4925
3.4413808849165113  4809
3.441538038702161  4930
3.441695135640717  5055
3.441852175773292  4778
3.442009159140952  5084
3.44216608578472  4972
3.4423229557455746  4893
3.4424797690644486  5012
3.442636525782232  5007
3.442793225939769  5061
3.4429498695778618  4815
3.443106456737266  5055
3.443262987458695  4880
3.4434194617828173  4840
3.4435758797502576  4802
3.4437322414015967  4981
3.443888546777372  4991
3.444044795918076  5087
3.4442009888641594  4961
3.4443571256560275  4982
3.444513206334043  5183
3.4446692309385245  5111
3.4448251995097476  5015
3.4449811120879446  4992
3.445136968713304  4793
3.4452927694259716  5197
3.44544851426605  5118
3.4456042032735974  5142
3.445759836488631  5083
3.4459154139511234  5223
3.446070935701005  4914
3.446226401778163  4938
3.446381812222442  4836
3.446537167073644  5082
3.4466924663715273  4895
3.446847710155809  5127
3.4470028984661623  5171
3.4471580313422194  5171
3.4473131088235682  5148
3.4474681309497557  5021
3.447623097760286  5090
3.447778009294621  5043
3.4479328655921804  5130
3.448087666692341  4815
3.448242412634439  4860
3.4483971034577676  4956
3.448551739201578  5087
3.44870631990508  5452
3.4488608456074408  4880
3.4490153163477864  5137
3.449169732165201  5035
3.449324093098727  5081
3.449478399187365  5101
3.4496326504700745  4828
3.4497868469857735  4942
3.4499409887733377  5036
3.4500950758716025  5399
3.450249108319361  4843
3.450403086155366  5119
3.450557009418329  5241
3.450710878146919  5171
3.450864692379766  4969
3.4510184521554574  5089
3.45117215751254  5189
3.4513258084895195  4983
3.4514794051248616  4900
3.4516329474569907  4917
3.45178643552429  5167
3.451939869365103  5026
3.4520932490177314  5159
3.452246574520437  5067
3.4523998459114416  5055
3.452553063228925  4944
3.452706226511029  4930
3.452859335795852  4699
3.4530123911214554  5055
3.4531653925258574  4738
3.4533183400470375  4971
3.453471233722936  4960
3.4536240735914507  5023
3.4537768596904423  4865
3.4539295920577286  5146
3.45408227073109  4782
3.4542348957482654  5101
3.454387467146955  4896
3.4545399849648186  4896
3.454692449239477  4896
3.45484486000851  5137
3.45499721730946  5085
3.4551495211798278  4820
3.4553017716570764  5058
3.4554539687786283  4802
3.455606112581867  5193
3.455758203104137  5329
3.455910240382743  4952
3.4560622244549513  4866
3.456214155357989  4947
3.456366033129043  5096
3.4565178578052627  5019
3.4566696294237578  5111
3.456821348021599  4736
3.456973013635818  5052
3.457124626303409  5202
3.4572761860613257  5145
3.4574276929464847  5076
3.4575791469957626  5245
3.4577305482459986  4967
3.4578818967339924  4828
3.458033192496506  5161
3.4581844355702627  5120
3.4583356259919475  5069
3.4584867637982066  4841
3.4586378490256493  5115
3.458788881710845  5028
3.458939861890326  5170
3.4590907896005865  4788
3.459241664878082  5101
3.459392487759231  4944
3.459543258280413  4876
3.4596939764779706  5075
3.459844642388208  4692
3.4599952560473914  4773
3.46014581749175  4957
3.4602963267574753  5158
3.4604467838807205  4789
3.4605971888976015  4879
3.460747541844197  4888
3.4608978427565478  5140
3.4610480916706576  5188
3.461198288622493  4701
3.461348433647983  5094
3.4614985267830187  4972
3.4616485680634552  5263
3.461798557525109  5146
3.461948495203762  5201
3.462098381135156  5292
3.4622482153549976  4964
3.462397997898956  5076
3.4625477288026643  4864
3.4626974081017172  4901
3.4628470358316736  4987
3.462996612028056  5220
3.4631461367263494  4871
3.4632956099620027  5190
3.4634450317704277  4621
3.463594402187  5044
3.463743721247059  5027
3.4638929889859074  5279
3.464042205438811  5135
3.4641913706409997  5159
3.4643404846276673  5062
3.4644895474339714  5062
3.464638559095033  4960
3.4647875196459372  5104
3.4649364291217326  5176
3.4650852875574327  4699
3.4652340949880145  5264
3.4653828514484184  5057
3.46553155697355  5052
3.465680211598278  5202
3.4658288153574364  5320
3.465977368285823  5124
3.466125870418199  5152
3.466274321789292  4810
3.466422722433792  4988
3.4665710723863543  4971
3.4667193716815987  5219
3.4668676203541096  5018
3.4670158184384356  4840
3.4671639659690903  5087
3.467312062980552  5318
3.4674601095072637  4893
3.467608105583633  5201
3.467756051244033  5141
3.4679039465228003  5187
3.4680517914542377  5100
3.4681995860726125  5184
3.4683473304121573  5157
3.468495024507069  5035
3.4686426683915115  4929
3.468790262099611  5049
3.4689378056654614  5011
3.4690852991231202  4989
3.469232742506612  4946
3.469380135849925  5228
3.469527479187014  5103
3.469674772551798  5281
3.469822015978163  5081
3.4699692094999595  5195
3.470116353151004  4735
3.4702634469650784  4760
3.470410490975931  4658
3.4705574852172743  4783
3.470704429722788  4958
3.4708513245261177  4965
3.4709981696608736  4905
3.471144965160633  4894
3.4712917110589387  4927
3.471438407389299  5291
3.47158505418519  4803
3.471731651480051  5456
3.4718781993072905  4954
3.4720246977002813  4924
3.472171146692363  5103
3.472317546316842  5143
3.4724638966069894  4851
3.472610197596045  4844
3.4727564493172123  5016
3.472902651803664  4988
3.4730488050885375  4892
3.473194909204938  5164
3.4733409641859354  5184
3.4734869700645685  4957
3.473632926873841  5153
3.473778834646725  4847
3.473924693416157  4920
3.4740705032150436  5006
3.4742162640762553  4621
3.4743619760326307  5225
3.474507639116976  4822
3.474653253362063  5082
3.474798818800631  5347
3.4749443354653877  5050
3.4750898033890065  5042
3.475235222604128  5180
3.475380593143361  5211
3.4755259150392805  4909
3.4756711883244296  4992
3.475816413031318  5013
3.4759615891924236  4841
3.4761067168401913  5090
3.4762517960070336  4971
3.4763968267253302  4863
3.4765418090274287  4997
3.476686742945645  5111
3.4768316285122607  4775
3.476976465759527  5308
3.4771212547196626  5171
3.477265995424853  4991
3.4774106879072515  5096
3.477555332198981  5074
3.4776999283321306  5003
3.4778444763387584  5111
3.4779889762508893  4867
3.4781334281005174  4844
3.4782778319196046  5157
3.4784221877400805  5135
3.4785664955938436  4960
3.4787107555127594  5029
3.478854967528663  5089
3.478999131673357  5131
3.479143247978613  5011
3.47928731647617  5008
3.4794313371977363  4849
3.4795753101749884  5177
3.479719235439571  5192
3.479863113023098  4893
3.4800069429571505  4933
3.4801507252732806  5314
3.4802944600030066  5018
3.480438147177817  5413
3.480581786829169  4709
3.4807253789884878  4959
3.4808689236871677  5203
3.481012420956573  5043
3.4811558708280352  5109
3.481299273332856  5137
3.481442628502305  5349
3.4815859363676225  5002
3.481729196960016  5026
3.4818724103106633  5107
3.4820155764507117  4976
3.482158695411276  4705
3.4823017672234426  4915
3.4824447919182653  5103
3.4825877695267677  5102
3.482730700079943  4684
3.482873583608754  5149
3.483016420144132  5090
3.4831592097169795  4962
3.483301952358167  4883
3.4834446480985353  4913
3.4835872969688944  4867
3.4837298990000236  5298
3.4838724542226736  5150
3.4840149626675627  4969
3.484157424365381  5029
3.484299839346786  4884
3.484442207642407  5073
3.484584529282843  5190
3.4847268042986617  4988
3.484869032720402  5157
3.485011214578573  5037
3.485153349903652  5203
3.485295438726089  4832
3.485437481076301  5122
3.485579476984679  5073
3.48572142648158  4805
3.4858633295973345  4786
3.486005186362242  5229
3.4861469968065726  5007
3.486288760960566  5156
3.486430478854434  4878
3.4865721505183562  5021
3.4867137759824853  5013
3.4868553552769432  4868
3.4869968884318228  5379
3.4871383754771865  5106
3.4872798164430687  5186
3.4874212113594742  4913
3.4875625602563782  5148
3.4877038631637265  4999
3.4878451201114355  4992
3.4879863311293935  5006
3.4881274962474587  5151
3.48826861549546  4833
3.488409688903198  4908
3.4885507165004443  5286
3.4886916983169405  5039
3.4888326343824003  5222
3.488973524726508  5001
3.4891143693789193  5197
3.4892551683692603  5250
3.4893959217271293  4774
3.4895366294820955  4882
3.4896772916636984  5119
3.4898179083014504  5132
3.4899584794248346  5048
3.4900990050633047  4982
3.4902394852462875  5177
3.490379920003179  5144
3.490520309363349  5209
3.490660653356137  4841
3.490800952010855  4856
3.490941205356787  5138
3.491081413423187  4978
3.491221576239283  4833
3.4913616938342726  4796
3.4915017662373264  5066
3.4916417934775863  5150
3.491781775584166  4881
3.491921712586151  5010
3.492061604512599  4906
3.49220145139254  4832
3.4923412532549745  5348
3.4924810101288766  4895
3.492620722043192  4760
3.4927603890268375  4781
3.4929000111087034  4953
3.4930395883176515  4997
3.493179120682515  4954
3.4933186082321015  4830
3.4934580509951885  4988
3.493597449000527  4960
3.49373680227684  5223
3.4938761108528227  5076
3.4940153747571436  5097
3.494154594018443  4926
3.4942937686653326  4866
3.494432898726399  5195
3.4945719842301988  4994
3.494711025205263  4875
3.494850021680094  4925
3.494988973683168  4855
3.4951278812429334  4876
3.4952667443878105  4811
3.495405563146193  4795
3.4955443375464483  5014
3.4956830676169153  4973
3.495821753385906  5071
3.4959603948817053  4777
3.496098992132571  5040
3.496237545166735  5136
3.496376054012401  4927
3.496514518697745  4886
3.496652939250918  4892
3.4967913157000425  5076
3.496929648073215  4901
3.497067936398505  4979
3.4972061807039547  4755
3.49734438101758  4943
3.4974825373673704  5057
3.497620649781288  5144
3.497758718287268  5121
3.49789674291322  5085
3.498034723687027  4802
3.498172660636544  4940
3.4983105537896004  4972
3.4984484031739997  5258
3.498586208817518  5151
3.4987239707479048  4860
3.498861688992884  4895
3.498999363580153  4728
3.4991369945373827  5177
3.4992745818922173  5165
3.499412125672275  4951
3.499549625905149  5065
3.499687082618404  4864
3.49982449583958  4954
3.49996186559619  5135
3.500099191915723  4748
3.500236474825639  4959
3.500373714353374  4880
3.5005109105263372  5212
3.500648063371912  4785
3.500785172917456  4814
3.5009222391903005  4963
3.5010592622177517  4650
3.501196242027089  5035
3.501333178645566  4705
3.501470072100412  5118
3.5016069224188295  4943
3.5017437296279943  5128
3.5018804937550585  4748
3.5020172148271476  5079
3.5021538928713607  4837
3.5022905279147727  4837
3.5024271199844326  4886
3.502563669107363  4804
3.502700175310563  5125
3.502836638621003  4395
3.5029730590656314  4811
3.503109436671369  5177
3.503245771465113  4919
3.5033820634737327  4938
3.5035183127240748  4803
3.5036545192429593  4996
3.503790683057181  4728
3.5039268041935103  4509
3.5040628826786917  4996
3.504198918539445  4736
3.5043349118024643  4834
3.504470862494419  4882
3.5046067706419537  4684
3.504742636271688  4749
3.504878459410216  4954
3.505014240084107  4897
3.505149978319906  4761
3.5052856741441323  4646
3.505421327583281  4761
3.5055569386638217  4600
3.5056925074122  4803
3.5058280338548364  5023
3.505963518018126  4909
3.5060989599284405  4748
3.506234359612126  4878
3.506369717095504  4955
3.506505032404872  4678
3.5066403055665023  4651
3.5067755366066433  4599
3.506910725551518  4992
3.5070458724273257  4767
3.5071809772602407  4703
3.5073160400764136  4690
3.50745106090197  4771
3.5075860397630105  4656
3.5077209766856137  4412
3.507855871695831  4539
3.5079907248196913  4630
3.5081255360831993  4599
3.5082603055123345  4537
3.508395033133053  4496
3.5085297189712867  4433
3.508664363052943  4667
3.508798965403905  4514
3.5089335260500327  4590
3.5090680450171616  4608
3.509202522331103  4542
3.509336958017644  4474
3.5094713521025485  4497
3.5096057046115563  4522
3.509740015570382  4835
3.5098742850047193  4340
3.5100085129402347  4556
3.5101426994025733  4581
3.510276844417355  4258
3.510410948010177  4496
3.510545010206612  4283
3.51067903103221  4252
3.510813010512496  4342
3.5109469486729727  4397
3.5110808455391185  4179
3.511214701136388  4482
3.511348515490213  4247
3.5114822886260013  4343
3.5116160205691376  4206
3.511749711344983  4342
3.5118833609788744  4168
3.5120169694961265  4108
3.5121505369220305  4300
3.5122840632818537  4291
3.51241754860084  4396
3.512550992904211  4185
3.5126843962171637  4188
3.512817758564873  3992
3.5129510799724906  4142
3.513084360465144  4155
3.513217600067939  4001
3.513350798805957  4245
3.513483956704257  3957
3.513617073787875  4182
3.5137501500818233  4084
3.5138831856110926  3886
3.5140161804006493  3878
3.514149134475437  3852
3.514282047860378  3948
3.514414920580369  3845
3.514547752660286  3844
3.5146805441249818  3726
3.514813294999285  3662
3.5149460053080044  3780
3.5150786750759226  3654
3.515211304327802  3604
3.5153438930883807  3732
3.515476441382376  3569
3.51560894923448  3545
3.515741416669365  3403
3.515873843711679  3408
3.5160062303860475  3444
3.5161385767170743  3394
3.5162708827293403  3232
3.516403148447403  3268
3.5165353738957994  3277
3.516667559099043  3292
3.5167997040816243  3220
3.5169318088680126  3172
3.5170638734826545  3096
3.5171958979499744  3238
3.5173278822943734  3041
3.5174598265402324  3098
3.517591730711908  2946
3.5177235948337358  2867
3.517855418930029  2923
3.5179872030250783  2966
3.518118947143153  2799
3.5182506513085  2909
3.518382315545344  2861
3.5185139398778875  2689
3.5186455243303114  2662
3.518777068926775  2690
3.518908573691414  2625
3.5190400386483445  2575
3.519171463821659  2618
3.519302849235429  2481
3.519434194913703  2624
3.519565500880509  2327
3.519696767159853  2402
3.519827993775719  2373
3.5199591807520685  2324
3.5200903281128424  2313
3.52022143588196  2272
3.520352504083318  2172
3.520483532740792  2270
3.520614521878236  2233
3.5207454715194824  2025
3.5208763816883417  1972
3.521007252408604  1946
3.5211380837040362  1909
3.5212688755983854  1963
3.521399628115376  1833
3.521530341278711  1829
3.5216610151120733  1760
3.5217916496391233  1688
3.5219222448835006  1664
3.5220528008688223  1657
3.5221833176186865  1605
3.522313795156667  1592
3.5224442335063197  1588
3.522574632691177  1419
3.52270499273475  1557
3.52283531366053  1394
3.5229655954919865  1376
3.523095838252568  1369
3.523226041965701  1361
3.5233562066547925  1245
3.5234863323432277  1173
3.523616419054371  1187
3.5237464668115646  1233
3.523876475638131  1117
3.5240064455573727  1184
3.5241363765925686  1083
3.524266268766979  1086
3.524396122103842  1005
3.5245259366263757  1000
3.5246557123577773  962
3.5247854493212225  931
3.524915147539867  900
3.525044807036845  919
3.5251744278352715  884
3.525304009958239  741
3.52543355342882  783
3.525563058270067  734
3.525692524505011  743
3.5258219521566625  712
3.5259513412480126  672
3.5260806918020298  638
3.526210003841664  679
3.526339277389844  620
3.5264685124694775  596
3.526597709103452  572
3.5267268673146357  583
3.5268559871258747  540
3.5269850685599957  457
3.527114111639805  507
3.5272431163880884  502
3.527372082827612  446
3.52750101098112  461
3.5276299008713385  406
3.5277587525209717  384
3.527887565952705  384
3.5280163411892014  365
3.5281450782531065  327
3.5282737771670436  336
3.5284024379536176  299
3.5285310606354114  299
3.5286596452349897  297
3.5287881917748964  274
3.5289167002776547  227
3.529045170765769  249
3.529173603261723  246
3.5293019977879805  206
3.529430354366986  234
3.529558673021163  208
3.5296869537729165  198
3.5298151966446305  187
3.5299434016586693  169
3.530071568837378  171
3.530199698203082  140
3.5303277897780863  165
3.5304558435846762  162
3.530583859645118  117
3.530711837981657  120
3.5308397786165204  123
3.530967681571915  112
3.531095546870028  112
3.5312233745330266  108
3.5313511645830595  79
3.531478917042255  84
3.531606631932722  86
3.5317343092765503  92
3.531861949095809  57
3.53198955141255  65
3.532117116248804  78
3.532244643626582  67
3.5323721335678773  62
3.5324995860946626  58
3.532627001228891  53
3.5327543789924976  50
3.5328817194073974  56
3.5330090224954853  47
3.533136288278639  57
3.5332635167787148  35
3.5333907080175515  48
3.5335178620169674  40
3.5336449787987627  29
3.533772058384718  36
3.5338991007965945  21
3.534026106056135  31
3.5341530741850624  20
3.5342800052050816  25
3.534406899137877  22
3.5345337560051155  15
3.534660575828444  13
3.5347873586294916  10
3.534914104429867  14
3.5350408132511606  14
3.535167485114944  11
3.5352941200427703  8
3.5354207180561734  10
3.535547279176668  20
3.53567380342575  9
3.5358002908248976  9
3.5359267413955693  12
3.5360531551592045  14
3.536179532137225  9
3.5363058723510337  9
3.5364321758220134  6
3.53655844257153  9
3.5366846726209302  9
3.5368108659915416  6
3.5369370227046737  6
3.537063142781617  5
3.5371892262436444  7
3.53731527311201  9
3.5374412834079476  6
3.5375672571526753  5
3.5376931943673906  4
3.537819095073274  2
3.5379449592914867  3
3.538070787043172  2
3.5381965783494542  2
3.53832233323144  1
3.5384480517102173  2
3.5385737338068557  1
3.5386993795424067  2
3.5388249889379035  1
