0.3010299956639812  2154
0.47712125471966244  2262
0.6020599913279624  2250
0.6989700043360189  2121
0.7781512503836436  2306
0.8450980400142568  2359
0.9030899869919435  2236
0.9542425094393249  2353
1.0  2123
1.0413926851582251  2202
1.0791812460476249  2227
1.1139433523068367  2233
1.146128035678238  2204
1.1760912590556813  2299
1.2041199826559248  2272
1.2304489213782739  2099
1.255272505103306  2322
1.2787536009528289  2207
1.3010299956639813  1938
1.3222192947339193  1997
1.3424226808222062  2067
1.3617278360175928  1877
1.380211241711606  1914
1.3979400086720377  1907
1.414973347970818  1899
1.4313637641589874  1843
1.4471580313422192  1826
1.462397997898956  1840
1.4771212547196624  1932
1.4913616938342726  1872
1.505149978319906  1807
1.5185139398778875  1844
1.5314789170422551  1785
1.5440680443502757  1985
1.5563025007672873  1858
1.568201724066995  1913
1.5797835966168101  1963
1.591064607026499  1795
1.6020599913279623  1806
1.6127838567197355  1920
1.6232492903979006  1839
1.6334684555795864  1804
1.6434526764861874  1850
1.6532125137753437  1893
1.662757831681574  1958
1.6720978579357175  1775
1.6812412373755872  1859
1.6901960800285136  1851
1.6989700043360187  1827
1.7075701760979363  1936
1.7160033436347992  1830
1.724275869600789  1835
1.7323937598229686  1927
1.7403626894942439  1836
1.7481880270062005  1877
1.7558748556724915  1986
1.7634279935629373  1841
1.7708520116421442  1839
1.7781512503836436  1975
1.7853298350107671  1838
1.792391689498254  1855
1.7993405494535817  1831
1.806179973983887  1770
1.8129133566428555  1724
1.8195439355418688  1883
1.8260748027008264  1945
1.8325089127062364  1821
1.8388490907372552  1831
1.845098040014257  1905
1.8512583487190752  1953
1.8573324964312685  1870
1.863322860120456  1828
1.8692317197309762  1825
1.8750612633917  1885
1.8808135922807914  1841
1.8864907251724818  2031
1.8920946026904804  1846
1.8976270912904414  1914
1.9030899869919435  1871
1.9084850188786497  1897
1.9138138523837167  1968
1.919078092376074  1908
1.9242792860618816  1881
1.9294189257142926  1929
1.9344984512435677  1939
1.9395192526186185  1829
1.9444826721501687  1846
1.9493900066449128  1913
1.954242509439325  1804
1.9590413923210936  1945
1.9637878273455553  1879
1.968482948553935  1931
1.9731278535996986  1815
1.9777236052888478  1791
1.9822712330395684  1817
1.9867717342662448  1874
1.9912260756924949  1828
1.99563519459755  1818
2.0  2018
2.0043213737826426  1804
2.0086001717619175  1882
2.012837224705172  1948
2.0170333392987803  1895
2.0211892990699383  1865
2.0253058652647704  1913
2.0293837776852097  1889
2.03342375548695  1885
2.037426497940624  1767
2.041392685158225  1900
2.0453229787866576  1704
2.0492180226701815  1765
2.0530784434834195  1822
2.0569048513364727  1917
2.060697840353612  1945
2.0644579892269186  1867
2.0681858617461617  1853
2.0718820073061255  1859
2.0755469613925306  1918
2.0791812460476247  1939
2.0827853703164503  1790
2.0863598306747484  1885
2.089905111439398  1925
2.093421685162235  1857
2.0969100130080562  1775
2.100370545117563  1868
2.103803720955957  1849
2.1072099696478683  1952
2.110589710299249  1827
2.113943352306837  1903
2.1172712956557644  1873
2.12057393120585  1780
2.123851640967086  1890
2.1271047983648077  1894
2.130333768495006  1791
2.1335389083702174  1770
2.1367205671564067  1950
2.1398790864012365  1872
2.143014800254095  1853
2.146128035678238  1922
2.1492191126553797  1879
2.1522883443830563  1933
2.155336037465062  2023
2.1583624920952498  1891
2.161368002234975  1919
2.164352855784437  1876
2.167317334748176  1864
2.1702617153949575  1879
2.173186268412274  1808
2.1760912590556813  1941
2.1789769472931693  1811
2.1818435879447726  1851
2.184691430817599  1858
2.187520720836463  1884
2.1903316981702914  1906
2.1931245983544616  1852
2.1958996524092336  1859
2.1986570869544226  1799
2.2013971243204513  1843
2.2041199826559246  1961
2.2068258760318495  1740
2.2095150145426308  1935
2.2121876044039577  1909
2.214843848047698  1903
2.2174839442139063  1804
2.220108088040055  1887
2.2227164711475833  1862
2.225309281725863  1943
2.2278867046136734  1919
2.230448921378274  1884
2.2329961103921536  1974
2.2355284469075487  1735
2.2380461031287955  1804
2.2405492482826  1921
2.2430380486862944  1971
2.24551266781415  1847
2.247973266361807  1995
2.250420002308894  1928
2.2528530309798933  1908
2.255272505103306  1964
2.2576785748691846  1864
2.2600713879850747  1922
2.2624510897304293  1900
2.2648178230095364  1911
2.2671717284030137  1893
2.2695129442179165  1886
2.271841606536499  1872
2.27415784926368  1834
2.2764618041732443  1824
2.278753600952829  1896
2.2810333672477277  1798
2.2833012287035497  1785
2.285557309007774  1848
2.287801729930226  1793
2.290034611362518  1765
2.292256071356476  1878
2.294466226161593  1759
2.296665190261531  1883
2.298853076409707  1896
2.3010299956639813  1896
2.303196057420489  1709
2.305351369446624  1935
2.307496037913213  1951
2.3096301674258988  1775
2.311753861055754  1984
2.3138672203691533  1924
2.315970345456918  1899
2.3180633349627615  1873
2.3201462861110542  1910
2.322219294733919  1808
2.3242824552976926  1901
2.326335860928751  1935
2.3283796034387376  1855
2.330413773349191  1874
2.3324384599156054  1958
2.3344537511509307  1869
2.3364597338485296  1981
2.3384564936046046  1793
2.3404441148401185  1916
2.342422680822206  1905
2.3443922736851106  1848
2.346352974450639  1804
2.3483048630481607  1877
2.3502480183341627  1812
2.3521825181113627  1784
2.3541084391474008  1925
2.3560258571931225  1864
2.357934847000454  1862
2.359835482339888  1838
2.361727836017593  1901
2.3636119798921444  1820
2.3654879848909  1942
2.367355921026019  1900
2.369215857410143  1887
2.3710678622717363  1891
2.3729120029701067  1933
2.374748346010104  1887
2.376576957056512  1847
2.3783979009481375  1800
2.380211241711606  1803
2.3820170425748683  1886
2.383815365980431  1841
2.385606273598312  1930
2.387389826338729  1861
2.3891660843645326  1886
2.3909351071033793  1902
2.392696953259666  1881
2.3944516808262164  1839
2.3961993470957363  1859
2.3979400086720375  2022
2.399673721481038  1817
2.401400540781544  1787
2.403120521175818  1866
2.404833716619938  1828
2.406540180433955  1850
2.4082399653118496  1909
2.4099331233312946  1960
2.41161970596323  1901
2.413299764081252  1832
2.4149733479708178  1945
2.416640507338281  1867
2.4183012913197452  1919
2.419955748489758  1907
2.4216039268698313  1812
2.423245873936808  1944
2.424881636631067  1945
2.4265112613645754  1973
2.428134794028789  1845
2.429752280002408  1945
2.4313637641589874  1926
2.432969290874406  1880
2.4345689040341987  1866
2.436162647040756  1905
2.437750562820388  1832
2.439332693830263  1928
2.4409090820652177  1909
2.4424797690644486  1828
2.444044795918076  1917
2.4456042032735974  1824
2.4471580313422194  2000
2.44870631990508  1939
2.450249108319361  1913
2.45178643552429  1988
2.4533183400470375  1915
2.45484486000851  1810
2.456366033129043  1949
2.4578818967339924  1910
2.459392487759231  1859
2.4608978427565478  1882
2.462397997898956  1767
2.4638929889859074  1750
2.4653828514484184  1906
2.4668676203541096  1887
2.4683473304121573  1850
2.469822015978163  1874
2.4712917110589387  1745
2.4727564493172123  1795
2.4742162640762553  1825
2.4756711883244296  1899
2.4771212547196626  1868
2.4785664955938436  1948
2.4800069429571505  1910
2.481442628502305  1989
2.482873583608754  1728
2.484299839346786  1925
2.48572142648158  1861
2.4871383754771865  1965
2.4885507165004443  1826
2.4899584794248346  1890
2.4913616938342726  1874
2.4927603890268375  1895
2.494154594018443  1818
2.4955443375464483  1878
2.496929648073215  1780
2.4983105537896004  1865
2.499687082618404  1870
2.5010592622177517  1854
2.5024271199844326  1841
2.503790683057181  1819
2.505149978319906  1913
2.506505032404872  1904
2.507855871695831  1877
2.509202522331103  1814
2.510545010206612  1811
2.5118833609788744  1911
2.513217600067939  1947
2.514547752660286  1929
2.515873843711679  1891
2.5171958979499744  1944
2.5185139398778875  1799
2.519827993775719  1808
2.5211380837040362  1909
2.5224442335063197  1823
2.5237464668115646  1819
2.525044807036845  1875
2.526339277389844  1889
2.5276299008713385  1903
2.5289167002776547  1746
2.530199698203082  1905
2.531478917042255  1996
2.5327543789924976  1902
2.534026106056135  1811
2.5352941200427703  1952
2.53655844257153  1919
2.537819095073274  1778
2.5390760987927767  1945
2.5403294747908736  1817
2.5415792439465807  1869
2.5428254269591797  1876
2.5440680443502757  1847
2.545307116465824  1930
2.546542663478131  1773
2.5477747053878224  1870
2.5490032620257876  1772
2.550228353055094  1886
2.5514499979728753  1944
2.552668216112193  1897
2.5538830266438746  1896
2.5550944485783194  1827
2.5563025007672873  1856
2.5575072019056577  1814
2.558708570533166  1868
2.5599066250361124  1888
2.561101383649056  1810
2.5622928644564746  1789
2.5634810853944106  1946
2.5646660642520893  1834
2.5658478186735176  1833
2.56702636615906  1771
2.568201724066995  1789
2.569373909615046  1887
2.5705429398818973  1891
2.571708831808688  1807
2.5728716022004803  1876
2.574031267727719  1874
2.575187844927661  1938
2.576341350205793  1795
2.5774917998372255  1895
2.578639209968072  1902
2.57978359661681  1893
2.5809249756756194  1943
2.582063362911709  1848
2.583198773968623  1880
2.584331224367531  1872
2.5854607295085006  1875
2.586587304671755  1894
2.5877109650189114  1793
2.5888317255942073  1900
2.5899496013257077  1795
2.591064607026499  1836
2.5921767573958667  1792
2.593286067020457  1816
2.5943925503754266  1930
2.595496221825574  1839
2.59659709562646  1899
2.597695185925512  1933
2.598790506763115  1835
2.5998830720736876  1920
2.6009728956867484  1857
2.6020599913279625  1901
2.603144372620182  1822
2.60422605308447  1891
2.6053050461411096  1804
2.606381365110605  2087
2.6074550232146687  1841
2.6085260335771943  1895
2.60959440922522  1884
2.61066016308988  1868
2.611723308007342  1950
2.6127838567197355  2033
2.6138418218760693  1887
2.6148972160331345  1833
2.615950051656401  1936
2.617000341120899  1843
2.6180480967120925  1863
2.6190933306267428  1842
2.6201360549737576  1766
2.621176281775035  1823
2.622214022966295  1845
2.6232492903979003  1968
2.6242820958356683  1904
2.625312450961674  1899
2.6263403673750423  1712
2.6273658565927325  1891
2.6283889300503116  1990
2.629409599102719  1877
2.630427875025024  1776
2.6314437690131722  1780
2.6324572921847245  1872
2.6334684555795866  1859
2.6344772701607315  1919
2.635483746814912  1755
2.6364878963533656  1929
2.637489729512511  1847
2.6384892569546374  1938
2.639486489268586  1868
2.640481436970422  1836
2.6414741105040997  1828
2.6424645202421213  1807
2.6434526764861874  1878
2.6444385894678386  1852
2.645422269349092  1928
2.6464037262230695  1925
2.6473829701146196  1839
2.6483600109809315  1836
2.649334858712142  1874
2.6503075231319366  1738
2.651278013998144  1859
2.6522463410033232  1919
2.6532125137753435  1859
2.6541765418779604  1965
2.655138434811382  1833
2.656098202012832  1778
2.6570558528571038  1959
2.6580113966571126  1903
2.658964842664435  1973
2.6599162000698504  1847
2.660865478003869  1940
2.661812685537261  1987
2.662757831681574  1972
2.663700925389648  1838
2.6646419755561257  1835
2.6655809910179533  1853
2.6665179805548807  1899
2.667452952889954  1767
2.66838591669  1869
2.6693168805661123  1808
2.670245853074124  1872
2.6711728427150834  1748
2.6720978579357175  1954
2.673020907128896  1904
2.673941998634088  1784
2.6748611407378116  1745
2.6757783416740852  1859
2.6766936096248664  1862
2.677606952720493  1850
2.678518379040114  1943
2.6794278966121188  1891
2.680335513414563  1912
2.681241237375587  1907
2.682145076373832  1805
2.6830470382388496  1880
2.683947130751512  1929
2.6848453616444123  1937
2.6857417386022635  1734
2.6866362692622934  1803
2.6875289612146345  1776
2.6884198220027105  1970
2.6893088591236203  1896
2.690196080028514  1809
2.6910814921229687  1953
2.69196510276736  2041
2.69284691927723  1935
2.693726948923647  1852
2.694605198933569  1820
2.6954816764901977  1822
2.696356388733332  1853
2.6972293427597176  1886
2.6981005456233897  1898
2.6989700043360187  1764
2.699837725867246  1939
2.7007037171450192  1845
2.7015679850559273  1922
2.7024305364455254  1772
2.7032913781186614  1732
2.7041505168397992  2009
2.705007959333336  1861
2.7058637122839193  1778
2.7067177823367587  1912
2.7075701760979363  1853
2.708420900134713  1848
2.709269960975831  1795
2.7101173651118162  1810
2.710963118995276  1798
2.711807229041191  1849
2.7126497016272113  1826
2.7134905430939424  1960
2.714329759745233  1864
2.7151673578484576  1999
2.716003343634799  1902
2.7168377232995247  1836
2.717670503002262  1861
2.718501688867274  1806
2.7193312869837265  1847
2.720159303405957  1800
2.7209857441537393  1931
2.7218106152125467  1833
2.722633922533812  1850
2.7234556720351857  1873
2.724275869600789  1968
2.725094521081469  1878
2.7259116322950483  1875
2.7267272090265724  2066
2.727541257028556  1902
2.7283537820212285  1872
2.72916478969277  1775
2.7299742856995555  1810
2.7307822756663893  1886
2.7315887651867388  1808
2.7323937598229686  1844
2.7331972651065692  1830
2.733999286538387  1844
2.734799829588847  1817
2.73559889969818  1914
2.7363965022766426  1929
2.7371926427047373  1924
2.737987326333431  1893
2.738780558484369  1799
2.739572344450092  1854
2.7403626894942437  1843
2.741151598851785  1805
2.741939077729199  1891
2.7427251313046983  1736
2.74350976472843  1847
2.7442929831226763  2040
2.7450747915820575  1977
2.745855195173729  1868
2.7466341989375787  1746
2.747411807886423  1969
2.7481880270062002  1923
2.7489628612561616  1711
2.749736315569061  1899
2.7505083948513462  1927
2.751279103983342  1861
2.7520484478194387  1903
2.7528164311882715  1852
2.7535830588929064  1911
2.754348335711019  1763
2.7551122663950713  1880
2.7558748556724915  1860
2.756636108245848  1914
2.7573960287930244  1922
2.75815462196739  1954
2.7589118923979736  1792
2.7596678446896306  2024
2.760422483423212  1833
2.7611758131557314  1901
2.761927838420529  1867
2.762678563727436  1911
2.7634279935629373  1935
2.7641761323903307  1816
2.7649229846498886  1846
2.765668554759014  1862
2.7664128471123997  1851
2.7671558660821804  1818
2.767897616018091  1864
2.7686381012476144  1953
2.7693773260761385  1934
2.7701152947871015  1825
2.7708520116421442  1867
2.7715874808812555  1851
2.77232170672292  1774
2.7730546933642626  1989
2.7737864449811935  1845
2.7745169657285498  1889
2.7752462597402365  1759
2.775974331129369  1834
2.776701183988411  1710
2.7774268223893115  1880
2.7781512503836434  1872
2.7788744720027396  1940
2.7795964912578244  1841
2.780317312140151  1899
2.7810369386211318  1923
2.781755374652469  1866
2.782472624166286  1857
2.7831886910752575  1934
2.783903579272735  1958
2.784617292632875  1797
2.785329835010767  1945
2.786041210242554  1921
2.7867514221455614  1856
2.787460474518415  1834
2.788168371141168  2018
2.788875115775417  1804
2.7895807121644256  1874
2.7902851640332416  1776
2.790988475088816  1919
2.791690649020118  1737
2.792391689498254  2008
2.79309160017658  1857
2.7937903846908188  1924
2.7944880466591697  1833
2.795184589682424  1871
2.7958800173440754  1954
2.7965743332104296  1882
2.7972675408307164  1830
2.797959643737196  1846
2.798650645445269  1870
2.7993405494535817  1889
2.8000293592441343  1900
2.800717078282385  1767
2.801403710017355  1798
2.802089257881733  1834
2.8027737252919755  1799
2.803457115648414  1852
2.8041394323353503  1868
2.8048206787211623  1858
2.8055008581584002  1915
2.806179973983887  1859
2.8068580295188172  1804
2.807535028068853  1902
2.808210972924222  1982
2.808885867359812  1784
2.8095597146352675  1918
2.8102325179950842  1964
2.8109042806687006  1797
2.8115750058705933  1895
2.812244696800369  1833
2.8129133566428557  1887
2.813580988568192  2016
2.81424759573192  1755
2.814913181275074  1800
2.815577748324267  1886
2.816241299991783  1885
2.8169038393756605  1839
2.8175653695597807  1783
2.8182258936139557  1787
2.8188854145940097  1995
2.8195439355418688  1907
2.82020145948564  1861
2.8208579894397  1920
2.821513528404773  1750
2.8221680793680175  1983
2.8228216453031045  1868
2.823474229170301  1833
2.824125833916549  1792
2.824776462475546  1873
2.8254261177678233  1986
2.8260748027008264  1776
2.826722520168992  1934
2.8273692730538253  1831
2.828015064223977  1871
2.82865989653532  1896
2.829303772831025  1701
2.829946695941636  1819
2.8305886686851442  1969
2.8312296938670634  1914
2.8318697742805017  1960
2.832508912706236  1776
2.833147111912785  1866
2.833784374656479  1918
2.8344207036815328  1948
2.835056101720116  1811
2.8356905714924254  1821
2.8363241157067516  1924
2.8369567370595505  1875
2.837588438235511  1859
2.8382192219076257  1819
2.838849090737255  1777
2.8394780473741985  1858
2.840106094456758  1904
2.8407332346118066  1850
2.841359470454855  1829
2.8419848045901137  1870
2.842609239610562  1967
2.8432327780980096  1983
2.843855422623161  1912
2.8444771757456815  1929
2.845098040014257  1914
2.8457180179666586  1917
2.846337112129805  1826
2.846955325019824  1866
2.847572659142112  1937
2.848189116991399  1743
2.8488047010518036  1928
2.8494194137968996  1939
2.850033257689769  1896
2.8506462351830666  1920
2.8512583487190755  2019
2.851869600729766  1891
2.8524799936368566  1830
2.8530895298518657  1873
2.8536982117761744  1931
2.8543060418010806  1932
2.8549130223078554  1903
2.8555191556678  1889
2.8561244442423  1902
2.8567288903828825  1745
2.8573324964312685  1946
2.857935264719429  1859
2.858537197569639  1942
2.859138297294531  1855
2.859738566197147  1908
2.8603380065709936  1846
2.8609366207000937  1981
2.8615344108590377  1858
2.862131379313037  1893
2.8627275283179747  1854
2.863322860120456  1931
2.8639173769578603  1798
2.864511081058392  1866
2.8651039746411278  1828
2.8656960599160706  1874
2.8662873390841948  1851
2.866877814337499  1858
2.8674674878590514  1861
2.8680563618230415  1838
2.8686444383948255  2000
2.8692317197309762  1858
2.869818207979328  1839
2.870403905279027  1850
2.8709888137605755  1781
2.8715729355458786  1885
2.8721562727482928  1932
2.8727388274726686  1802
2.873320601815399  1849
2.8739015978644615  1868
2.8744818176994666  1811
2.8750612633917  1898
2.8756399370041685  1749
2.876217840591642  2018
2.8767949762007006  1824
2.877371345869774  1937
2.8779469516291885  1895
2.8785217955012063  1890
2.8790958795000727  1934
2.8796692056320534  1898
2.88024177589548  1968
2.8808135922807914  1840
2.8813846567705728  1934
2.8819549713396007  1828
2.8825245379548803  1908
2.8830933585756897  1835
2.8836614351536176  1802
2.884228769632604  1891
2.884795363948981  1991
2.885361220031512  1872
2.885926339801431  1845
2.886490725172482  1907
2.8870543780509568  1876
2.887617300335736  1878
2.888179493918325  1937
2.8887409606828927  1779
2.88930170250631  1826
2.8898617212581885  1826
2.890421018800914  1960
2.890979596989689  1952
2.8915374576725643  1820
2.8920946026904804  1836
2.8926510338773004  1849
2.893206753059848  1779
2.8937617620579434  1897
2.8943160626844384  1879
2.8948696567452528  1884
2.895422546039408  1905
2.8959747323590648  1899
2.8965262174895554  1764
2.89707700320942  1864
2.8976270912904414  1855
2.8981764834976764  1932
2.8987251815894934  1967
2.8992731873176036  1914
2.8998205024270964  1891
2.9003671286564705  1836
2.900913067737669  1933
2.9014583213961123  1780
2.9020028913507296  1827
2.902546779313991  1879
2.9030899869919438  1886
2.9036325160842376  1944
2.9041743682841634  1832
2.904715545278681  1938
2.905256048748451  1749
2.9057958803678687  1840
2.906335041805091  1822
2.90687353472207  1877
2.907411360774586  1822
2.9079485216122722  1921
2.90848501887865  1825
2.909020854211156  1904
2.9095560292411755  1959
2.910090545594068  1853
2.910624404889201  1791
2.9111576087399764  1760
2.9116901587538613  1809
2.9122220565324155  1801
2.912753303671323  1921
2.9132839017604186  1849
2.9138138523837167  1949
2.9143431571194407  1913
2.9148718175400505  1890
2.91539983521227  1863
2.9159272116971158  1837
2.916453948549925  1942
2.9169800473203824  1880
2.9175055095525466  1929
2.9180303367848803  1844
2.9185545305502734  1820
2.9190780923760737  1901
2.919601023784111  1822
2.920123326290724  1887
2.9206450014067875  1799
2.921166050637739  1845
2.921686475483602  1837
2.9222062774390163  1948
2.92272545799326  1885
2.9232440186302764  1820
2.9237619608287004  1788
2.9242792860618816  1918
2.924795995797912  1892
2.9253120914996495  1869
2.9258275746247424  1891
2.926342446625655  1845
2.926856708949692  1805
2.9273703630390235  1912
2.9278834103307068  1963
2.9283958522567137  1944
2.928907690243953  1888
2.929418925714293  1806
2.929929560084588  1785
2.9304395947667  1732
2.930949031167523  1896
2.931457870689005  1938
2.931966114728173  1932
2.932473764677153  1857
2.932980821923198  1830
2.9334872878487053  1789
2.9339931638312424  1796
2.934498451243568  1893
2.935003151453655  1945
2.9355072658247128  1882
2.9360107957152097  1905
2.936513742478893  1930
2.9370161074648142  1940
2.937517892017347  1928
2.9380190974762104  1912
2.938519725176492  1928
2.9390197764486663  1881
2.9395192526186187  2016
2.9400181550076634  1939
2.940516484932567  1732
2.9410142437055695  1854
2.941511432634403  1884
2.942008053022313  1839
2.9425041061680806  1836
2.9429995933660407  1890
2.9434945159061026  1748
2.9439888750737717  1832
2.9444826721501687  1890
2.9449759084120477  1913
2.94546858513182  1946
2.9459607035775686  1792
2.946452265013073  1909
2.9469432706978256  1814
2.9474337218870508  1785
2.9479236198317262  1856
2.948412965778601  1881
2.9489017609702137  1932
2.949390006644913  1936
2.949877704036875  1883
2.950364854376123  1924
2.9508514588885464  1882
2.951337518795918  1904
2.951823035315912  1843
2.9523080096621253  1836
2.952792443044092  1900
2.9532763366673045  1881
2.9537596917332287  1837
2.9542425094393248  1986
2.954724790979063  1902
2.9552065375419416  1886
2.9556877503135057  1823
2.9561684304753633  1779
2.9566485792052033  1849
2.957128197676813  1743
2.957607287060095  1875
2.958085848521085  1793
2.9585638832219674  1875
2.9590413923210934  1881
2.9595183769729982  1778
2.959994838328416  1799
2.960470777534299  1818
2.960946195733831  1743
2.9614210940664485  1881
2.9618954736678504  1813
2.962369335670021  1846
2.9628426812012423  1841
2.9633155113861114  1840
2.963787827345555  1895
2.964259630196849  1785
2.9647309210536292  1824
2.965201701025912  1879
2.9656719712201065  1954
2.9661417327390325  1796
2.966610986681934  1817
2.967079734144497  1900
2.967547976218862  1812
2.968015713993642  1897
2.9684829485539352  1845
2.9689496809813427  1826
2.9694159123539814  1936
2.9698816437465  1769
2.9703468762300935  1840
2.9708116108725178  1933
2.971275848738105  1837
2.971739590887778  1810
2.9722028383790646  1928
2.972665592266111  1922
2.9731278535996988  1840
2.973589623427257  2006
2.9740509027928774  1934
2.9745116927373285  1774
2.974971994298069  1862
2.975431808509263  1894
2.975891136401793  1811
2.9763499790032735  1869
2.976808337338066  2031
2.977266212427293  1816
2.9777236052888476  1926
2.978180516937414  1901
2.9786369483844743  1871
2.979092900638326  1952
2.979548374704095  1836
2.9800033715837464  1808
2.9804578922761  1907
2.9809119377768436  1792
2.9813655090785445  1806
2.9818186071706636  1857
2.9822712330395684  1904
2.9827233876685453  1869
2.983175072037813  1972
2.9836262871245345  1842
2.984077033902831  1925
2.9845273133437926  1880
2.9849771264154934  1736
2.9854264740830017  1791
2.9858753573083936  1798
2.986323777050765  1870
2.9867717342662448  1807
2.9872192299080047  1813
2.9876662649262746  1928
2.988112840268352  1852
2.9885589568786157  1772
2.989004615698537  1887
2.9894498176666917  1989
2.989894563718773  1871
2.9903388547876015  1912
2.9907826918031377  1825
2.9912260756924947  2029
2.9916690073799486  1850
2.9921114877869495  1868
2.9925535178321354  1889
2.9929950984313414  1825
2.9934362304976116  1919
2.993876914941211  1845
2.9943171526696366  1904
2.9947569445876283  1884
2.9951962915971793  1778
2.99563519459755  1920
2.9960736544852753  1830
2.9965116721541785  1900
2.996949248495381  1866
2.997386384397313  1882
2.9978230807457256  1857
2.998259338423699  1928
2.998695158311656  1791
2.999130541287371  1832
2.9995654882259823  2010
3.0  1971
3.000434077479319  1762
3.0008677215312267  1845
3.0013009330204183  1953
3.0017337128090005  1897
3.002166061756508  1886
3.0025979807199086  1859
3.003029470553618  1819
3.0034605321095067  1802
3.0038911662369103  1864
3.0043213737826426  1816
3.004751155591001  1882
3.0051805125037805  1936
3.0056094453602804  1911
3.0060379549973173  1837
3.0064660422492318  1879
3.0068937079479006  1748
3.0073209529227447  1854
3.00774777800074  1855
3.0081741840064264  1872
3.0086001717619175  2006
3.0090257420869104  1841
3.009450895798694  1870
3.00987563371216  1796
3.010299956639812  1954
3.010723865391773  1752
3.0111473607757975  1817
3.0115704435972783  1770
3.011993114659257  1708
3.012415374762433  1891
3.012837224705172  1893
3.0132586652835167  2036
3.0136796972911926  1821
3.0141003215196207  1874
3.0145205387579237  1904
3.0149403497929366  1954
3.0153597554092144  1846
3.015778756389041  1882
3.016197353512439  1866
3.016615547557177  1892
3.0170333392987803  1826
3.017450729510536  1936
3.0178677189635055  1935
3.018284308426531  1806
3.0187004986662433  1739
3.019116290447073  1846
3.0195316845312554  1765
3.0199466816788423  1987
3.0203612826477078  1834
3.020775488193558  1818
3.0211892990699383  1850
3.021602716028242  1831
3.02201573981772  1779
3.0224283711854865  1870
3.022840610876528  1938
3.0232524596337114  1958
3.0236639181977933  1937
3.024074987307426  1930
3.024485667699167  1859
3.024895960107485  1959
3.0253058652647704  1921
3.025715383901341  1907
3.0261245167454502  1976
3.0265332645232967  1988
3.0269416279590295  1940
3.0273496077747564  1881
3.0277572046905536  1843
3.0281644194244697  1888
3.0285712526925375  1918
3.028977705208778  1804
3.0293837776852097  1842
3.029789470831856  1973
3.030194785356751  1886
3.030599721965951  1856
3.0310042813635367  1802
3.031408464251624  1861
3.0318122713303706  1894
3.0322157032979815  1888
3.03261876085072  1878
3.0330214446829107  1969
3.03342375548695  1869
3.03382569395331  1820
3.0342272607705505  1896
3.0346284566253203  1944
3.0350292822023683  1932
3.0354297381845483  1886
3.035829825252828  1830
3.0362295440862948  1792
3.036628895362161  1803
3.037027879755775  1796
3.037426497940624  1874
3.037824750588342  1842
3.0382226383687185  1792
3.038620161949703  1779
3.039017321997412  1820
3.0394141191761372  1835
3.0398105541483504  1791
3.0402066275747113  1823
3.040602340114073  1794
3.0409976924234905  1820
3.041392685158225  1746
3.041787318971752  1787
3.042181594515766  1872
3.0425755124401905  1961
3.0429690733931802  1744
3.0433622780211294  1909
3.0437551269686796  1896
3.044147620878723  1822
3.044539760392411  1880
3.04493154614916  1873
3.0453229787866576  1921
3.0457140589408676  1936
3.0461047872460387  1795
3.0464951643347082  1864
3.04688519083771  1798
3.0472748673841794  1862
3.04766419460156  1950
3.048053173115609  1899
3.0484418035504044  1822
3.04883008652835  1904
3.0492180226701815  1892
3.049605612594973  1890
3.0499928569201424  1913
3.050379756261458  1943
3.0507663112330423  1733
3.0511525224473814  1917
3.0515383905153275  1867
3.0519239160461065  1906
3.0523090996473234  1873
3.052693941924968  2012
3.0530784434834195  1949
3.053462604925455  1836
3.0538464268522527  1909
3.0542299098633974  1750
3.0546130545568877  1797
3.0549958615291417  1917
3.055378331375  1795
3.0557604646877348  1738
3.056142262059052  1854
3.0565237240791006  1816
3.0569048513364727  1885
3.0572856444182146  1922
3.0576661039098294  1859
3.0580462303952816  1906
3.058426024457005  1945
3.0588054866759067  1869
3.059184617631371  1933
3.0595634179012676  1829
3.059941888061955  1907
3.060320028688285  1859
3.060697840353612  1880
3.0610753236297916  1757
3.061452479087193  1865
3.061829307294699  1882
3.0622058088197126  2047
3.062581984228163  1857
3.0629578340845103  1938
3.0633333589517497  1915
3.0637085593914173  1916
3.064083435963596  1908
3.0644579892269186  1853
3.064832219738574  1852
3.065206128054312  1943
3.0655797147284485  1865
3.06595298031387  1894
3.0663259253620376  1874
3.0666985504229953  1826
3.0670708560453703  1850
3.0674428427763805  1963
3.0678145111618402  1933
3.0681858617461617  1854
3.068556895072363  1910
3.068927611682072  1777
3.0692980121155293  1869
3.0696680969115957  1821
3.070037866607755  1811
3.0704073217401198  1874
3.0707764628434346  1915
3.0711452904510828  1937
3.071513805095089  1859
3.0718820073061255  1861
3.072249897613515  1878
3.0726174765452368  1985
3.0729847446279304  1961
3.073351702386901  1888
3.0737183503461227  1732
3.074084689028244  1908
3.074450718954591  1800
3.074816440645175  1747
3.0751818546186915  1928
3.0755469613925306  1835
3.0759117614827773  1922
3.076276255404218  1884
3.076640443670342  1940
3.0770043267933502  1900
3.0773679052841563  1835
3.077731179652392  1901
3.0780941504064105  1839
3.0784568180532927  1825
3.0788191830988487  1902
3.0791812460476247  1873
3.079543007402906  1782
3.079904467666721  1810
3.0802656273398448  1840
3.0806264869218056  1936
3.080987046910887  1952
3.0813473078041325  1980
3.081707270097349  1835
3.082066934285113  1768
3.0824263008607717  1718
3.0827853703164503  1910
3.0831441431430524  1845
3.0835026198302673  1878
3.083860800866573  1895
3.0842186867392387  1888
3.084576277934331  1813
3.084933574936716  1812
3.085290578230065  1851
3.0856472882968564  1818
3.0860037056183818  1872
3.0863598306747484  1864
3.0867156639448825  1844
3.0870712059065353  1919
3.0874264570362855  1817
3.087781417809542  1802
3.0881360887005513  1889
3.0884904701823963  2003
3.088844562727004  1973
3.089198366805149  1867
3.089551882886454  1858
3.089905111439398  1858
3.090258052931316  1854
3.090610707828407  1841
3.0909630765957314  1843
3.091315159697223  1866
3.0916669575956846  1780
3.092018470752797  1996
3.0923696996291206  1952
3.0927206446840994  1793
3.0930713063760633  2035
3.093421685162235  1827
3.09377178149873  1892
3.0941215958405612  1799
3.094471128641645  1836
3.0948203803548  1943
3.095169351431755  1942
3.095518042323151  1842
3.0958664534785427  1874
3.0962145853464054  1898
3.0965624383741357  1953
3.0969100130080562  1825
3.09725730969342  1867
3.097604328874411  1851
3.09795107099415  1902
3.0982975364946976  1923
3.098643725817057  1794
3.0989896394011773  1962
3.0993352776859577  1786
3.09968064110925  1884
3.1000257301078626  1793
3.100370545117563  1831
3.1007150865730817  1935
3.1010593549081156  1812
3.101403350555331  1884
3.1017470739463664  1842
3.1020905255118367  1830
3.1024337056813365  1787
3.1027766148834415  1879
3.1031192535457137  1795
3.103461622094705  1860
3.103803720955957  1926
3.104145550554008  1827
3.104487111312395  1894
3.1048284036536553  1826
3.1051694279993316  1938
3.1055101847699738  1839
3.1058506743851435  1952
3.1061908972634154  1934
3.1065308538223815  1829
3.106870544478654  1851
3.1072099696478683  1871
3.1075491297446862  1862
3.1078880251827985  1812
3.1082266563749283  1911
3.1085650237328344  1917
3.1089031276673134  1851
3.109240968588203  1923
3.1095785469043866  1871
3.1099158630237933  1864
3.110252917353403  1892
3.110589710299249  1833
3.1109262422664203  1758
3.1112625136590655  1928
3.111598524880394  1927
3.1119342763326814  1897
3.1122697684172707  1866
3.1126050015345745  1801
3.11293997608408  1859
3.1132746924643504  1902
3.1136091510730277  1898
3.113943352306837  1991
3.1142772965615864  1831
3.114610984232173  1783
3.1149444157125847  1863
3.1152775913959014  1878
3.1156105116742996  1878
3.115943176939055  1962
3.116275587580544  1937
3.1166077439882485  1751
3.116939646550756  1819
3.1172712956557644  1854
3.117602691690084  1869
3.1179338350396413  1955
3.118264726089479  1871
3.118595365223762  1921
3.1189257528257768  1914
3.1192558892779365  1844
3.119585774961784  1882
3.119915410257991  1864
3.1202447955463652  1920
3.12057393120585  1898
3.1209028176145273  1840
3.1212314551496214  1900
3.1215598441875008  1983
3.121887985103681  1895
3.1222158782728267  1891
3.1225435240687545  1883
3.1228709228644354  1912
3.1231980750319988  1866
3.123524980942732  1921
3.123851640967086  1957
3.124178055474675  1935
3.1245042248342823  1783
3.1248301494138593  1905
3.12515582958053  1740
3.125481265700594  1842
3.125806458139527  1915
3.1261314072619846  1833
3.1264561134318045  1846
3.126780577012009  1827
3.1271047983648077  1935
3.127428777851599  1877
3.1277525158329733  1767
3.1280760126687155  1857
3.1283992687178066  1830
3.128722284338427  1813
3.1290450598879582  1837
3.1293675957229854  1759
3.129689892199301  1881
3.1300119496719043  1873
3.130333768495006  1919
3.130655349022031  1922
3.130976691605617  1830
3.131297796597623  1859
3.1316186643491255  1851
3.1319392952104246  1939
3.1322596895310446  1868
3.132579847659737  1941
3.132899769944483  1896
3.1332194567324945  1812
3.1335389083702174  1856
3.133858125203335  1855
3.1341771075767664  1956
3.1344958558346736  1802
3.13481437032046  1874
3.1351326513767748  1819
3.1354506993455136  1847
3.1357685145678222  1868
3.1360860973840974  1851
3.13640344813399  1795
3.1367205671564067  1884
3.1370374547895126  1649
3.137354111370733  1679
3.137670537236755  1937
3.137986732723532  1879
3.1383026981662816  1778
3.1386184338994925  1831
3.1389339402569236  1790
3.139249217571607  1810
3.13956426617585  1756
3.1398790864012365  1738
3.140193678578631  1832
3.1405080430381798  1764
3.1408221801093106  1821
3.141136090120739  1807
3.1414497734004674  1842
3.141763230275788  1748
3.1420764610732848  1886
3.142389466118836  1816
3.1427022457376155  1822
3.143014800254095  1822
3.143327129992046  1782
3.1436392352745433  1781
3.1439511164239633  1864
3.144262773761991  1870
3.144574207609616  1735
3.144885418287142  1757
3.1451964061141817  1871
3.1455071714096627  1748
3.1458177144918276  1687
3.146128035678238  1789
3.1464381352857744  1692
3.14674801363064  1718
3.1470576710283598  1689
3.1473671077937864  1660
3.1476763242410986  1655
3.147985320683805  1655
3.1482940974347455  1674
3.1486026548060932  1650
3.1489109931093564  1603
3.1492191126553797  1582
3.149527013754348  1591
3.149834696715785  1701
3.1501421618485588  1599
3.150449409460881  1620
3.150756439860309  1513
3.15106325335375  1505
3.1513698502474603  1578
3.151676230847048  1526
3.151982395457474  1457
3.1522883443830563  1423
3.15259407792747  1450
3.1528995963937474  1457
3.153204900084284  1368
3.1535099893008374  1348
3.153814864344529  1329
3.154119525515847  1243
3.154423973114647  1348
3.1547282074401557  1252
3.1550322287909704  1282
3.155336037465062  1252
3.1556396337597765  1224
3.1559430179718366  1219
3.1562461903973444  1157
3.1565491513317814  1144
3.156851901070011  1117
3.1571544399062814  1113
3.157456768134226  1104
3.1577588860468637  1036
3.158060793936605  1051
3.1583624920952498  940
3.1586639808139894  981
3.15896526038341  980
3.159266331093494  926
3.1595671932336202  884
3.1598678470925665  900
3.160168292958512  795
3.1604685311190375  766
3.1607685618611283  789
3.1610683854711747  725
3.161368002234975  730
3.161667412437736  643
3.161966616364075  669
3.1622656142980214  634
3.162564406523019  572
3.162862993321926  547
3.1631613749770184  565
3.16345955176999  521
3.163757523981956  492
3.1640552918934515  495
3.164352855784437  462
3.1646502159342966  400
3.1649473726218416  408
3.1652443261253107  390
3.165541076722373  349
3.1658376246901283  347
3.166133970305109  309
3.166430113843283  268
3.166726055580052  284
3.1670217957902564  258
3.167317334748176  260
3.16761267272753  225
3.16790781000148  204
3.168202746842631  183
3.1684974835230326  168
3.1687920203141817  172
3.1690863574870227  151
3.1693804953119495  156
3.1696744340588068  131
3.1699681739968923  124
3.1702617153949575  104
3.1705550585212086  88
3.170848203643309  95
3.1711411510283822  84
3.171433900943008  93
3.171726453653231  60
3.1720188094245563  70
3.172310968521954  64
3.17260293120986  64
3.1728946977521764  65
3.173186268412274  53
3.1734776434529945  47
3.17376882313665  46
3.1740598077250253  41
3.1743505974793798  37
3.1746411926604483  36
3.1749315935284423  25
3.1752218003430523  19
3.1755118133634475  32
3.1758016328482794  28
3.1760912590556813  17
3.1763806922432702  18
3.17666993266815  16
3.176958980586908  16
3.1772478362556233  15
3.1775364999298623  12
3.177824971864682  7
3.1781132523146316  13
3.178401341533755  7
3.17868923977559  7
3.1789769472931693  4
3.1792644643390253  5
3.1795517911651876  4
3.179838928023187  6
3.180125875164054  5
3.180412632838324  4
3.1806992012960347  5
3.1809855807867304  3
3.1812717715594614  1
3.1815577738627865  3
3.1818435879447726  1
3.182129214052998  1
3.182414652434554  1
3.182984967003582  1
3.1832698436828046  1
3.1835545336188615  1
