0.3010299956639812  2125
0.47712125471966244  2142
0.6020599913279624  2119
0.6989700043360189  2146
0.7781512503836436  2122
0.8450980400142568  2116
0.9030899869919435  2139
0.9542425094393249  2119
1.0  2152
1.0413926851582251  2125
1.0791812460476249  2115
1.1139433523068367  2140
1.146128035678238  2130
1.1760912590556813  2129
1.2041199826559248  2111
1.2304489213782739  2140
1.255272505103306  2109
1.2787536009528289  2142
1.3010299956639813  2131
1.3222192947339193  2136
1.3424226808222062  2104
1.3617278360175928  2136
1.380211241711606  2095
1.3979400086720377  2130
1.414973347970818  2124
1.4313637641589874  2129
1.4471580313422192  2141
1.462397997898956  2134
1.4771212547196624  2120
1.4913616938342726  2106
1.505149978319906  2136
1.5185139398778875  2134
1.5314789170422551  2143
1.5440680443502757  2121
1.5563025007672873  2126
1.568201724066995  2109
1.5797835966168101  2150
1.591064607026499  2113
1.6020599913279623  2096
1.6127838567197355  2137
1.6232492903979006  2109
1.6334684555795864  2134
1.6434526764861874  2150
1.6532125137753437  2105
1.662757831681574  2139
1.6720978579357175  2115
1.6812412373755872  2112
1.6901960800285136  2129
1.6989700043360187  2119
1.7075701760979363  2117
1.7160033436347992  2124
1.724275869600789  2164
1.7323937598229686  2125
1.7403626894942439  2120
1.7481880270062005  2132
1.7558748556724915  2124
1.7634279935629373  2151
1.7708520116421442  2106
1.7781512503836436  2131
1.7853298350107671  2123
1.792391689498254  2121
1.7993405494535817  2119
1.806179973983887  2109
1.8129133566428555  2124
1.8195439355418688  2142
1.8260748027008264  2134
1.8325089127062364  2114
1.8388490907372552  2130
1.845098040014257  2139
1.8512583487190752  2117
1.8573324964312685  2133
1.863322860120456  2134
1.8692317197309762  2112
1.8750612633917  2121
1.8808135922807914  2112
1.8864907251724818  2123
1.8920946026904804  2143
1.8976270912904414  2134
1.9030899869919435  2124
1.9084850188786497  2125
1.9138138523837167  2125
1.919078092376074  2148
1.9242792860618816  2137
1.9294189257142926  2127
1.9344984512435677  2120
1.9395192526186185  2121
1.9444826721501687  2141
1.9493900066449128  2124
1.954242509439325  2116
1.9590413923210936  2128
1.9637878273455553  2136
1.968482948553935  2115
1.9731278535996986  2163
1.9777236052888478  2112
1.9822712330395684  2108
1.9867717342662448  2128
1.9912260756924949  2127
1.99563519459755  2132
2.0  2135
2.0043213737826426  2131
2.0086001717619175  2127
2.012837224705172  2112
2.0170333392987803  2092
2.0211892990699383  2159
2.0253058652647704  2122
2.0293837776852097  2154
2.03342375548695  2136
2.037426497940624  2130
2.041392685158225  2125
2.0453229787866576  2105
2.0492180226701815  2113
2.0530784434834195  2125
2.0569048513364727  2108
2.060697840353612  2098
2.0644579892269186  2121
2.0681858617461617  2125
2.0718820073061255  2128
2.0755469613925306  2137
2.0791812460476247  2115
2.0827853703164503  2111
2.0863598306747484  2122
2.089905111439398  2110
2.093421685162235  2095
2.0969100130080562  2117
2.100370545117563  2118
2.103803720955957  2129
2.1072099696478683  2144
2.110589710299249  2108
2.113943352306837  2154
2.1172712956557644  2121
2.12057393120585  2132
2.123851640967086  2125
2.1271047983648077  2130
2.130333768495006  2131
2.1335389083702174  2128
2.1367205671564067  2121
2.1398790864012365  2136
2.143014800254095  2102
2.146128035678238  2125
2.1492191126553797  2119
2.1522883443830563  2119
2.155336037465062  2124
2.1583624920952498  2119
2.161368002234975  2130
2.164352855784437  2105
2.167317334748176  2118
2.1702617153949575  2116
2.173186268412274  2116
2.1760912590556813  2147
2.1789769472931693  2140
2.1818435879447726  2105
2.184691430817599  2106
2.187520720836463  2103
2.1903316981702914  2113
2.1931245983544616  2131
2.1958996524092336  2115
2.1986570869544226  2109
2.2013971243204513  2127
2.2041199826559246  2112
2.2068258760318495  2099
2.2095150145426308  2125
2.2121876044039577  2113
2.214843848047698  2139
2.2174839442139063  2120
2.220108088040055  2120
2.2227164711475833  2131
2.225309281725863  2104
2.2278867046136734  2123
2.230448921378274  2131
2.2329961103921536  2123
2.2355284469075487  2102
2.2380461031287955  2110
2.2405492482826  2104
2.2430380486862944  2123
2.24551266781415  2132
2.247973266361807  2134
2.250420002308894  2117
2.2528530309798933  2143
2.255272505103306  2126
2.2576785748691846  2140
2.2600713879850747  2128
2.2624510897304293  2162
2.2648178230095364  2158
2.2671717284030137  2117
2.2695129442179165  2141
2.271841606536499  2116
2.27415784926368  2120
2.2764618041732443  2121
2.278753600952829  2113
2.2810333672477277  2128
2.2833012287035497  2126
2.285557309007774  2124
2.287801729930226  2109
2.290034611362518  2123
2.292256071356476  2131
2.294466226161593  2121
2.296665190261531  2126
2.298853076409707  2129
2.3010299956639813  2153
2.303196057420489  2115
2.305351369446624  2133
2.307496037913213  2128
2.3096301674258988  2125
2.311753861055754  2123
2.3138672203691533  2124
2.315970345456918  2127
2.3180633349627615  2119
2.3201462861110542  2134
2.322219294733919  2119
2.3242824552976926  2099
2.326335860928751  2114
2.3283796034387376  2122
2.330413773349191  2131
2.3324384599156054  2132
2.3344537511509307  2119
2.3364597338485296  2139
2.3384564936046046  2123
2.3404441148401185  2136
2.342422680822206  2117
2.3443922736851106  2134
2.346352974450639  2137
2.3483048630481607  2126
2.3502480183341627  2119
2.3521825181113627  2098
2.3541084391474008  2127
2.3560258571931225  2126
2.357934847000454  2112
2.359835482339888  2110
2.361727836017593  2142
2.3636119798921444  2117
2.3654879848909  2134
2.367355921026019  2112
2.369215857410143  2112
2.3710678622717363  2136
2.3729120029701067  2116
2.374748346010104  2124
2.376576957056512  2116
2.3783979009481375  2130
2.380211241711606  2120
2.3820170425748683  2142
2.383815365980431  2127
2.385606273598312  2130
2.387389826338729  2124
2.3891660843645326  2138
2.3909351071033793  2146
2.392696953259666  2126
2.3944516808262164  2129
2.3961993470957363  2159
2.3979400086720375  2151
2.399673721481038  2114
2.401400540781544  2116
2.403120521175818  2148
2.404833716619938  2119
2.406540180433955  2137
2.4082399653118496  2115
2.4099331233312946  2111
2.41161970596323  2129
2.413299764081252  2132
2.4149733479708178  2125
2.416640507338281  2123
2.4183012913197452  2125
2.419955748489758  2139
2.4216039268698313  2098
2.423245873936808  2114
2.424881636631067  2128
2.4265112613645754  2104
2.428134794028789  2105
2.429752280002408  2138
2.4313637641589874  2123
2.432969290874406  2137
2.4345689040341987  2138
2.436162647040756  2139
2.437750562820388  2132
2.439332693830263  2112
2.4409090820652177  2151
2.4424797690644486  2119
2.444044795918076  2134
2.4456042032735974  2131
2.4471580313422194  2137
2.44870631990508  2108
2.450249108319361  2115
2.45178643552429  2122
2.4533183400470375  2119
2.45484486000851  2119
2.456366033129043  2140
2.4578818967339924  2130
2.459392487759231  2131
2.4608978427565478  2115
2.462397997898956  2131
2.4638929889859074  2126
2.4653828514484184  2123
2.4668676203541096  2160
2.4683473304121573  2126
2.469822015978163  2129
2.4712917110589387  2127
2.4727564493172123  2117
2.4742162640762553  2130
2.4756711883244296  2131
2.4771212547196626  2137
2.4785664955938436  2125
2.4800069429571505  2137
2.481442628502305  2131
2.482873583608754  2142
2.484299839346786  2123
2.48572142648158  2119
2.4871383754771865  2140
2.4885507165004443  2131
2.4899584794248346  2126
2.4913616938342726  2128
2.4927603890268375  2130
2.494154594018443  2137
2.4955443375464483  2143
2.496929648073215  2123
2.4983105537896004  2122
2.499687082618404  2100
2.5010592622177517  2123
2.5024271199844326  2139
2.503790683057181  2115
2.505149978319906  2142
2.506505032404872  2094
2.507855871695831  2149
2.509202522331103  2141
2.510545010206612  2116
2.5118833609788744  2122
2.513217600067939  2123
2.514547752660286  2118
2.515873843711679  2128
2.5171958979499744  2126
2.5185139398778875  2127
2.519827993775719  2115
2.5211380837040362  2131
2.5224442335063197  2109
2.5237464668115646  2119
2.525044807036845  2127
2.526339277389844  2125
2.5276299008713385  2111
2.5289167002776547  2126
2.530199698203082  2107
2.531478917042255  2125
2.5327543789924976  2128
2.534026106056135  2124
2.5352941200427703  2098
2.53655844257153  2124
2.537819095073274  2124
2.5390760987927767  2127
2.5403294747908736  2143
2.5415792439465807  2131
2.5428254269591797  2136
2.5440680443502757  2114
2.545307116465824  2123
2.546542663478131  2117
2.5477747053878224  2133
2.5490032620257876  2123
2.550228353055094  2134
2.5514499979728753  2123
2.552668216112193  2121
2.5538830266438746  2147
2.5550944485783194  2133
2.5563025007672873  2147
2.5575072019056577  2129
2.558708570533166  2119
2.5599066250361124  2115
2.561101383649056  2118
2.5622928644564746  2136
2.5634810853944106  2103
2.5646660642520893  2133
2.5658478186735176  2118
2.56702636615906  2126
2.568201724066995  2103
2.569373909615046  2133
2.5705429398818973  2129
2.571708831808688  2131
2.5728716022004803  2128
2.574031267727719  2131
2.575187844927661  2144
2.576341350205793  2123
2.5774917998372255  2156
2.578639209968072  2117
2.57978359661681  2128
2.5809249756756194  2119
2.582063362911709  2135
2.583198773968623  2144
2.584331224367531  2132
2.5854607295085006  2136
2.586587304671755  2128
2.5877109650189114  2134
2.5888317255942073  2131
2.5899496013257077  2132
2.591064607026499  2127
2.5921767573958667  2132
2.593286067020457  2109
2.5943925503754266  2127
2.595496221825574  2151
2.59659709562646  2094
2.597695185925512  2104
2.598790506763115  2134
2.5998830720736876  2137
2.6009728956867484  2130
2.6020599913279625  2132
2.603144372620182  2128
2.60422605308447  2123
2.6053050461411096  2122
2.606381365110605  2112
2.6074550232146687  2114
2.6085260335771943  2119
2.60959440922522  2128
2.61066016308988  2140
2.611723308007342  2129
2.6127838567197355  2113
2.6138418218760693  2130
2.6148972160331345  2139
2.615950051656401  2132
2.617000341120899  2110
2.6180480967120925  2114
2.6190933306267428  2127
2.6201360549737576  2138
2.621176281775035  2114
2.622214022966295  2104
2.6232492903979003  2139
2.6242820958356683  2122
2.625312450961674  2131
2.6263403673750423  2111
2.6273658565927325  2117
2.6283889300503116  2124
2.629409599102719  2102
2.630427875025024  2128
2.6314437690131722  2145
2.6324572921847245  2122
2.6334684555795866  2124
2.6344772701607315  2142
2.635483746814912  2100
2.6364878963533656  2122
2.637489729512511  2134
2.6384892569546374  2125
2.639486489268586  2116
2.640481436970422  2112
2.6414741105040997  2132
2.6424645202421213  2128
2.6434526764861874  2138
2.6444385894678386  2120
2.645422269349092  2129
2.6464037262230695  2120
2.6473829701146196  2130
2.6483600109809315  2121
2.649334858712142  2132
2.6503075231319366  2107
2.651278013998144  2100
2.6522463410033232  2148
2.6532125137753435  2108
2.6541765418779604  2122
2.655138434811382  2124
2.656098202012832  2123
2.6570558528571038  2145
2.6580113966571126  2136
2.658964842664435  2125
2.6599162000698504  2128
2.660865478003869  2113
2.661812685537261  2124
2.662757831681574  2114
2.663700925389648  2121
2.6646419755561257  2103
2.6655809910179533  2110
2.6665179805548807  2156
2.667452952889954  2130
2.66838591669  2122
2.6693168805661123  2117
2.670245853074124  2123
2.6711728427150834  2133
2.6720978579357175  2126
2.673020907128896  2117
2.673941998634088  2111
2.6748611407378116  2123
2.6757783416740852  2115
2.6766936096248664  2139
2.677606952720493  2112
2.678518379040114  2138
2.6794278966121188  2107
2.680335513414563  2111
2.681241237375587  2121
2.682145076373832  2121
2.6830470382388496  2117
2.683947130751512  2125
2.6848453616444123  2113
2.6857417386022635  2126
2.6866362692622934  2119
2.6875289612146345  2134
2.6884198220027105  2122
2.6893088591236203  2123
2.690196080028514  2113
2.6910814921229687  2108
2.69196510276736  2107
2.69284691927723  2116
2.693726948923647  2121
2.694605198933569  2120
2.6954816764901977  2152
2.696356388733332  2114
2.6972293427597176  2128
2.6981005456233897  2114
2.6989700043360187  2104
2.699837725867246  2144
2.7007037171450192  2117
2.7015679850559273  2122
2.7024305364455254  2121
2.7032913781186614  2105
2.7041505168397992  2130
2.705007959333336  2122
2.7058637122839193  2120
2.7067177823367587  2111
2.7075701760979363  2152
2.708420900134713  2136
2.709269960975831  2138
2.7101173651118162  2111
2.710963118995276  2132
2.711807229041191  2114
2.7126497016272113  2118
2.7134905430939424  2136
2.714329759745233  2110
2.7151673578484576  2147
2.716003343634799  2120
2.7168377232995247  2143
2.717670503002262  2111
2.718501688867274  2123
2.7193312869837265  2118
2.720159303405957  2123
2.7209857441537393  2124
2.7218106152125467  2122
2.722633922533812  2144
2.7234556720351857  2124
2.724275869600789  2132
2.725094521081469  2118
2.7259116322950483  2115
2.7267272090265724  2138
2.727541257028556  2117
2.7283537820212285  2116
2.72916478969277  2117
2.7299742856995555  2129
2.7307822756663893  2119
2.7315887651867388  2143
2.7323937598229686  2126
2.7331972651065692  2120
2.733999286538387  2128
2.734799829588847  2128
2.73559889969818  2127
2.7363965022766426  2138
2.7371926427047373  2131
2.737987326333431  2129
2.738780558484369  2116
2.739572344450092  2122
2.7403626894942437  2126
2.741151598851785  2129
2.741939077729199  2117
2.7427251313046983  2135
2.74350976472843  2143
2.7442929831226763  2137
2.7450747915820575  2124
2.745855195173729  2114
2.7466341989375787  2107
2.747411807886423  2122
2.7481880270062002  2122
2.7489628612561616  2126
2.749736315569061  2148
2.7505083948513462  2115
2.751279103983342  2108
2.7520484478194387  2113
2.7528164311882715  2140
2.7535830588929064  2121
2.754348335711019  2118
2.7551122663950713  2115
2.7558748556724915  2100
2.756636108245848  2103
2.7573960287930244  2130
2.75815462196739  2123
2.7589118923979736  2134
2.7596678446896306  2113
2.760422483423212  2101
2.7611758131557314  2131
2.761927838420529  2121
2.762678563727436  2100
2.7634279935629373  2112
2.7641761323903307  2115
2.7649229846498886  2106
2.765668554759014  2082
2.7664128471123997  2092
2.7671558660821804  2076
2.767897616018091  2072
2.7686381012476144  2087
2.7693773260761385  2073
2.7701152947871015  2068
2.7708520116421442  2082
2.7715874808812555  2049
2.77232170672292  2068
2.7730546933642626  2057
2.7737864449811935  2046
2.7745169657285498  2011
2.7752462597402365  2008
2.775974331129369  2017
2.776701183988411  2016
2.7774268223893115  2019
2.7781512503836434  1969
2.7788744720027396  1972
2.7795964912578244  1959
2.780317312140151  1962
2.7810369386211318  1938
2.781755374652469  1924
2.782472624166286  1904
2.7831886910752575  1878
2.783903579272735  1868
2.784617292632875  1834
2.785329835010767  1815
2.786041210242554  1810
2.7867514221455614  1802
2.787460474518415  1777
2.788168371141168  1765
2.788875115775417  1729
2.7895807121644256  1729
2.7902851640332416  1692
2.790988475088816  1654
2.791690649020118  1640
2.792391689498254  1611
2.79309160017658  1583
2.7937903846908188  1560
2.7944880466591697  1512
2.795184589682424  1492
2.7958800173440754  1470
2.7965743332104296  1436
2.7972675408307164  1415
2.797959643737196  1354
2.798650645445269  1341
2.7993405494535817  1307
2.8000293592441343  1259
2.800717078282385  1200
2.801403710017355  1156
2.802089257881733  1108
2.8027737252919755  1070
2.803457115648414  1038
2.8041394323353503  988
2.8048206787211623  958
2.8055008581584002  921
2.806179973983887  876
2.8068580295188172  821
2.807535028068853  787
2.808210972924222  756
2.808885867359812  744
2.8095597146352675  693
2.8102325179950842  671
2.8109042806687006  639
2.8115750058705933  607
2.812244696800369  580
2.8129133566428557  555
2.813580988568192  523
2.81424759573192  512
2.814913181275074  490
2.815577748324267  463
2.816241299991783  437
2.8169038393756605  419
2.8175653695597807  394
2.8182258936139557  355
2.8188854145940097  338
2.8195439355418688  311
2.82020145948564  289
2.8208579894397  282
2.821513528404773  262
2.8221680793680175  246
2.8228216453031045  222
2.823474229170301  208
2.824125833916549  194
2.824776462475546  179
2.8254261177678233  174
2.8260748027008264  154
2.826722520168992  138
2.8273692730538253  127
2.828015064223977  114
2.82865989653532  108
2.829303772831025  99
2.829946695941636  95
2.8305886686851442  89
2.8312296938670634  83
2.8318697742805017  77
2.832508912706236  66
2.833147111912785  60
2.833784374656479  63
2.8344207036815328  54
2.835056101720116  51
2.8356905714924254  44
2.8363241157067516  36
2.8369567370595505  33
2.837588438235511  31
2.8382192219076257  27
2.838849090737255  25
2.8394780473741985  21
2.840106094456758  18
2.8407332346118066  12
2.841359470454855  9
2.8419848045901137  8
2.842609239610562  8
2.8432327780980096  7
2.843855422623161  7
2.8444771757456815  5
2.845098040014257  4
2.8457180179666586  5
2.846337112129805  4
2.846955325019824  3
2.847572659142112  2
2.848189116991399  2
2.8488047010518036  1
2.8494194137968996  1
2.850033257689769  1
2.8506462351830666  1
2.8512583487190755  1
2.851869600729766  1
2.8524799936368566  1
2.8530895298518657  1
2.8536982117761744  1
2.8543060418010806  1
2.8549130223078554  1
2.8555191556678  1
2.8561244442423  1
2.8567288903828825  1
2.8573324964312685  1
2.857935264719429  1
2.858537197569639  1
2.859138297294531  1
2.859738566197147  2
2.8603380065709936  1
