0.3010299956639812  7578
0.47712125471966244  7052
0.6020599913279624  6871
0.6989700043360189  6851
0.7781512503836436  6988
0.8450980400142568  7640
0.9030899869919435  6644
0.9542425094393249  7062
1.0  6726
1.0413926851582251  7259
1.0791812460476249  7442
1.1139433523068367  7104
1.146128035678238  7386
1.1760912590556813  7119
1.2041199826559248  6948
1.2304489213782739  7105
1.255272505103306  7122
1.2787536009528289  7191
1.3010299956639813  6806
1.3222192947339193  7647
1.3424226808222062  6462
1.3617278360175928  5822
1.380211241711606  5552
1.3979400086720377  4840
1.414973347970818  4696
1.4313637641589874  3904
1.4471580313422192  3405
1.462397997898956  4032
1.4771212547196624  3211
1.4913616938342726  3183
1.505149978319906  3876
1.5185139398778875  3404
1.5314789170422551  3590
1.5440680443502757  3492
1.5563025007672873  3209
1.568201724066995  3545
1.5797835966168101  3508
1.591064607026499  3340
1.6020599913279623  3420
1.6127838567197355  3964
1.6232492903979006  3227
1.6334684555795864  3758
1.6434526764861874  3410
1.6532125137753437  3556
1.662757831681574  3619
1.6720978579357175  3241
1.6812412373755872  3855
1.6901960800285136  3737
1.6989700043360187  3501
1.7075701760979363  3840
1.7160033436347992  3405
1.724275869600789  3097
1.7323937598229686  3708
1.7403626894942439  4066
1.7481880270062005  3487
1.7558748556724915  3305
1.7634279935629373  3634
1.7708520116421442  3879
1.7781512503836436  3319
1.7853298350107671  3708
1.792391689498254  3212
1.7993405494535817  3480
1.806179973983887  3767
1.8129133566428555  3741
1.8195439355418688  3364
1.8260748027008264  2989
1.8325089127062364  3159
1.8388490907372552  3677
1.845098040014257  3338
1.8512583487190752  3724
1.8573324964312685  3593
1.863322860120456  3193
1.8692317197309762  3687
1.8750612633917  3472
1.8808135922807914  3724
1.8864907251724818  3788
1.8920946026904804  3500
1.8976270912904414  3771
1.9030899869919435  3860
1.9084850188786497  4113
1.9138138523837167  3520
1.919078092376074  3600
1.9242792860618816  4037
1.9294189257142926  3074
1.9344984512435677  3105
1.9395192526186185  2933
1.9444826721501687  3579
1.9493900066449128  3402
1.954242509439325  3397
1.9590413923210936  3748
1.9637878273455553  3435
1.968482948553935  3277
1.9731278535996986  3938
1.9777236052888478  3349
1.9822712330395684  3741
1.9867717342662448  3235
1.9912260756924949  3423
1.99563519459755  3559
2.0  3560
2.0043213737826426  3433
2.0086001717619175  3693
2.012837224705172  3568
2.0170333392987803  2982
2.0211892990699383  3875
2.0253058652647704  3478
2.0293837776852097  3369
2.03342375548695  3464
2.037426497940624  3396
2.041392685158225  3588
2.0453229787866576  3600
2.0492180226701815  3608
2.0530784434834195  3471
2.0569048513364727  3306
2.060697840353612  3473
2.0644579892269186  3634
2.0681858617461617  3326
2.0718820073061255  3727
2.0755469613925306  3456
2.0791812460476247  3133
2.0827853703164503  3229
2.0863598306747484  3372
2.089905111439398  3728
2.093421685162235  3727
2.0969100130080562  3682
2.100370545117563  3579
2.103803720955957  3689
2.1072099696478683  3609
2.110589710299249  3279
2.113943352306837  3570
2.1172712956557644  3391
2.12057393120585  3408
2.123851640967086  3384
2.1271047983648077  3941
2.130333768495006  3480
2.1335389083702174  3779
2.1367205671564067  3913
2.1398790864012365  3652
2.143014800254095  3425
2.146128035678238  3568
2.1492191126553797  3365
2.1522883443830563  3656
2.155336037465062  3282
2.1583624920952498  3711
2.161368002234975  3597
2.164352855784437  3472
2.167317334748176  3244
2.1702617153949575  3426
2.173186268412274  3456
2.1760912590556813  3199
2.1789769472931693  3324
2.1818435879447726  3394
2.184691430817599  3474
2.187520720836463  3636
2.1903316981702914  3448
2.1931245983544616  3965
2.1958996524092336  3303
2.1986570869544226  3448
2.2013971243204513  3575
2.2041199826559246  3144
2.2068258760318495  3711
2.2095150145426308  3464
2.2121876044039577  3431
2.214843848047698  3570
2.2174839442139063  3756
2.220108088040055  3455
2.2227164711475833  3639
2.225309281725863  3313
2.2278867046136734  3434
2.230448921378274  3596
2.2329961103921536  3603
2.2355284469075487  3813
2.2380461031287955  3448
2.2405492482826  3264
2.2430380486862944  3876
2.24551266781415  3816
2.247973266361807  3350
2.250420002308894  3611
2.2528530309798933  3398
2.255272505103306  3703
2.2576785748691846  3215
2.2600713879850747  3377
2.2624510897304293  3450
2.2648178230095364  3247
2.2671717284030137  3436
2.2695129442179165  3567
2.271841606536499  3503
2.27415784926368  3125
2.2764618041732443  3173
2.278753600952829  3528
2.2810333672477277  3434
2.2833012287035497  3468
2.285557309007774  3619
2.287801729930226  4010
2.290034611362518  3627
2.292256071356476  3769
2.294466226161593  3245
2.296665190261531  4164
2.298853076409707  3588
2.3010299956639813  3817
2.303196057420489  3969
2.305351369446624  3305
2.307496037913213  3448
2.3096301674258988  3327
2.311753861055754  3979
2.3138672203691533  3678
2.315970345456918  3733
2.3180633349627615  3272
2.3201462861110542  3828
2.322219294733919  3380
2.3242824552976926  3693
2.326335860928751  3145
2.3283796034387376  3425
2.330413773349191  3069
2.3324384599156054  3622
2.3344537511509307  3365
2.3364597338485296  3825
2.3384564936046046  3358
2.3404441148401185  3619
2.342422680822206  3365
2.3443922736851106  3603
2.346352974450639  3632
2.3483048630481607  3728
2.3502480183341627  3395
2.3521825181113627  3573
2.3541084391474008  3772
2.3560258571931225  3531
2.357934847000454  3953
2.359835482339888  3177
2.361727836017593  3469
2.3636119798921444  3167
2.3654879848909  3877
2.367355921026019  3484
2.369215857410143  3844
2.3710678622717363  2776
2.3729120029701067  3494
2.374748346010104  3513
2.376576957056512  3418
2.3783979009481375  3495
2.380211241711606  3488
2.3820170425748683  3561
2.383815365980431  3531
2.385606273598312  3705
2.387389826338729  3220
2.3891660843645326  3884
2.3909351071033793  3710
2.392696953259666  3404
2.3944516808262164  3776
2.3961993470957363  3613
2.3979400086720375  3181
2.399673721481038  3463
2.401400540781544  3399
2.403120521175818  3260
2.404833716619938  3537
2.406540180433955  3763
2.4082399653118496  3738
2.4099331233312946  3572
2.41161970596323  3471
2.413299764081252  3295
2.4149733479708178  3145
2.416640507338281  3428
2.4183012913197452  3720
2.419955748489758  3557
2.4216039268698313  3513
2.423245873936808  3258
2.424881636631067  3362
2.4265112613645754  3689
2.428134794028789  3574
2.429752280002408  3670
2.4313637641589874  3432
2.432969290874406  3422
2.4345689040341987  3613
2.436162647040756  3744
2.437750562820388  3167
2.439332693830263  3311
2.4409090820652177  3584
2.4424797690644486  3404
2.444044795918076  3442
2.4456042032735974  3673
2.4471580313422194  3502
2.44870631990508  3400
2.450249108319361  3515
2.45178643552429  3452
2.4533183400470375  3694
2.45484486000851  3642
2.456366033129043  3547
2.4578818967339924  3522
2.459392487759231  3516
2.4608978427565478  3720
2.462397997898956  3903
2.4638929889859074  3634
2.4653828514484184  3900
2.4668676203541096  3666
2.4683473304121573  3664
2.469822015978163  3503
2.4712917110589387  3408
2.4727564493172123  3527
2.4742162640762553  3713
2.4756711883244296  3464
2.4771212547196626  3860
2.4785664955938436  3554
2.4800069429571505  3694
2.481442628502305  3488
2.482873583608754  3528
2.484299839346786  3318
2.48572142648158  3379
2.4871383754771865  3446
2.4885507165004443  3802
2.4899584794248346  3443
2.4913616938342726  3630
2.4927603890268375  3490
2.494154594018443  3428
2.4955443375464483  3813
2.496929648073215  3988
2.4983105537896004  3153
2.499687082618404  3086
2.5010592622177517  3592
2.5024271199844326  3569
2.503790683057181  3578
2.505149978319906  3658
2.506505032404872  3264
2.507855871695831  3600
2.509202522331103  3633
2.510545010206612  3350
2.5118833609788744  3506
2.513217600067939  3741
2.514547752660286  3266
2.515873843711679  3420
2.5171958979499744  3690
2.5185139398778875  3482
2.519827993775719  3368
2.5211380837040362  3471
2.5224442335063197  3482
2.5237464668115646  3666
2.525044807036845  3692
2.526339277389844  3168
2.5276299008713385  2819
2.5289167002776547  3391
2.530199698203082  3645
2.531478917042255  3332
2.5327543789924976  2974
2.534026106056135  3475
2.5352941200427703  3253
2.53655844257153  3515
2.537819095073274  3838
2.5390760987927767  3505
2.5403294747908736  3533
2.5415792439465807  3763
2.5428254269591797  3577
2.5440680443502757  3787
2.545307116465824  3485
2.546542663478131  3542
2.5477747053878224  3446
2.5490032620257876  3704
2.550228353055094  3081
2.5514499979728753  3378
2.552668216112193  3282
2.5538830266438746  3877
2.5550944485783194  3485
2.5563025007672873  3221
2.5575072019056577  3296
2.558708570533166  3416
2.5599066250361124  3699
2.561101383649056  3433
2.5622928644564746  3449
2.5634810853944106  3242
2.5646660642520893  3567
2.5658478186735176  3402
2.56702636615906  3227
2.568201724066995  3445
2.569373909615046  3329
2.5705429398818973  3509
2.571708831808688  3611
2.5728716022004803  3735
2.574031267727719  3523
2.575187844927661  3513
2.576341350205793  3904
2.5774917998372255  3556
2.578639209968072  3597
2.57978359661681  3231
2.5809249756756194  3187
2.582063362911709  3477
2.583198773968623  3552
2.584331224367531  3300
2.5854607295085006  3727
2.586587304671755  3573
2.5877109650189114  3810
2.5888317255942073  3470
2.5899496013257077  3849
2.591064607026499  3380
2.5921767573958667  3103
2.593286067020457  3388
2.5943925503754266  3500
2.595496221825574  3359
2.59659709562646  3257
2.597695185925512  3640
2.598790506763115  3932
2.5998830720736876  3328
2.6009728956867484  3297
2.6020599913279625  3323
2.603144372620182  3632
2.60422605308447  3452
2.6053050461411096  3247
2.606381365110605  3343
2.6074550232146687  3570
2.6085260335771943  3808
2.60959440922522  3518
2.61066016308988  3632
2.611723308007342  3651
2.6127838567197355  3465
2.6138418218760693  3761
2.6148972160331345  3644
2.615950051656401  3470
2.617000341120899  3538
2.6180480967120925  3633
2.6190933306267428  3174
2.6201360549737576  3605
2.621176281775035  3434
2.622214022966295  3629
2.6232492903979003  3858
2.6242820958356683  3104
2.625312450961674  3530
2.6263403673750423  3643
2.6273658565927325  3175
2.6283889300503116  3524
2.629409599102719  3396
2.630427875025024  3705
2.6314437690131722  3210
2.6324572921847245  3073
2.6334684555795866  3522
2.6344772701607315  4072
2.635483746814912  3649
2.6364878963533656  3290
2.637489729512511  3898
2.6384892569546374  3432
2.639486489268586  3295
2.640481436970422  3970
2.6414741105040997  3613
2.6424645202421213  3102
2.6434526764861874  3751
2.6444385894678386  3633
2.645422269349092  3724
2.6464037262230695  3642
2.6473829701146196  3522
2.6483600109809315  3170
2.649334858712142  3523
2.6503075231319366  3698
2.651278013998144  3635
2.6522463410033232  3647
2.6532125137753435  3697
2.6541765418779604  3707
2.655138434811382  3810
2.656098202012832  3294
2.6570558528571038  3397
2.6580113966571126  3215
2.658964842664435  3628
2.6599162000698504  3693
2.660865478003869  3719
2.661812685537261  3431
2.662757831681574  3587
2.663700925389648  3360
2.6646419755561257  3726
2.6655809910179533  3483
2.6665179805548807  3662
2.667452952889954  3408
2.66838591669  3451
2.6693168805661123  3532
2.670245853074124  3234
2.6711728427150834  3641
2.6720978579357175  3394
2.673020907128896  3513
2.673941998634088  3532
2.6748611407378116  3508
2.6757783416740852  3622
2.6766936096248664  3905
2.677606952720493  3375
2.678518379040114  3415
2.6794278966121188  3345
2.680335513414563  3555
2.681241237375587  3502
2.682145076373832  3528
2.6830470382388496  3059
2.683947130751512  3475
2.6848453616444123  3528
2.6857417386022635  3648
2.6866362692622934  3615
2.6875289612146345  3993
2.6884198220027105  3516
2.6893088591236203  3180
2.690196080028514  3209
2.6910814921229687  3741
2.69196510276736  3372
2.69284691927723  3732
2.693726948923647  3537
2.694605198933569  3571
2.6954816764901977  3169
2.696356388733332  3446
2.6972293427597176  3549
2.6981005456233897  3618
2.6989700043360187  3071
2.699837725867246  3687
2.7007037171450192  3088
2.7015679850559273  3816
2.7024305364455254  3548
2.7032913781186614  3095
2.7041505168397992  3370
2.705007959333336  3282
2.7058637122839193  3410
2.7067177823367587  3685
2.7075701760979363  3340
2.708420900134713  3479
2.709269960975831  3520
2.7101173651118162  3513
2.710963118995276  3451
2.711807229041191  3621
2.7126497016272113  3675
2.7134905430939424  3214
2.714329759745233  3381
2.7151673578484576  3600
2.716003343634799  3474
2.7168377232995247  3580
2.717670503002262  3764
2.718501688867274  3660
2.7193312869837265  3473
2.720159303405957  3468
2.7209857441537393  3812
2.7218106152125467  3675
2.722633922533812  3479
2.7234556720351857  3679
2.724275869600789  3612
2.725094521081469  3512
2.7259116322950483  3877
2.7267272090265724  3546
2.727541257028556  3498
2.7283537820212285  3949
2.72916478969277  3511
2.7299742856995555  3608
2.7307822756663893  3681
2.7315887651867388  3697
2.7323937598229686  3528
2.7331972651065692  3100
2.733999286538387  3285
2.734799829588847  3900
2.73559889969818  3289
2.7363965022766426  3307
2.7371926427047373  3729
2.737987326333431  3268
2.738780558484369  3490
2.739572344450092  3350
2.7403626894942437  3386
2.741151598851785  3339
2.741939077729199  3518
2.7427251313046983  3716
2.74350976472843  3934
2.7442929831226763  3417
2.7450747915820575  3321
2.745855195173729  3616
2.7466341989375787  3698
2.747411807886423  3511
2.7481880270062002  3683
2.7489628612561616  3558
2.749736315569061  3731
2.7505083948513462  3145
2.751279103983342  3412
2.7520484478194387  3816
2.7528164311882715  3532
2.7535830588929064  3503
2.754348335711019  3431
2.7551122663950713  3639
2.7558748556724915  3555
2.756636108245848  3739
2.7573960287930244  3800
2.75815462196739  3186
2.7589118923979736  3566
2.7596678446896306  3136
2.760422483423212  3855
2.7611758131557314  3504
2.761927838420529  3622
2.762678563727436  3424
2.7634279935629373  3609
2.7641761323903307  3587
2.7649229846498886  3137
2.765668554759014  3656
2.7664128471123997  3287
2.7671558660821804  3427
2.767897616018091  3488
2.7686381012476144  3519
2.7693773260761385  3852
2.7701152947871015  3645
2.7708520116421442  3531
2.7715874808812555  3264
2.77232170672292  3668
2.7730546933642626  3292
2.7737864449811935  3604
2.7745169657285498  3620
2.7752462597402365  3232
2.775974331129369  3164
2.776701183988411  3805
2.7774268223893115  3423
2.7781512503836434  3721
2.7788744720027396  3537
2.7795964912578244  3489
2.780317312140151  3339
2.7810369386211318  3258
2.781755374652469  3818
2.782472624166286  3557
2.7831886910752575  4118
2.783903579272735  3483
2.784617292632875  3597
2.785329835010767  3532
2.786041210242554  3682
2.7867514221455614  3809
2.787460474518415  4089
2.788168371141168  3049
2.788875115775417  3734
2.7895807121644256  3432
2.7902851640332416  3305
2.790988475088816  3602
2.791690649020118  3956
2.792391689498254  3719
2.79309160017658  3580
2.7937903846908188  3555
2.7944880466591697  3819
2.795184589682424  3696
2.7958800173440754  3800
2.7965743332104296  3618
2.7972675408307164  3694
2.797959643737196  3391
2.798650645445269  3629
2.7993405494535817  3664
2.8000293592441343  3645
2.800717078282385  3403
2.801403710017355  3481
2.802089257881733  3356
2.8027737252919755  3488
2.803457115648414  3503
2.8041394323353503  4123
2.8048206787211623  3541
2.8055008581584002  3586
2.806179973983887  3451
2.8068580295188172  3524
2.807535028068853  3500
2.808210972924222  3318
2.808885867359812  3394
2.8095597146352675  3672
2.8102325179950842  3364
2.8109042806687006  2843
2.8115750058705933  3301
2.812244696800369  3583
2.8129133566428557  3676
2.813580988568192  3641
2.81424759573192  3266
2.814913181275074  3366
2.815577748324267  3527
2.816241299991783  3489
2.8169038393756605  3313
2.8175653695597807  3026
2.8182258936139557  3409
2.8188854145940097  3665
2.8195439355418688  3347
2.82020145948564  3354
2.8208579894397  3989
2.821513528404773  3864
2.8221680793680175  3564
2.8228216453031045  3362
2.823474229170301  3879
2.824125833916549  3160
2.824776462475546  3592
2.8254261177678233  3608
2.8260748027008264  3520
2.826722520168992  3786
2.8273692730538253  3627
2.828015064223977  3474
2.82865989653532  3467
2.829303772831025  3311
2.829946695941636  3617
2.8305886686851442  3756
2.8312296938670634  3406
2.8318697742805017  3632
2.832508912706236  3537
2.833147111912785  3522
2.833784374656479  3311
2.8344207036815328  3141
2.835056101720116  3891
2.8356905714924254  3482
2.8363241157067516  4003
2.8369567370595505  3759
2.837588438235511  3542
2.8382192219076257  3586
2.838849090737255  3539
2.8394780473741985  3209
2.840106094456758  3511
2.8407332346118066  3468
2.841359470454855  3591
2.8419848045901137  3523
2.842609239610562  3866
2.8432327780980096  3436
2.843855422623161  3306
2.8444771757456815  3305
2.845098040014257  3488
2.8457180179666586  3409
2.846337112129805  3675
2.846955325019824  3258
2.847572659142112  3493
2.848189116991399  3526
2.8488047010518036  3731
2.8494194137968996  3502
2.850033257689769  3717
2.8506462351830666  3270
2.8512583487190755  3314
2.851869600729766  3368
2.8524799936368566  3335
2.8530895298518657  3726
2.8536982117761744  3005
2.8543060418010806  3872
2.8549130223078554  3827
2.8555191556678  3630
2.8561244442423  3842
2.8567288903828825  3401
2.8573324964312685  3215
2.857935264719429  2849
2.858537197569639  4050
2.859138297294531  3396
2.859738566197147  3461
2.8603380065709936  3384
2.8609366207000937  3811
2.8615344108590377  3937
2.862131379313037  3572
2.8627275283179747  3418
2.863322860120456  3873
2.8639173769578603  3440
2.864511081058392  3733
2.8651039746411278  3585
2.8656960599160706  3514
2.8662873390841948  3529
2.866877814337499  4004
2.8674674878590514  3690
2.8680563618230415  3571
2.8686444383948255  3466
2.8692317197309762  3749
2.869818207979328  4163
2.870403905279027  3855
2.8709888137605755  3518
2.8715729355458786  3426
2.8721562727482928  4004
2.8727388274726686  3506
2.873320601815399  3511
2.8739015978644615  3454
2.8744818176994666  3649
2.8750612633917  3648
2.8756399370041685  3786
2.876217840591642  3650
2.8767949762007006  3244
2.877371345869774  3891
2.8779469516291885  3525
2.8785217955012063  3583
2.8790958795000727  3190
2.8796692056320534  3318
2.88024177589548  3385
2.8808135922807914  3743
2.8813846567705728  3531
2.8819549713396007  3537
2.8825245379548803  3365
2.8830933585756897  3291
2.8836614351536176  3409
2.884228769632604  3911
2.884795363948981  3392
2.885361220031512  3775
2.885926339801431  3434
2.886490725172482  3398
2.8870543780509568  3715
2.887617300335736  4051
2.888179493918325  3569
2.8887409606828927  3655
2.88930170250631  3599
2.8898617212581885  3455
2.890421018800914  3734
2.890979596989689  3731
2.8915374576725643  3309
2.8920946026904804  3580
2.8926510338773004  3283
2.893206753059848  3672
2.8937617620579434  3369
2.8943160626844384  3394
2.8948696567452528  3537
2.895422546039408  3716
2.8959747323590648  3288
2.8965262174895554  3709
2.89707700320942  3504
2.8976270912904414  3494
2.8981764834976764  3568
2.8987251815894934  3763
2.8992731873176036  3775
2.8998205024270964  3463
2.9003671286564705  3722
2.900913067737669  3511
2.9014583213961123  3536
2.9020028913507296  3113
2.902546779313991  3516
2.9030899869919438  3572
2.9036325160842376  3572
2.9041743682841634  3175
2.904715545278681  3699
2.905256048748451  3264
2.9057958803678687  3880
2.906335041805091  3590
2.90687353472207  3600
2.907411360774586  3173
2.9079485216122722  3674
2.90848501887865  3589
2.909020854211156  3748
2.9095560292411755  3642
2.910090545594068  3212
2.910624404889201  3520
2.9111576087399764  3620
2.9116901587538613  3381
2.9122220565324155  3211
2.912753303671323  3629
2.9132839017604186  3157
2.9138138523837167  3774
2.9143431571194407  3515
2.9148718175400505  3214
2.91539983521227  3990
2.9159272116971158  3463
2.916453948549925  3838
2.9169800473203824  3477
2.9175055095525466  3308
2.9180303367848803  3625
2.9185545305502734  3533
2.9190780923760737  3491
2.919601023784111  3393
2.920123326290724  3884
2.9206450014067875  3315
2.921166050637739  3937
2.921686475483602  3261
2.9222062774390163  3604
2.92272545799326  4104
2.9232440186302764  3635
2.9237619608287004  3462
2.9242792860618816  3688
2.924795995797912  3593
2.9253120914996495  3486
2.9258275746247424  3464
2.926342446625655  3388
2.926856708949692  3504
2.9273703630390235  3371
2.9278834103307068  3812
2.9283958522567137  3408
2.928907690243953  3861
2.929418925714293  3434
2.929929560084588  3689
2.9304395947667  3513
2.930949031167523  3883
2.931457870689005  3365
2.931966114728173  3801
2.932473764677153  3624
2.932980821923198  3560
2.9334872878487053  3472
2.9339931638312424  3462
2.934498451243568  3566
2.935003151453655  3662
2.9355072658247128  3318
2.9360107957152097  3446
2.936513742478893  3183
2.9370161074648142  3167
2.937517892017347  3581
2.9380190974762104  3697
2.938519725176492  3555
2.9390197764486663  3421
2.9395192526186187  3411
2.9400181550076634  3894
2.940516484932567  3629
2.9410142437055695  3213
2.941511432634403  3181
2.942008053022313  3371
2.9425041061680806  3809
2.9429995933660407  3700
2.9434945159061026  3508
2.9439888750737717  3284
2.9444826721501687  3851
2.9449759084120477  3735
2.94546858513182  3912
2.9459607035775686  3327
2.946452265013073  3019
2.9469432706978256  3586
2.9474337218870508  3328
2.9479236198317262  3318
2.948412965778601  3373
2.9489017609702137  3550
2.949390006644913  3332
2.949877704036875  3468
2.950364854376123  3255
2.9508514588885464  3388
2.951337518795918  4211
2.951823035315912  3307
2.9523080096621253  3580
2.952792443044092  3502
2.9532763366673045  3406
2.9537596917332287  3421
2.9542425094393248  3430
2.954724790979063  4292
2.9552065375419416  3376
2.9556877503135057  3370
2.9561684304753633  3064
2.9566485792052033  3564
2.957128197676813  3664
2.957607287060095  3392
2.958085848521085  3478
2.9585638832219674  4058
2.9590413923210934  3691
2.9595183769729982  3731
2.959994838328416  2993
2.960470777534299  3610
2.960946195733831  3751
2.9614210940664485  3286
2.9618954736678504  3534
2.962369335670021  3542
2.9628426812012423  3506
2.9633155113861114  3641
2.963787827345555  3849
2.964259630196849  3476
2.9647309210536292  3182
2.965201701025912  3970
2.9656719712201065  3846
2.9661417327390325  3426
2.966610986681934  3390
2.967079734144497  3275
2.967547976218862  4396
2.968015713993642  3622
2.9684829485539352  3560
2.9689496809813427  3481
2.9694159123539814  3357
2.9698816437465  3884
2.9703468762300935  3358
2.9708116108725178  3267
2.971275848738105  3491
2.971739590887778  3433
2.9722028383790646  3364
2.972665592266111  3599
2.9731278535996988  3848
2.973589623427257  3330
2.9740509027928774  3480
2.9745116927373285  3880
2.974971994298069  3493
2.975431808509263  3489
2.975891136401793  3294
2.9763499790032735  3237
2.976808337338066  3324
2.977266212427293  3059
2.9777236052888476  3620
2.978180516937414  3659
2.9786369483844743  3577
2.979092900638326  3379
2.979548374704095  3356
2.9800033715837464  3608
2.9804578922761  3711
2.9809119377768436  3913
2.9813655090785445  3481
2.9818186071706636  3999
2.9822712330395684  3467
2.9827233876685453  3961
2.983175072037813  3288
2.9836262871245345  3368
2.984077033902831  3522
2.9845273133437926  3702
2.9849771264154934  3475
2.9854264740830017  3539
2.9858753573083936  3747
2.986323777050765  3271
2.9867717342662448  3330
2.9872192299080047  3599
2.9876662649262746  3481
2.988112840268352  3912
2.9885589568786157  3340
2.989004615698537  3554
2.9894498176666917  3150
2.989894563718773  3244
2.9903388547876015  3433
2.9907826918031377  3445
2.9912260756924947  3343
2.9916690073799486  3415
2.9921114877869495  3342
2.9925535178321354  3881
2.9929950984313414  3731
2.9934362304976116  3203
2.993876914941211  3689
2.9943171526696366  3472
2.9947569445876283  3550
2.9951962915971793  3713
2.99563519459755  3298
2.9960736544852753  3511
2.9965116721541785  3145
2.996949248495381  3499
2.997386384397313  3590
2.9978230807457256  3695
2.998259338423699  3871
2.998695158311656  3313
2.999130541287371  3139
2.9995654882259823  4010
3.0  3147
3.000434077479319  3494
3.0008677215312267  3518
3.0013009330204183  3462
3.0017337128090005  3706
3.002166061756508  3449
3.0025979807199086  3785
3.003029470553618  3622
3.0034605321095067  3477
3.0038911662369103  3274
3.0043213737826426  3446
3.004751155591001  3623
3.0051805125037805  3587
3.0056094453602804  3548
3.0060379549973173  3166
3.0064660422492318  3847
3.0068937079479006  3306
3.0073209529227447  3283
3.00774777800074  3636
3.0081741840064264  3308
3.0086001717619175  3279
3.0090257420869104  3666
3.009450895798694  3122
3.00987563371216  3743
3.010299956639812  3442
3.010723865391773  3167
3.0111473607757975  3645
3.0115704435972783  3501
3.011993114659257  3589
3.012415374762433  3020
3.012837224705172  3726
3.0132586652835167  3506
3.0136796972911926  3310
3.0141003215196207  3774
3.0145205387579237  3141
3.0149403497929366  3628
3.0153597554092144  3630
3.015778756389041  3489
3.016197353512439  3411
3.016615547557177  3596
3.0170333392987803  3214
3.017450729510536  3577
3.0178677189635055  3503
3.018284308426531  3119
3.0187004986662433  3456
3.019116290447073  3835
3.0195316845312554  3493
3.0199466816788423  3243
3.0203612826477078  3752
3.020775488193558  3281
3.0211892990699383  3090
3.021602716028242  3798
3.02201573981772  3763
3.0224283711854865  3229
3.022840610876528  3368
3.0232524596337114  3665
3.0236639181977933  3180
3.024074987307426  3815
3.024485667699167  3184
3.024895960107485  3829
3.0253058652647704  3642
3.025715383901341  3345
3.0261245167454502  3376
3.0265332645232967  3396
3.0269416279590295  3951
3.0273496077747564  3594
3.0277572046905536  3468
3.0281644194244697  3488
3.0285712526925375  3514
3.028977705208778  3861
3.0293837776852097  3215
3.029789470831856  3606
3.030194785356751  3504
3.030599721965951  3516
3.0310042813635367  3357
3.031408464251624  3272
3.0318122713303706  3910
3.0322157032979815  3194
3.03261876085072  3324
3.0330214446829107  3492
3.03342375548695  3768
3.03382569395331  3423
3.0342272607705505  3085
3.0346284566253203  3474
3.0350292822023683  3293
3.0354297381845483  3536
3.035829825252828  3438
3.0362295440862948  3552
3.036628895362161  3605
3.037027879755775  3709
3.037426497940624  3717
3.037824750588342  3553
3.0382226383687185  3557
3.038620161949703  3051
3.039017321997412  3459
3.0394141191761372  3281
3.0398105541483504  3380
3.0402066275747113  3501
3.040602340114073  3834
3.0409976924234905  3565
3.041392685158225  3303
3.041787318971752  3745
3.042181594515766  3716
3.0425755124401905  3545
3.0429690733931802  3360
3.0433622780211294  3851
3.0437551269686796  3837
3.044147620878723  3737
3.044539760392411  3473
3.04493154614916  3665
3.0453229787866576  3476
3.0457140589408676  3408
3.0461047872460387  3509
3.0464951643347082  3236
3.04688519083771  3593
3.0472748673841794  3711
3.04766419460156  3926
3.048053173115609  3278
3.0484418035504044  3533
3.04883008652835  3421
3.0492180226701815  3577
3.049605612594973  3470
3.0499928569201424  3657
3.050379756261458  3439
3.0507663112330423  3577
3.0511525224473814  3180
3.0515383905153275  3272
3.0519239160461065  3760
3.0523090996473234  3316
3.052693941924968  3704
3.0530784434834195  3288
3.053462604925455  3751
3.0538464268522527  3700
3.0542299098633974  3563
3.0546130545568877  3361
3.0549958615291417  3678
3.055378331375  3642
3.0557604646877348  3087
3.056142262059052  3501
3.0565237240791006  3435
3.0569048513364727  3692
3.0572856444182146  3126
3.0576661039098294  3502
3.0580462303952816  3155
3.058426024457005  3187
3.0588054866759067  3559
3.059184617631371  3515
3.0595634179012676  3706
3.059941888061955  3675
3.060320028688285  3497
3.060697840353612  3551
3.0610753236297916  3312
3.061452479087193  3515
3.061829307294699  3611
3.0622058088197126  3243
3.062581984228163  3646
3.0629578340845103  3426
3.0633333589517497  3402
3.0637085593914173  3585
3.064083435963596  3388
3.0644579892269186  3380
3.064832219738574  3290
3.065206128054312  3251
3.0655797147284485  3588
3.06595298031387  3942
3.0663259253620376  3374
3.0666985504229953  3579
3.0670708560453703  3404
3.0674428427763805  3709
3.0678145111618402  3531
3.0681858617461617  3949
3.068556895072363  3432
3.068927611682072  3367
3.0692980121155293  3652
3.0696680969115957  3467
3.070037866607755  3577
3.0704073217401198  3784
3.0707764628434346  3233
3.0711452904510828  3538
3.071513805095089  3599
3.0718820073061255  3484
3.072249897613515  3469
3.0726174765452368  3477
3.0729847446279304  3486
3.073351702386901  3475
3.0737183503461227  3759
3.074084689028244  3677
3.074450718954591  3624
3.074816440645175  3340
3.0751818546186915  3675
3.0755469613925306  3287
3.0759117614827773  3309
3.076276255404218  3253
3.076640443670342  3040
3.0770043267933502  3465
3.0773679052841563  3399
3.077731179652392  3489
3.0780941504064105  3811
3.0784568180532927  3413
3.0788191830988487  3480
3.0791812460476247  3334
3.079543007402906  3314
3.079904467666721  3472
3.0802656273398448  3843
3.0806264869218056  3698
3.080987046910887  3302
3.0813473078041325  3437
3.081707270097349  3771
3.082066934285113  3524
3.0824263008607717  3319
3.0827853703164503  3260
3.0831441431430524  3394
3.0835026198302673  3662
3.083860800866573  3025
3.0842186867392387  3638
3.084576277934331  3074
3.084933574936716  3182
3.085290578230065  3387
3.0856472882968564  3285
3.0860037056183818  3474
3.0863598306747484  3441
3.0867156639448825  3089
3.0870712059065353  3315
3.0874264570362855  3040
3.087781417809542  3253
3.0881360887005513  3559
3.0884904701823963  3083
3.088844562727004  3064
3.089198366805149  3241
3.089551882886454  3274
3.089905111439398  3375
3.090258052931316  3440
3.090610707828407  3385
3.0909630765957314  3389
3.091315159697223  3103
3.0916669575956846  3313
3.092018470752797  3208
3.0923696996291206  3371
3.0927206446840994  3167
3.0930713063760633  3054
3.093421685162235  3279
3.09377178149873  3406
3.0941215958405612  3221
3.094471128641645  3033
3.0948203803548  3298
3.095169351431755  3066
3.095518042323151  3456
3.0958664534785427  3127
3.0962145853464054  2915
3.0965624383741357  3272
3.0969100130080562  2937
3.09725730969342  3088
3.097604328874411  3591
3.09795107099415  2876
3.0982975364946976  3129
3.098643725817057  2945
3.0989896394011773  2655
3.0993352776859577  3220
3.09968064110925  3234
3.1000257301078626  2755
3.100370545117563  3062
3.1007150865730817  2807
3.1010593549081156  2946
3.101403350555331  3174
3.1017470739463664  3037
3.1020905255118367  3294
3.1024337056813365  3039
3.1027766148834415  2805
3.1031192535457137  2934
3.103461622094705  2907
3.103803720955957  2887
3.104145550554008  2432
3.104487111312395  2825
3.1048284036536553  2985
3.1051694279993316  2963
3.1055101847699738  2869
3.1058506743851435  2563
3.1061908972634154  2599
3.1065308538223815  2830
3.106870544478654  2806
3.1072099696478683  2693
3.1075491297446862  2830
3.1078880251827985  2580
3.1082266563749283  2649
3.1085650237328344  2550
3.1089031276673134  2850
3.109240968588203  2610
3.1095785469043866  2718
3.1099158630237933  2431
3.110252917353403  2565
3.110589710299249  2647
3.1109262422664203  2491
3.1112625136590655  2431
3.111598524880394  2122
3.1119342763326814  2398
3.1122697684172707  2344
3.1126050015345745  2508
3.11293997608408  2434
3.1132746924643504  2291
3.1136091510730277  2167
3.113943352306837  2173
3.1142772965615864  2253
3.114610984232173  2261
3.1149444157125847  1969
3.1152775913959014  2288
3.1156105116742996  2381
3.115943176939055  2169
3.116275587580544  1893
3.1166077439882485  1998
3.116939646550756  1920
3.1172712956557644  1966
3.117602691690084  1681
3.1179338350396413  1895
3.118264726089479  1803
3.118595365223762  1847
3.1189257528257768  1807
3.1192558892779365  1607
3.119585774961784  1561
3.119915410257991  1608
3.1202447955463652  1690
3.12057393120585  1537
3.1209028176145273  1555
3.1212314551496214  1537
3.1215598441875008  1633
3.121887985103681  1324
3.1222158782728267  1439
3.1225435240687545  1585
3.1228709228644354  1295
3.1231980750319988  1313
3.123524980942732  1426
3.123851640967086  1335
3.124178055474675  1276
3.1245042248342823  1143
3.1248301494138593  1223
3.12515582958053  1119
3.125481265700594  1026
3.125806458139527  992
3.1261314072619846  1084
3.1264561134318045  1050
3.126780577012009  1002
3.1271047983648077  972
3.127428777851599  913
3.1277525158329733  865
3.1280760126687155  766
3.1283992687178066  801
3.128722284338427  720
3.1290450598879582  729
3.1293675957229854  654
3.129689892199301  685
3.1300119496719043  647
3.130333768495006  633
3.130655349022031  547
3.130976691605617  580
3.131297796597623  545
3.1316186643491255  537
3.1319392952104246  458
3.1322596895310446  516
3.132579847659737  472
3.132899769944483  424
3.1332194567324945  392
3.1335389083702174  448
3.133858125203335  335
3.1341771075767664  367
3.1344958558346736  328
3.13481437032046  377
3.1351326513767748  286
3.1354506993455136  291
3.1357685145678222  228
3.1360860973840974  240
3.13640344813399  234
3.1367205671564067  233
3.1370374547895126  182
3.137354111370733  205
3.137670537236755  196
3.137986732723532  180
3.1383026981662816  143
3.1386184338994925  155
3.1389339402569236  151
3.139249217571607  114
3.13956426617585  153
3.1398790864012365  86
3.140193678578631  92
3.1405080430381798  79
3.1408221801093106  84
3.141136090120739  100
3.1414497734004674  78
3.141763230275788  60
3.1420764610732848  68
3.142389466118836  47
3.1427022457376155  51
3.143014800254095  51
3.143327129992046  44
3.1436392352745433  41
3.1439511164239633  31
3.144262773761991  22
3.144574207609616  24
3.144885418287142  31
3.1451964061141817  22
3.1455071714096627  17
3.1458177144918276  14
3.146128035678238  22
3.1464381352857744  10
3.14674801363064  9
3.1470576710283598  8
3.1473671077937864  4
3.1476763242410986  4
3.147985320683805  2
3.1482940974347455  1
3.1486026548060932  3
3.1489109931093564  5
3.149527013754348  2
3.1501421618485588  1
3.150449409460881  1
3.15106325335375  5
3.151676230847048  3
3.151982395457474  1
3.1522883443830563  1
3.15259407792747  1
3.1528995963937474  2
3.1535099893008374  1
3.153814864344529  1
3.154119525515847  1
3.154423973114647  1
3.1547282074401557  1
3.1550322287909704  1
3.155336037465062  1
