0.3010299956639812  287252
0.47712125471966244  45716
0.6020599913279624  47269
0.6989700043360189  36262
0.7781512503836436  26307
0.8450980400142568  21021
0.9030899869919435  16482
0.9542425094393249  11464
1.0  8488
1.0413926851582251  7018
1.0791812460476249  6061
1.1139433523068367  4603
1.146128035678238  3931
1.1760912590556813  3133
1.2041199826559248  4423
1.2304489213782739  3409
1.255272505103306  4674
1.2787536009528289  3254
1.3010299956639813  2184
1.3222192947339193  4828
1.3424226808222062  3844
1.3617278360175928  4170
1.380211241711606  3522
1.3979400086720377  5064
1.414973347970818  3210
1.4313637641589874  2762
1.4471580313422192  3737
1.462397997898956  4645
1.4771212547196624  5770
1.4913616938342726  3514
1.505149978319906  4206
1.5185139398778875  2808
1.5314789170422551  5224
1.5440680443502757  4755
1.5563025007672873  3816
1.568201724066995  3604
1.5797835966168101  2202
1.591064607026499  3448
1.6020599913279623  3579
1.6127838567197355  4876
1.6232492903979006  2289
1.6334684555795864  2013
1.6434526764861874  3140
1.6532125137753437  3179
1.662757831681574  3692
1.6720978579357175  3425
1.6812412373755872  3531
1.6901960800285136  2695
1.6989700043360187  2838
1.7075701760979363  2511
1.7160033436347992  1614
1.724275869600789  2737
1.7323937598229686  3306
1.7403626894942439  2118
1.7481880270062005  3703
1.7558748556724915  2792
1.7634279935629373  2632
1.7708520116421442  2977
1.7781512503836436  2682
1.7853298350107671  1871
1.792391689498254  3502
1.7993405494535817  2922
1.806179973983887  1853
1.8129133566428555  2627
1.8195439355418688  1297
1.8260748027008264  3376
1.8325089127062364  4087
1.8388490907372552  4003
1.845098040014257  1714
1.8512583487190752  2338
1.8573324964312685  2055
1.863322860120456  2590
1.8692317197309762  1931
1.8750612633917  2126
1.8808135922807914  2097
1.8864907251724818  2302
1.8920946026904804  2989
1.8976270912904414  1700
1.9030899869919435  1156
1.9084850188786497  1163
1.9138138523837167  1943
1.919078092376074  995
1.9242792860618816  1723
1.9294189257142926  1834
1.9344984512435677  1202
1.9395192526186185  1613
1.9444826721501687  2466
1.9493900066449128  2277
1.954242509439325  1364
1.9590413923210936  2405
1.9637878273455553  1463
1.968482948553935  2165
1.9731278535996986  1470
1.9777236052888478  2026
1.9822712330395684  1346
1.9867717342662448  1381
1.9912260756924949  1568
1.99563519459755  1394
2.0  1592
2.0043213737826426  1150
2.0086001717619175  1270
2.012837224705172  1564
2.0170333392987803  1203
2.0211892990699383  1395
2.0253058652647704  1617
2.0293837776852097  1194
2.03342375548695  680
2.037426497940624  1154
2.041392685158225  1534
2.0453229787866576  1224
2.0492180226701815  1245
2.0530784434834195  1010
2.0569048513364727  1427
2.060697840353612  1161
2.0644579892269186  843
2.0681858617461617  1109
2.0718820073061255  627
2.0755469613925306  855
2.0791812460476247  1068
2.0827853703164503  594
2.0863598306747484  737
2.089905111439398  911
2.093421685162235  753
2.0969100130080562  709
2.100370545117563  816
2.103803720955957  783
2.1072099696478683  575
2.110589710299249  720
2.113943352306837  591
2.1172712956557644  448
2.12057393120585  808
2.123851640967086  439
2.1271047983648077  496
2.130333768495006  642
2.1335389083702174  452
2.1367205671564067  369
2.1398790864012365  376
2.143014800254095  326
2.146128035678238  232
2.1492191126553797  362
2.1522883443830563  294
2.155336037465062  334
2.1583624920952498  347
2.161368002234975  265
2.164352855784437  244
2.167317334748176  269
2.1702617153949575  255
2.173186268412274  363
2.1760912590556813  231
2.1789769472931693  237
2.1818435879447726  285
2.184691430817599  157
2.187520720836463  205
2.1903316981702914  140
2.1931245983544616  244
2.1958996524092336  172
2.1986570869544226  240
2.2013971243204513  124
2.2041199826559246  69
2.2068258760318495  127
2.2095150145426308  192
2.2121876044039577  89
2.214843848047698  126
2.2174839442139063  90
2.220108088040055  74
2.2227164711475833  59
2.225309281725863  79
2.2278867046136734  81
2.230448921378274  70
2.2329961103921536  68
2.2355284469075487  52
2.2380461031287955  33
2.2405492482826  61
2.2430380486862944  48
2.24551266781415  73
2.247973266361807  34
2.250420002308894  20
2.2528530309798933  56
2.255272505103306  26
2.2576785748691846  33
2.2600713879850747  8
2.2624510897304293  17
2.2648178230095364  30
2.2671717284030137  35
2.2695129442179165  17
2.271841606536499  11
2.27415784926368  20
2.2764618041732443  33
2.278753600952829  6
2.2810333672477277  4
2.2833012287035497  5
2.285557309007774  2
2.287801729930226  4
2.290034611362518  3
2.292256071356476  3
2.294466226161593  2
2.296665190261531  1
2.3010299956639813  3
2.303196057420489  1
2.311753861055754  1
