0.3010299956639812  3045
0.47712125471966244  3214
0.6020599913279624  3132
0.6989700043360189  3247
0.7781512503836436  3386
0.8450980400142568  3095
0.9030899869919435  3327
0.9542425094393249  3106
1.0  2989
1.0413926851582251  3038
1.0791812460476249  3211
1.1139433523068367  3178
1.146128035678238  3293
1.1760912590556813  3147
1.2041199826559248  3124
1.2304489213782739  3061
1.255272505103306  2814
1.2787536009528289  2956
1.3010299956639813  2986
1.3222192947339193  2952
1.3424226808222062  2732
1.3617278360175928  2639
1.380211241711606  2491
1.3979400086720377  2548
1.414973347970818  2366
1.4313637641589874  2220
1.4471580313422192  2211
1.462397997898956  2209
1.4771212547196624  2362
1.4913616938342726  2145
1.505149978319906  2344
1.5185139398778875  2316
1.5314789170422551  2355
1.5440680443502757  2232
1.5563025007672873  2149
1.568201724066995  2273
1.5797835966168101  2337
1.591064607026499  2332
1.6020599913279623  2281
1.6127838567197355  2345
1.6232492903979006  2364
1.6334684555795864  2390
1.6434526764861874  2133
1.6532125137753437  2368
1.662757831681574  2215
1.6720978579357175  2371
1.6812412373755872  2374
1.6901960800285136  2234
1.6989700043360187  2249
1.7075701760979363  2255
1.7160033436347992  2198
1.724275869600789  2232
1.7323937598229686  2306
1.7403626894942439  2111
1.7481880270062005  2320
1.7558748556724915  2280
1.7634279935629373  2357
1.7708520116421442  2294
1.7781512503836436  2303
1.7853298350107671  2312
1.792391689498254  2235
1.7993405494535817  2315
1.806179973983887  2383
1.8129133566428555  2377
1.8195439355418688  2193
1.8260748027008264  2296
1.8325089127062364  2328
1.8388490907372552  2391
1.845098040014257  2375
1.8512583487190752  2385
1.8573324964312685  2168
1.863322860120456  2147
1.8692317197309762  2356
1.8750612633917  2229
1.8808135922807914  2263
1.8864907251724818  2075
1.8920946026904804  2239
1.8976270912904414  2269
1.9030899869919435  2160
1.9084850188786497  2149
1.9138138523837167  2253
1.919078092376074  2316
1.9242792860618816  2259
1.9294189257142926  2243
1.9344984512435677  2272
1.9395192526186185  2382
1.9444826721501687  2256
1.9493900066449128  2351
1.954242509439325  2251
1.9590413923210936  2273
1.9637878273455553  2453
1.968482948553935  2324
1.9731278535996986  2290
1.9777236052888478  2329
1.9822712330395684  2092
1.9867717342662448  2323
1.9912260756924949  2362
1.99563519459755  2293
2.0  2205
2.0043213737826426  2324
2.0086001717619175  2156
2.012837224705172  2465
2.0170333392987803  2179
2.0211892990699383  2246
2.0253058652647704  2169
2.0293837776852097  2157
2.03342375548695  2258
2.037426497940624  2453
2.041392685158225  2402
2.0453229787866576  2227
2.0492180226701815  2327
2.0530784434834195  2388
2.0569048513364727  2106
2.060697840353612  2160
2.0644579892269186  2336
2.0681858617461617  2404
2.0718820073061255  2336
2.0755469613925306  2268
2.0791812460476247  2329
2.0827853703164503  2114
2.0863598306747484  2300
2.089905111439398  2403
2.093421685162235  2426
2.0969100130080562  2272
2.100370545117563  2231
2.103803720955957  2139
2.1072099696478683  2289
2.110589710299249  2350
2.113943352306837  2498
2.1172712956557644  2414
2.12057393120585  2432
2.123851640967086  2356
2.1271047983648077  2374
2.130333768495006  2069
2.1335389083702174  2238
2.1367205671564067  2379
2.1398790864012365  2277
2.143014800254095  2145
2.146128035678238  2316
2.1492191126553797  2306
2.1522883443830563  2337
2.155336037465062  2255
2.1583624920952498  2126
2.161368002234975  2442
2.164352855784437  2397
2.167317334748176  2182
2.1702617153949575  2261
2.173186268412274  2386
2.1760912590556813  2190
2.1789769472931693  2481
2.1818435879447726  2157
2.184691430817599  2350
2.187520720836463  2241
2.1903316981702914  2215
2.1931245983544616  2391
2.1958996524092336  2225
2.1986570869544226  2165
2.2013971243204513  2277
2.2041199826559246  2365
2.2068258760318495  2234
2.2095150145426308  2305
2.2121876044039577  2244
2.214843848047698  2352
2.2174839442139063  2276
2.220108088040055  2079
2.2227164711475833  2253
2.225309281725863  2253
2.2278867046136734  2254
2.230448921378274  2162
2.2329961103921536  2205
2.2355284469075487  2225
2.2380461031287955  2274
2.2405492482826  2206
2.2430380486862944  2293
2.24551266781415  2261
2.247973266361807  2334
2.250420002308894  2347
2.2528530309798933  2261
2.255272505103306  2277
2.2576785748691846  2352
2.2600713879850747  2351
2.2624510897304293  2223
2.2648178230095364  2223
2.2671717284030137  2292
2.2695129442179165  2264
2.271841606536499  2345
2.27415784926368  2320
2.2764618041732443  2187
2.278753600952829  2193
2.2810333672477277  2248
2.2833012287035497  2212
2.285557309007774  2184
2.287801729930226  2194
2.290034611362518  2341
2.292256071356476  2183
2.294466226161593  2452
2.296665190261531  2357
2.298853076409707  2344
2.3010299956639813  2138
2.303196057420489  2338
2.305351369446624  2356
2.307496037913213  2299
2.3096301674258988  2203
2.311753861055754  2437
2.3138672203691533  2219
2.315970345456918  2317
2.3180633349627615  2281
2.3201462861110542  2228
2.322219294733919  2346
2.3242824552976926  2286
2.326335860928751  2168
2.3283796034387376  2245
2.330413773349191  2377
2.3324384599156054  2319
2.3344537511509307  2231
2.3364597338485296  2321
2.3384564936046046  2162
2.3404441148401185  2285
2.342422680822206  2319
2.3443922736851106  2195
2.346352974450639  2383
2.3483048630481607  2154
2.3502480183341627  2092
2.3521825181113627  2247
2.3541084391474008  2304
2.3560258571931225  2293
2.357934847000454  2329
2.359835482339888  2316
2.361727836017593  2108
2.3636119798921444  2236
2.3654879848909  2375
2.367355921026019  2448
2.369215857410143  2255
2.3710678622717363  2404
2.3729120029701067  2303
2.374748346010104  2369
2.376576957056512  2258
2.3783979009481375  2230
2.380211241711606  2108
2.3820170425748683  2186
2.383815365980431  2238
2.385606273598312  2306
2.387389826338729  2249
2.3891660843645326  2279
2.3909351071033793  2251
2.392696953259666  2337
2.3944516808262164  2199
2.3961993470957363  2513
2.3979400086720375  2143
2.399673721481038  2265
2.401400540781544  2350
2.403120521175818  2346
2.404833716619938  2383
2.406540180433955  2109
2.4082399653118496  2391
2.4099331233312946  2344
2.41161970596323  2282
2.413299764081252  2258
2.4149733479708178  2208
2.416640507338281  2342
2.4183012913197452  2395
2.419955748489758  2216
2.4216039268698313  2249
2.423245873936808  2254
2.424881636631067  2329
2.4265112613645754  2380
2.428134794028789  2212
2.429752280002408  2304
2.4313637641589874  2294
2.432969290874406  2314
2.4345689040341987  2367
2.436162647040756  2360
2.437750562820388  2496
2.439332693830263  2260
2.4409090820652177  2241
2.4424797690644486  2240
2.444044795918076  2331
2.4456042032735974  2228
2.4471580313422194  2223
2.44870631990508  2381
2.450249108319361  2232
2.45178643552429  2226
2.4533183400470375  2257
2.45484486000851  2332
2.456366033129043  2349
2.4578818967339924  2319
2.459392487759231  2238
2.4608978427565478  2339
2.462397997898956  2326
2.4638929889859074  2197
2.4653828514484184  2226
2.4668676203541096  2342
2.4683473304121573  2119
2.469822015978163  2289
2.4712917110589387  2217
2.4727564493172123  2275
2.4742162640762553  2274
2.4756711883244296  2228
2.4771212547196626  2387
2.4785664955938436  2343
2.4800069429571505  2094
2.481442628502305  2359
2.482873583608754  2290
2.484299839346786  2348
2.48572142648158  2379
2.4871383754771865  2194
2.4885507165004443  2291
2.4899584794248346  2273
2.4913616938342726  2199
2.4927603890268375  2300
2.494154594018443  2209
2.4955443375464483  2237
2.496929648073215  2351
2.4983105537896004  2236
2.499687082618404  2315
2.5010592622177517  2211
2.5024271199844326  2198
2.503790683057181  2369
2.505149978319906  2374
2.506505032404872  2353
2.507855871695831  2416
2.509202522331103  2343
2.510545010206612  2232
2.5118833609788744  2318
2.513217600067939  2335
2.514547752660286  2206
2.515873843711679  2265
2.5171958979499744  2354
2.5185139398778875  2236
2.519827993775719  2208
2.5211380837040362  2346
2.5224442335063197  2077
2.5237464668115646  2181
2.525044807036845  2142
2.526339277389844  2256
2.5276299008713385  2358
2.5289167002776547  2093
2.530199698203082  2380
2.531478917042255  2345
2.5327543789924976  2329
2.534026106056135  2270
2.5352941200427703  2283
2.53655844257153  2224
2.537819095073274  2545
2.5390760987927767  2387
2.5403294747908736  2325
2.5415792439465807  2302
2.5428254269591797  2449
2.5440680443502757  2155
2.545307116465824  2371
2.546542663478131  2323
2.5477747053878224  2243
2.5490032620257876  2296
2.550228353055094  2313
2.5514499979728753  2274
2.552668216112193  2487
2.5538830266438746  2106
2.5550944485783194  2226
2.5563025007672873  2221
2.5575072019056577  2231
2.558708570533166  2298
2.5599066250361124  2179
2.561101383649056  2402
2.5622928644564746  2390
2.5634810853944106  2443
2.5646660642520893  2227
2.5658478186735176  2138
2.56702636615906  2365
2.568201724066995  2331
2.569373909615046  2298
2.5705429398818973  2310
2.571708831808688  2342
2.5728716022004803  2169
2.574031267727719  2317
2.575187844927661  2286
2.576341350205793  2250
2.5774917998372255  2222
2.578639209968072  2228
2.57978359661681  2274
2.5809249756756194  2306
2.582063362911709  2147
2.583198773968623  2244
2.584331224367531  2263
2.5854607295085006  2326
2.586587304671755  2311
2.5877109650189114  2319
2.5888317255942073  2194
2.5899496013257077  2308
2.591064607026499  2349
2.5921767573958667  2154
2.593286067020457  2186
2.5943925503754266  2250
2.595496221825574  2269
2.59659709562646  2270
2.597695185925512  2379
2.598790506763115  2251
2.5998830720736876  2261
2.6009728956867484  2178
2.6020599913279625  2267
2.603144372620182  2313
2.60422605308447  2226
2.6053050461411096  2248
2.606381365110605  2351
2.6074550232146687  2359
2.6085260335771943  2128
2.60959440922522  2396
2.61066016308988  2389
2.611723308007342  2327
2.6127838567197355  2408
2.6138418218760693  2420
2.6148972160331345  2309
2.615950051656401  2220
2.617000341120899  2190
2.6180480967120925  2434
2.6190933306267428  2315
2.6201360549737576  2332
2.621176281775035  2288
2.622214022966295  2324
2.6232492903979003  2395
2.6242820958356683  2114
2.625312450961674  2310
2.6263403673750423  2191
2.6273658565927325  2315
2.6283889300503116  2145
2.629409599102719  2261
2.630427875025024  2344
2.6314437690131722  2208
2.6324572921847245  2433
2.6334684555795866  2284
2.6344772701607315  2437
2.635483746814912  2237
2.6364878963533656  2349
2.637489729512511  2212
2.6384892569546374  2351
2.639486489268586  2249
2.640481436970422  2362
2.6414741105040997  2341
2.6424645202421213  2323
2.6434526764861874  2349
2.6444385894678386  2357
2.645422269349092  2393
2.6464037262230695  2326
2.6473829701146196  2214
2.6483600109809315  2359
2.649334858712142  2195
2.6503075231319366  2096
2.651278013998144  2203
2.6522463410033232  2260
2.6532125137753435  2145
2.6541765418779604  2294
2.655138434811382  2456
2.656098202012832  2375
2.6570558528571038  2335
2.6580113966571126  2311
2.658964842664435  2417
2.6599162000698504  2223
2.660865478003869  2261
2.661812685537261  2199
2.662757831681574  2306
2.663700925389648  2281
2.6646419755561257  2334
2.6655809910179533  2341
2.6665179805548807  2324
2.667452952889954  2147
2.66838591669  2419
2.6693168805661123  2289
2.670245853074124  2088
2.6711728427150834  2234
2.6720978579357175  2321
2.673020907128896  2281
2.673941998634088  2285
2.6748611407378116  2311
2.6757783416740852  2299
2.6766936096248664  2088
2.677606952720493  2145
2.678518379040114  2359
2.6794278966121188  2337
2.680335513414563  2329
2.681241237375587  2242
2.682145076373832  2224
2.6830470382388496  2531
2.683947130751512  2294
2.6848453616444123  2314
2.6857417386022635  2247
2.6866362692622934  2275
2.6875289612146345  2335
2.6884198220027105  2188
2.6893088591236203  2296
2.690196080028514  2407
2.6910814921229687  2272
2.69196510276736  2325
2.69284691927723  2502
2.693726948923647  2259
2.694605198933569  2458
2.6954816764901977  2339
2.696356388733332  2303
2.6972293427597176  2347
2.6981005456233897  2395
2.6989700043360187  2147
2.699837725867246  2144
2.7007037171450192  2279
2.7015679850559273  2113
2.7024305364455254  2330
2.7032913781186614  2356
2.7041505168397992  2173
2.705007959333336  2212
2.7058637122839193  2408
2.7067177823367587  2284
2.7075701760979363  2299
2.708420900134713  2320
2.709269960975831  2423
2.7101173651118162  2284
2.710963118995276  2425
2.711807229041191  2279
2.7126497016272113  2349
2.7134905430939424  2413
2.714329759745233  2348
2.7151673578484576  2257
2.716003343634799  2181
2.7168377232995247  2256
2.717670503002262  2290
2.718501688867274  2298
2.7193312869837265  2357
2.720159303405957  2187
2.7209857441537393  2164
2.7218106152125467  2322
2.722633922533812  2323
2.7234556720351857  2254
2.724275869600789  2278
2.725094521081469  2304
2.7259116322950483  2259
2.7267272090265724  2231
2.727541257028556  2311
2.7283537820212285  2466
2.72916478969277  2313
2.7299742856995555  2149
2.7307822756663893  2263
2.7315887651867388  2308
2.7323937598229686  2359
2.7331972651065692  2327
2.733999286538387  2284
2.734799829588847  2326
2.73559889969818  2143
2.7363965022766426  2220
2.7371926427047373  2196
2.737987326333431  2215
2.738780558484369  2424
2.739572344450092  2389
2.7403626894942437  2308
2.741151598851785  2215
2.741939077729199  2227
2.7427251313046983  2279
2.74350976472843  2166
2.7442929831226763  2405
2.7450747915820575  2306
2.745855195173729  2189
2.7466341989375787  2397
2.747411807886423  2082
2.7481880270062002  2290
2.7489628612561616  2048
2.749736315569061  2498
2.7505083948513462  2123
2.751279103983342  2170
2.7520484478194387  2200
2.7528164311882715  2260
2.7535830588929064  2358
2.754348335711019  2289
2.7551122663950713  2290
2.7558748556724915  2159
2.756636108245848  2372
2.7573960287930244  2242
2.75815462196739  2312
2.7589118923979736  2346
2.7596678446896306  2265
2.760422483423212  2333
2.7611758131557314  2213
2.761927838420529  2224
2.762678563727436  2384
2.7634279935629373  2331
2.7641761323903307  2315
2.7649229846498886  2354
2.765668554759014  2329
2.7664128471123997  2454
2.7671558660821804  2195
2.767897616018091  2170
2.7686381012476144  2308
2.7693773260761385  2347
2.7701152947871015  2320
2.7708520116421442  2427
2.7715874808812555  2250
2.77232170672292  2335
2.7730546933642626  2161
2.7737864449811935  2259
2.7745169657285498  2331
2.7752462597402365  2202
2.775974331129369  2182
2.776701183988411  2281
2.7774268223893115  2400
2.7781512503836434  2213
2.7788744720027396  2193
2.7795964912578244  2323
2.780317312140151  2240
2.7810369386211318  2300
2.781755374652469  2264
2.782472624166286  2319
2.7831886910752575  2244
2.783903579272735  2312
2.784617292632875  2200
2.785329835010767  2267
2.786041210242554  2427
2.7867514221455614  2286
2.787460474518415  2129
2.788168371141168  2207
2.788875115775417  2252
2.7895807121644256  2197
2.7902851640332416  2301
2.790988475088816  2335
2.791690649020118  2247
2.792391689498254  2248
2.79309160017658  2186
2.7937903846908188  2222
2.7944880466591697  2273
2.795184589682424  2372
2.7958800173440754  2249
2.7965743332104296  2215
2.7972675408307164  2508
2.797959643737196  2143
2.798650645445269  2249
2.7993405494535817  2268
2.8000293592441343  2257
2.800717078282385  2232
2.801403710017355  2192
2.802089257881733  2215
2.8027737252919755  2391
2.803457115648414  2106
2.8041394323353503  2196
2.8048206787211623  2226
2.8055008581584002  2278
2.806179973983887  2460
2.8068580295188172  2207
2.807535028068853  2276
2.808210972924222  2210
2.808885867359812  2272
2.8095597146352675  2248
2.8102325179950842  2400
2.8109042806687006  2180
2.8115750058705933  2140
2.812244696800369  2286
2.8129133566428557  2399
2.813580988568192  2145
2.81424759573192  2301
2.814913181275074  2303
2.815577748324267  2358
2.816241299991783  2061
2.8169038393756605  2267
2.8175653695597807  2311
2.8182258936139557  2411
2.8188854145940097  2141
2.8195439355418688  2216
2.82020145948564  2269
2.8208579894397  2318
2.821513528404773  2150
2.8221680793680175  2406
2.8228216453031045  2294
2.823474229170301  2223
2.824125833916549  2323
2.824776462475546  2234
2.8254261177678233  2385
2.8260748027008264  2176
2.826722520168992  2348
2.8273692730538253  2334
2.828015064223977  2171
2.82865989653532  2229
2.829303772831025  2289
2.829946695941636  2219
2.8305886686851442  2326
2.8312296938670634  2172
2.8318697742805017  2401
2.832508912706236  2165
2.833147111912785  2329
2.833784374656479  2427
2.8344207036815328  2433
2.835056101720116  2333
2.8356905714924254  2479
2.8363241157067516  2342
2.8369567370595505  2362
2.837588438235511  2194
2.8382192219076257  2302
2.838849090737255  2178
2.8394780473741985  2243
2.840106094456758  2377
2.8407332346118066  2356
2.841359470454855  2215
2.8419848045901137  2076
2.842609239610562  2339
2.8432327780980096  2221
2.843855422623161  2307
2.8444771757456815  2214
2.845098040014257  2150
2.8457180179666586  2241
2.846337112129805  2471
2.846955325019824  2367
2.847572659142112  2140
2.848189116991399  2495
2.8488047010518036  2342
2.8494194137968996  2245
2.850033257689769  2179
2.8506462351830666  2179
2.8512583487190755  2384
2.851869600729766  2285
2.8524799936368566  2408
2.8530895298518657  2239
2.8536982117761744  2270
2.8543060418010806  2313
2.8549130223078554  2155
2.8555191556678  2160
2.8561244442423  2293
2.8567288903828825  2344
2.8573324964312685  2258
2.857935264719429  2394
2.858537197569639  2240
2.859138297294531  2190
2.859738566197147  2307
2.8603380065709936  2225
2.8609366207000937  2113
2.8615344108590377  2170
2.862131379313037  2483
2.8627275283179747  2433
2.863322860120456  2210
2.8639173769578603  2352
2.864511081058392  2247
2.8651039746411278  2291
2.8656960599160706  2218
2.8662873390841948  2451
2.866877814337499  2542
2.8674674878590514  2287
2.8680563618230415  2328
2.8686444383948255  2181
2.8692317197309762  2161
2.869818207979328  2258
2.870403905279027  2497
2.8709888137605755  2268
2.8715729355458786  2201
2.8721562727482928  2351
2.8727388274726686  2261
2.873320601815399  2211
2.8739015978644615  2190
2.8744818176994666  2347
2.8750612633917  2222
2.8756399370041685  2301
2.876217840591642  2289
2.8767949762007006  2327
2.877371345869774  2130
2.8779469516291885  2252
2.8785217955012063  2359
2.8790958795000727  2290
2.8796692056320534  2313
2.88024177589548  2227
2.8808135922807914  2265
2.8813846567705728  2164
2.8819549713396007  2363
2.8825245379548803  2200
2.8830933585756897  2148
2.8836614351536176  2346
2.884228769632604  2322
2.884795363948981  2235
2.885361220031512  2376
2.885926339801431  2310
2.886490725172482  2220
2.8870543780509568  2397
2.887617300335736  2188
2.888179493918325  2250
2.8887409606828927  2403
2.88930170250631  2297
2.8898617212581885  2287
2.890421018800914  2334
2.890979596989689  2321
2.8915374576725643  2389
2.8920946026904804  2279
2.8926510338773004  2304
2.893206753059848  2202
2.8937617620579434  2213
2.8943160626844384  2336
2.8948696567452528  2479
2.895422546039408  2179
2.8959747323590648  2333
2.8965262174895554  2343
2.89707700320942  1982
2.8976270912904414  2373
2.8981764834976764  2300
2.8987251815894934  2074
2.8992731873176036  2248
2.8998205024270964  2293
2.9003671286564705  2216
2.900913067737669  2319
2.9014583213961123  2300
2.9020028913507296  2278
2.902546779313991  2267
2.9030899869919438  2304
2.9036325160842376  2317
2.9041743682841634  2078
2.904715545278681  2497
2.905256048748451  2183
2.9057958803678687  2090
2.906335041805091  2348
2.90687353472207  2137
2.907411360774586  2193
2.9079485216122722  2187
2.90848501887865  2282
2.909020854211156  2188
2.9095560292411755  2415
2.910090545594068  2263
2.910624404889201  2267
2.9111576087399764  2237
2.9116901587538613  2337
2.9122220565324155  2504
2.912753303671323  2254
2.9132839017604186  2263
2.9138138523837167  2337
2.9143431571194407  2186
2.9148718175400505  2266
2.91539983521227  2468
2.9159272116971158  2275
2.916453948549925  2304
2.9169800473203824  2377
2.9175055095525466  2344
2.9180303367848803  2424
2.9185545305502734  2254
2.9190780923760737  2350
2.919601023784111  2280
2.920123326290724  2268
2.9206450014067875  2230
2.921166050637739  2192
2.921686475483602  2398
2.9222062774390163  2238
2.92272545799326  2179
2.9232440186302764  2256
2.9237619608287004  2392
2.9242792860618816  2309
2.924795995797912  2517
2.9253120914996495  2357
2.9258275746247424  2275
2.926342446625655  2424
2.926856708949692  2277
2.9273703630390235  2229
2.9278834103307068  2274
2.9283958522567137  2208
2.928907690243953  2181
2.929418925714293  2200
2.929929560084588  2361
2.9304395947667  2329
2.930949031167523  2235
2.931457870689005  2356
2.931966114728173  2136
2.932473764677153  2161
2.932980821923198  2382
2.9334872878487053  2305
2.9339931638312424  2342
2.934498451243568  2380
2.935003151453655  2334
2.9355072658247128  2244
2.9360107957152097  2357
2.936513742478893  2183
2.9370161074648142  2271
2.937517892017347  2342
2.9380190974762104  2297
2.938519725176492  2246
2.9390197764486663  2139
2.9395192526186187  2219
2.9400181550076634  2158
2.940516484932567  2331
2.9410142437055695  2346
2.941511432634403  2089
2.942008053022313  2308
2.9425041061680806  2193
2.9429995933660407  2306
2.9434945159061026  2287
2.9439888750737717  2320
2.9444826721501687  2216
2.9449759084120477  2184
2.94546858513182  2280
2.9459607035775686  2159
2.946452265013073  2347
2.9469432706978256  2380
2.9474337218870508  2047
2.9479236198317262  2350
2.948412965778601  2367
2.9489017609702137  2483
2.949390006644913  2245
2.949877704036875  2212
2.950364854376123  2208
2.9508514588885464  2118
2.951337518795918  2516
2.951823035315912  2186
2.9523080096621253  2283
2.952792443044092  2335
2.9532763366673045  2251
2.9537596917332287  2293
2.9542425094393248  2358
2.954724790979063  2197
2.9552065375419416  2363
2.9556877503135057  2211
2.9561684304753633  2255
2.9566485792052033  2219
2.957128197676813  2371
2.957607287060095  2211
2.958085848521085  2384
2.9585638832219674  2306
2.9590413923210934  2264
2.9595183769729982  2114
2.959994838328416  2199
2.960470777534299  2384
2.960946195733831  2384
2.9614210940664485  2379
2.9618954736678504  2265
2.962369335670021  2214
2.9628426812012423  2346
2.9633155113861114  2229
2.963787827345555  2292
2.964259630196849  2289
2.9647309210536292  2288
2.965201701025912  2298
2.9656719712201065  2429
2.9661417327390325  2169
2.966610986681934  2342
2.967079734144497  2264
2.967547976218862  2195
2.968015713993642  2268
2.9684829485539352  2322
2.9689496809813427  2324
2.9694159123539814  2213
2.9698816437465  2361
2.9703468762300935  2262
2.9708116108725178  2328
2.971275848738105  2318
2.971739590887778  2146
2.9722028383790646  2314
2.972665592266111  2304
2.9731278535996988  2273
2.973589623427257  2269
2.9740509027928774  2171
2.9745116927373285  2316
2.974971994298069  2148
2.975431808509263  2236
2.975891136401793  2218
2.9763499790032735  2281
2.976808337338066  2228
2.977266212427293  2238
2.9777236052888476  2187
2.978180516937414  2208
2.9786369483844743  2389
2.979092900638326  2467
2.979548374704095  2353
2.9800033715837464  2234
2.9804578922761  2181
2.9809119377768436  2155
2.9813655090785445  2476
2.9818186071706636  2200
2.9822712330395684  2288
2.9827233876685453  2404
2.983175072037813  2373
2.9836262871245345  2288
2.984077033902831  2294
2.9845273133437926  2369
2.9849771264154934  2267
2.9854264740830017  2228
2.9858753573083936  2279
2.986323777050765  2193
2.9867717342662448  2235
2.9872192299080047  2173
2.9876662649262746  2348
2.988112840268352  2207
2.9885589568786157  2157
2.989004615698537  2337
2.9894498176666917  2192
2.989894563718773  2224
2.9903388547876015  2322
2.9907826918031377  2188
2.9912260756924947  2422
2.9916690073799486  2388
2.9921114877869495  2170
2.9925535178321354  2263
2.9929950984313414  2415
2.9934362304976116  2179
2.993876914941211  2307
2.9943171526696366  2288
2.9947569445876283  2159
2.9951962915971793  2292
2.99563519459755  2268
2.9960736544852753  2299
2.9965116721541785  2369
2.996949248495381  2176
2.997386384397313  2331
2.9978230807457256  2260
2.998259338423699  2286
2.998695158311656  2199
2.999130541287371  2250
2.9995654882259823  2356
3.0  2158
3.000434077479319  2380
3.0008677215312267  2421
3.0013009330204183  2315
3.0017337128090005  2196
3.002166061756508  2485
3.0025979807199086  2275
3.003029470553618  2406
3.0034605321095067  2165
3.0038911662369103  2249
3.0043213737826426  2197
3.004751155591001  2391
3.0051805125037805  2275
3.0056094453602804  2307
3.0060379549973173  2242
3.0064660422492318  2106
3.0068937079479006  2416
3.0073209529227447  2266
3.00774777800074  2146
3.0081741840064264  2356
3.0086001717619175  2248
3.0090257420869104  2255
3.009450895798694  2331
3.00987563371216  2482
3.010299956639812  2221
3.010723865391773  2376
3.0111473607757975  2394
3.0115704435972783  2311
3.011993114659257  2242
3.012415374762433  2218
3.012837224705172  2334
3.0132586652835167  2177
3.0136796972911926  2350
3.0141003215196207  2149
3.0145205387579237  2465
3.0149403497929366  2288
3.0153597554092144  2292
3.015778756389041  2270
3.016197353512439  2266
3.016615547557177  2400
3.0170333392987803  2114
3.017450729510536  2460
3.0178677189635055  2358
3.018284308426531  2197
3.0187004986662433  2375
3.019116290447073  2269
3.0195316845312554  2416
3.0199466816788423  2282
3.0203612826477078  2194
3.020775488193558  2256
3.0211892990699383  2283
3.021602716028242  2310
3.02201573981772  2264
3.0224283711854865  2284
3.022840610876528  2380
3.0232524596337114  2190
3.0236639181977933  2238
3.024074987307426  2262
3.024485667699167  2239
3.024895960107485  2223
3.0253058652647704  2238
3.025715383901341  2191
3.0261245167454502  2287
3.0265332645232967  2208
3.0269416279590295  2377
3.0273496077747564  2405
3.0277572046905536  2277
3.0281644194244697  2333
3.0285712526925375  2262
3.028977705208778  2183
3.0293837776852097  2244
3.029789470831856  2165
3.030194785356751  2182
3.030599721965951  2171
3.0310042813635367  2422
3.031408464251624  2362
3.0318122713303706  2374
3.0322157032979815  2268
3.03261876085072  2271
3.0330214446829107  2318
3.03342375548695  2257
3.03382569395331  2372
3.0342272607705505  2310
3.0346284566253203  2306
3.0350292822023683  2079
3.0354297381845483  2298
3.035829825252828  2273
3.0362295440862948  2315
3.036628895362161  2331
3.037027879755775  2305
3.037426497940624  2127
3.037824750588342  2131
3.0382226383687185  2360
3.038620161949703  2047
3.039017321997412  2226
3.0394141191761372  2364
3.0398105541483504  2328
3.0402066275747113  2354
3.040602340114073  2295
3.0409976924234905  2337
3.041392685158225  2379
3.041787318971752  2300
3.042181594515766  2333
3.0425755124401905  2365
3.0429690733931802  2250
3.0433622780211294  2232
3.0437551269686796  2260
3.044147620878723  2298
3.044539760392411  2354
3.04493154614916  2360
3.0453229787866576  2141
3.0457140589408676  2485
3.0461047872460387  2275
3.0464951643347082  2318
3.04688519083771  2276
3.0472748673841794  2205
3.04766419460156  2439
3.048053173115609  2370
3.0484418035504044  2392
3.04883008652835  2244
3.0492180226701815  2508
3.049605612594973  2291
3.0499928569201424  2201
3.050379756261458  2205
3.0507663112330423  2363
3.0511525224473814  2267
3.0515383905153275  2348
3.0519239160461065  2250
3.0523090996473234  2181
3.052693941924968  2142
3.0530784434834195  2220
3.053462604925455  2281
3.0538464268522527  2355
3.0542299098633974  2216
3.0546130545568877  2191
3.0549958615291417  2194
3.055378331375  2261
3.0557604646877348  2411
3.056142262059052  2153
3.0565237240791006  2321
3.0569048513364727  2133
3.0572856444182146  2192
3.0576661039098294  2307
3.0580462303952816  2297
3.058426024457005  2370
3.0588054866759067  2234
3.059184617631371  2275
3.0595634179012676  2354
3.059941888061955  2379
3.060320028688285  2233
3.060697840353612  2224
3.0610753236297916  2329
3.061452479087193  2300
3.061829307294699  2158
3.0622058088197126  2295
3.062581984228163  2159
3.0629578340845103  2452
3.0633333589517497  2436
3.0637085593914173  2288
3.064083435963596  2425
3.0644579892269186  2286
3.064832219738574  2306
3.065206128054312  2377
3.0655797147284485  2314
3.06595298031387  2297
3.0663259253620376  2373
3.0666985504229953  2317
3.0670708560453703  2299
3.0674428427763805  2123
3.0678145111618402  2132
3.0681858617461617  2222
3.068556895072363  2463
3.068927611682072  2340
3.0692980121155293  2305
3.0696680969115957  2223
3.070037866607755  2224
3.0704073217401198  2283
3.0707764628434346  2222
3.0711452904510828  2235
3.071513805095089  2222
3.0718820073061255  2167
3.072249897613515  2239
3.0726174765452368  2265
3.0729847446279304  2331
3.073351702386901  2293
3.0737183503461227  2218
3.074084689028244  2221
3.074450718954591  2357
3.074816440645175  2217
3.0751818546186915  2426
3.0755469613925306  2273
3.0759117614827773  2357
3.076276255404218  2349
3.076640443670342  2321
3.0770043267933502  2261
3.0773679052841563  2283
3.077731179652392  2334
3.0780941504064105  2380
3.0784568180532927  2231
3.0788191830988487  2283
3.0791812460476247  2281
3.079543007402906  2267
3.079904467666721  2315
3.0802656273398448  2207
3.0806264869218056  2237
3.080987046910887  2254
3.0813473078041325  2325
3.081707270097349  2147
3.082066934285113  2235
3.0824263008607717  2206
3.0827853703164503  2170
3.0831441431430524  2464
3.0835026198302673  2175
3.083860800866573  2417
3.0842186867392387  2283
3.084576277934331  2223
3.084933574936716  2363
3.085290578230065  2348
3.0856472882968564  2264
3.0860037056183818  2191
3.0863598306747484  2303
3.0867156639448825  2240
3.0870712059065353  2344
3.0874264570362855  2237
3.087781417809542  2217
3.0881360887005513  2318
3.0884904701823963  2231
3.088844562727004  2381
3.089198366805149  2330
3.089551882886454  2347
3.089905111439398  2364
3.090258052931316  2159
3.090610707828407  2502
3.0909630765957314  2208
3.091315159697223  2312
3.0916669575956846  2283
3.092018470752797  2419
3.0923696996291206  2293
3.0927206446840994  2371
3.0930713063760633  2295
3.093421685162235  2168
3.09377178149873  2242
3.0941215958405612  2321
3.094471128641645  2136
3.0948203803548  2387
3.095169351431755  2324
3.095518042323151  2038
3.0958664534785427  2185
3.0962145853464054  2420
3.0965624383741357  2252
3.0969100130080562  2217
3.09725730969342  2371
3.097604328874411  2121
3.09795107099415  2164
3.0982975364946976  2253
3.098643725817057  2206
3.0989896394011773  2315
3.0993352776859577  2171
3.09968064110925  2292
3.1000257301078626  2219
3.100370545117563  2274
3.1007150865730817  2232
3.1010593549081156  2310
3.101403350555331  2205
3.1017470739463664  2246
3.1020905255118367  2206
3.1024337056813365  2410
3.1027766148834415  2188
3.1031192535457137  2541
3.103461622094705  2229
3.103803720955957  2242
3.104145550554008  2397
3.104487111312395  2200
3.1048284036536553  2408
3.1051694279993316  2152
3.1055101847699738  2312
3.1058506743851435  2402
3.1061908972634154  2129
3.1065308538223815  2259
3.106870544478654  2188
3.1072099696478683  2351
3.1075491297446862  2269
3.1078880251827985  2382
3.1082266563749283  2381
3.1085650237328344  2337
3.1089031276673134  2280
3.109240968588203  2363
3.1095785469043866  2180
3.1099158630237933  2370
3.110252917353403  2193
3.110589710299249  2282
3.1109262422664203  2204
3.1112625136590655  2402
3.111598524880394  2273
3.1119342763326814  2190
3.1122697684172707  2229
3.1126050015345745  2542
3.11293997608408  2176
3.1132746924643504  2371
3.1136091510730277  2326
3.113943352306837  2310
3.1142772965615864  2102
3.114610984232173  2238
3.1149444157125847  2349
3.1152775913959014  2178
3.1156105116742996  2341
3.115943176939055  2352
3.116275587580544  2421
3.1166077439882485  2274
3.116939646550756  2259
3.1172712956557644  2363
3.117602691690084  2302
3.1179338350396413  2374
3.118264726089479  2314
3.118595365223762  2332
3.1189257528257768  2282
3.1192558892779365  2278
3.119585774961784  2197
3.119915410257991  2295
3.1202447955463652  2281
3.12057393120585  2416
3.1209028176145273  2215
3.1212314551496214  2265
3.1215598441875008  2188
3.121887985103681  2329
3.1222158782728267  2420
3.1225435240687545  2358
3.1228709228644354  2290
3.1231980750319988  2220
3.123524980942732  2302
3.123851640967086  2444
3.124178055474675  2309
3.1245042248342823  2360
3.1248301494138593  2180
3.12515582958053  2523
3.125481265700594  2324
3.125806458139527  2262
3.1261314072619846  2314
3.1264561134318045  2252
3.126780577012009  2258
3.1271047983648077  2235
3.127428777851599  2383
3.1277525158329733  2343
3.1280760126687155  2253
3.1283992687178066  2270
3.128722284338427  2291
3.1290450598879582  2245
3.1293675957229854  2260
3.129689892199301  2478
3.1300119496719043  2390
3.130333768495006  2324
3.130655349022031  2220
3.130976691605617  2093
3.131297796597623  2469
3.1316186643491255  2375
3.1319392952104246  2422
3.1322596895310446  2294
3.132579847659737  2548
3.132899769944483  2277
3.1332194567324945  2325
3.1335389083702174  2316
3.133858125203335  2311
3.1341771075767664  2320
3.1344958558346736  2159
3.13481437032046  2281
3.1351326513767748  2278
3.1354506993455136  2236
3.1357685145678222  2271
3.1360860973840974  2211
3.13640344813399  2376
3.1367205671564067  2318
3.1370374547895126  2240
3.137354111370733  2356
3.137670537236755  2213
3.137986732723532  2117
3.1383026981662816  2141
3.1386184338994925  2188
3.1389339402569236  2259
3.139249217571607  2251
3.13956426617585  2255
3.1398790864012365  2468
3.140193678578631  2117
3.1405080430381798  2183
3.1408221801093106  2336
3.141136090120739  2219
3.1414497734004674  2284
3.141763230275788  2261
3.1420764610732848  2211
3.142389466118836  2301
3.1427022457376155  2281
3.143014800254095  2198
3.143327129992046  2177
3.1436392352745433  2237
3.1439511164239633  2271
3.144262773761991  2270
3.144574207609616  2119
3.144885418287142  2186
3.1451964061141817  2233
3.1455071714096627  2321
3.1458177144918276  2155
3.146128035678238  2216
3.1464381352857744  2232
3.14674801363064  2299
3.1470576710283598  2212
3.1473671077937864  2342
3.1476763242410986  2195
3.147985320683805  2313
3.1482940974347455  2197
3.1486026548060932  2181
3.1489109931093564  2260
3.1492191126553797  2065
3.149527013754348  2279
3.149834696715785  2301
3.1501421618485588  2254
3.150449409460881  2404
3.150756439860309  2189
3.15106325335375  2257
3.1513698502474603  2222
3.151676230847048  2175
3.151982395457474  2291
3.1522883443830563  2303
3.15259407792747  2161
3.1528995963937474  2174
3.153204900084284  2316
3.1535099893008374  2194
3.153814864344529  2182
3.154119525515847  2152
3.154423973114647  2181
3.1547282074401557  2219
3.1550322287909704  2142
3.155336037465062  2033
3.1556396337597765  2164
3.1559430179718366  2158
3.1562461903973444  2194
3.1565491513317814  2086
3.156851901070011  1983
3.1571544399062814  2018
3.157456768134226  2053
3.1577588860468637  2076
3.158060793936605  2125
3.1583624920952498  2014
3.1586639808139894  2079
3.15896526038341  2062
3.159266331093494  1967
3.1595671932336202  1976
3.1598678470925665  1967
3.160168292958512  1980
3.1604685311190375  1888
3.1607685618611283  1901
3.1610683854711747  1936
3.161368002234975  1994
3.161667412437736  1768
3.161966616364075  2098
3.1622656142980214  1929
3.162564406523019  2035
3.162862993321926  1808
3.1631613749770184  1910
3.16345955176999  1799
3.163757523981956  1829
3.1640552918934515  1808
3.164352855784437  1717
3.1646502159342966  1798
3.1649473726218416  1750
3.1652443261253107  1652
3.165541076722373  1579
3.1658376246901283  1653
3.166133970305109  1598
3.166430113843283  1692
3.166726055580052  1597
3.1670217957902564  1514
3.167317334748176  1535
3.16761267272753  1584
3.16790781000148  1423
3.168202746842631  1500
3.1684974835230326  1558
3.1687920203141817  1428
3.1690863574870227  1385
3.1693804953119495  1284
3.1696744340588068  1313
3.1699681739968923  1308
3.1702617153949575  1264
3.1705550585212086  1295
3.170848203643309  1256
3.1711411510283822  1109
3.171433900943008  1112
3.171726453653231  1081
3.1720188094245563  1069
3.172310968521954  1040
3.17260293120986  978
3.1728946977521764  1011
3.173186268412274  993
3.1734776434529945  942
3.17376882313665  917
3.1740598077250253  886
3.1743505974793798  865
3.1746411926604483  799
3.1749315935284423  800
3.1752218003430523  784
3.1755118133634475  718
3.1758016328482794  713
3.1760912590556813  615
3.1763806922432702  623
3.17666993266815  586
3.176958980586908  585
3.1772478362556233  563
3.1775364999298623  504
3.177824971864682  492
3.1781132523146316  455
3.178401341533755  466
3.17868923977559  446
3.1789769472931693  418
3.1792644643390253  403
3.1795517911651876  367
3.179838928023187  351
3.180125875164054  287
3.180412632838324  351
3.1806992012960347  276
3.1809855807867304  267
3.1812717715594614  273
3.1815577738627865  261
3.1818435879447726  231
3.182129214052998  203
3.182414652434554  203
3.1826999033360424  164
3.182984967003582  162
3.1832698436828046  161
3.1835545336188615  140
3.1838390370564214  142
3.184123354239671  112
3.1844074854123203  118
3.184691430817599  94
3.184975190698261  113
3.185258765296585  85
3.185542154854375  100
3.185825359612962  81
3.1861083798132053  65
3.186391215695493  71
3.1866738674997452  66
3.1869563354654122  52
3.187238619831479  55
3.187520720836463  43
3.1878026387184195  50
3.188084373714938  32
3.188365926063148  37
3.188647295999717  39
3.1889284837608534  32
3.189209489582306  31
3.1894903136993675  23
3.189770956346874  17
3.190051417759206  18
3.1903316981702914  24
3.190611797813605  16
3.1908917169221698  17
3.1911714557285586  12
3.1914510144648953  9
3.1917303933628562  14
3.1920095926536702  14
3.1922886125681202  8
3.1925674533365456  4
3.192846115188842  4
3.1931245983544616  2
3.1934029030624176  4
3.1936810295412816  3
3.193958978019187  5
3.1942367487238292  3
3.194514341882467  4
3.1947917577219247  5
3.1950689964685903  1
3.1953460583484197  2
3.1956229435869368  2
3.1958996524092336  1
3.1961761850399735  2
3.196452541703389  3
3.196728722623287  1
3.1970047280230456  3
3.197280558125619  2
3.1975562131535367  3
3.197831693328903  2
3.1981069988734014  2
3.1983821300082944  1
3.1986570869544226  2
3.198931869932209  1
3.1992064791616577  1
