0.3010299956639812  2618
0.47712125471966244  2517
0.6020599913279624  2567
0.6989700043360189  2621
0.7781512503836436  2602
0.8450980400142568  2589
0.9030899869919435  2644
0.9542425094393249  2585
1.0  2628
1.0413926851582251  2551
1.0791812460476249  2597
1.1139433523068367  2592
1.146128035678238  2594
1.1760912590556813  2561
1.2041199826559248  2500
1.2304489213782739  2578
1.255272505103306  2504
1.2787536009528289  2517
1.3010299956639813  2562
1.3222192947339193  2538
1.3424226808222062  2506
1.3617278360175928  2550
1.380211241711606  2453
1.3979400086720377  2510
1.414973347970818  2478
1.4313637641589874  2534
1.4471580313422192  2540
1.462397997898956  2515
1.4771212547196624  2619
1.4913616938342726  2504
1.505149978319906  2525
1.5185139398778875  2555
1.5314789170422551  2505
1.5440680443502757  2552
1.5563025007672873  2546
1.568201724066995  2509
1.5797835966168101  2541
1.591064607026499  2546
1.6020599913279623  2543
1.6127838567197355  2515
1.6232492903979006  2563
1.6334684555795864  2510
1.6434526764861874  2447
1.6532125137753437  2614
1.662757831681574  2506
1.6720978579357175  2489
1.6812412373755872  2542
1.6901960800285136  2481
1.6989700043360187  2519
1.7075701760979363  2531
1.7160033436347992  2533
1.724275869600789  2517
1.7323937598229686  2461
1.7403626894942439  2499
1.7481880270062005  2548
1.7558748556724915  2531
1.7634279935629373  2561
1.7708520116421442  2519
1.7781512503836436  2522
1.7853298350107671  2478
1.792391689498254  2526
1.7993405494535817  2500
1.806179973983887  2496
1.8129133566428555  2493
1.8195439355418688  2517
1.8260748027008264  2539
1.8325089127062364  2516
1.8388490907372552  2541
1.845098040014257  2508
1.8512583487190752  2518
1.8573324964312685  2510
1.863322860120456  2481
1.8692317197309762  2557
1.8750612633917  2537
1.8808135922807914  2507
1.8864907251724818  2555
1.8920946026904804  2538
1.8976270912904414  2546
1.9030899869919435  2566
1.9084850188786497  2498
1.9138138523837167  2493
1.919078092376074  2569
1.9242792860618816  2586
1.9294189257142926  2493
1.9344984512435677  2530
1.9395192526186185  2493
1.9444826721501687  2550
1.9493900066449128  2547
1.954242509439325  2517
1.9590413923210936  2528
1.9637878273455553  2535
1.968482948553935  2513
1.9731278535996986  2492
1.9777236052888478  2525
1.9822712330395684  2475
1.9867717342662448  2539
1.9912260756924949  2511
1.99563519459755  2532
2.0  2539
2.0043213737826426  2505
2.0086001717619175  2507
2.012837224705172  2515
2.0170333392987803  2487
2.0211892990699383  2543
2.0253058652647704  2524
2.0293837776852097  2457
2.03342375548695  2569
2.037426497940624  2478
2.041392685158225  2550
2.0453229787866576  2511
2.0492180226701815  2513
2.0530784434834195  2516
2.0569048513364727  2541
2.060697840353612  2532
2.0644579892269186  2511
2.0681858617461617  2542
2.0718820073061255  2502
2.0755469613925306  2510
2.0791812460476247  2528
2.0827853703164503  2512
2.0863598306747484  2517
2.089905111439398  2549
2.093421685162235  2541
2.0969100130080562  2474
2.100370545117563  2510
2.103803720955957  2520
2.1072099696478683  2451
2.110589710299249  2534
2.113943352306837  2553
2.1172712956557644  2532
2.12057393120585  2497
2.123851640967086  2500
2.1271047983648077  2480
2.130333768495006  2491
2.1335389083702174  2496
2.1367205671564067  2561
2.1398790864012365  2536
2.143014800254095  2546
2.146128035678238  2473
2.1492191126553797  2493
2.1522883443830563  2472
2.155336037465062  2510
2.1583624920952498  2537
2.161368002234975  2553
2.164352855784437  2514
2.167317334748176  2522
2.1702617153949575  2559
2.173186268412274  2481
2.1760912590556813  2521
2.1789769472931693  2562
2.1818435879447726  2510
2.184691430817599  2515
2.187520720836463  2503
2.1903316981702914  2517
2.1931245983544616  2540
2.1958996524092336  2506
2.1986570869544226  2551
2.2013971243204513  2466
2.2041199826559246  2550
2.2068258760318495  2527
2.2095150145426308  2552
2.2121876044039577  2499
2.214843848047698  2537
2.2174839442139063  2583
2.220108088040055  2555
2.2227164711475833  2558
2.225309281725863  2473
2.2278867046136734  2527
2.230448921378274  2554
2.2329961103921536  2505
2.2355284469075487  2539
2.2380461031287955  2529
2.2405492482826  2570
2.2430380486862944  2551
2.24551266781415  2549
2.247973266361807  2511
2.250420002308894  2479
2.2528530309798933  2548
2.255272505103306  2505
2.2576785748691846  2489
2.2600713879850747  2529
2.2624510897304293  2590
2.2648178230095364  2491
2.2671717284030137  2536
2.2695129442179165  2554
2.271841606536499  2505
2.27415784926368  2551
2.2764618041732443  2498
2.278753600952829  2529
2.2810333672477277  2479
2.2833012287035497  2523
2.285557309007774  2523
2.287801729930226  2533
2.290034611362518  2531
2.292256071356476  2515
2.294466226161593  2468
2.296665190261531  2550
2.298853076409707  2533
2.3010299956639813  2530
2.303196057420489  2431
2.305351369446624  2445
2.307496037913213  2501
2.3096301674258988  2566
2.311753861055754  2494
2.3138672203691533  2495
2.315970345456918  2554
2.3180633349627615  2550
2.3201462861110542  2556
2.322219294733919  2504
2.3242824552976926  2596
2.326335860928751  2431
2.3283796034387376  2511
2.330413773349191  2530
2.3324384599156054  2554
2.3344537511509307  2545
2.3364597338485296  2585
2.3384564936046046  2510
2.3404441148401185  2539
2.342422680822206  2534
2.3443922736851106  2505
2.346352974450639  2510
2.3483048630481607  2505
2.3502480183341627  2531
2.3521825181113627  2514
2.3541084391474008  2495
2.3560258571931225  2530
2.357934847000454  2525
2.359835482339888  2495
2.361727836017593  2490
2.3636119798921444  2508
2.3654879848909  2512
2.367355921026019  2488
2.369215857410143  2557
2.3710678622717363  2507
2.3729120029701067  2519
2.374748346010104  2503
2.376576957056512  2509
2.3783979009481375  2497
2.380211241711606  2501
2.3820170425748683  2555
2.383815365980431  2556
2.385606273598312  2528
2.387389826338729  2514
2.3891660843645326  2503
2.3909351071033793  2522
2.392696953259666  2537
2.3944516808262164  2536
2.3961993470957363  2533
2.3979400086720375  2558
2.399673721481038  2497
2.401400540781544  2570
2.403120521175818  2526
2.404833716619938  2525
2.406540180433955  2478
2.4082399653118496  2546
2.4099331233312946  2502
2.41161970596323  2526
2.413299764081252  2551
2.4149733479708178  2492
2.416640507338281  2482
2.4183012913197452  2577
2.419955748489758  2534
2.4216039268698313  2510
2.423245873936808  2540
2.424881636631067  2510
2.4265112613645754  2485
2.428134794028789  2467
2.429752280002408  2569
2.4313637641589874  2527
2.432969290874406  2509
2.4345689040341987  2474
2.436162647040756  2520
2.437750562820388  2504
2.439332693830263  2515
2.4409090820652177  2575
2.4424797690644486  2552
2.444044795918076  2519
2.4456042032735974  2469
2.4471580313422194  2501
2.44870631990508  2541
2.450249108319361  2553
2.45178643552429  2518
2.4533183400470375  2517
2.45484486000851  2509
2.456366033129043  2506
2.4578818967339924  2481
2.459392487759231  2563
2.4608978427565478  2497
2.462397997898956  2483
2.4638929889859074  2563
2.4653828514484184  2506
2.4668676203541096  2527
2.4683473304121573  2537
2.469822015978163  2518
2.4712917110589387  2557
2.4727564493172123  2479
2.4742162640762553  2531
2.4756711883244296  2542
2.4771212547196626  2513
2.4785664955938436  2577
2.4800069429571505  2524
2.481442628502305  2517
2.482873583608754  2485
2.484299839346786  2477
2.48572142648158  2526
2.4871383754771865  2494
2.4885507165004443  2498
2.4899584794248346  2503
2.4913616938342726  2572
2.4927603890268375  2541
2.494154594018443  2515
2.4955443375464483  2502
2.496929648073215  2570
2.4983105537896004  2468
2.499687082618404  2532
2.5010592622177517  2499
2.5024271199844326  2530
2.503790683057181  2502
2.505149978319906  2500
2.506505032404872  2564
2.507855871695831  2527
2.509202522331103  2537
2.510545010206612  2454
2.5118833609788744  2549
2.513217600067939  2546
2.514547752660286  2519
2.515873843711679  2503
2.5171958979499744  2583
2.5185139398778875  2532
2.519827993775719  2484
2.5211380837040362  2577
2.5224442335063197  2502
2.5237464668115646  2488
2.525044807036845  2594
2.526339277389844  2524
2.5276299008713385  2554
2.5289167002776547  2543
2.530199698203082  2490
2.531478917042255  2503
2.5327543789924976  2567
2.534026106056135  2557
2.5352941200427703  2508
2.53655844257153  2511
2.537819095073274  2495
2.5390760987927767  2560
2.5403294747908736  2543
2.5415792439465807  2544
2.5428254269591797  2523
2.5440680443502757  2531
2.545307116465824  2477
2.546542663478131  2503
2.5477747053878224  2496
2.5490032620257876  2546
2.550228353055094  2529
2.5514499979728753  2565
2.552668216112193  2475
2.5538830266438746  2523
2.5550944485783194  2475
2.5563025007672873  2525
2.5575072019056577  2500
2.558708570533166  2521
2.5599066250361124  2508
2.561101383649056  2462
2.5622928644564746  2513
2.5634810853944106  2480
2.5646660642520893  2491
2.5658478186735176  2536
2.56702636615906  2534
2.568201724066995  2495
2.569373909615046  2502
2.5705429398818973  2497
2.571708831808688  2554
2.5728716022004803  2523
2.574031267727719  2512
2.575187844927661  2576
2.576341350205793  2512
2.5774917998372255  2512
2.578639209968072  2450
2.57978359661681  2562
2.5809249756756194  2556
2.582063362911709  2504
2.583198773968623  2507
2.584331224367531  2605
2.5854607295085006  2540
2.586587304671755  2496
2.5877109650189114  2591
2.5888317255942073  2545
2.5899496013257077  2527
2.591064607026499  2501
2.5921767573958667  2458
2.593286067020457  2525
2.5943925503754266  2513
2.595496221825574  2570
2.59659709562646  2502
2.597695185925512  2551
2.598790506763115  2521
2.5998830720736876  2543
2.6009728956867484  2548
2.6020599913279625  2489
2.603144372620182  2493
2.60422605308447  2536
2.6053050461411096  2560
2.606381365110605  2516
2.6074550232146687  2495
2.6085260335771943  2490
2.60959440922522  2517
2.61066016308988  2485
2.611723308007342  2517
2.6127838567197355  2495
2.6138418218760693  2558
2.6148972160331345  2502
2.615950051656401  2517
2.617000341120899  2541
2.6180480967120925  2492
2.6190933306267428  2518
2.6201360549737576  2514
2.621176281775035  2508
2.622214022966295  2516
2.6232492903979003  2585
2.6242820958356683  2488
2.625312450961674  2458
2.6263403673750423  2477
2.6273658565927325  2550
2.6283889300503116  2467
2.629409599102719  2573
2.630427875025024  2478
2.6314437690131722  2553
2.6324572921847245  2547
2.6334684555795866  2531
2.6344772701607315  2507
2.635483746814912  2564
2.6364878963533656  2473
2.637489729512511  2535
2.6384892569546374  2525
2.639486489268586  2470
2.640481436970422  2537
2.6414741105040997  2493
2.6424645202421213  2536
2.6434526764861874  2544
2.6444385894678386  2521
2.645422269349092  2525
2.6464037262230695  2508
2.6473829701146196  2557
2.6483600109809315  2534
2.649334858712142  2531
2.6503075231319366  2514
2.651278013998144  2535
2.6522463410033232  2512
2.6532125137753435  2528
2.6541765418779604  2493
2.655138434811382  2479
2.656098202012832  2524
2.6570558528571038  2488
2.6580113966571126  2521
2.658964842664435  2514
2.6599162000698504  2512
2.660865478003869  2570
2.661812685537261  2543
2.662757831681574  2507
2.663700925389648  2580
2.6646419755561257  2506
2.6655809910179533  2548
2.6665179805548807  2494
2.667452952889954  2516
2.66838591669  2601
2.6693168805661123  2506
2.670245853074124  2542
2.6711728427150834  2541
2.6720978579357175  2502
2.673020907128896  2514
2.673941998634088  2529
2.6748611407378116  2544
2.6757783416740852  2565
2.6766936096248664  2518
2.677606952720493  2513
2.678518379040114  2493
2.6794278966121188  2526
2.680335513414563  2497
2.681241237375587  2530
2.682145076373832  2489
2.6830470382388496  2491
2.683947130751512  2609
2.6848453616444123  2548
2.6857417386022635  2539
2.6866362692622934  2520
2.6875289612146345  2523
2.6884198220027105  2532
2.6893088591236203  2522
2.690196080028514  2563
2.6910814921229687  2461
2.69196510276736  2486
2.69284691927723  2474
2.693726948923647  2479
2.694605198933569  2528
2.6954816764901977  2527
2.696356388733332  2538
2.6972293427597176  2544
2.6981005456233897  2497
2.6989700043360187  2469
2.699837725867246  2503
2.7007037171450192  2542
2.7015679850559273  2454
2.7024305364455254  2504
2.7032913781186614  2475
2.7041505168397992  2470
2.705007959333336  2545
2.7058637122839193  2488
2.7067177823367587  2564
2.7075701760979363  2528
2.708420900134713  2521
2.709269960975831  2547
2.7101173651118162  2588
2.710963118995276  2516
2.711807229041191  2469
2.7126497016272113  2546
2.7134905430939424  2596
2.714329759745233  2527
2.7151673578484576  2534
2.716003343634799  2468
2.7168377232995247  2495
2.717670503002262  2544
2.718501688867274  2511
2.7193312869837265  2605
2.720159303405957  2464
2.7209857441537393  2508
2.7218106152125467  2552
2.722633922533812  2552
2.7234556720351857  2531
2.724275869600789  2542
2.725094521081469  2562
2.7259116322950483  2534
2.7267272090265724  2587
2.727541257028556  2535
2.7283537820212285  2577
2.72916478969277  2550
2.7299742856995555  2503
2.7307822756663893  2535
2.7315887651867388  2551
2.7323937598229686  2551
2.7331972651065692  2510
2.733999286538387  2499
2.734799829588847  2462
2.73559889969818  2557
2.7363965022766426  2559
2.7371926427047373  2529
2.737987326333431  2424
2.738780558484369  2507
2.739572344450092  2528
2.7403626894942437  2521
2.741151598851785  2593
2.741939077729199  2530
2.7427251313046983  2538
2.74350976472843  2537
2.7442929831226763  2511
2.7450747915820575  2582
2.745855195173729  2565
2.7466341989375787  2579
2.747411807886423  2541
2.7481880270062002  2479
2.7489628612561616  2522
2.749736315569061  2524
2.7505083948513462  2500
2.751279103983342  2531
2.7520484478194387  2544
2.7528164311882715  2520
2.7535830588929064  2570
2.754348335711019  2498
2.7551122663950713  2513
2.7558748556724915  2522
2.756636108245848  2513
2.7573960287930244  2501
2.75815462196739  2481
2.7589118923979736  2480
2.7596678446896306  2541
2.760422483423212  2450
2.7611758131557314  2450
2.761927838420529  2526
2.762678563727436  2531
2.7634279935629373  2492
2.7641761323903307  2528
2.7649229846498886  2568
2.765668554759014  2506
2.7664128471123997  2505
2.7671558660821804  2520
2.767897616018091  2552
2.7686381012476144  2529
2.7693773260761385  2537
2.7701152947871015  2503
2.7708520116421442  2529
2.7715874808812555  2532
2.77232170672292  2497
2.7730546933642626  2535
2.7737864449811935  2465
2.7745169657285498  2580
2.7752462597402365  2541
2.775974331129369  2545
2.776701183988411  2500
2.7774268223893115  2570
2.7781512503836434  2560
2.7788744720027396  2526
2.7795964912578244  2516
2.780317312140151  2534
2.7810369386211318  2556
2.781755374652469  2503
2.782472624166286  2548
2.7831886910752575  2498
2.783903579272735  2543
2.784617292632875  2508
2.785329835010767  2557
2.786041210242554  2496
2.7867514221455614  2519
2.787460474518415  2511
2.788168371141168  2485
2.788875115775417  2590
2.7895807121644256  2577
2.7902851640332416  2541
2.790988475088816  2491
2.791690649020118  2506
2.792391689498254  2495
2.79309160017658  2502
2.7937903846908188  2554
2.7944880466591697  2558
2.795184589682424  2501
2.7958800173440754  2505
2.7965743332104296  2535
2.7972675408307164  2510
2.797959643737196  2510
2.798650645445269  2471
2.7993405494535817  2530
2.8000293592441343  2498
2.800717078282385  2555
2.801403710017355  2542
2.802089257881733  2560
2.8027737252919755  2516
2.803457115648414  2551
2.8041394323353503  2498
2.8048206787211623  2526
2.8055008581584002  2554
2.806179973983887  2569
2.8068580295188172  2531
2.807535028068853  2517
2.808210972924222  2471
2.808885867359812  2470
2.8095597146352675  2571
2.8102325179950842  2522
2.8109042806687006  2485
2.8115750058705933  2531
2.812244696800369  2514
2.8129133566428557  2513
2.813580988568192  2519
2.81424759573192  2510
2.814913181275074  2526
2.815577748324267  2518
2.816241299991783  2596
2.8169038393756605  2493
2.8175653695597807  2536
2.8182258936139557  2532
2.8188854145940097  2527
2.8195439355418688  2547
2.82020145948564  2511
2.8208579894397  2476
2.821513528404773  2596
2.8221680793680175  2482
2.8228216453031045  2486
2.823474229170301  2489
2.824125833916549  2524
2.824776462475546  2599
2.8254261177678233  2482
2.8260748027008264  2487
2.826722520168992  2575
2.8273692730538253  2542
2.828015064223977  2557
2.82865989653532  2511
2.829303772831025  2534
2.829946695941636  2540
2.8305886686851442  2536
2.8312296938670634  2528
2.8318697742805017  2508
2.832508912706236  2501
2.833147111912785  2495
2.833784374656479  2508
2.8344207036815328  2509
2.835056101720116  2593
2.8356905714924254  2547
2.8363241157067516  2529
2.8369567370595505  2576
2.837588438235511  2487
2.8382192219076257  2518
2.838849090737255  2512
2.8394780473741985  2527
2.840106094456758  2509
2.8407332346118066  2560
2.841359470454855  2511
2.8419848045901137  2494
2.842609239610562  2498
2.8432327780980096  2543
2.843855422623161  2480
2.8444771757456815  2536
2.845098040014257  2527
2.8457180179666586  2489
2.846337112129805  2531
2.846955325019824  2532
2.847572659142112  2557
2.848189116991399  2553
2.8488047010518036  2479
2.8494194137968996  2507
2.850033257689769  2514
2.8506462351830666  2531
2.8512583487190755  2527
2.851869600729766  2549
2.8524799936368566  2499
2.8530895298518657  2527
2.8536982117761744  2515
2.8543060418010806  2541
2.8549130223078554  2498
2.8555191556678  2525
2.8561244442423  2473
2.8567288903828825  2532
2.8573324964312685  2480
2.857935264719429  2545
2.858537197569639  2554
2.859138297294531  2575
2.859738566197147  2527
2.8603380065709936  2525
2.8609366207000937  2523
2.8615344108590377  2440
2.862131379313037  2534
2.8627275283179747  2549
2.863322860120456  2553
2.8639173769578603  2547
2.864511081058392  2581
2.8651039746411278  2512
2.8656960599160706  2532
2.8662873390841948  2489
2.866877814337499  2480
2.8674674878590514  2551
2.8680563618230415  2514
2.8686444383948255  2550
2.8692317197309762  2525
2.869818207979328  2512
2.870403905279027  2532
2.8709888137605755  2522
2.8715729355458786  2521
2.8721562727482928  2572
2.8727388274726686  2514
2.873320601815399  2498
2.8739015978644615  2463
2.8744818176994666  2539
2.8750612633917  2547
2.8756399370041685  2500
2.876217840591642  2500
2.8767949762007006  2465
2.877371345869774  2550
2.8779469516291885  2531
2.8785217955012063  2502
2.8790958795000727  2566
2.8796692056320534  2583
2.88024177589548  2479
2.8808135922807914  2577
2.8813846567705728  2487
2.8819549713396007  2525
2.8825245379548803  2534
2.8830933585756897  2537
2.8836614351536176  2554
2.884228769632604  2526
2.884795363948981  2552
2.885361220031512  2513
2.885926339801431  2524
2.886490725172482  2567
2.8870543780509568  2560
2.887617300335736  2597
2.888179493918325  2521
2.8887409606828927  2557
2.88930170250631  2533
2.8898617212581885  2559
2.890421018800914  2536
2.890979596989689  2558
2.8915374576725643  2515
2.8920946026904804  2550
2.8926510338773004  2561
2.893206753059848  2505
2.8937617620579434  2541
2.8943160626844384  2475
2.8948696567452528  2535
2.895422546039408  2504
2.8959747323590648  2533
2.8965262174895554  2518
2.89707700320942  2516
2.8976270912904414  2551
2.8981764834976764  2528
2.8987251815894934  2521
2.8992731873176036  2517
2.8998205024270964  2492
2.9003671286564705  2504
2.900913067737669  2517
2.9014583213961123  2563
2.9020028913507296  2503
2.902546779313991  2575
2.9030899869919438  2475
2.9036325160842376  2530
2.9041743682841634  2530
2.904715545278681  2590
2.905256048748451  2489
2.9057958803678687  2551
2.906335041805091  2521
2.90687353472207  2523
2.907411360774586  2494
2.9079485216122722  2518
2.90848501887865  2539
2.909020854211156  2540
2.9095560292411755  2521
2.910090545594068  2507
2.910624404889201  2542
2.9111576087399764  2535
2.9116901587538613  2531
2.9122220565324155  2535
2.912753303671323  2547
2.9132839017604186  2518
2.9138138523837167  2537
2.9143431571194407  2491
2.9148718175400505  2499
2.91539983521227  2566
2.9159272116971158  2529
2.916453948549925  2504
2.9169800473203824  2551
2.9175055095525466  2506
2.9180303367848803  2528
2.9185545305502734  2522
2.9190780923760737  2500
2.919601023784111  2530
2.920123326290724  2505
2.9206450014067875  2536
2.921166050637739  2521
2.921686475483602  2457
2.9222062774390163  2568
2.92272545799326  2489
2.9232440186302764  2511
2.9237619608287004  2515
2.9242792860618816  2513
2.924795995797912  2527
2.9253120914996495  2554
2.9258275746247424  2522
2.926342446625655  2497
2.926856708949692  2500
2.9273703630390235  2546
2.9278834103307068  2570
2.9283958522567137  2541
2.928907690243953  2535
2.929418925714293  2570
2.929929560084588  2574
2.9304395947667  2526
2.930949031167523  2573
2.931457870689005  2511
2.931966114728173  2520
2.932473764677153  2536
2.932980821923198  2556
2.9334872878487053  2517
2.9339931638312424  2524
2.934498451243568  2518
2.935003151453655  2501
2.9355072658247128  2497
2.9360107957152097  2486
2.936513742478893  2499
2.9370161074648142  2485
2.937517892017347  2559
2.9380190974762104  2565
2.938519725176492  2558
2.9390197764486663  2481
2.9395192526186187  2532
2.9400181550076634  2535
2.940516484932567  2528
2.9410142437055695  2518
2.941511432634403  2505
2.942008053022313  2508
2.9425041061680806  2498
2.9429995933660407  2580
2.9434945159061026  2506
2.9439888750737717  2558
2.9444826721501687  2583
2.9449759084120477  2517
2.94546858513182  2520
2.9459607035775686  2451
2.946452265013073  2485
2.9469432706978256  2481
2.9474337218870508  2473
2.9479236198317262  2486
2.948412965778601  2533
2.9489017609702137  2553
2.949390006644913  2489
2.949877704036875  2500
2.950364854376123  2518
2.9508514588885464  2541
2.951337518795918  2495
2.951823035315912  2496
2.9523080096621253  2544
2.952792443044092  2568
2.9532763366673045  2484
2.9537596917332287  2529
2.9542425094393248  2541
2.954724790979063  2494
2.9552065375419416  2517
2.9556877503135057  2573
2.9561684304753633  2486
2.9566485792052033  2555
2.957128197676813  2498
2.957607287060095  2546
2.958085848521085  2522
2.9585638832219674  2499
2.9590413923210934  2529
2.9595183769729982  2560
2.959994838328416  2533
2.960470777534299  2519
2.960946195733831  2556
2.9614210940664485  2518
2.9618954736678504  2542
2.962369335670021  2512
2.9628426812012423  2485
2.9633155113861114  2563
2.963787827345555  2549
2.964259630196849  2485
2.9647309210536292  2534
2.965201701025912  2489
2.9656719712201065  2592
2.9661417327390325  2542
2.966610986681934  2594
2.967079734144497  2506
2.967547976218862  2548
2.968015713993642  2496
2.9684829485539352  2541
2.9689496809813427  2533
2.9694159123539814  2521
2.9698816437465  2525
2.9703468762300935  2522
2.9708116108725178  2534
2.971275848738105  2513
2.971739590887778  2455
2.9722028383790646  2555
2.972665592266111  2525
2.9731278535996988  2537
2.973589623427257  2489
2.9740509027928774  2518
2.9745116927373285  2500
2.974971994298069  2533
2.975431808509263  2488
2.975891136401793  2502
2.9763499790032735  2553
2.976808337338066  2507
2.977266212427293  2501
2.9777236052888476  2540
2.978180516937414  2515
2.9786369483844743  2548
2.979092900638326  2531
2.979548374704095  2501
2.9800033715837464  2524
2.9804578922761  2505
2.9809119377768436  2501
2.9813655090785445  2519
2.9818186071706636  2492
2.9822712330395684  2532
2.9827233876685453  2551
2.983175072037813  2494
2.9836262871245345  2557
2.984077033902831  2512
2.9845273133437926  2509
2.9849771264154934  2507
2.9854264740830017  2488
2.9858753573083936  2500
2.986323777050765  2556
2.9867717342662448  2536
2.9872192299080047  2518
2.9876662649262746  2562
2.988112840268352  2492
2.9885589568786157  2504
2.989004615698537  2559
2.9894498176666917  2535
2.989894563718773  2482
2.9903388547876015  2494
2.9907826918031377  2533
2.9912260756924947  2555
2.9916690073799486  2498
2.9921114877869495  2537
2.9925535178321354  2495
2.9929950984313414  2492
2.9934362304976116  2495
2.993876914941211  2537
2.9943171526696366  2547
2.9947569445876283  2554
2.9951962915971793  2489
2.99563519459755  2518
2.9960736544852753  2543
2.9965116721541785  2497
2.996949248495381  2533
2.997386384397313  2504
2.9978230807457256  2557
2.998259338423699  2537
2.998695158311656  2522
2.999130541287371  2535
2.9995654882259823  2546
3.0  2510
3.000434077479319  2543
3.0008677215312267  2531
3.0013009330204183  2574
3.0017337128090005  2486
3.002166061756508  2523
3.0025979807199086  2485
3.003029470553618  2542
3.0034605321095067  2523
3.0038911662369103  2513
3.0043213737826426  2478
3.004751155591001  2546
3.0051805125037805  2513
3.0056094453602804  2515
3.0060379549973173  2497
3.0064660422492318  2505
3.0068937079479006  2534
3.0073209529227447  2480
3.00774777800074  2480
3.0081741840064264  2518
3.0086001717619175  2550
3.0090257420869104  2538
3.009450895798694  2495
3.00987563371216  2513
3.010299956639812  2500
3.010723865391773  2571
3.0111473607757975  2536
3.0115704435972783  2560
3.011993114659257  2546
3.012415374762433  2499
3.012837224705172  2518
3.0132586652835167  2485
3.0136796972911926  2506
3.0141003215196207  2578
3.0145205387579237  2523
3.0149403497929366  2523
3.0153597554092144  2526
3.015778756389041  2472
3.016197353512439  2540
3.016615547557177  2543
3.0170333392987803  2535
3.017450729510536  2514
3.0178677189635055  2530
3.018284308426531  2518
3.0187004986662433  2510
3.019116290447073  2551
3.0195316845312554  2520
3.0199466816788423  2545
3.0203612826477078  2533
3.020775488193558  2572
3.0211892990699383  2512
3.021602716028242  2574
3.02201573981772  2514
3.0224283711854865  2486
3.022840610876528  2513
3.0232524596337114  2539
3.0236639181977933  2586
3.024074987307426  2545
3.024485667699167  2464
3.024895960107485  2549
3.0253058652647704  2496
3.025715383901341  2536
3.0261245167454502  2493
3.0265332645232967  2516
3.0269416279590295  2516
3.0273496077747564  2550
3.0277572046905536  2585
3.0281644194244697  2560
3.0285712526925375  2528
3.028977705208778  2539
3.0293837776852097  2564
3.029789470831856  2552
3.030194785356751  2517
3.030599721965951  2479
3.0310042813635367  2541
3.031408464251624  2545
3.0318122713303706  2518
3.0322157032979815  2493
3.03261876085072  2509
3.0330214446829107  2511
3.03342375548695  2487
3.03382569395331  2484
3.0342272607705505  2493
3.0346284566253203  2489
3.0350292822023683  2493
3.0354297381845483  2518
3.035829825252828  2493
3.0362295440862948  2528
3.036628895362161  2537
3.037027879755775  2490
3.037426497940624  2540
3.037824750588342  2516
3.0382226383687185  2519
3.038620161949703  2507
3.039017321997412  2496
3.0394141191761372  2520
3.0398105541483504  2482
3.0402066275747113  2523
3.040602340114073  2481
3.0409976924234905  2521
3.041392685158225  2526
3.041787318971752  2504
3.042181594515766  2471
3.0425755124401905  2556
3.0429690733931802  2528
3.0433622780211294  2508
3.0437551269686796  2542
3.044147620878723  2516
3.044539760392411  2546
3.04493154614916  2495
3.0453229787866576  2527
3.0457140589408676  2526
3.0461047872460387  2465
3.0464951643347082  2521
3.04688519083771  2558
3.0472748673841794  2546
3.04766419460156  2488
3.048053173115609  2545
3.0484418035504044  2495
3.04883008652835  2484
3.0492180226701815  2494
3.049605612594973  2512
3.0499928569201424  2522
3.050379756261458  2515
3.0507663112330423  2515
3.0511525224473814  2579
3.0515383905153275  2514
3.0519239160461065  2503
3.0523090996473234  2525
3.052693941924968  2507
3.0530784434834195  2565
3.053462604925455  2499
3.0538464268522527  2534
3.0542299098633974  2506
3.0546130545568877  2447
3.0549958615291417  2531
3.055378331375  2490
3.0557604646877348  2511
3.056142262059052  2485
3.0565237240791006  2440
3.0569048513364727  2516
3.0572856444182146  2510
3.0576661039098294  2527
3.0580462303952816  2566
3.058426024457005  2510
3.0588054866759067  2506
3.059184617631371  2519
3.0595634179012676  2519
3.059941888061955  2485
3.060320028688285  2524
3.060697840353612  2489
3.0610753236297916  2489
3.061452479087193  2568
3.061829307294699  2555
3.0622058088197126  2554
3.062581984228163  2620
3.0629578340845103  2494
3.0633333589517497  2450
3.0637085593914173  2543
3.064083435963596  2514
3.0644579892269186  2481
3.064832219738574  2466
3.065206128054312  2539
3.0655797147284485  2530
3.06595298031387  2505
3.0663259253620376  2538
3.0666985504229953  2561
3.0670708560453703  2533
3.0674428427763805  2563
3.0678145111618402  2502
3.0681858617461617  2465
3.068556895072363  2552
3.068927611682072  2490
3.0692980121155293  2494
3.0696680969115957  2510
3.070037866607755  2516
3.0704073217401198  2547
3.0707764628434346  2578
3.0711452904510828  2518
3.071513805095089  2445
3.0718820073061255  2518
3.072249897613515  2530
3.0726174765452368  2558
3.0729847446279304  2496
3.073351702386901  2481
3.0737183503461227  2482
3.074084689028244  2507
3.074450718954591  2528
3.074816440645175  2513
3.0751818546186915  2561
3.0755469613925306  2543
3.0759117614827773  2507
3.076276255404218  2558
3.076640443670342  2541
3.0770043267933502  2515
3.0773679052841563  2488
3.077731179652392  2546
3.0780941504064105  2475
3.0784568180532927  2524
3.0788191830988487  2559
3.0791812460476247  2538
3.079543007402906  2515
3.079904467666721  2536
3.0802656273398448  2508
3.0806264869218056  2539
3.080987046910887  2488
3.0813473078041325  2523
3.081707270097349  2573
3.082066934285113  2528
3.0824263008607717  2511
3.0827853703164503  2514
3.0831441431430524  2543
3.0835026198302673  2570
3.083860800866573  2458
3.0842186867392387  2518
3.084576277934331  2495
3.084933574936716  2526
3.085290578230065  2491
3.0856472882968564  2534
3.0860037056183818  2515
3.0863598306747484  2506
3.0867156639448825  2493
3.0870712059065353  2533
3.0874264570362855  2547
3.087781417809542  2506
3.0881360887005513  2495
3.0884904701823963  2553
3.088844562727004  2505
3.089198366805149  2526
3.089551882886454  2480
3.089905111439398  2534
3.090258052931316  2497
3.090610707828407  2549
3.0909630765957314  2502
3.091315159697223  2595
3.0916669575956846  2540
3.092018470752797  2569
3.0923696996291206  2495
3.0927206446840994  2473
3.0930713063760633  2568
3.093421685162235  2552
3.09377178149873  2552
3.0941215958405612  2474
3.094471128641645  2536
3.0948203803548  2529
3.095169351431755  2517
3.095518042323151  2525
3.0958664534785427  2524
3.0962145853464054  2505
3.0965624383741357  2552
3.0969100130080562  2563
3.09725730969342  2532
3.097604328874411  2553
3.09795107099415  2509
3.0982975364946976  2529
3.098643725817057  2508
3.0989896394011773  2507
3.0993352776859577  2482
3.09968064110925  2524
3.1000257301078626  2516
3.100370545117563  2523
3.1007150865730817  2567
3.1010593549081156  2490
3.101403350555331  2557
3.1017470739463664  2475
3.1020905255118367  2522
3.1024337056813365  2518
3.1027766148834415  2511
3.1031192535457137  2514
3.103461622094705  2513
3.103803720955957  2489
3.104145550554008  2518
3.104487111312395  2541
3.1048284036536553  2540
3.1051694279993316  2467
3.1055101847699738  2574
3.1058506743851435  2514
3.1061908972634154  2494
3.1065308538223815  2492
3.106870544478654  2526
3.1072099696478683  2537
3.1075491297446862  2535
3.1078880251827985  2557
3.1082266563749283  2521
3.1085650237328344  2476
3.1089031276673134  2563
3.109240968588203  2575
3.1095785469043866  2523
3.1099158630237933  2546
3.110252917353403  2486
3.110589710299249  2558
3.1109262422664203  2543
3.1112625136590655  2503
3.111598524880394  2514
3.1119342763326814  2520
3.1122697684172707  2539
3.1126050015345745  2515
3.11293997608408  2513
3.1132746924643504  2487
3.1136091510730277  2515
3.113943352306837  2546
3.1142772965615864  2508
3.114610984232173  2471
3.1149444157125847  2547
3.1152775913959014  2527
3.1156105116742996  2512
3.115943176939055  2518
3.116275587580544  2514
3.1166077439882485  2505
3.116939646550756  2571
3.1172712956557644  2509
3.117602691690084  2536
3.1179338350396413  2507
3.118264726089479  2530
3.118595365223762  2456
3.1189257528257768  2475
3.1192558892779365  2519
3.119585774961784  2533
3.119915410257991  2489
3.1202447955463652  2547
3.12057393120585  2530
3.1209028176145273  2511
3.1212314551496214  2525
3.1215598441875008  2499
3.121887985103681  2512
3.1222158782728267  2532
3.1225435240687545  2520
3.1228709228644354  2558
3.1231980750319988  2486
3.123524980942732  2500
3.123851640967086  2512
3.124178055474675  2556
3.1245042248342823  2546
3.1248301494138593  2507
3.12515582958053  2469
3.125481265700594  2556
3.125806458139527  2500
3.1261314072619846  2552
3.1264561134318045  2499
3.126780577012009  2558
3.1271047983648077  2515
3.127428777851599  2533
3.1277525158329733  2520
3.1280760126687155  2547
3.1283992687178066  2483
3.128722284338427  2538
3.1290450598879582  2556
3.1293675957229854  2492
3.129689892199301  2524
3.1300119496719043  2504
3.130333768495006  2519
3.130655349022031  2548
3.130976691605617  2541
3.131297796597623  2505
3.1316186643491255  2561
3.1319392952104246  2521
3.1322596895310446  2521
3.132579847659737  2527
3.132899769944483  2552
3.1332194567324945  2483
3.1335389083702174  2542
3.133858125203335  2468
3.1341771075767664  2534
3.1344958558346736  2560
3.13481437032046  2513
3.1351326513767748  2500
3.1354506993455136  2577
3.1357685145678222  2521
3.1360860973840974  2489
3.13640344813399  2521
3.1367205671564067  2555
3.1370374547895126  2518
3.137354111370733  2499
3.137670537236755  2482
3.137986732723532  2549
3.1383026981662816  2486
3.1386184338994925  2526
3.1389339402569236  2517
3.139249217571607  2521
3.13956426617585  2522
3.1398790864012365  2552
3.140193678578631  2503
3.1405080430381798  2542
3.1408221801093106  2543
3.141136090120739  2480
3.1414497734004674  2537
3.141763230275788  2486
3.1420764610732848  2553
3.142389466118836  2549
3.1427022457376155  2533
3.143014800254095  2477
3.143327129992046  2511
3.1436392352745433  2508
3.1439511164239633  2535
3.144262773761991  2547
3.144574207609616  2468
3.144885418287142  2542
3.1451964061141817  2544
3.1455071714096627  2523
3.1458177144918276  2564
3.146128035678238  2540
3.1464381352857744  2554
3.14674801363064  2495
3.1470576710283598  2484
3.1473671077937864  2499
3.1476763242410986  2537
3.147985320683805  2540
3.1482940974347455  2525
3.1486026548060932  2578
3.1489109931093564  2531
3.1492191126553797  2522
3.149527013754348  2575
3.149834696715785  2504
3.1501421618485588  2487
3.150449409460881  2553
3.150756439860309  2534
3.15106325335375  2558
3.1513698502474603  2502
3.151676230847048  2517
3.151982395457474  2517
3.1522883443830563  2514
3.15259407792747  2545
3.1528995963937474  2533
3.153204900084284  2494
3.1535099893008374  2520
3.153814864344529  2539
3.154119525515847  2581
3.154423973114647  2520
3.1547282074401557  2526
3.1550322287909704  2581
3.155336037465062  2542
3.1556396337597765  2534
3.1559430179718366  2510
3.1562461903973444  2515
3.1565491513317814  2546
3.156851901070011  2547
3.1571544399062814  2539
3.157456768134226  2516
3.1577588860468637  2554
3.158060793936605  2543
3.1583624920952498  2550
3.1586639808139894  2533
3.15896526038341  2467
3.159266331093494  2516
3.1595671932336202  2518
3.1598678470925665  2491
3.160168292958512  2552
3.1604685311190375  2481
3.1607685618611283  2544
3.1610683854711747  2469
3.161368002234975  2546
3.161667412437736  2460
3.161966616364075  2497
3.1622656142980214  2520
3.162564406523019  2539
3.162862993321926  2479
3.1631613749770184  2528
3.16345955176999  2538
3.163757523981956  2504
3.1640552918934515  2545
3.164352855784437  2506
3.1646502159342966  2535
3.1649473726218416  2490
3.1652443261253107  2565
3.165541076722373  2539
3.1658376246901283  2498
3.166133970305109  2491
3.166430113843283  2540
3.166726055580052  2535
3.1670217957902564  2508
3.167317334748176  2540
3.16761267272753  2477
3.16790781000148  2507
3.168202746842631  2572
3.1684974835230326  2527
3.1687920203141817  2565
3.1690863574870227  2524
3.1693804953119495  2603
3.1696744340588068  2545
3.1699681739968923  2540
3.1702617153949575  2524
3.1705550585212086  2536
3.170848203643309  2561
3.1711411510283822  2519
3.171433900943008  2503
3.171726453653231  2538
3.1720188094245563  2541
3.172310968521954  2598
3.17260293120986  2517
3.1728946977521764  2508
3.173186268412274  2507
3.1734776434529945  2499
3.17376882313665  2520
3.1740598077250253  2558
3.1743505974793798  2520
3.1746411926604483  2527
3.1749315935284423  2454
3.1752218003430523  2510
3.1755118133634475  2534
3.1758016328482794  2544
3.1760912590556813  2531
3.1763806922432702  2531
3.17666993266815  2569
3.176958980586908  2530
3.1772478362556233  2540
3.1775364999298623  2527
3.177824971864682  2544
3.1781132523146316  2486
3.178401341533755  2516
3.17868923977559  2501
3.1789769472931693  2517
3.1792644643390253  2560
3.1795517911651876  2482
3.179838928023187  2496
3.180125875164054  2588
3.180412632838324  2465
3.1806992012960347  2526
3.1809855807867304  2457
3.1812717715594614  2541
3.1815577738627865  2549
3.1818435879447726  2599
3.182129214052998  2518
3.182414652434554  2489
3.1826999033360424  2515
3.182984967003582  2516
3.1832698436828046  2547
3.1835545336188615  2515
3.1838390370564214  2498
3.184123354239671  2492
3.1844074854123203  2555
3.184691430817599  2479
3.184975190698261  2493
3.185258765296585  2481
3.185542154854375  2568
3.185825359612962  2541
3.1861083798132053  2509
3.186391215695493  2520
3.1866738674997452  2510
3.1869563354654122  2521
3.187238619831479  2543
3.187520720836463  2525
3.1878026387184195  2539
3.188084373714938  2467
3.188365926063148  2480
3.188647295999717  2532
3.1889284837608534  2530
3.189209489582306  2519
3.1894903136993675  2566
3.189770956346874  2522
3.190051417759206  2525
3.1903316981702914  2569
3.190611797813605  2518
3.1908917169221698  2547
3.1911714557285586  2566
3.1914510144648953  2494
3.1917303933628562  2500
3.1920095926536702  2491
3.1922886125681202  2499
3.1925674533365456  2487
3.192846115188842  2561
3.1931245983544616  2581
3.1934029030624176  2480
3.1936810295412816  2466
3.193958978019187  2518
3.1942367487238292  2575
3.194514341882467  2492
3.1947917577219247  2524
3.1950689964685903  2531
3.1953460583484197  2519
3.1956229435869368  2504
3.1958996524092336  2528
3.1961761850399735  2480
3.196452541703389  2467
3.196728722623287  2507
3.1970047280230456  2502
3.197280558125619  2542
3.1975562131535367  2551
3.197831693328903  2477
3.1981069988734014  2533
3.1983821300082944  2571
3.1986570869544226  2540
3.198931869932209  2502
3.1992064791616577  2532
3.199480914862356  2549
3.1997551772534747  2520
3.2000292665537704  2466
3.200303182981585  2523
3.2005769267548483  2494
3.2008504980910772  2476
3.2011238972073794  2507
3.2013971243204513  2489
3.2016701796465816  2561
3.20194306340165  2487
3.2022157758011316  2504
3.2024883170600935  2525
3.2027606873931997  2563
3.2030328870147105  2468
3.203304916138483  2516
3.2035767749779724  2505
3.2038484637462346  2578
3.2041199826559246  2521
3.2043913319193  2532
3.204662511748219  2589
3.204933522354145  2481
3.2052043639481447  2545
3.205475036740891  2524
3.205745540942662  2513
3.2060158767633444  2551
3.2062860444124324  2549
3.2065560440990297  2529
3.2068258760318495  2506
3.207095540419218  2541
3.2073650374690716  2547
3.2076343673889616  2509
3.2079035303860515  2472
3.2081725266671217  2550
3.208441356438567  2503
3.208710019906401  2519
3.2089785172762535  2584
3.2092468487533736  2534
3.2095150145426308  2591
3.209783014848515  2525
3.2100508498751372  2522
3.210318519826232  2447
3.2105860249051563  2565
3.210853365314893  2507
3.2111205412580492  2534
3.2113875529368587  2561
3.2116544005531824  2516
3.2119210843085093  2535
3.2121876044039577  2513
3.212453961040276  2545
3.2127201544178425  2566
3.212986184736668  2547
3.2132520521963968  2549
3.2135177569963047  2503
3.2137832993353044  2503
3.2140486794119414  2484
3.2143138974244  2521
3.214578953570499  2516
3.214843848047698  2566
3.215108581053093  2505
3.215373152783422  2520
3.215637563435062  2538
3.215901813204032  2532
3.216165902285993  2553
3.216429830876251  2511
3.2166935991697545  2540
3.216957207361097  2498
3.217220655644519  2509
3.2174839442139063  2535
3.2177470732627937  2539
3.218010042984363  2516
3.2182728535714475  2488
3.218535505216528  2551
3.2187979981117376  2554
3.219060332448861  2560
3.219322508419337  2517
3.2195845262142546  2482
3.219846386024361  2468
3.220108088040055  2611
3.2203696324513946  2541
3.220631019448092  2521
3.2208922492195193  2548
3.2211533219547053  2532
3.2214142378423385  2469
3.2216749970707688  2559
3.2219355998280053  2521
3.22219604630172  2505
3.222456336679247  2569
3.2227164711475833  2541
3.2229764498933915  2486
3.2232362731029975  2532
3.2234959409623944  2475
3.2237554536572413  2522
3.224014811372864  2503
3.2242740142942576  2541
3.2245330626060857  2510
3.2247919564926817  2507
3.225050696138049  2520
3.225309281725863  2531
3.225567713439471  2505
3.2258259914618934  2530
3.226084115975824  2538
3.226342087163631  2519
3.2265999052073573  2515
3.2268575702887237  2579
3.2271150825891253  2459
3.2273724422896364  2529
3.227629649571009  2546
3.2278867046136734  2530
3.2281436075977417  2556
3.228400358703005  2547
3.2286569581089353  2493
3.228913405994688  2480
3.229169702539101  2527
3.229425847920695  2522
3.229681842317676  2491
3.229937685907934  2535
3.230193378869046  2525
3.230448921378274  2534
3.230704313612569  2503
3.230959555748569  2526
3.231214647962601  2500
3.2314695904306814  2541
3.2317243833285163  2568
3.231979026831504  2499
3.2322335211147335  2529
3.232487866352986  2555
3.232742062720737  2539
3.2329961103921536  2606
3.2332500095411003  2496
3.2335037603411343  2524
3.2337573629655103  2499
3.2340108175871793  2546
3.2342641243787895  2507
3.2345172835126865  2591
3.2347702951609163  2534
3.2350231594952237  2480
3.2352758766870524  2632
3.2355284469075487  2549
3.2357808703275603  2508
3.236033147117636  2462
3.2362852774480286  2563
3.236537261488694  2595
3.2367890994092927  2542
3.237040791379191  2486
3.237292337567459  2536
3.2375437381428744  2546
3.2377949932739227  2545
3.2380461031287955  2542
3.238297067875394  2577
3.2385478876813276  2553
3.238798562713917  2526
3.2390490931401916  2480
3.2392994791268923  2495
3.239549720840473  2557
3.2397998184470986  2554
3.2400497721126476  2498
3.2402995820027125  2490
3.2405492482826  2542
3.240798771117331  2504
3.241048150671644  2493
3.2412973871099933  2476
3.2415464805965484  2555
3.241795431295199  2546
3.2420442393695508  2539
3.2422929049829308  2536
3.2425414282983844  2547
3.2427898094786767  2522
3.2430380486862944  2546
3.243286146083446  2517
3.243534101832062  2526
3.243781916093795  2530
3.244029589030022  2476
3.244277120801843  2496
3.244524511570084  2549
3.244771761495295  2515
3.245018870737753  2498
3.245265839457461  2478
3.24551266781415  2488
3.245759355967277  2542
3.246005904076029  2510
3.246252312299322  2499
3.246498580795801  2480
3.2467447097238415  2546
3.24699069924155  2569
3.247236549506764  2566
3.2474822606770544  2525
3.2477278329097232  2605
3.247973266361807  2538
3.248218561190075  2495
3.248463717551032  2468
3.2487087356009177  2556
3.2489536154957075  2544
3.249198357391113  2513
3.249442961442582  2516
3.2496874278053016  2516
3.249931756634195  2566
3.250175948083925  2481
3.250420002308894  2480
3.2506639194632436  2499
3.250907699700856  2526
3.2511513431753545  2478
3.2513948500401044  2484
3.251638220448212  2520
3.2518814545525276  2542
3.252124552505644  2544
3.2523675144598987  2522
3.252610340567373  2528
3.2528530309798933  2501
3.2530955858490316  2511
3.2533380053261065  2569
3.253580289562183  2540
3.2538224387080734  2504
3.254064452914338  2500
3.2543063323312857  2552
3.2545480771089736  2519
3.25478968739721  2488
3.2550311633455515  2561
3.255272505103306  2524
3.2555137128195333  2519
3.255754786643044  2510
3.255995726722402  2579
3.256236533205923  2543
3.256477206241677  2498
3.256717745977487  2536
3.256958152560932  2527
3.2571984261393445  2489
3.257438566859814  2468
3.2576785748691846  2544
3.2579184503140586  2543
3.2581581933407944  2472
3.258397804095509  2517
3.2586372827240764  2492
3.258876629372131  2521
3.2591158441850663  2568
3.2593549273080344  2521
3.2595938788859486  2525
3.2598326990634834  2540
3.2600713879850747  2577
3.26030994579492  2513
3.2605483726369795  2518
3.2607866686549762  2509
3.2610248339923973  2527
3.2612628687924934  2512
3.2615007731982804  2521
3.2617385473525378  2541
3.2619761913978125  2511
3.262213705476417  2542
3.2624510897304293  2499
3.2626883443016963  2530
3.2629254693318317  2485
3.2631624649622166  2517
3.263399331334002  2543
3.263636068588108  2466
3.2638726768652235  2545
3.2641091563058082  2569
3.2643455070500926  2521
3.2645817292380777  2600
3.2648178230095364  2566
3.2650537885040145  2550
3.26528962586083  2560
3.2655253352190736  2488
3.2657609167176105  2491
3.265996370495079  2503
3.266231696689893  2508
3.2664668954402414  2502
3.2667019668840878  2515
3.266936911159173  2508
3.2671717284030137  2477
3.267406418752904  2487
3.2676409823459154  2554
3.2678754193188975  2528
3.2681097298084785  2540
3.268343913951065  2557
3.268577971882843  2511
3.2688119037397803  2518
3.269045709657623  2486
3.2692793897718984  2527
3.2695129442179165  2480
3.269746373130767  2558
3.269979676645324  2456
3.2702128548962426  2473
3.2704459080179626  2515
3.2706788361447066  2497
3.2709116394104814  2545
3.2711443179490782  2517
3.2713768718940743  2552
3.271609301378832  2540
3.271841606536499  2487
3.27207378750001  2496
3.2723058444020863  2510
3.2725377773752373  2484
3.2727695865517594  2523
3.2730012720637376  2522
3.2732328340430454  2518
3.273464272621346  2493
3.273695587930092  2470
3.2739267801005254  2511
3.27415784926368  2495
3.274388795550379  2496
3.274619619091238  2510
3.274850320016665  2472
3.2750808984568587  2442
3.2753113545418118  2546
3.2755416884013098  2524
3.2757719001649312  2521
3.27600198996205  2466
3.2762319579218335  2419
3.2764618041732443  2520
3.27669152884504  2491
3.276921132065774  2467
3.277150613963797  2457
3.2773799746672547  2459
3.2776092143040914  2453
3.2778383330020473  2479
3.2780673308886628  2464
3.2782962080912736  2524
3.2785249647370174  2449
3.278753600952829  2430
3.278982116865443  2440
3.279210512601395  2413
3.2794387882870204  2448
3.2796669440484556  2446
3.279894980011638  2386
3.2801228963023075  2415
3.280350693046006  2355
3.2805783703680764  2374
3.280805928393667  2380
3.2810333672477277  2387
3.281260687055013  2406
3.2814878879400813  2362
3.281714970027296  2364
3.281941933440825  2396
3.2821687783046416  2268
3.2823955047425257  2330
3.2826221128780624  2266
3.282848602834645  2286
3.2830749747354715  2316
3.2833012287035497  2251
3.2835273648616936  2272
3.2837533833325265  2299
3.28397928423848  2228
3.284205067701794  2172
3.2844307338445193  2154
3.2846562827885157  2159
3.284881714655453  2161
3.285107029566812  2103
3.2853322276438846  2164
3.285557309007774  2069
3.285782273779395  2075
3.2860071220794747  2088
3.286231854028553  2055
3.286456469746983  2031
3.28668096935493  2001
3.286905352972375  1981
3.287129620719111  1974
3.2873537727147464  1927
3.2875778090787056  1907
3.287801729930226  1880
3.2880255353883627  1871
3.288249225571986  1798
3.2884728005997825  1771
3.288696260590256  1768
3.2889196056617265  1773
3.289142835932333  1698
3.2893659515200318  1687
3.2895889525425965  1669
3.2898118391176214  1635
3.290034611362518  1573
3.2902572693945182  1593
3.290479813330673  1565
3.2907022432878543  1554
3.2909245593827543  1507
3.2911467617318855  1462
3.291368850451583  1455
3.2915908256580013  1378
3.291812687467119  1366
3.2920344359947364  1375
3.292256071356476  1345
3.292477593667784  1298
3.29269900304393  1245
3.292920299600006  1218
3.2931414834509307  1225
3.2933625547114453  1198
3.2935835134961167  1169
3.2938043599193367  1123
3.2940250940953226  1100
3.2942457161381182  1076
3.294466226161593  1024
3.2946866242794433  967
3.2949069106051923  978
3.295127085252191  950
3.295347148333618  883
3.295567099962479  877
3.295786940251609  868
3.2960066693136723  803
3.2962262872611605  779
3.296445794206396  764
3.296665190261531  725
3.296884475538547  740
3.2971036501492565  686
3.2973227142053028  660
3.2975416678181597  658
3.297760511099134  607
3.2979792441593623  581
3.298197867109815  587
3.2984163800612945  552
3.2986347831244354  507
3.298853076409707  514
3.2990712600274095  497
3.29928933408768  481
3.2995072987004876  464
3.2997251539756367  448
3.299942900022767  430
3.3001605369513523  396
3.3003780648707024  394
3.3005954838899636  367
3.300812794118117  365
3.3010299956639813  350
3.3012470886362113  318
3.3014640731433  305
3.3016809492935764  294
3.301897717195208  289
3.302114376956201  274
3.302330928684399  264
3.3025473724874854  254
3.3027637084729817  236
3.3029799367482493  226
3.303196057420489  213
3.303412070596742  209
3.30362797638389  177
3.3038437748886547  175
3.3040594662175993  166
3.3042750504771283  158
3.3044905277734875  148
3.3047058982127653  138
3.3049211619008916  123
3.305136318943639  118
3.305351369446624  116
3.305566313515304  104
3.3057811512549824  105
3.3059958827708047  88
3.3062105081677613  87
3.3064250275506875  81
3.3066394410242617  78
3.3068537486930087  68
3.3070679506612985  59
3.307282047033346  49
3.307496037913213  53
3.307709923404807  44
3.307923703611882  44
3.3081373786380386  40
3.308350948586726  31
3.3085644135612386  30
3.3087777736647213  28
3.3089910290001643  23
3.3092041796704077  20
3.30941722577814  23
3.3096301674258988  22
3.3098430047160705  22
3.3100557377508912  15
3.3102683666324477  15
3.3104808914626753  12
3.3106933123433606  10
3.3109056293761414  11
3.311117842662506  10
3.3113299523037933  8
3.311541958401195  9
3.311753861055754  8
3.3119656603683665  6
3.3121773564397787  10
3.312388949370592  8
3.3126004392612596  7
3.312811826212088  5
3.313023110323238  6
3.313234291694724  4
3.313445370426414  5
3.3136563466180315  4
3.3138672203691533  4
3.3140779917792127  6
3.3142886609474975  4
3.3144992279731516  4
3.314709692955174  3
3.31492005599242  2
3.315130317183602  2
3.3153404766272883  2
3.315550534421905  2
3.3157604906657347  1
3.315970345456918  1
3.3161800988934527  1
3.3163897510731952  1
3.3165993020938607  1
3.316808752053022  1
3.3170181010481117  1
3.31722734917642  3
