0.3010299956639812  2405
0.47712125471966244  2471
0.6020599913279624  2413
0.6989700043360189  2520
0.7781512503836436  2544
0.8450980400142568  2340
0.9030899869919435  2398
0.9542425094393249  2477
1.0  2418
1.0413926851582251  2358
1.0791812460476249  2593
1.1139433523068367  2451
1.146128035678238  2445
1.1760912590556813  2594
1.2041199826559248  2338
1.2304489213782739  2384
1.255272505103306  2453
1.2787536009528289  2330
1.3010299956639813  2235
1.3222192947339193  2371
1.3424226808222062  2115
1.3617278360175928  2044
1.380211241711606  2092
1.3979400086720377  2000
1.414973347970818  1882
1.4313637641589874  1948
1.4471580313422192  1937
1.462397997898956  2014
1.4771212547196624  1967
1.4913616938342726  1912
1.505149978319906  1966
1.5185139398778875  2083
1.5314789170422551  1898
1.5440680443502757  1965
1.5563025007672873  1951
1.568201724066995  1903
1.5797835966168101  1906
1.591064607026499  1970
1.6020599913279623  1994
1.6127838567197355  1935
1.6232492903979006  1821
1.6334684555795864  1858
1.6434526764861874  1944
1.6532125137753437  1974
1.662757831681574  1961
1.6720978579357175  2104
1.6812412373755872  2081
1.6901960800285136  2018
1.6989700043360187  1956
1.7075701760979363  2030
1.7160033436347992  2044
1.724275869600789  1915
1.7323937598229686  1960
1.7403626894942439  1956
1.7481880270062005  1982
1.7558748556724915  1949
1.7634279935629373  1938
1.7708520116421442  1846
1.7781512503836436  2056
1.7853298350107671  1998
1.792391689498254  1975
1.7993405494535817  1968
1.806179973983887  2105
1.8129133566428555  1964
1.8195439355418688  2011
1.8260748027008264  2142
1.8325089127062364  1993
1.8388490907372552  2019
1.845098040014257  1923
1.8512583487190752  2035
1.8573324964312685  1991
1.863322860120456  2038
1.8692317197309762  1952
1.8750612633917  1986
1.8808135922807914  1928
1.8864907251724818  2005
1.8920946026904804  1977
1.8976270912904414  1972
1.9030899869919435  2044
1.9084850188786497  2055
1.9138138523837167  2027
1.919078092376074  1980
1.9242792860618816  2084
1.9294189257142926  1929
1.9344984512435677  1836
1.9395192526186185  2068
1.9444826721501687  1981
1.9493900066449128  2071
1.954242509439325  1969
1.9590413923210936  2005
1.9637878273455553  1992
1.968482948553935  2106
1.9731278535996986  1967
1.9777236052888478  1963
1.9822712330395684  1973
1.9867717342662448  1895
1.9912260756924949  1964
1.99563519459755  1982
2.0  1920
2.0043213737826426  1925
2.0086001717619175  2014
2.012837224705172  1969
2.0170333392987803  2009
2.0211892990699383  2088
2.0253058652647704  2035
2.0293837776852097  1990
2.03342375548695  2059
2.037426497940624  1977
2.041392685158225  2062
2.0453229787866576  1917
2.0492180226701815  1858
2.0530784434834195  2070
2.0569048513364727  1983
2.060697840353612  1917
2.0644579892269186  1910
2.0681858617461617  2076
2.0718820073061255  1908
2.0755469613925306  1959
2.0791812460476247  2046
2.0827853703164503  2020
2.0863598306747484  2049
2.089905111439398  1916
2.093421685162235  1926
2.0969100130080562  2025
2.100370545117563  1980
2.103803720955957  2069
2.1072099696478683  1908
2.110589710299249  1928
2.113943352306837  2028
2.1172712956557644  1914
2.12057393120585  1927
2.123851640967086  2063
2.1271047983648077  1936
2.130333768495006  1870
2.1335389083702174  2022
2.1367205671564067  2059
2.1398790864012365  1958
2.143014800254095  2047
2.146128035678238  1874
2.1492191126553797  1956
2.1522883443830563  2043
2.155336037465062  1967
2.1583624920952498  2016
2.161368002234975  2016
2.164352855784437  1937
2.167317334748176  1896
2.1702617153949575  2124
2.173186268412274  2174
2.1760912590556813  1924
2.1789769472931693  1933
2.1818435879447726  2012
2.184691430817599  1947
2.187520720836463  2036
2.1903316981702914  1916
2.1931245983544616  1955
2.1958996524092336  2096
2.1986570869544226  2129
2.2013971243204513  1945
2.2041199826559246  1836
2.2068258760318495  1934
2.2095150145426308  2003
2.2121876044039577  1922
2.214843848047698  2024
2.2174839442139063  1897
2.220108088040055  2068
2.2227164711475833  2062
2.225309281725863  1959
2.2278867046136734  2026
2.230448921378274  2152
2.2329961103921536  2071
2.2355284469075487  2089
2.2380461031287955  1966
2.2405492482826  1831
2.2430380486862944  1878
2.24551266781415  2045
2.247973266361807  2009
2.250420002308894  1979
2.2528530309798933  2010
2.255272505103306  1929
2.2576785748691846  1931
2.2600713879850747  1950
2.2624510897304293  2061
2.2648178230095364  2004
2.2671717284030137  1952
2.2695129442179165  2031
2.271841606536499  1879
2.27415784926368  1847
2.2764618041732443  1990
2.278753600952829  1993
2.2810333672477277  1870
2.2833012287035497  1951
2.285557309007774  2047
2.287801729930226  1874
2.290034611362518  1891
2.292256071356476  2002
2.294466226161593  1890
2.296665190261531  1879
2.298853076409707  1994
2.3010299956639813  1912
2.303196057420489  1969
2.305351369446624  1904
2.307496037913213  1833
2.3096301674258988  1976
2.311753861055754  2058
2.3138672203691533  1914
2.315970345456918  1969
2.3180633349627615  1999
2.3201462861110542  1908
2.322219294733919  1928
2.3242824552976926  1967
2.326335860928751  1967
2.3283796034387376  1936
2.330413773349191  2022
2.3324384599156054  2002
2.3344537511509307  2030
2.3364597338485296  1922
2.3384564936046046  2083
2.3404441148401185  2040
2.342422680822206  1991
2.3443922736851106  1950
2.346352974450639  1983
2.3483048630481607  2056
2.3502480183341627  1998
2.3521825181113627  2028
2.3541084391474008  1877
2.3560258571931225  1923
2.357934847000454  1904
2.359835482339888  2063
2.361727836017593  1957
2.3636119798921444  1923
2.3654879848909  1989
2.367355921026019  2065
2.369215857410143  1924
2.3710678622717363  2035
2.3729120029701067  2025
2.374748346010104  1882
2.376576957056512  2029
2.3783979009481375  1918
2.380211241711606  1885
2.3820170425748683  1964
2.383815365980431  1973
2.385606273598312  2079
2.387389826338729  2025
2.3891660843645326  2065
2.3909351071033793  1884
2.392696953259666  1926
2.3944516808262164  1999
2.3961993470957363  2049
2.3979400086720375  1926
2.399673721481038  2138
2.401400540781544  2101
2.403120521175818  2007
2.404833716619938  1963
2.406540180433955  1952
2.4082399653118496  2072
2.4099331233312946  2032
2.41161970596323  1891
2.413299764081252  1940
2.4149733479708178  1905
2.416640507338281  2094
2.4183012913197452  2016
2.419955748489758  1970
2.4216039268698313  2008
2.423245873936808  2053
2.424881636631067  1984
2.4265112613645754  2026
2.428134794028789  1961
2.429752280002408  1927
2.4313637641589874  2060
2.432969290874406  1964
2.4345689040341987  2014
2.436162647040756  1964
2.437750562820388  1959
2.439332693830263  1860
2.4409090820652177  1992
2.4424797690644486  2063
2.444044795918076  1944
2.4456042032735974  1922
2.4471580313422194  2093
2.44870631990508  2074
2.450249108319361  1998
2.45178643552429  2064
2.4533183400470375  2009
2.45484486000851  1961
2.456366033129043  2025
2.4578818967339924  2017
2.459392487759231  1900
2.4608978427565478  1965
2.462397997898956  1946
2.4638929889859074  1967
2.4653828514484184  1911
2.4668676203541096  2032
2.4683473304121573  2040
2.469822015978163  1983
2.4712917110589387  2131
2.4727564493172123  1907
2.4742162640762553  2011
2.4756711883244296  2017
2.4771212547196626  1974
2.4785664955938436  2077
2.4800069429571505  1896
2.481442628502305  2064
2.482873583608754  1905
2.484299839346786  1964
2.48572142648158  1903
2.4871383754771865  1928
2.4885507165004443  2016
2.4899584794248346  1889
2.4913616938342726  2074
2.4927603890268375  1979
2.494154594018443  1977
2.4955443375464483  1849
2.496929648073215  1917
2.4983105537896004  1977
2.499687082618404  2005
2.5010592622177517  2019
2.5024271199844326  1914
2.503790683057181  1891
2.505149978319906  1957
2.506505032404872  1945
2.507855871695831  2002
2.509202522331103  1986
2.510545010206612  1961
2.5118833609788744  1945
2.513217600067939  1914
2.514547752660286  1996
2.515873843711679  2116
2.5171958979499744  2000
2.5185139398778875  2105
2.519827993775719  1980
2.5211380837040362  1936
2.5224442335063197  1955
2.5237464668115646  1984
2.525044807036845  1956
2.526339277389844  1979
2.5276299008713385  2065
2.5289167002776547  1949
2.530199698203082  1971
2.531478917042255  1950
2.5327543789924976  1956
2.534026106056135  1977
2.5352941200427703  1994
2.53655844257153  1903
2.537819095073274  1836
2.5390760987927767  1895
2.5403294747908736  1904
2.5415792439465807  1865
2.5428254269591797  1940
2.5440680443502757  1973
2.545307116465824  1920
2.546542663478131  2084
2.5477747053878224  1840
2.5490032620257876  2044
2.550228353055094  2115
2.5514499979728753  1963
2.552668216112193  2018
2.5538830266438746  1908
2.5550944485783194  2030
2.5563025007672873  1999
2.5575072019056577  1944
2.558708570533166  2016
2.5599066250361124  2042
2.561101383649056  1945
2.5622928644564746  2064
2.5634810853944106  1868
2.5646660642520893  2029
2.5658478186735176  1985
2.56702636615906  1891
2.568201724066995  1938
2.569373909615046  1831
2.5705429398818973  1950
2.571708831808688  2044
2.5728716022004803  1949
2.574031267727719  1947
2.575187844927661  1779
2.576341350205793  1978
2.5774917998372255  2021
2.578639209968072  2036
2.57978359661681  1919
2.5809249756756194  2027
2.582063362911709  2172
2.583198773968623  1913
2.584331224367531  1978
2.5854607295085006  2042
2.586587304671755  1917
2.5877109650189114  2059
2.5888317255942073  2040
2.5899496013257077  1993
2.591064607026499  1971
2.5921767573958667  1970
2.593286067020457  2042
2.5943925503754266  1994
2.595496221825574  1972
2.59659709562646  2022
2.597695185925512  2016
2.598790506763115  1998
2.5998830720736876  1888
2.6009728956867484  1975
2.6020599913279625  1978
2.603144372620182  2007
2.60422605308447  1928
2.6053050461411096  2019
2.606381365110605  1954
2.6074550232146687  1899
2.6085260335771943  1970
2.60959440922522  1958
2.61066016308988  2053
2.611723308007342  2044
2.6127838567197355  1922
2.6138418218760693  1922
2.6148972160331345  2047
2.615950051656401  1911
2.617000341120899  1945
2.6180480967120925  1899
2.6190933306267428  2016
2.6201360549737576  1930
2.621176281775035  1989
2.622214022966295  2155
2.6232492903979003  1959
2.6242820958356683  2003
2.625312450961674  2044
2.6263403673750423  1973
2.6273658565927325  1926
2.6283889300503116  1987
2.629409599102719  1928
2.630427875025024  1932
2.6314437690131722  2024
2.6324572921847245  1957
2.6334684555795866  1808
2.6344772701607315  2056
2.635483746814912  1940
2.6364878963533656  2008
2.637489729512511  1952
2.6384892569546374  1967
2.639486489268586  2068
2.640481436970422  1924
2.6414741105040997  1877
2.6424645202421213  2007
2.6434526764861874  1928
2.6444385894678386  1978
2.645422269349092  2056
2.6464037262230695  2018
2.6473829701146196  2000
2.6483600109809315  2012
2.649334858712142  2138
2.6503075231319366  1972
2.651278013998144  1889
2.6522463410033232  1976
2.6532125137753435  1981
2.6541765418779604  2071
2.655138434811382  2053
2.656098202012832  2002
2.6570558528571038  1980
2.6580113966571126  1974
2.658964842664435  1982
2.6599162000698504  1996
2.660865478003869  1993
2.661812685537261  2052
2.662757831681574  1932
2.663700925389648  1908
2.6646419755561257  1997
2.6655809910179533  2073
2.6665179805548807  1984
2.667452952889954  1937
2.66838591669  1997
2.6693168805661123  1975
2.670245853074124  1900
2.6711728427150834  1994
2.6720978579357175  1879
2.673020907128896  1980
2.673941998634088  2000
2.6748611407378116  2152
2.6757783416740852  1990
2.6766936096248664  2091
2.677606952720493  2063
2.678518379040114  1875
2.6794278966121188  2076
2.680335513414563  1957
2.681241237375587  2076
2.682145076373832  1939
2.6830470382388496  1892
2.683947130751512  2050
2.6848453616444123  1960
2.6857417386022635  2079
2.6866362692622934  1891
2.6875289612146345  2021
2.6884198220027105  1917
2.6893088591236203  2034
2.690196080028514  2008
2.6910814921229687  2103
2.69196510276736  1968
2.69284691927723  2008
2.693726948923647  2009
2.694605198933569  2027
2.6954816764901977  2013
2.696356388733332  1924
2.6972293427597176  1808
2.6981005456233897  2036
2.6989700043360187  1924
2.699837725867246  1968
2.7007037171450192  1964
2.7015679850559273  1946
2.7024305364455254  2033
2.7032913781186614  1965
2.7041505168397992  1894
2.705007959333336  2004
2.7058637122839193  2037
2.7067177823367587  1943
2.7075701760979363  1938
2.708420900134713  1905
2.709269960975831  1970
2.7101173651118162  1909
2.710963118995276  2015
2.711807229041191  2012
2.7126497016272113  2024
2.7134905430939424  2058
2.714329759745233  1990
2.7151673578484576  1917
2.716003343634799  1975
2.7168377232995247  1856
2.717670503002262  2017
2.718501688867274  2022
2.7193312869837265  1924
2.720159303405957  1854
2.7209857441537393  1920
2.7218106152125467  2013
2.722633922533812  1939
2.7234556720351857  1985
2.724275869600789  2064
2.725094521081469  2048
2.7259116322950483  1980
2.7267272090265724  1987
2.727541257028556  1934
2.7283537820212285  1975
2.72916478969277  1953
2.7299742856995555  1908
2.7307822756663893  1974
2.7315887651867388  1928
2.7323937598229686  1951
2.7331972651065692  2059
2.733999286538387  1910
2.734799829588847  1966
2.73559889969818  1934
2.7363965022766426  2023
2.7371926427047373  2018
2.737987326333431  2034
2.738780558484369  2003
2.739572344450092  2015
2.7403626894942437  2026
2.741151598851785  1943
2.741939077729199  1957
2.7427251313046983  1974
2.74350976472843  1926
2.7442929831226763  1960
2.7450747915820575  1900
2.745855195173729  1952
2.7466341989375787  1972
2.747411807886423  2084
2.7481880270062002  2146
2.7489628612561616  1989
2.749736315569061  1970
2.7505083948513462  2000
2.751279103983342  1981
2.7520484478194387  1977
2.7528164311882715  1883
2.7535830588929064  1933
2.754348335711019  1998
2.7551122663950713  2023
2.7558748556724915  1980
2.756636108245848  1967
2.7573960287930244  1924
2.75815462196739  2068
2.7589118923979736  1964
2.7596678446896306  1950
2.760422483423212  1962
2.7611758131557314  1963
2.761927838420529  1876
2.762678563727436  2057
2.7634279935629373  1945
2.7641761323903307  2040
2.7649229846498886  1945
2.765668554759014  2010
2.7664128471123997  2034
2.7671558660821804  1933
2.767897616018091  2020
2.7686381012476144  1979
2.7693773260761385  1970
2.7701152947871015  1907
2.7708520116421442  1896
2.7715874808812555  1984
2.77232170672292  2069
2.7730546933642626  1921
2.7737864449811935  1959
2.7745169657285498  2062
2.7752462597402365  1878
2.775974331129369  1955
2.776701183988411  1972
2.7774268223893115  2115
2.7781512503836434  1973
2.7788744720027396  2035
2.7795964912578244  1860
2.780317312140151  1964
2.7810369386211318  2074
2.781755374652469  1932
2.782472624166286  2019
2.7831886910752575  1986
2.783903579272735  1987
2.784617292632875  1976
2.785329835010767  2128
2.786041210242554  1929
2.7867514221455614  1929
2.787460474518415  1993
2.788168371141168  1857
2.788875115775417  1971
2.7895807121644256  1910
2.7902851640332416  1994
2.790988475088816  1952
2.791690649020118  2039
2.792391689498254  1887
2.79309160017658  2077
2.7937903846908188  1822
2.7944880466591697  2097
2.795184589682424  1962
2.7958800173440754  1926
2.7965743332104296  1971
2.7972675408307164  1942
2.797959643737196  1904
2.798650645445269  1989
2.7993405494535817  1956
2.8000293592441343  1874
2.800717078282385  1921
2.801403710017355  1951
2.802089257881733  2023
2.8027737252919755  1927
2.803457115648414  1910
2.8041394323353503  1833
2.8048206787211623  1968
2.8055008581584002  2057
2.806179973983887  1951
2.8068580295188172  1992
2.807535028068853  1954
2.808210972924222  2043
2.808885867359812  1932
2.8095597146352675  1922
2.8102325179950842  1977
2.8109042806687006  2021
2.8115750058705933  1956
2.812244696800369  1922
2.8129133566428557  1903
2.813580988568192  1997
2.81424759573192  1924
2.814913181275074  2034
2.815577748324267  1938
2.816241299991783  2051
2.8169038393756605  2112
2.8175653695597807  1901
2.8182258936139557  1933
2.8188854145940097  1945
2.8195439355418688  1961
2.82020145948564  1956
2.8208579894397  2020
2.821513528404773  1882
2.8221680793680175  1860
2.8228216453031045  2101
2.823474229170301  2041
2.824125833916549  2015
2.824776462475546  1995
2.8254261177678233  1982
2.8260748027008264  1985
2.826722520168992  1978
2.8273692730538253  2023
2.828015064223977  1930
2.82865989653532  1991
2.829303772831025  2075
2.829946695941636  1904
2.8305886686851442  2031
2.8312296938670634  1999
2.8318697742805017  1928
2.832508912706236  1892
2.833147111912785  1872
2.833784374656479  1863
2.8344207036815328  1844
2.835056101720116  2179
2.8356905714924254  1940
2.8363241157067516  2027
2.8369567370595505  2052
2.837588438235511  1954
2.8382192219076257  1916
2.838849090737255  2046
2.8394780473741985  2141
2.840106094456758  1865
2.8407332346118066  1955
2.841359470454855  1948
2.8419848045901137  1982
2.842609239610562  2028
2.8432327780980096  2040
2.843855422623161  1998
2.8444771757456815  1864
2.845098040014257  2011
2.8457180179666586  1949
2.846337112129805  1892
2.846955325019824  1975
2.847572659142112  2008
2.848189116991399  1945
2.8488047010518036  1985
2.8494194137968996  1838
2.850033257689769  1940
2.8506462351830666  2125
2.8512583487190755  1907
2.851869600729766  1962
2.8524799936368566  1881
2.8530895298518657  2092
2.8536982117761744  1995
2.8543060418010806  1906
2.8549130223078554  2001
2.8555191556678  1948
2.8561244442423  1905
2.8567288903828825  1904
2.8573324964312685  1942
2.857935264719429  1976
2.858537197569639  2074
2.859138297294531  1971
2.859738566197147  1790
2.8603380065709936  1950
2.8609366207000937  1986
2.8615344108590377  2045
2.862131379313037  1917
2.8627275283179747  1960
2.863322860120456  2052
2.8639173769578603  2027
2.864511081058392  1961
2.8651039746411278  2170
2.8656960599160706  1985
2.8662873390841948  1881
2.866877814337499  1840
2.8674674878590514  2082
2.8680563618230415  1956
2.8686444383948255  1952
2.8692317197309762  2039
2.869818207979328  1968
2.870403905279027  1882
2.8709888137605755  2002
2.8715729355458786  1918
2.8721562727482928  1887
2.8727388274726686  1857
2.873320601815399  1925
2.8739015978644615  1909
2.8744818176994666  2040
2.8750612633917  2125
2.8756399370041685  1990
2.876217840591642  1957
2.8767949762007006  2004
2.877371345869774  1966
2.8779469516291885  1970
2.8785217955012063  1864
2.8790958795000727  1910
2.8796692056320534  1964
2.88024177589548  1883
2.8808135922807914  2089
2.8813846567705728  1841
2.8819549713396007  2070
2.8825245379548803  2085
2.8830933585756897  1894
2.8836614351536176  2071
2.884228769632604  1985
2.884795363948981  1951
2.885361220031512  1917
2.885926339801431  2022
2.886490725172482  2003
2.8870543780509568  2014
2.887617300335736  1951
2.888179493918325  2002
2.8887409606828927  1958
2.88930170250631  2049
2.8898617212581885  1943
2.890421018800914  1979
2.890979596989689  2062
2.8915374576725643  1931
2.8920946026904804  2003
2.8926510338773004  1932
2.893206753059848  2096
2.8937617620579434  2000
2.8943160626844384  1917
2.8948696567452528  1934
2.895422546039408  2015
2.8959747323590648  1829
2.8965262174895554  1974
2.89707700320942  1781
2.8976270912904414  1879
2.8981764834976764  2003
2.8987251815894934  2092
2.8992731873176036  1953
2.8998205024270964  1864
2.9003671286564705  2029
2.900913067737669  2028
2.9014583213961123  2044
2.9020028913507296  2073
2.902546779313991  1867
2.9030899869919438  2021
2.9036325160842376  2072
2.9041743682841634  1941
2.904715545278681  1953
2.905256048748451  2033
2.9057958803678687  1975
2.906335041805091  2003
2.90687353472207  1937
2.907411360774586  1957
2.9079485216122722  1901
2.90848501887865  2070
2.909020854211156  1965
2.9095560292411755  1943
2.910090545594068  1923
2.910624404889201  1903
2.9111576087399764  2027
2.9116901587538613  1967
2.9122220565324155  1999
2.912753303671323  2065
2.9132839017604186  1984
2.9138138523837167  2087
2.9143431571194407  2094
2.9148718175400505  1976
2.91539983521227  1934
2.9159272116971158  2050
2.916453948549925  2048
2.9169800473203824  1976
2.9175055095525466  1973
2.9180303367848803  1904
2.9185545305502734  1912
2.9190780923760737  1942
2.919601023784111  1919
2.920123326290724  2025
2.9206450014067875  1960
2.921166050637739  1970
2.921686475483602  1927
2.9222062774390163  2050
2.92272545799326  1941
2.9232440186302764  2011
2.9237619608287004  2037
2.9242792860618816  2048
2.924795995797912  1967
2.9253120914996495  2104
2.9258275746247424  1902
2.926342446625655  1843
2.926856708949692  2119
2.9273703630390235  2049
2.9278834103307068  1945
2.9283958522567137  2020
2.928907690243953  1960
2.929418925714293  2085
2.929929560084588  2087
2.9304395947667  2016
2.930949031167523  1863
2.931457870689005  1949
2.931966114728173  1932
2.932473764677153  1990
2.932980821923198  2089
2.9334872878487053  1873
2.9339931638312424  2055
2.934498451243568  1848
2.935003151453655  2059
2.9355072658247128  1906
2.9360107957152097  1925
2.936513742478893  1999
2.9370161074648142  1895
2.937517892017347  2003
2.9380190974762104  2042
2.938519725176492  1897
2.9390197764486663  1869
2.9395192526186187  1889
2.9400181550076634  1913
2.940516484932567  1883
2.9410142437055695  1997
2.941511432634403  1954
2.942008053022313  1847
2.9425041061680806  2055
2.9429995933660407  1974
2.9434945159061026  2061
2.9439888750737717  2026
2.9444826721501687  1896
2.9449759084120477  2005
2.94546858513182  2060
2.9459607035775686  2005
2.946452265013073  1926
2.9469432706978256  1960
2.9474337218870508  1956
2.9479236198317262  1899
2.948412965778601  1895
2.9489017609702137  1995
2.949390006644913  2049
2.949877704036875  2021
2.950364854376123  2076
2.9508514588885464  1891
2.951337518795918  2000
2.951823035315912  1908
2.9523080096621253  2009
2.952792443044092  1996
2.9532763366673045  1882
2.9537596917332287  1894
2.9542425094393248  1864
2.954724790979063  2053
2.9552065375419416  1951
2.9556877503135057  2042
2.9561684304753633  2035
2.9566485792052033  2048
2.957128197676813  1824
2.957607287060095  2043
2.958085848521085  1989
2.9585638832219674  1983
2.9590413923210934  1969
2.9595183769729982  1927
2.959994838328416  2018
2.960470777534299  2058
2.960946195733831  1986
2.9614210940664485  1947
2.9618954736678504  1900
2.962369335670021  2012
2.9628426812012423  1864
2.9633155113861114  1920
2.963787827345555  2019
2.964259630196849  2114
2.9647309210536292  1918
2.965201701025912  1960
2.9656719712201065  1898
2.9661417327390325  2095
2.966610986681934  2014
2.967079734144497  1986
2.967547976218862  1993
2.968015713993642  2070
2.9684829485539352  1945
2.9689496809813427  1963
2.9694159123539814  2094
2.9698816437465  1842
2.9703468762300935  1964
2.9708116108725178  1969
2.971275848738105  1993
2.971739590887778  1936
2.9722028383790646  1972
2.972665592266111  1983
2.9731278535996988  1946
2.973589623427257  1957
2.9740509027928774  1970
2.9745116927373285  1990
2.974971994298069  2099
2.975431808509263  2001
2.975891136401793  1913
2.9763499790032735  2112
2.976808337338066  1940
2.977266212427293  1941
2.9777236052888476  1745
2.978180516937414  2001
2.9786369483844743  2051
2.979092900638326  1937
2.979548374704095  1944
2.9800033715837464  1954
2.9804578922761  1923
2.9809119377768436  2028
2.9813655090785445  1781
2.9818186071706636  2031
2.9822712330395684  2038
2.9827233876685453  1974
2.983175072037813  2038
2.9836262871245345  1931
2.984077033902831  2014
2.9845273133437926  1950
2.9849771264154934  1920
2.9854264740830017  1993
2.9858753573083936  1998
2.986323777050765  1974
2.9867717342662448  1992
2.9872192299080047  1972
2.9876662649262746  1997
2.988112840268352  1857
2.9885589568786157  1930
2.989004615698537  1943
2.9894498176666917  2055
2.989894563718773  2017
2.9903388547876015  1870
2.9907826918031377  1956
2.9912260756924947  1923
2.9916690073799486  1898
2.9921114877869495  1836
2.9925535178321354  1981
2.9929950984313414  2012
2.9934362304976116  2178
2.993876914941211  1927
2.9943171526696366  2030
2.9947569445876283  1882
2.9951962915971793  2006
2.99563519459755  2046
2.9960736544852753  1913
2.9965116721541785  2024
2.996949248495381  1871
2.997386384397313  1990
2.9978230807457256  2030
2.998259338423699  2128
2.998695158311656  2113
2.999130541287371  1970
2.9995654882259823  2051
3.0  1984
3.000434077479319  1916
3.0008677215312267  2032
3.0013009330204183  2026
3.0017337128090005  1925
3.002166061756508  1882
3.0025979807199086  2032
3.003029470553618  1925
3.0034605321095067  2060
3.0038911662369103  2010
3.0043213737826426  1993
3.004751155591001  2111
3.0051805125037805  2024
3.0056094453602804  1922
3.0060379549973173  1958
3.0064660422492318  1969
3.0068937079479006  1963
3.0073209529227447  1905
3.00774777800074  1979
3.0081741840064264  2000
3.0086001717619175  1902
3.0090257420869104  1932
3.009450895798694  1875
3.00987563371216  2046
3.010299956639812  2042
3.010723865391773  1986
3.0111473607757975  1855
3.0115704435972783  2067
3.011993114659257  2043
3.012415374762433  1926
3.012837224705172  1967
3.0132586652835167  2049
3.0136796972911926  2010
3.0141003215196207  1901
3.0145205387579237  1918
3.0149403497929366  2006
3.0153597554092144  1929
3.015778756389041  2031
3.016197353512439  1972
3.016615547557177  2005
3.0170333392987803  1992
3.017450729510536  1947
3.0178677189635055  1955
3.018284308426531  1977
3.0187004986662433  2092
3.019116290447073  1994
3.0195316845312554  2039
3.0199466816788423  2102
3.0203612826477078  1938
3.020775488193558  1909
3.0211892990699383  1879
3.021602716028242  2025
3.02201573981772  2040
3.0224283711854865  1907
3.022840610876528  2045
3.0232524596337114  1929
3.0236639181977933  2032
3.024074987307426  1958
3.024485667699167  1961
3.024895960107485  1914
3.0253058652647704  2124
3.025715383901341  2176
3.0261245167454502  1976
3.0265332645232967  1881
3.0269416279590295  1882
3.0273496077747564  1902
3.0277572046905536  1991
3.0281644194244697  1962
3.0285712526925375  1874
3.028977705208778  1969
3.0293837776852097  1864
3.029789470831856  1993
3.030194785356751  2095
3.030599721965951  1877
3.0310042813635367  1908
3.031408464251624  2016
3.0318122713303706  1940
3.0322157032979815  1982
3.03261876085072  2043
3.0330214446829107  1922
3.03342375548695  2001
3.03382569395331  1988
3.0342272607705505  2087
3.0346284566253203  2000
3.0350292822023683  1987
3.0354297381845483  1938
3.035829825252828  1984
3.0362295440862948  1915
3.036628895362161  1932
3.037027879755775  1912
3.037426497940624  2119
3.037824750588342  2047
3.0382226383687185  1973
3.038620161949703  1864
3.039017321997412  1890
3.0394141191761372  1951
3.0398105541483504  1998
3.0402066275747113  1974
3.040602340114073  1964
3.0409976924234905  1990
3.041392685158225  2027
3.041787318971752  2077
3.042181594515766  2019
3.0425755124401905  1955
3.0429690733931802  2024
3.0433622780211294  2089
3.0437551269686796  1941
3.044147620878723  2133
3.044539760392411  1923
3.04493154614916  2074
3.0453229787866576  1927
3.0457140589408676  1977
3.0461047872460387  2073
3.0464951643347082  1933
3.04688519083771  2019
3.0472748673841794  2039
3.04766419460156  1987
3.048053173115609  2008
3.0484418035504044  2083
3.04883008652835  1893
3.0492180226701815  1966
3.049605612594973  1887
3.0499928569201424  1989
3.050379756261458  2073
3.0507663112330423  1924
3.0511525224473814  2023
3.0515383905153275  2002
3.0519239160461065  1926
3.0523090996473234  1920
3.052693941924968  1956
3.0530784434834195  2118
3.053462604925455  1979
3.0538464268522527  1907
3.0542299098633974  1865
3.0546130545568877  1930
3.0549958615291417  2062
3.055378331375  1927
3.0557604646877348  1914
3.056142262059052  1933
3.0565237240791006  1910
3.0569048513364727  1971
3.0572856444182146  1997
3.0576661039098294  1864
3.0580462303952816  1917
3.058426024457005  1944
3.0588054866759067  2039
3.059184617631371  2008
3.0595634179012676  1995
3.059941888061955  1994
3.060320028688285  1956
3.060697840353612  1950
3.0610753236297916  2014
3.061452479087193  1958
3.061829307294699  1909
3.0622058088197126  1908
3.062581984228163  1949
3.0629578340845103  1953
3.0633333589517497  1993
3.0637085593914173  1994
3.064083435963596  1948
3.0644579892269186  1998
3.064832219738574  1923
3.065206128054312  2040
3.0655797147284485  1956
3.06595298031387  1970
3.0663259253620376  1920
3.0666985504229953  1903
3.0670708560453703  2021
3.0674428427763805  1995
3.0678145111618402  1974
3.0681858617461617  2109
3.068556895072363  1920
3.068927611682072  1946
3.0692980121155293  2057
3.0696680969115957  2024
3.070037866607755  1868
3.0704073217401198  2123
3.0707764628434346  1950
3.0711452904510828  1900
3.071513805095089  2105
3.0718820073061255  1968
3.072249897613515  2037
3.0726174765452368  1977
3.0729847446279304  1929
3.073351702386901  2002
3.0737183503461227  1989
3.074084689028244  1817
3.074450718954591  1942
3.074816440645175  2020
3.0751818546186915  1866
3.0755469613925306  2062
3.0759117614827773  1972
3.076276255404218  2060
3.076640443670342  1935
3.0770043267933502  2037
3.0773679052841563  1998
3.077731179652392  1937
3.0780941504064105  1880
3.0784568180532927  2022
3.0788191830988487  1901
3.0791812460476247  1786
3.079543007402906  1990
3.079904467666721  2132
3.0802656273398448  1994
3.0806264869218056  1904
3.080987046910887  1967
3.0813473078041325  2031
3.081707270097349  1975
3.082066934285113  2065
3.0824263008607717  2102
3.0827853703164503  1766
3.0831441431430524  1945
3.0835026198302673  1982
3.083860800866573  2083
3.0842186867392387  1920
3.084576277934331  2004
3.084933574936716  1923
3.085290578230065  2080
3.0856472882968564  2010
3.0860037056183818  1929
3.0863598306747484  2085
3.0867156639448825  1920
3.0870712059065353  2075
3.0874264570362855  2216
3.087781417809542  1949
3.0881360887005513  1856
3.0884904701823963  2021
3.088844562727004  1888
3.089198366805149  2006
3.089551882886454  2031
3.089905111439398  1994
3.090258052931316  1991
3.090610707828407  1920
3.0909630765957314  1881
3.091315159697223  1925
3.0916669575956846  1802
3.092018470752797  1955
3.0923696996291206  1942
3.0927206446840994  1955
3.0930713063760633  2033
3.093421685162235  2037
3.09377178149873  1961
3.0941215958405612  2052
3.094471128641645  1933
3.0948203803548  2021
3.095169351431755  1942
3.095518042323151  1967
3.0958664534785427  2041
3.0962145853464054  1909
3.0965624383741357  2021
3.0969100130080562  2013
3.09725730969342  2024
3.097604328874411  1994
3.09795107099415  1891
3.0982975364946976  2067
3.098643725817057  1932
3.0989896394011773  2043
3.0993352776859577  2003
3.09968064110925  2006
3.1000257301078626  1925
3.100370545117563  2055
3.1007150865730817  1993
3.1010593549081156  1981
3.101403350555331  1974
3.1017470739463664  1935
3.1020905255118367  2002
3.1024337056813365  1891
3.1027766148834415  1933
3.1031192535457137  2034
3.103461622094705  1955
3.103803720955957  1989
3.104145550554008  1942
3.104487111312395  2076
3.1048284036536553  1995
3.1051694279993316  2019
3.1055101847699738  1963
3.1058506743851435  1941
3.1061908972634154  1855
3.1065308538223815  1871
3.106870544478654  2076
3.1072099696478683  2026
3.1075491297446862  1940
3.1078880251827985  1968
3.1082266563749283  2022
3.1085650237328344  2001
3.1089031276673134  1976
3.109240968588203  1911
3.1095785469043866  1914
3.1099158630237933  2021
3.110252917353403  1994
3.110589710299249  2055
3.1109262422664203  1948
3.1112625136590655  1981
3.111598524880394  1946
3.1119342763326814  1870
3.1122697684172707  1992
3.1126050015345745  1927
3.11293997608408  1973
3.1132746924643504  1992
3.1136091510730277  1810
3.113943352306837  1912
3.1142772965615864  1917
3.114610984232173  2036
3.1149444157125847  1949
3.1152775913959014  1961
3.1156105116742996  2004
3.115943176939055  1987
3.116275587580544  1993
3.1166077439882485  1890
3.116939646550756  2028
3.1172712956557644  2081
3.117602691690084  2004
3.1179338350396413  2014
3.118264726089479  1831
3.118595365223762  1891
3.1189257528257768  2015
3.1192558892779365  1985
3.119585774961784  1944
3.119915410257991  1861
3.1202447955463652  1888
3.12057393120585  2054
3.1209028176145273  1975
3.1212314551496214  2058
3.1215598441875008  1945
3.121887985103681  2018
3.1222158782728267  1906
3.1225435240687545  1990
3.1228709228644354  2018
3.1231980750319988  1972
3.123524980942732  2000
3.123851640967086  2007
3.124178055474675  2017
3.1245042248342823  2061
3.1248301494138593  1871
3.12515582958053  2059
3.125481265700594  1945
3.125806458139527  1967
3.1261314072619846  1958
3.1264561134318045  2029
3.126780577012009  2014
3.1271047983648077  2044
3.127428777851599  2021
3.1277525158329733  2031
3.1280760126687155  1832
3.1283992687178066  1974
3.128722284338427  1894
3.1290450598879582  1894
3.1293675957229854  1969
3.129689892199301  1901
3.1300119496719043  1876
3.130333768495006  2008
3.130655349022031  1871
3.130976691605617  1898
3.131297796597623  1936
3.1316186643491255  2015
3.1319392952104246  2010
3.1322596895310446  1925
3.132579847659737  1931
3.132899769944483  2028
3.1332194567324945  1989
3.1335389083702174  1985
3.133858125203335  2016
3.1341771075767664  2035
3.1344958558346736  1920
3.13481437032046  2005
3.1351326513767748  1883
3.1354506993455136  2043
3.1357685145678222  2010
3.1360860973840974  1998
3.13640344813399  2019
3.1367205671564067  2092
3.1370374547895126  1913
3.137354111370733  1883
3.137670537236755  1945
3.137986732723532  2066
3.1383026981662816  1898
3.1386184338994925  2042
3.1389339402569236  2015
3.139249217571607  2013
3.13956426617585  1910
3.1398790864012365  1920
3.140193678578631  2048
3.1405080430381798  1919
3.1408221801093106  2006
3.141136090120739  1885
3.1414497734004674  2085
3.141763230275788  1991
3.1420764610732848  1945
3.142389466118836  1951
3.1427022457376155  2071
3.143014800254095  1829
3.143327129992046  1999
3.1436392352745433  2005
3.1439511164239633  1991
3.144262773761991  1930
3.144574207609616  1904
3.144885418287142  1809
3.1451964061141817  1946
3.1455071714096627  1888
3.1458177144918276  1962
3.146128035678238  1842
3.1464381352857744  2043
3.14674801363064  1900
3.1470576710283598  1992
3.1473671077937864  1967
3.1476763242410986  1900
3.147985320683805  1905
3.1482940974347455  1970
3.1486026548060932  2044
3.1489109931093564  1895
3.1492191126553797  1949
3.149527013754348  1912
3.149834696715785  1900
3.1501421618485588  1911
3.150449409460881  1780
3.150756439860309  1931
3.15106325335375  1910
3.1513698502474603  1935
3.151676230847048  1934
3.151982395457474  1872
3.1522883443830563  1898
3.15259407792747  1795
3.1528995963937474  1722
3.153204900084284  1937
3.1535099893008374  1867
3.153814864344529  1665
3.154119525515847  1798
3.154423973114647  1681
3.1547282074401557  1758
3.1550322287909704  1700
3.155336037465062  1733
3.1556396337597765  1712
3.1559430179718366  1569
3.1562461903973444  1677
3.1565491513317814  1686
3.156851901070011  1652
3.1571544399062814  1645
3.157456768134226  1597
3.1577588860468637  1581
3.158060793936605  1630
3.1583624920952498  1563
3.1586639808139894  1574
3.15896526038341  1528
3.159266331093494  1633
3.1595671932336202  1474
3.1598678470925665  1419
3.160168292958512  1464
3.1604685311190375  1510
3.1607685618611283  1412
3.1610683854711747  1466
3.161368002234975  1310
3.161667412437736  1264
3.161966616364075  1325
3.1622656142980214  1300
3.162564406523019  1342
3.162862993321926  1192
3.1631613749770184  1143
3.16345955176999  1166
3.163757523981956  1131
3.1640552918934515  1027
3.164352855784437  1102
3.1646502159342966  1121
3.1649473726218416  1056
3.1652443261253107  951
3.165541076722373  953
3.1658376246901283  972
3.166133970305109  822
3.166430113843283  892
3.166726055580052  777
3.1670217957902564  767
3.167317334748176  764
3.16761267272753  742
3.16790781000148  748
3.168202746842631  710
3.1684974835230326  733
3.1687920203141817  715
3.1690863574870227  641
3.1693804953119495  598
3.1696744340588068  581
3.1699681739968923  559
3.1702617153949575  529
3.1705550585212086  514
3.170848203643309  490
3.1711411510283822  424
3.171433900943008  462
3.171726453653231  422
3.1720188094245563  388
3.172310968521954  383
3.17260293120986  368
3.1728946977521764  345
3.173186268412274  347
3.1734776434529945  324
3.17376882313665  290
3.1740598077250253  245
3.1743505974793798  278
3.1746411926604483  245
3.1749315935284423  235
3.1752218003430523  212
3.1755118133634475  229
3.1758016328482794  192
3.1760912590556813  179
3.1763806922432702  174
3.17666993266815  164
3.176958980586908  162
3.1772478362556233  147
3.1775364999298623  136
3.177824971864682  123
3.1781132523146316  138
3.178401341533755  108
3.17868923977559  102
3.1789769472931693  105
3.1792644643390253  88
3.1795517911651876  97
3.179838928023187  86
3.180125875164054  69
3.180412632838324  80
3.1806992012960347  68
3.1809855807867304  55
3.1812717715594614  38
3.1815577738627865  44
3.1818435879447726  46
3.182129214052998  37
3.182414652434554  32
3.1826999033360424  34
3.182984967003582  26
3.1832698436828046  22
3.1835545336188615  25
3.1838390370564214  25
3.184123354239671  20
3.1844074854123203  25
3.184691430817599  16
3.184975190698261  16
3.185258765296585  13
3.185542154854375  9
3.185825359612962  7
3.1861083798132053  9
3.186391215695493  6
3.1866738674997452  6
3.1869563354654122  2
3.187238619831479  1
3.187520720836463  3
3.1878026387184195  4
3.188084373714938  4
3.188365926063148  2
3.188647295999717  1
3.189209489582306  1
3.1894903136993675  1
3.189770956346874  1
