0.3010299956639812  1046
0.47712125471966244  1046
0.6020599913279624  1038
0.6989700043360189  1033
0.7781512503836436  1042
0.8450980400142568  1033
0.9030899869919435  1029
0.9542425094393249  1049
1.0  1044
1.0413926851582251  1043
1.0791812460476249  1041
1.1139433523068367  1035
1.146128035678238  1045
1.1760912590556813  1044
1.2041199826559248  1045
1.2304489213782739  1044
1.255272505103306  1047
1.2787536009528289  1040
1.3010299956639813  1032
1.3222192947339193  1041
1.3424226808222062  1042
1.3617278360175928  1048
1.380211241711606  1034
1.3979400086720377  1048
1.414973347970818  1037
1.4313637641589874  1035
1.4471580313422192  1045
1.462397997898956  1041
1.4771212547196624  1044
1.4913616938342726  1040
1.505149978319906  1044
1.5185139398778875  1032
1.5314789170422551  1038
1.5440680443502757  1044
1.5563025007672873  1035
1.568201724066995  1031
1.5797835966168101  1034
1.591064607026499  1044
1.6020599913279623  1041
1.6127838567197355  1046
1.6232492903979006  1047
1.6334684555795864  1039
1.6434526764861874  1035
1.6532125137753437  1041
1.662757831681574  1028
1.6720978579357175  1046
1.6812412373755872  1052
1.6901960800285136  1035
1.6989700043360187  1029
1.7075701760979363  1033
1.7160033436347992  1041
1.724275869600789  1038
1.7323937598229686  1038
1.7403626894942439  1039
1.7481880270062005  1052
1.7558748556724915  1035
1.7634279935629373  1034
1.7708520116421442  1049
1.7781512503836436  1043
1.7853298350107671  1047
1.792391689498254  1040
1.7993405494535817  1043
1.806179973983887  1042
1.8129133566428555  1047
1.8195439355418688  1047
1.8260748027008264  1030
1.8325089127062364  1036
1.8388490907372552  1041
1.845098040014257  1047
1.8512583487190752  1035
1.8573324964312685  1038
1.863322860120456  1038
1.8692317197309762  1045
1.8750612633917  1043
1.8808135922807914  1033
1.8864907251724818  1040
1.8920946026904804  1035
1.8976270912904414  1050
1.9030899869919435  1033
1.9084850188786497  1036
1.9138138523837167  1042
1.919078092376074  1033
1.9242792860618816  1035
1.9294189257142926  1039
1.9344984512435677  1039
1.9395192526186185  1031
1.9444826721501687  1043
1.9493900066449128  1038
1.954242509439325  1032
1.9590413923210936  1034
1.9637878273455553  1029
1.968482948553935  1035
1.9731278535996986  1046
1.9777236052888478  1041
1.9822712330395684  1032
1.9867717342662448  1045
1.9912260756924949  1038
1.99563519459755  1030
2.0  1041
2.0043213737826426  1036
2.0086001717619175  1041
2.012837224705172  1035
2.0170333392987803  1037
2.0211892990699383  1042
2.0253058652647704  1046
2.0293837776852097  1046
2.03342375548695  1043
2.037426497940624  1038
2.041392685158225  1038
2.0453229787866576  1043
2.0492180226701815  1031
2.0530784434834195  1040
2.0569048513364727  1037
2.060697840353612  1046
2.0644579892269186  1042
2.0681858617461617  1042
2.0718820073061255  1059
2.0755469613925306  1043
2.0791812460476247  1053
2.0827853703164503  1053
2.0863598306747484  1049
2.089905111439398  1036
2.093421685162235  1036
2.0969100130080562  1036
2.100370545117563  1032
2.103803720955957  1050
2.1072099696478683  1039
2.110589710299249  1042
2.113943352306837  1032
2.1172712956557644  1036
2.12057393120585  1035
2.123851640967086  1042
2.1271047983648077  1040
2.130333768495006  1035
2.1335389083702174  1037
2.1367205671564067  1036
2.1398790864012365  1038
2.143014800254095  1034
2.146128035678238  1032
2.1492191126553797  1049
2.1522883443830563  1033
2.155336037465062  1033
2.1583624920952498  1045
2.161368002234975  1046
2.164352855784437  1040
2.167317334748176  1034
2.1702617153949575  1046
2.173186268412274  1045
2.1760912590556813  1031
2.1789769472931693  1044
2.1818435879447726  1030
2.184691430817599  1041
2.187520720836463  1044
2.1903316981702914  1035
2.1931245983544616  1041
2.1958996524092336  1051
2.1986570869544226  1040
2.2013971243204513  1031
2.2041199826559246  1035
2.2068258760318495  1042
2.2095150145426308  1032
2.2121876044039577  1021
2.214843848047698  1026
2.2174839442139063  1020
2.220108088040055  1028
2.2227164711475833  1016
2.225309281725863  1018
2.2278867046136734  1026
2.230448921378274  1006
2.2329961103921536  999
2.2355284469075487  982
2.2380461031287955  977
2.2405492482826  966
2.2430380486862944  942
2.24551266781415  929
2.247973266361807  924
2.250420002308894  913
2.2528530309798933  875
2.255272505103306  855
2.2576785748691846  840
2.2600713879850747  828
2.2624510897304293  801
2.2648178230095364  791
2.2671717284030137  754
2.2695129442179165  724
2.271841606536499  701
2.27415784926368  664
2.2764618041732443  640
2.278753600952829  598
2.2810333672477277  571
2.2833012287035497  538
2.285557309007774  491
2.287801729930226  470
2.290034611362518  431
2.292256071356476  393
2.294466226161593  379
2.296665190261531  353
2.298853076409707  326
2.3010299956639813  293
2.303196057420489  265
2.305351369446624  246
2.307496037913213  227
2.3096301674258988  207
2.311753861055754  182
2.3138672203691533  171
2.315970345456918  145
2.3180633349627615  123
2.3201462861110542  113
2.322219294733919  93
2.3242824552976926  82
2.326335860928751  75
2.3283796034387376  64
2.330413773349191  60
2.3324384599156054  46
2.3344537511509307  41
2.3364597338485296  44
2.3384564936046046  35
2.3404441148401185  29
2.342422680822206  23
2.3443922736851106  18
2.346352974450639  18
2.3483048630481607  14
2.3502480183341627  13
2.3521825181113627  10
2.3541084391474008  9
2.3560258571931225  7
2.357934847000454  5
2.359835482339888  4
2.361727836017593  4
2.3636119798921444  5
2.3654879848909  3
2.367355921026019  2
2.369215857410143  1
