0.3010299956639812  51038
0.47712125471966244  54226
0.6020599913279624  45078
0.6989700043360189  43220
0.7781512503836436  41579
0.8450980400142568  41555
0.9030899869919435  50240
0.9542425094393249  52143
1.0  48234
1.0413926851582251  42882
1.0791812460476249  42372
1.1139433523068367  42842
1.146128035678238  41127
1.1760912590556813  42351
1.2041199826559248  38343
1.2304489213782739  37486
1.255272505103306  31548
1.2787536009528289  30979
1.3010299956639813  24142
1.3222192947339193  22481
1.3424226808222062  17286
1.3617278360175928  15725
1.380211241711606  15719
1.3979400086720377  10486
1.414973347970818  7181
1.4313637641589874  9188
1.4471580313422192  8121
1.462397997898956  5709
1.4771212547196624  8601
1.4913616938342726  5209
1.505149978319906  6120
1.5185139398778875  6166
1.5314789170422551  4727
1.5440680443502757  6013
1.5563025007672873  7150
1.568201724066995  5753
1.5797835966168101  6915
1.591064607026499  5915
1.6020599913279623  5231
1.6127838567197355  6051
1.6232492903979006  7539
1.6334684555795864  7017
1.6434526764861874  7143
1.6532125137753437  7488
1.662757831681574  5758
1.6720978579357175  6921
1.6812412373755872  10444
1.6901960800285136  6745
1.6989700043360187  7870
1.7075701760979363  7666
1.7160033436347992  7159
1.724275869600789  7178
1.7323937598229686  8019
1.7403626894942439  8226
1.7481880270062005  5930
1.7558748556724915  6259
1.7634279935629373  5027
1.7708520116421442  7090
1.7781512503836436  6447
1.7853298350107671  8526
1.792391689498254  4916
1.7993405494535817  7829
1.806179973983887  6557
1.8129133566428555  9237
1.8195439355418688  7189
1.8260748027008264  5738
1.8325089127062364  6618
1.8388490907372552  8061
1.845098040014257  7354
1.8512583487190752  7708
1.8573324964312685  5901
1.863322860120456  7716
1.8692317197309762  6208
1.8750612633917  6885
1.8808135922807914  5901
1.8864907251724818  6259
1.8920946026904804  6733
1.8976270912904414  7907
1.9030899869919435  10109
1.9084850188786497  7612
1.9138138523837167  5459
1.919078092376074  5848
1.9242792860618816  5912
1.9294189257142926  7934
1.9344984512435677  8849
1.9395192526186185  7863
1.9444826721501687  9140
1.9493900066449128  7732
1.954242509439325  9103
1.9590413923210936  7475
1.9637878273455553  5941
1.968482948553935  5786
1.9731278535996986  6780
1.9777236052888478  5737
1.9822712330395684  6774
1.9867717342662448  6499
1.9912260756924949  8331
1.99563519459755  7991
2.0  5452
2.0043213737826426  6847
2.0086001717619175  7003
2.012837224705172  7512
2.0170333392987803  6932
2.0211892990699383  6208
2.0253058652647704  6185
2.0293837776852097  7950
2.03342375548695  5923
2.037426497940624  5187
2.041392685158225  6683
2.0453229787866576  5629
2.0492180226701815  5573
2.0530784434834195  5180
2.0569048513364727  6382
2.060697840353612  6831
2.0644579892269186  6350
2.0681858617461617  5192
2.0718820073061255  8162
2.0755469613925306  7428
2.0791812460476247  6102
2.0827853703164503  5929
2.0863598306747484  5911
2.089905111439398  7308
2.093421685162235  8400
2.0969100130080562  6270
2.100370545117563  7548
2.103803720955957  6541
2.1072099696478683  5705
2.110589710299249  7595
2.113943352306837  6556
2.1172712956557644  5774
2.12057393120585  6675
2.123851640967086  7628
2.1271047983648077  4299
2.130333768495006  7591
2.1335389083702174  7464
2.1367205671564067  7741
2.1398790864012365  5373
2.143014800254095  6379
2.146128035678238  8039
2.1492191126553797  6792
2.1522883443830563  5700
2.155336037465062  7547
2.1583624920952498  6320
2.161368002234975  4721
2.164352855784437  7665
2.167317334748176  6042
2.1702617153949575  6548
2.173186268412274  6430
2.1760912590556813  7328
2.1789769472931693  6510
2.1818435879447726  7494
2.184691430817599  6278
2.187520720836463  6302
2.1903316981702914  6738
2.1931245983544616  6266
2.1958996524092336  8733
2.1986570869544226  5889
2.2013971243204513  7597
2.2041199826559246  7034
2.2068258760318495  4819
2.2095150145426308  6772
2.2121876044039577  6034
2.214843848047698  6753
2.2174839442139063  5875
2.220108088040055  6693
2.2227164711475833  6509
2.225309281725863  7539
2.2278867046136734  7865
2.230448921378274  8004
2.2329961103921536  7152
2.2355284469075487  7109
2.2380461031287955  7271
2.2405492482826  6781
2.2430380486862944  7513
2.24551266781415  7815
2.247973266361807  7322
2.250420002308894  6529
2.2528530309798933  5076
2.255272505103306  7070
2.2576785748691846  6800
2.2600713879850747  6842
2.2624510897304293  7852
2.2648178230095364  6871
2.2671717284030137  6504
2.2695129442179165  6382
2.271841606536499  6460
2.27415784926368  5172
2.2764618041732443  6019
2.278753600952829  6751
2.2810333672477277  6389
2.2833012287035497  6100
2.285557309007774  8155
2.287801729930226  5500
2.290034611362518  9483
2.292256071356476  6569
2.294466226161593  7178
2.296665190261531  7229
2.298853076409707  6090
2.3010299956639813  5792
2.303196057420489  7232
2.305351369446624  6038
2.307496037913213  5869
2.3096301674258988  7139
2.311753861055754  6453
2.3138672203691533  7081
2.315970345456918  6665
2.3180633349627615  7724
2.3201462861110542  6998
2.322219294733919  5530
2.3242824552976926  6977
2.326335860928751  7415
2.3283796034387376  7139
2.330413773349191  6854
2.3324384599156054  5889
2.3344537511509307  7448
2.3364597338485296  6138
2.3384564936046046  8540
2.3404441148401185  5529
2.342422680822206  6801
2.3443922736851106  6549
2.346352974450639  6371
2.3483048630481607  6233
2.3502480183341627  5825
2.3521825181113627  7929
2.3541084391474008  6849
2.3560258571931225  8792
2.357934847000454  5627
2.359835482339888  5481
2.361727836017593  5570
2.3636119798921444  5539
2.3654879848909  6784
2.367355921026019  7345
2.369215857410143  5581
2.3710678622717363  7260
2.3729120029701067  6740
2.374748346010104  7361
2.376576957056512  4801
2.3783979009481375  6907
2.380211241711606  6741
2.3820170425748683  5564
2.383815365980431  6181
2.385606273598312  7226
2.387389826338729  7559
2.3891660843645326  6865
2.3909351071033793  6384
2.392696953259666  7103
2.3944516808262164  7894
2.3961993470957363  4902
2.3979400086720375  5955
2.399673721481038  8015
2.401400540781544  9196
2.403120521175818  7296
2.404833716619938  6696
2.406540180433955  7794
2.4082399653118496  5327
2.4099331233312946  8094
2.41161970596323  8030
2.413299764081252  6946
2.4149733479708178  5153
2.416640507338281  7572
2.4183012913197452  6172
2.419955748489758  5678
2.4216039268698313  6143
2.423245873936808  5599
2.424881636631067  6286
2.4265112613645754  5130
2.428134794028789  7389
2.429752280002408  8214
2.4313637641589874  7269
2.432969290874406  6965
2.4345689040341987  7846
2.436162647040756  6598
2.437750562820388  7443
2.439332693830263  6953
2.4409090820652177  5809
2.4424797690644486  6388
2.444044795918076  7672
2.4456042032735974  6775
2.4471580313422194  8511
2.44870631990508  6649
2.450249108319361  6248
2.45178643552429  7104
2.4533183400470375  6731
2.45484486000851  5329
2.456366033129043  8285
2.4578818967339924  6912
2.459392487759231  7105
2.4608978427565478  6278
2.462397997898956  7744
2.4638929889859074  5674
2.4653828514484184  5889
2.4668676203541096  6165
2.4683473304121573  6926
2.469822015978163  7896
2.4712917110589387  6200
2.4727564493172123  6946
2.4742162640762553  6049
2.4756711883244296  7289
2.4771212547196626  7309
2.4785664955938436  5627
2.4800069429571505  6686
2.481442628502305  5984
2.482873583608754  7216
2.484299839346786  7946
2.48572142648158  7618
2.4871383754771865  7955
2.4885507165004443  7586
2.4899584794248346  6151
2.4913616938342726  5555
2.4927603890268375  5579
2.494154594018443  6194
2.4955443375464483  6630
2.496929648073215  6653
2.4983105537896004  7460
2.499687082618404  6308
2.5010592622177517  6699
2.5024271199844326  6154
2.503790683057181  6280
2.505149978319906  5980
2.506505032404872  6353
2.507855871695831  7041
2.509202522331103  7424
2.510545010206612  6359
2.5118833609788744  5524
2.513217600067939  7186
2.514547752660286  7715
2.515873843711679  7119
2.5171958979499744  6663
2.5185139398778875  6860
2.519827993775719  6440
2.5211380837040362  5703
2.5224442335063197  6241
2.5237464668115646  5317
2.525044807036845  5985
2.526339277389844  6356
2.5276299008713385  5139
2.5289167002776547  6560
2.530199698203082  5648
2.531478917042255  6358
2.5327543789924976  6573
2.534026106056135  6797
2.5352941200427703  7438
2.53655844257153  6286
2.537819095073274  5727
2.5390760987927767  5971
2.5403294747908736  8017
2.5415792439465807  7242
2.5428254269591797  5222
2.5440680443502757  7319
2.545307116465824  8028
2.546542663478131  7638
2.5477747053878224  7660
2.5490032620257876  7029
2.550228353055094  8705
2.5514499979728753  5828
2.552668216112193  7051
2.5538830266438746  6718
2.5550944485783194  8081
2.5563025007672873  6172
2.5575072019056577  6416
2.558708570533166  5999
2.5599066250361124  5648
2.561101383649056  7419
2.5622928644564746  7400
2.5634810853944106  8820
2.5646660642520893  7629
2.5658478186735176  6484
2.56702636615906  6425
2.568201724066995  7442
2.569373909615046  8576
2.5705429398818973  6558
2.571708831808688  7795
2.5728716022004803  7353
2.574031267727719  7782
2.575187844927661  5539
2.576341350205793  5477
2.5774917998372255  6950
2.578639209968072  7442
2.57978359661681  7110
2.5809249756756194  5257
2.582063362911709  5737
2.583198773968623  8576
2.584331224367531  6986
2.5854607295085006  5345
2.586587304671755  7345
2.5877109650189114  5048
2.5888317255942073  7751
2.5899496013257077  7200
2.591064607026499  9011
2.5921767573958667  7944
2.593286067020457  6909
2.5943925503754266  6003
2.595496221825574  4987
2.59659709562646  5499
2.597695185925512  5700
2.598790506763115  7047
2.5998830720736876  5487
2.6009728956867484  5992
2.6020599913279625  7212
2.603144372620182  7859
2.60422605308447  7078
2.6053050461411096  6277
2.606381365110605  4321
2.6074550232146687  5237
2.6085260335771943  6184
2.60959440922522  8583
2.61066016308988  7922
2.611723308007342  5966
2.6127838567197355  6718
2.6138418218760693  7333
2.6148972160331345  8246
2.615950051656401  4485
2.617000341120899  7278
2.6180480967120925  7482
2.6190933306267428  6018
2.6201360549737576  6627
2.621176281775035  5294
2.622214022966295  7489
2.6232492903979003  6298
2.6242820958356683  6707
2.625312450961674  5880
2.6263403673750423  7635
2.6273658565927325  6494
2.6283889300503116  5181
2.629409599102719  7501
2.630427875025024  7552
2.6314437690131722  7769
2.6324572921847245  9953
2.6334684555795866  5667
2.6344772701607315  6064
2.635483746814912  6388
2.6364878963533656  6159
2.637489729512511  6800
2.6384892569546374  6248
2.639486489268586  4414
2.640481436970422  5609
2.6414741105040997  6569
2.6424645202421213  6862
2.6434526764861874  5796
2.6444385894678386  4749
2.645422269349092  7441
2.6464037262230695  5998
2.6473829701146196  6946
2.6483600109809315  6449
2.649334858712142  7256
2.6503075231319366  6207
2.651278013998144  4894
2.6522463410033232  6953
2.6532125137753435  9049
2.6541765418779604  7839
2.655138434811382  5602
2.656098202012832  6003
2.6570558528571038  7107
2.6580113966571126  4551
2.658964842664435  6717
2.6599162000698504  7214
2.660865478003869  6736
2.661812685537261  6650
2.662757831681574  6428
2.663700925389648  7306
2.6646419755561257  7103
2.6655809910179533  6136
2.6665179805548807  7458
2.667452952889954  7495
2.66838591669  6119
2.6693168805661123  7297
2.670245853074124  7212
2.6711728427150834  6434
2.6720978579357175  7106
2.673020907128896  7329
2.673941998634088  8472
2.6748611407378116  6295
2.6757783416740852  5693
2.6766936096248664  7986
2.677606952720493  6223
2.678518379040114  6564
2.6794278966121188  8044
2.680335513414563  6509
2.681241237375587  6167
2.682145076373832  6543
2.6830470382388496  7918
2.683947130751512  5975
2.6848453616444123  5746
2.6857417386022635  6318
2.6866362692622934  6079
2.6875289612146345  5763
2.6884198220027105  6294
2.6893088591236203  7766
2.690196080028514  6044
2.6910814921229687  5736
2.69196510276736  5381
2.69284691927723  6110
2.693726948923647  5623
2.694605198933569  6585
2.6954816764901977  6363
2.696356388733332  5575
2.6972293427597176  6858
2.6981005456233897  5301
2.6989700043360187  5730
2.699837725867246  6359
2.7007037171450192  5621
2.7015679850559273  6667
2.7024305364455254  6842
2.7032913781186614  6563
2.7041505168397992  6744
2.705007959333336  6120
2.7058637122839193  6211
2.7067177823367587  5574
2.7075701760979363  7017
2.708420900134713  6092
2.709269960975831  6771
2.7101173651118162  6946
2.710963118995276  5873
2.711807229041191  8278
2.7126497016272113  7380
2.7134905430939424  5628
2.714329759745233  4939
2.7151673578484576  8965
2.716003343634799  6335
2.7168377232995247  5849
2.717670503002262  7494
2.718501688867274  6974
2.7193312869837265  4821
2.720159303405957  6262
2.7209857441537393  5858
2.7218106152125467  5740
2.722633922533812  6049
2.7234556720351857  6263
2.724275869600789  6696
2.725094521081469  7145
2.7259116322950483  5505
2.7267272090265724  5688
2.727541257028556  6459
2.7283537820212285  8275
2.72916478969277  5614
2.7299742856995555  6837
2.7307822756663893  6469
2.7315887651867388  6353
2.7323937598229686  6383
2.7331972651065692  6011
2.733999286538387  6734
2.734799829588847  6668
2.73559889969818  6908
2.7363965022766426  7561
2.7371926427047373  4862
2.737987326333431  5966
2.738780558484369  8186
2.739572344450092  6270
2.7403626894942437  6289
2.741151598851785  6841
2.741939077729199  6324
2.7427251313046983  5418
2.74350976472843  5462
2.7442929831226763  5336
2.7450747915820575  6914
2.745855195173729  6687
2.7466341989375787  5300
2.747411807886423  6890
2.7481880270062002  6466
2.7489628612561616  5952
2.749736315569061  5701
2.7505083948513462  6505
2.751279103983342  5296
2.7520484478194387  6614
2.7528164311882715  7418
2.7535830588929064  6966
2.754348335711019  6551
2.7551122663950713  6364
2.7558748556724915  5750
2.756636108245848  6876
2.7573960287930244  5335
2.75815462196739  7522
2.7589118923979736  6161
2.7596678446896306  7365
2.760422483423212  6854
2.7611758131557314  5901
2.761927838420529  4871
2.762678563727436  8046
2.7634279935629373  6246
2.7641761323903307  6228
2.7649229846498886  7190
2.765668554759014  7134
2.7664128471123997  6872
2.7671558660821804  6315
2.767897616018091  6242
2.7686381012476144  7981
2.7693773260761385  6729
2.7701152947871015  5431
2.7708520116421442  7157
2.7715874808812555  5264
2.77232170672292  6281
2.7730546933642626  6368
2.7737864449811935  6044
2.7745169657285498  5756
2.7752462597402365  7011
2.775974331129369  5462
2.776701183988411  5792
2.7774268223893115  5126
2.7781512503836434  6026
2.7788744720027396  5517
2.7795964912578244  5942
2.780317312140151  6867
2.7810369386211318  5786
2.781755374652469  7448
2.782472624166286  5631
2.7831886910752575  4700
2.783903579272735  4324
2.784617292632875  5542
2.785329835010767  5565
2.786041210242554  6941
2.7867514221455614  6747
2.787460474518415  4912
2.788168371141168  6490
2.788875115775417  5791
2.7895807121644256  5595
2.7902851640332416  6394
2.790988475088816  6291
2.791690649020118  7188
2.792391689498254  5160
2.79309160017658  5491
2.7937903846908188  6337
2.7944880466591697  6472
2.795184589682424  5760
2.7958800173440754  6508
2.7965743332104296  5330
2.7972675408307164  6350
2.797959643737196  5637
2.798650645445269  5722
2.7993405494535817  7960
2.8000293592441343  5998
2.800717078282385  6053
2.801403710017355  5995
2.802089257881733  6065
2.8027737252919755  5364
2.803457115648414  5770
2.8041394323353503  5634
2.8048206787211623  6047
2.8055008581584002  6582
2.806179973983887  5754
2.8068580295188172  6847
2.807535028068853  6159
2.808210972924222  7107
2.808885867359812  5034
2.8095597146352675  5710
2.8102325179950842  6074
2.8109042806687006  5480
2.8115750058705933  5925
2.812244696800369  7025
2.8129133566428557  5617
2.813580988568192  6843
2.81424759573192  5134
2.814913181275074  6438
2.815577748324267  5389
2.816241299991783  5442
2.8169038393756605  7739
2.8175653695597807  5975
2.8182258936139557  4983
2.8188854145940097  6224
2.8195439355418688  5169
2.82020145948564  6473
2.8208579894397  6174
2.821513528404773  5731
2.8221680793680175  5775
2.8228216453031045  6096
2.823474229170301  5478
2.824125833916549  5366
2.824776462475546  4976
2.8254261177678233  6781
2.8260748027008264  5815
2.826722520168992  6086
2.8273692730538253  5922
2.828015064223977  5832
2.82865989653532  7068
2.829303772831025  5971
2.829946695941636  7002
2.8305886686851442  6431
2.8312296938670634  5608
2.8318697742805017  5533
2.832508912706236  5253
2.833147111912785  5806
2.833784374656479  7089
2.8344207036815328  4955
2.835056101720116  4674
2.8356905714924254  5755
2.8363241157067516  5306
2.8369567370595505  4625
2.837588438235511  5549
2.8382192219076257  6148
2.838849090737255  5418
2.8394780473741985  5894
2.840106094456758  5956
2.8407332346118066  4588
2.841359470454855  4928
2.8419848045901137  5699
2.842609239610562  5056
2.8432327780980096  5489
2.843855422623161  4896
2.8444771757456815  4645
2.845098040014257  5564
2.8457180179666586  5674
2.846337112129805  4485
2.846955325019824  4494
2.847572659142112  5842
2.848189116991399  5044
2.8488047010518036  5200
2.8494194137968996  5355
2.850033257689769  4636
2.8506462351830666  4584
2.8512583487190755  5165
2.851869600729766  5101
2.8524799936368566  5124
2.8530895298518657  4396
2.8536982117761744  4216
2.8543060418010806  4470
2.8549130223078554  5429
2.8555191556678  5887
2.8561244442423  4053
2.8567288903828825  4981
2.8573324964312685  4653
2.857935264719429  5492
2.858537197569639  4592
2.859138297294531  5083
2.859738566197147  4765
2.8603380065709936  6477
2.8609366207000937  4872
2.8615344108590377  5838
2.862131379313037  5159
2.8627275283179747  4054
2.863322860120456  5129
2.8639173769578603  5590
2.864511081058392  4942
2.8651039746411278  4515
2.8656960599160706  4947
2.8662873390841948  4430
2.866877814337499  5482
2.8674674878590514  4792
2.8680563618230415  4287
2.8686444383948255  6042
2.8692317197309762  5305
2.869818207979328  5413
2.870403905279027  5801
2.8709888137605755  5447
2.8715729355458786  5923
2.8721562727482928  5114
2.8727388274726686  4602
2.873320601815399  4415
2.8739015978644615  4570
2.8744818176994666  5188
2.8750612633917  4728
2.8756399370041685  4257
2.876217840591642  5006
2.8767949762007006  4871
2.877371345869774  5077
2.8779469516291885  5904
2.8785217955012063  4943
2.8790958795000727  5156
2.8796692056320534  4977
2.88024177589548  4678
2.8808135922807914  5281
2.8813846567705728  4295
2.8819549713396007  4780
2.8825245379548803  4271
2.8830933585756897  3756
2.8836614351536176  5067
2.884228769632604  4761
2.884795363948981  4530
2.885361220031512  4397
2.885926339801431  4504
2.886490725172482  5605
2.8870543780509568  3947
2.887617300335736  4247
2.888179493918325  4555
2.8887409606828927  5164
2.88930170250631  5323
2.8898617212581885  5136
2.890421018800914  4003
2.890979596989689  4453
2.8915374576725643  4069
2.8920946026904804  3619
2.8926510338773004  4243
2.893206753059848  3689
2.8937617620579434  3906
2.8943160626844384  4248
2.8948696567452528  4009
2.895422546039408  4776
2.8959747323590648  3848
2.8965262174895554  4582
2.89707700320942  3918
2.8976270912904414  4088
2.8981764834976764  4068
2.8987251815894934  3648
2.8992731873176036  4820
2.8998205024270964  4140
2.9003671286564705  3627
2.900913067737669  3380
2.9014583213961123  4011
2.9020028913507296  3839
2.902546779313991  4477
2.9030899869919438  3989
2.9036325160842376  4211
2.9041743682841634  3741
2.904715545278681  3755
2.905256048748451  4275
2.9057958803678687  4177
2.906335041805091  3796
2.90687353472207  3775
2.907411360774586  3653
2.9079485216122722  2788
2.90848501887865  3560
2.909020854211156  4297
2.9095560292411755  3400
2.910090545594068  3685
2.910624404889201  3682
2.9111576087399764  3904
2.9116901587538613  3771
2.9122220565324155  3181
2.912753303671323  3601
2.9132839017604186  3880
2.9138138523837167  3392
2.9143431571194407  3330
2.9148718175400505  3479
2.91539983521227  3194
2.9159272116971158  3918
2.916453948549925  4067
2.9169800473203824  3752
2.9175055095525466  3720
2.9180303367848803  3977
2.9185545305502734  3559
2.9190780923760737  3724
2.919601023784111  3173
2.920123326290724  3052
2.9206450014067875  3213
2.921166050637739  3372
2.921686475483602  3142
2.9222062774390163  3203
2.92272545799326  3054
2.9232440186302764  3242
2.9237619608287004  3328
2.9242792860618816  2568
2.924795995797912  3104
2.9253120914996495  2923
2.9258275746247424  2953
2.926342446625655  3030
2.926856708949692  2713
2.9273703630390235  2800
2.9278834103307068  2674
2.9283958522567137  3023
2.928907690243953  3058
2.929418925714293  2586
2.929929560084588  3168
2.9304395947667  3243
2.930949031167523  2585
2.931457870689005  3045
2.931966114728173  3000
2.932473764677153  2782
2.932980821923198  2767
2.9334872878487053  2414
2.9339931638312424  2761
2.934498451243568  2859
2.935003151453655  2512
2.9355072658247128  2416
2.9360107957152097  2565
2.936513742478893  2192
2.9370161074648142  2742
2.937517892017347  2693
2.9380190974762104  2360
2.938519725176492  2159
2.9390197764486663  2064
2.9395192526186187  2275
2.9400181550076634  2354
2.940516484932567  2203
2.9410142437055695  2434
2.941511432634403  2245
2.942008053022313  2429
2.9425041061680806  2236
2.9429995933660407  2673
2.9434945159061026  2268
2.9439888750737717  2134
2.9444826721501687  2152
2.9449759084120477  2180
2.94546858513182  2114
2.9459607035775686  2098
2.946452265013073  2007
2.9469432706978256  1961
2.9474337218870508  2162
2.9479236198317262  2048
2.948412965778601  1901
2.9489017609702137  1796
2.949390006644913  1819
2.949877704036875  1728
2.950364854376123  1685
2.9508514588885464  1584
2.951337518795918  1657
2.951823035315912  1737
2.9523080096621253  1667
2.952792443044092  1509
2.9532763366673045  1375
2.9537596917332287  1467
2.9542425094393248  1437
2.954724790979063  1483
2.9552065375419416  1411
2.9556877503135057  1257
2.9561684304753633  1367
2.9566485792052033  1453
2.957128197676813  1396
2.957607287060095  1375
2.958085848521085  1082
2.9585638832219674  1395
2.9590413923210934  1351
2.9595183769729982  974
2.959994838328416  1221
2.960470777534299  1003
2.960946195733831  1224
2.9614210940664485  932
2.9618954736678504  992
2.962369335670021  965
2.9628426812012423  960
2.9633155113861114  1049
2.963787827345555  847
2.964259630196849  862
2.9647309210536292  926
2.965201701025912  826
2.9656719712201065  736
2.9661417327390325  780
2.966610986681934  643
2.967079734144497  641
2.967547976218862  774
2.968015713993642  578
2.9684829485539352  711
2.9689496809813427  482
2.9694159123539814  547
2.9698816437465  535
2.9703468762300935  400
2.9708116108725178  475
2.971275848738105  482
2.971739590887778  496
2.9722028383790646  529
2.972665592266111  451
2.9731278535996988  400
2.973589623427257  342
2.9740509027928774  411
2.9745116927373285  308
2.974971994298069  357
2.975431808509263  307
2.975891136401793  327
2.9763499790032735  256
2.976808337338066  314
2.977266212427293  218
2.9777236052888476  250
2.978180516937414  240
2.9786369483844743  219
2.979092900638326  230
2.979548374704095  204
2.9800033715837464  184
2.9804578922761  147
2.9809119377768436  159
2.9813655090785445  136
2.9818186071706636  166
2.9822712330395684  156
2.9827233876685453  112
2.983175072037813  94
2.9836262871245345  92
2.984077033902831  149
2.9845273133437926  55
2.9849771264154934  83
2.9854264740830017  90
2.9858753573083936  53
2.986323777050765  56
2.9867717342662448  45
2.9872192299080047  49
2.9876662649262746  59
2.988112840268352  56
2.9885589568786157  48
2.989004615698537  45
2.9894498176666917  49
2.989894563718773  38
2.9903388547876015  36
2.9907826918031377  28
2.9912260756924947  23
2.9916690073799486  28
2.9921114877869495  9
2.9925535178321354  33
2.9929950984313414  11
2.9934362304976116  22
2.993876914941211  21
2.9943171526696366  14
2.9947569445876283  10
2.9951962915971793  17
2.99563519459755  4
2.9960736544852753  15
2.9965116721541785  6
2.996949248495381  11
2.997386384397313  17
2.9978230807457256  8
2.998259338423699  4
2.998695158311656  6
2.999130541287371  14
2.9995654882259823  7
3.0  3
3.000434077479319  5
3.0008677215312267  2
3.0013009330204183  5
3.0017337128090005  5
3.002166061756508  5
3.0025979807199086  3
3.003029470553618  5
3.0034605321095067  4
3.0038911662369103  1
3.0043213737826426  6
3.004751155591001  4
3.0056094453602804  2
3.0060379549973173  1
3.00774777800074  1
3.0081741840064264  1
3.0086001717619175  1
3.0090257420869104  1
