0.3010299956639812  122478
0.47712125471966244  29635
0.6020599913279624  21444
0.6989700043360189  15153
0.7781512503836436  9467
0.8450980400142568  6905
0.9030899869919435  5060
0.9542425094393249  4960
1.0  3207
1.0413926851582251  4685
1.0791812460476249  5309
1.1139433523068367  3382
1.146128035678238  3861
1.1760912590556813  3796
1.2041199826559248  3029
1.2304489213782739  6133
1.255272505103306  3333
1.2787536009528289  6234
1.3010299956639813  3522
1.3222192947339193  3849
1.3424226808222062  2551
1.3617278360175928  3857
1.380211241711606  3510
1.3979400086720377  3142
1.414973347970818  3345
1.4313637641589874  2600
1.4471580313422192  3343
1.462397997898956  2865
1.4771212547196624  3323
1.4913616938342726  2010
1.505149978319906  2855
1.5185139398778875  2780
1.5314789170422551  1853
1.5440680443502757  2108
1.5563025007672873  2868
1.568201724066995  1635
1.5797835966168101  1989
1.591064607026499  2374
1.6020599913279623  1682
1.6127838567197355  1247
1.6232492903979006  2073
1.6334684555795864  1111
1.6434526764861874  1262
1.6532125137753437  2310
1.662757831681574  1214
1.6720978579357175  1367
1.6812412373755872  1143
1.6901960800285136  771
1.6989700043360187  1099
1.7075701760979363  827
1.7160033436347992  710
1.724275869600789  773
1.7323937598229686  663
1.7403626894942439  832
1.7481880270062005  646
1.7558748556724915  809
1.7634279935629373  471
1.7708520116421442  379
1.7781512503836436  603
1.7853298350107671  252
1.792391689498254  263
1.7993405494535817  229
1.806179973983887  297
1.8129133566428555  278
1.8195439355418688  348
1.8260748027008264  98
1.8325089127062364  219
1.8388490907372552  142
1.845098040014257  98
1.8512583487190752  110
1.8573324964312685  115
1.863322860120456  117
1.8692317197309762  96
1.8750612633917  51
1.8808135922807914  42
1.8864907251724818  30
1.8920946026904804  32
1.8976270912904414  19
1.9030899869919435  28
1.9084850188786497  24
1.9138138523837167  23
1.919078092376074  15
1.9242792860618816  5
1.9294189257142926  14
1.9344984512435677  7
1.9395192526186185  13
1.9444826721501687  1
1.9493900066449128  8
1.954242509439325  13
1.9637878273455553  1
1.9822712330395684  1
1.9867717342662448  1
