0.3010299956639812  455772
0.47712125471966244  298427
0.6020599913279624  268149
0.6989700043360189  231284
0.7781512503836436  158022
0.8450980400142568  159552
0.9030899869919435  140019
0.9542425094393249  117083
1.0  82482
1.0413926851582251  94454
1.0791812460476249  88353
1.1139433523068367  73235
1.146128035678238  61525
1.1760912590556813  58486
1.2041199826559248  41399
1.2304489213782739  41860
1.255272505103306  34675
1.2787536009528289  23950
1.3010299956639813  24241
1.3222192947339193  16002
1.3424226808222062  10295
1.3617278360175928  15628
1.380211241711606  8693
1.3979400086720377  12087
1.414973347970818  8613
1.4313637641589874  4599
1.4471580313422192  9743
1.462397997898956  9785
1.4771212547196624  6263
1.4913616938342726  9434
1.505149978319906  9482
1.5185139398778875  7128
1.5314789170422551  8950
1.5440680443502757  8405
1.5563025007672873  4026
1.568201724066995  8829
1.5797835966168101  5895
1.591064607026499  7724
1.6020599913279623  8203
1.6127838567197355  3293
1.6232492903979006  4478
1.6334684555795864  5429
1.6434526764861874  8134
1.6532125137753437  8340
1.662757831681574  6786
1.6720978579357175  8686
1.6812412373755872  4902
1.6901960800285136  6555
1.6989700043360187  6015
1.7075701760979363  10160
1.7160033436347992  4987
1.724275869600789  6646
1.7323937598229686  10822
1.7403626894942439  5484
1.7481880270062005  3043
1.7558748556724915  6564
1.7634279935629373  4584
1.7708520116421442  8550
1.7781512503836436  2372
1.7853298350107671  6777
1.792391689498254  3571
1.7993405494535817  12427
1.806179973983887  9915
1.8129133566428555  7381
1.8195439355418688  9194
1.8260748027008264  5856
1.8325089127062364  8659
1.8388490907372552  6352
1.845098040014257  9023
1.8512583487190752  9485
1.8573324964312685  10452
1.863322860120456  10029
1.8692317197309762  9075
1.8750612633917  14252
1.8808135922807914  5999
1.8864907251724818  4265
1.8920946026904804  4501
1.8976270912904414  6573
1.9030899869919435  6891
1.9084850188786497  8976
1.9138138523837167  8593
1.919078092376074  5943
1.9242792860618816  5952
1.9294189257142926  3965
1.9344984512435677  5560
1.9395192526186185  7027
1.9444826721501687  7444
1.9493900066449128  5038
1.954242509439325  8874
1.9590413923210936  10040
1.9637878273455553  8923
1.968482948553935  5765
1.9731278535996986  4114
1.9777236052888478  7596
1.9822712330395684  4876
1.9867717342662448  7416
1.9912260756924949  3334
1.99563519459755  9131
2.0  6583
2.0043213737826426  7665
2.0086001717619175  6207
2.012837224705172  6424
2.0170333392987803  6615
2.0211892990699383  3446
2.0253058652647704  6856
2.0293837776852097  6371
2.03342375548695  5393
2.037426497940624  8472
2.041392685158225  5908
2.0453229787866576  7309
2.0492180226701815  7495
2.0530784434834195  10089
2.0569048513364727  9138
2.060697840353612  8504
2.0644579892269186  7502
2.0681858617461617  6766
2.0718820073061255  5559
2.0755469613925306  9417
2.0791812460476247  10503
2.0827853703164503  11485
2.0863598306747484  4165
2.089905111439398  6468
2.093421685162235  4752
2.0969100130080562  7690
2.100370545117563  10802
2.103803720955957  7250
2.1072099696478683  6972
2.110589710299249  9586
2.113943352306837  6860
2.1172712956557644  7880
2.12057393120585  5906
2.123851640967086  8523
2.1271047983648077  8989
2.130333768495006  6902
2.1335389083702174  9761
2.1367205671564067  7724
2.1398790864012365  6568
2.143014800254095  5966
2.146128035678238  5222
2.1492191126553797  9198
2.1522883443830563  4966
2.155336037465062  9272
2.1583624920952498  5180
2.161368002234975  6277
2.164352855784437  5226
2.167317334748176  6589
2.1702617153949575  5918
2.173186268412274  7852
2.1760912590556813  4532
2.1789769472931693  10035
2.1818435879447726  6166
2.184691430817599  7092
2.187520720836463  6282
2.1903316981702914  4304
2.1931245983544616  6311
2.1958996524092336  6349
2.1986570869544226  7799
2.2013971243204513  6858
2.2041199826559246  2828
2.2068258760318495  5916
2.2095150145426308  5148
2.2121876044039577  4907
2.214843848047698  5711
2.2174839442139063  6731
2.220108088040055  6850
2.2227164711475833  7794
2.225309281725863  7434
2.2278867046136734  6831
2.230448921378274  8767
2.2329961103921536  4433
2.2355284469075487  9119
2.2380461031287955  6088
2.2405492482826  8727
2.2430380486862944  9578
2.24551266781415  5544
2.247973266361807  6854
2.250420002308894  10373
2.2528530309798933  9179
2.255272505103306  8033
2.2576785748691846  8197
2.2600713879850747  6730
2.2624510897304293  5768
2.2648178230095364  4340
2.2671717284030137  6210
2.2695129442179165  5345
2.271841606536499  6877
2.27415784926368  6012
2.2764618041732443  8002
2.278753600952829  7259
2.2810333672477277  6202
2.2833012287035497  5577
2.285557309007774  7249
2.287801729930226  8019
2.290034611362518  8710
2.292256071356476  4524
2.294466226161593  4680
2.296665190261531  8629
2.298853076409707  10286
2.3010299956639813  3774
2.303196057420489  4182
2.305351369446624  5808
2.307496037913213  6890
2.3096301674258988  10857
2.311753861055754  6457
2.3138672203691533  8007
2.315970345456918  5960
2.3180633349627615  2989
2.3201462861110542  6471
2.322219294733919  3619
2.3242824552976926  5491
2.326335860928751  7265
2.3283796034387376  6007
2.330413773349191  6861
2.3324384599156054  6709
2.3344537511509307  5811
2.3364597338485296  8120
2.3384564936046046  9120
2.3404441148401185  7869
2.342422680822206  5832
2.3443922736851106  4842
2.346352974450639  4544
2.3483048630481607  5624
2.3502480183341627  7991
2.3521825181113627  8420
2.3541084391474008  3849
2.3560258571931225  7474
2.357934847000454  3784
2.359835482339888  7185
2.361727836017593  9302
2.3636119798921444  6795
2.3654879848909  6271
2.367355921026019  5709
2.369215857410143  4868
2.3710678622717363  6359
2.3729120029701067  5541
2.374748346010104  6068
2.376576957056512  2651
2.3783979009481375  6782
2.380211241711606  4087
2.3820170425748683  6417
2.383815365980431  9073
2.385606273598312  5597
2.387389826338729  6110
2.3891660843645326  5350
2.3909351071033793  4635
2.392696953259666  5406
2.3944516808262164  3643
2.3961993470957363  5905
2.3979400086720375  3989
2.399673721481038  6681
2.401400540781544  5903
2.403120521175818  4722
2.404833716619938  3686
2.406540180433955  5993
2.4082399653118496  3732
2.4099331233312946  4223
2.41161970596323  4899
2.413299764081252  4731
2.4149733479708178  6170
2.416640507338281  6114
2.4183012913197452  5019
2.419955748489758  4487
2.4216039268698313  4108
2.423245873936808  6695
2.424881636631067  6005
2.4265112613645754  5934
2.428134794028789  3563
2.429752280002408  5066
2.4313637641589874  5799
2.432969290874406  6691
2.4345689040341987  3949
2.436162647040756  4251
2.437750562820388  6730
2.439332693830263  4870
2.4409090820652177  4475
2.4424797690644486  4568
2.444044795918076  4013
2.4456042032735974  3797
2.4471580313422194  5997
2.44870631990508  7052
2.450249108319361  4041
2.45178643552429  6745
2.4533183400470375  4263
2.45484486000851  4752
2.456366033129043  6940
2.4578818967339924  5265
2.459392487759231  4501
2.4608978427565478  7427
2.462397997898956  3889
2.4638929889859074  6504
2.4653828514484184  3723
2.4668676203541096  5277
2.4683473304121573  4399
2.469822015978163  5324
2.4712917110589387  6853
2.4727564493172123  4800
2.4742162640762553  5165
2.4756711883244296  7321
2.4771212547196626  5462
2.4785664955938436  5279
2.4800069429571505  6142
2.481442628502305  6573
2.482873583608754  3730
2.484299839346786  5442
2.48572142648158  5125
2.4871383754771865  5854
2.4885507165004443  7202
2.4899584794248346  6650
2.4913616938342726  6959
2.4927603890268375  5672
2.494154594018443  3298
2.4955443375464483  5898
2.496929648073215  4859
2.4983105537896004  4600
2.499687082618404  6381
2.5010592622177517  4603
2.5024271199844326  5920
2.503790683057181  5243
2.505149978319906  5490
2.506505032404872  4144
2.507855871695831  4117
2.509202522331103  4907
2.510545010206612  4622
2.5118833609788744  6703
2.513217600067939  4367
2.514547752660286  3954
2.515873843711679  3173
2.5171958979499744  5769
2.5185139398778875  4568
2.519827993775719  5683
2.5211380837040362  7054
2.5224442335063197  4723
2.5237464668115646  4134
2.525044807036845  5883
2.526339277389844  4268
2.5276299008713385  3182
2.5289167002776547  5199
2.530199698203082  3544
2.531478917042255  2864
2.5327543789924976  6298
2.534026106056135  6733
2.5352941200427703  4401
2.53655844257153  5149
2.537819095073274  7403
2.5390760987927767  5027
2.5403294747908736  4865
2.5415792439465807  4335
2.5428254269591797  4591
2.5440680443502757  5241
2.545307116465824  4743
2.546542663478131  6422
2.5477747053878224  5147
2.5490032620257876  5715
2.550228353055094  4288
2.5514499979728753  3747
2.552668216112193  5176
2.5538830266438746  3222
2.5550944485783194  5438
2.5563025007672873  4498
2.5575072019056577  5281
2.558708570533166  3067
2.5599066250361124  4340
2.561101383649056  5038
2.5622928644564746  5002
2.5634810853944106  4337
2.5646660642520893  5202
2.5658478186735176  5824
2.56702636615906  5594
2.568201724066995  4795
2.569373909615046  4272
2.5705429398818973  4407
2.571708831808688  5319
2.5728716022004803  3371
2.574031267727719  6260
2.575187844927661  3779
2.576341350205793  4468
2.5774917998372255  5187
2.578639209968072  3150
2.57978359661681  3253
2.5809249756756194  4712
2.582063362911709  3259
2.583198773968623  4275
2.584331224367531  2937
2.5854607295085006  3775
2.586587304671755  4430
2.5877109650189114  3608
2.5888317255942073  4253
2.5899496013257077  4662
2.591064607026499  3739
2.5921767573958667  3936
2.593286067020457  5050
2.5943925503754266  5107
2.595496221825574  4793
2.59659709562646  6224
2.597695185925512  4223
2.598790506763115  4310
2.5998830720736876  2583
2.6009728956867484  5566
2.6020599913279625  3923
2.603144372620182  4508
2.60422605308447  5793
2.6053050461411096  4391
2.606381365110605  3841
2.6074550232146687  4650
2.6085260335771943  3243
2.60959440922522  4362
2.61066016308988  4081
2.611723308007342  2314
2.6127838567197355  4917
2.6138418218760693  4776
2.6148972160331345  3966
2.615950051656401  3479
2.617000341120899  4004
2.6180480967120925  4565
2.6190933306267428  4629
2.6201360549737576  5341
2.621176281775035  5680
2.622214022966295  3682
2.6232492903979003  4162
2.6242820958356683  4514
2.625312450961674  3753
2.6263403673750423  3475
2.6273658565927325  3504
2.6283889300503116  3426
2.629409599102719  3763
2.630427875025024  5820
2.6314437690131722  2930
2.6324572921847245  3355
2.6334684555795866  3421
2.6344772701607315  3191
2.635483746814912  4078
2.6364878963533656  2543
2.637489729512511  4710
2.6384892569546374  4154
2.639486489268586  3464
2.640481436970422  4511
2.6414741105040997  3767
2.6424645202421213  4083
2.6434526764861874  2541
2.6444385894678386  3889
2.645422269349092  3686
2.6464037262230695  5465
2.6473829701146196  3432
2.6483600109809315  4721
2.649334858712142  2705
2.6503075231319366  4843
2.651278013998144  2985
2.6522463410033232  2750
2.6532125137753435  3638
2.6541765418779604  2292
2.655138434811382  3565
2.656098202012832  3283
2.6570558528571038  3490
2.6580113966571126  3202
2.658964842664435  3361
2.6599162000698504  2684
2.660865478003869  4335
2.661812685537261  4046
2.662757831681574  3393
2.663700925389648  3374
2.6646419755561257  4034
2.6655809910179533  3288
2.6665179805548807  3189
2.667452952889954  2865
2.66838591669  3552
2.6693168805661123  3639
2.670245853074124  2333
2.6711728427150834  2897
2.6720978579357175  2088
2.673020907128896  2933
2.673941998634088  2367
2.6748611407378116  3445
2.6757783416740852  3775
2.6766936096248664  2796
2.677606952720493  3468
2.678518379040114  3183
2.6794278966121188  4636
2.680335513414563  3028
2.681241237375587  3321
2.682145076373832  2646
2.6830470382388496  3276
2.683947130751512  3247
2.6848453616444123  4280
2.6857417386022635  2649
2.6866362692622934  3579
2.6875289612146345  3624
2.6884198220027105  5051
2.6893088591236203  3532
2.690196080028514  3085
2.6910814921229687  2999
2.69196510276736  2802
2.69284691927723  3802
2.693726948923647  2793
2.694605198933569  3501
2.6954816764901977  2153
2.696356388733332  2805
2.6972293427597176  3117
2.6981005456233897  2977
2.6989700043360187  1983
2.699837725867246  3738
2.7007037171450192  3493
2.7015679850559273  3122
2.7024305364455254  2675
2.7032913781186614  3431
2.7041505168397992  3086
2.705007959333336  2641
2.7058637122839193  3452
2.7067177823367587  2155
2.7075701760979363  2799
2.708420900134713  3128
2.709269960975831  2527
2.7101173651118162  2824
2.710963118995276  2937
2.711807229041191  2348
2.7126497016272113  2892
2.7134905430939424  3444
2.714329759745233  3640
2.7151673578484576  2491
2.716003343634799  2630
2.7168377232995247  3102
2.717670503002262  2815
2.718501688867274  2122
2.7193312869837265  2093
2.720159303405957  2699
2.7209857441537393  3041
2.7218106152125467  2204
2.722633922533812  2339
2.7234556720351857  2311
2.724275869600789  2316
2.725094521081469  2460
2.7259116322950483  2187
2.7267272090265724  2214
2.727541257028556  2718
2.7283537820212285  2400
2.72916478969277  2770
2.7299742856995555  3233
2.7307822756663893  3427
2.7315887651867388  2842
2.7323937598229686  3301
2.7331972651065692  3390
2.733999286538387  2409
2.734799829588847  3028
2.73559889969818  2476
2.7363965022766426  2545
2.7371926427047373  2231
2.737987326333431  2260
2.738780558484369  2086
2.739572344450092  2909
2.7403626894942437  2719
2.741151598851785  2853
2.741939077729199  3297
2.7427251313046983  2330
2.74350976472843  2938
2.7442929831226763  2074
2.7450747915820575  2349
2.745855195173729  2253
2.7466341989375787  2411
2.747411807886423  2751
2.7481880270062002  2312
2.7489628612561616  2960
2.749736315569061  2083
2.7505083948513462  2061
2.751279103983342  2461
2.7520484478194387  2088
2.7528164311882715  2066
2.7535830588929064  2504
2.754348335711019  2602
2.7551122663950713  2094
2.7558748556724915  2122
2.756636108245848  2711
2.7573960287930244  2506
2.75815462196739  2126
2.7589118923979736  2471
2.7596678446896306  2549
2.760422483423212  2815
2.7611758131557314  2372
2.761927838420529  1879
2.762678563727436  2309
2.7634279935629373  2371
2.7641761323903307  2180
2.7649229846498886  1785
2.765668554759014  2329
2.7664128471123997  1892
2.7671558660821804  2403
2.767897616018091  2106
2.7686381012476144  2004
2.7693773260761385  2183
2.7701152947871015  2052
2.7708520116421442  2332
2.7715874808812555  2002
2.77232170672292  2301
2.7730546933642626  2299
2.7737864449811935  1822
2.7745169657285498  2115
2.7752462597402365  2055
2.775974331129369  1909
2.776701183988411  1846
2.7774268223893115  1637
2.7781512503836434  2071
2.7788744720027396  2073
2.7795964912578244  2127
2.780317312140151  1883
2.7810369386211318  1572
2.781755374652469  1902
2.782472624166286  1773
2.7831886910752575  1854
2.783903579272735  1695
2.784617292632875  2101
2.785329835010767  1880
2.786041210242554  1905
2.7867514221455614  1361
2.787460474518415  2039
2.788168371141168  2016
2.788875115775417  1969
2.7895807121644256  1667
2.7902851640332416  1917
2.790988475088816  1674
2.791690649020118  1466
2.792391689498254  1659
2.79309160017658  1518
2.7937903846908188  1451
2.7944880466591697  1624
2.795184589682424  1671
2.7958800173440754  1941
2.7965743332104296  1524
2.7972675408307164  1693
2.797959643737196  1592
2.798650645445269  1265
2.7993405494535817  1584
2.8000293592441343  1655
2.800717078282385  1505
2.801403710017355  1422
2.802089257881733  1476
2.8027737252919755  1761
2.803457115648414  1215
2.8041394323353503  1429
2.8048206787211623  1484
2.8055008581584002  1406
2.806179973983887  1556
2.8068580295188172  1377
2.807535028068853  1663
2.808210972924222  1029
2.808885867359812  1302
2.8095597146352675  1225
2.8102325179950842  1377
2.8109042806687006  1435
2.8115750058705933  1224
2.812244696800369  1519
2.8129133566428557  1223
2.813580988568192  1393
2.81424759573192  1279
2.814913181275074  1242
2.815577748324267  1212
2.816241299991783  1037
2.8169038393756605  1276
2.8175653695597807  1066
2.8182258936139557  1129
2.8188854145940097  1129
2.8195439355418688  926
2.82020145948564  1203
2.8208579894397  1060
2.821513528404773  1048
2.8221680793680175  720
2.8228216453031045  1237
2.823474229170301  966
2.824125833916549  1214
2.824776462475546  967
2.8254261177678233  918
2.8260748027008264  764
2.826722520168992  1187
2.8273692730538253  1009
2.828015064223977  899
2.82865989653532  791
2.829303772831025  820
2.829946695941636  853
2.8305886686851442  858
2.8312296938670634  739
2.8318697742805017  766
2.832508912706236  639
2.833147111912785  683
2.833784374656479  724
2.8344207036815328  637
2.835056101720116  667
2.8356905714924254  581
2.8363241157067516  733
2.8369567370595505  482
2.837588438235511  615
2.8382192219076257  556
2.838849090737255  616
2.8394780473741985  622
2.840106094456758  420
2.8407332346118066  551
2.841359470454855  550
2.8419848045901137  445
2.842609239610562  460
2.8432327780980096  461
2.843855422623161  453
2.8444771757456815  419
2.845098040014257  330
2.8457180179666586  444
2.846337112129805  316
2.846955325019824  419
2.847572659142112  263
2.848189116991399  311
2.8488047010518036  323
2.8494194137968996  287
2.850033257689769  310
2.8506462351830666  213
2.8512583487190755  254
2.851869600729766  216
2.8524799936368566  140
2.8530895298518657  173
2.8536982117761744  207
2.8543060418010806  204
2.8549130223078554  194
2.8555191556678  178
2.8561244442423  141
2.8567288903828825  119
2.8573324964312685  115
2.857935264719429  80
2.858537197569639  103
2.859138297294531  171
2.859738566197147  96
2.8603380065709936  96
2.8609366207000937  79
2.8615344108590377  69
2.862131379313037  66
2.8627275283179747  64
2.863322860120456  89
2.8639173769578603  30
2.864511081058392  62
2.8651039746411278  52
2.8656960599160706  50
2.8662873390841948  47
2.866877814337499  58
2.8674674878590514  29
2.8680563618230415  39
2.8686444383948255  40
2.8692317197309762  20
2.869818207979328  18
2.870403905279027  19
2.8709888137605755  25
2.8715729355458786  27
2.8721562727482928  32
2.8727388274726686  15
2.873320601815399  16
2.8739015978644615  15
2.8744818176994666  5
2.8750612633917  10
2.8756399370041685  14
2.876217840591642  6
2.8767949762007006  8
2.877371345869774  3
2.8779469516291885  3
2.8785217955012063  4
2.8790958795000727  9
2.8796692056320534  5
2.88024177589548  2
2.8808135922807914  4
2.8813846567705728  2
2.8819549713396007  2
2.8825245379548803  1
2.8830933585756897  2
2.884795363948981  3
