0.3010299956639812  104242
0.47712125471966244  77096
0.6020599913279624  60762
0.6989700043360189  76237
0.7781512503836436  72699
0.8450980400142568  73394
0.9030899869919435  71251
0.9542425094393249  70572
1.0  68904
1.0413926851582251  67072
1.0791812460476249  61037
1.1139433523068367  59283
1.146128035678238  61005
1.1760912590556813  48378
1.2041199826559248  44779
1.2304489213782739  46469
1.255272505103306  38841
1.2787536009528289  36548
1.3010299956639813  29873
1.3222192947339193  27794
1.3424226808222062  23571
1.3617278360175928  13439
1.380211241711606  11006
1.3979400086720377  10607
1.414973347970818  8267
1.4313637641589874  7134
1.4471580313422192  8034
1.462397997898956  6602
1.4771212547196624  6351
1.4913616938342726  10718
1.505149978319906  7006
1.5185139398778875  8985
1.5314789170422551  6937
1.5440680443502757  8035
1.5563025007672873  6918
1.568201724066995  7566
1.5797835966168101  4592
1.591064607026499  5857
1.6020599913279623  9944
1.6127838567197355  7690
1.6232492903979006  7359
1.6334684555795864  7271
1.6434526764861874  6569
1.6532125137753437  7645
1.662757831681574  8342
1.6720978579357175  7952
1.6812412373755872  8142
1.6901960800285136  6367
1.6989700043360187  6643
1.7075701760979363  7820
1.7160033436347992  6812
1.724275869600789  12042
1.7323937598229686  7224
1.7403626894942439  6322
1.7481880270062005  7015
1.7558748556724915  4916
1.7634279935629373  8064
1.7708520116421442  7314
1.7781512503836436  7017
1.7853298350107671  8558
1.792391689498254  8559
1.7993405494535817  7497
1.806179973983887  7593
1.8129133566428555  7293
1.8195439355418688  7078
1.8260748027008264  10146
1.8325089127062364  6786
1.8388490907372552  6614
1.845098040014257  7568
1.8512583487190752  7125
1.8573324964312685  6764
1.863322860120456  6649
1.8692317197309762  5143
1.8750612633917  6877
1.8808135922807914  5968
1.8864907251724818  9970
1.8920946026904804  7209
1.8976270912904414  6359
1.9030899869919435  8745
1.9084850188786497  7144
1.9138138523837167  7363
1.919078092376074  7694
1.9242792860618816  6772
1.9294189257142926  9075
1.9344984512435677  9110
1.9395192526186185  7128
1.9444826721501687  8243
1.9493900066449128  7073
1.954242509439325  9623
1.9590413923210936  7829
1.9637878273455553  9445
1.968482948553935  8972
1.9731278535996986  8875
1.9777236052888478  6801
1.9822712330395684  11163
1.9867717342662448  7584
1.9912260756924949  6622
1.99563519459755  5804
2.0  7569
2.0043213737826426  8166
2.0086001717619175  6588
2.012837224705172  7528
2.0170333392987803  8419
2.0211892990699383  7011
2.0253058652647704  6768
2.0293837776852097  8930
2.03342375548695  10367
2.037426497940624  8855
2.041392685158225  7657
2.0453229787866576  6111
2.0492180226701815  8891
2.0530784434834195  5560
2.0569048513364727  7663
2.060697840353612  7737
2.0644579892269186  11192
2.0681858617461617  8680
2.0718820073061255  8541
2.0755469613925306  5749
2.0791812460476247  6544
2.0827853703164503  9722
2.0863598306747484  6638
2.089905111439398  5848
2.093421685162235  6470
2.0969100130080562  6901
2.100370545117563  4891
2.103803720955957  6208
2.1072099696478683  6836
2.110589710299249  8062
2.113943352306837  7499
2.1172712956557644  8584
2.12057393120585  7825
2.123851640967086  9085
2.1271047983648077  6960
2.130333768495006  7092
2.1335389083702174  8782
2.1367205671564067  7131
2.1398790864012365  7066
2.143014800254095  5964
2.146128035678238  8633
2.1492191126553797  12899
2.1522883443830563  7271
2.155336037465062  7742
2.1583624920952498  5642
2.161368002234975  7994
2.164352855784437  4551
2.167317334748176  8752
2.1702617153949575  7562
2.173186268412274  6363
2.1760912590556813  7890
2.1789769472931693  8362
2.1818435879447726  8814
2.184691430817599  9798
2.187520720836463  8760
2.1903316981702914  9485
2.1931245983544616  9223
2.1958996524092336  6996
2.1986570869544226  5935
2.2013971243204513  8876
2.2041199826559246  9307
2.2068258760318495  7265
2.2095150145426308  6807
2.2121876044039577  5864
2.214843848047698  5416
2.2174839442139063  8427
2.220108088040055  6885
2.2227164711475833  5851
2.225309281725863  6784
2.2278867046136734  6424
2.230448921378274  5725
2.2329961103921536  7727
2.2355284469075487  6641
2.2380461031287955  6126
2.2405492482826  7099
2.2430380486862944  6993
2.24551266781415  9665
2.247973266361807  7354
2.250420002308894  6168
2.2528530309798933  6925
2.255272505103306  8939
2.2576785748691846  9774
2.2600713879850747  9715
2.2624510897304293  5068
2.2648178230095364  7580
2.2671717284030137  7467
2.2695129442179165  5841
2.271841606536499  7750
2.27415784926368  5207
2.2764618041732443  9695
2.278753600952829  8277
2.2810333672477277  10534
2.2833012287035497  8675
2.285557309007774  6219
2.287801729930226  6176
2.290034611362518  7142
2.292256071356476  8581
2.294466226161593  8710
2.296665190261531  6252
2.298853076409707  8060
2.3010299956639813  7822
2.303196057420489  8179
2.305351369446624  7394
2.307496037913213  6513
2.3096301674258988  7590
2.311753861055754  7229
2.3138672203691533  8189
2.315970345456918  5937
2.3180633349627615  6428
2.3201462861110542  7948
2.322219294733919  7685
2.3242824552976926  5853
2.326335860928751  8453
2.3283796034387376  4494
2.330413773349191  8614
2.3324384599156054  7065
2.3344537511509307  10553
2.3364597338485296  5498
2.3384564936046046  9301
2.3404441148401185  7479
2.342422680822206  5186
2.3443922736851106  6278
2.346352974450639  7127
2.3483048630481607  6545
2.3502480183341627  6845
2.3521825181113627  7627
2.3541084391474008  7218
2.3560258571931225  5827
2.357934847000454  9092
2.359835482339888  5058
2.361727836017593  7321
2.3636119798921444  7731
2.3654879848909  6781
2.367355921026019  8734
2.369215857410143  5458
2.3710678622717363  6084
2.3729120029701067  8126
2.374748346010104  7982
2.376576957056512  7431
2.3783979009481375  6121
2.380211241711606  8010
2.3820170425748683  4992
2.383815365980431  6419
2.385606273598312  5101
2.387389826338729  10975
2.3891660843645326  8118
2.3909351071033793  9002
2.392696953259666  7486
2.3944516808262164  5996
2.3961993470957363  7288
2.3979400086720375  5920
2.399673721481038  6087
2.401400540781544  8525
2.403120521175818  7129
2.404833716619938  7423
2.406540180433955  10123
2.4082399653118496  8430
2.4099331233312946  5544
2.41161970596323  10240
2.413299764081252  6547
2.4149733479708178  7614
2.416640507338281  3772
2.4183012913197452  8429
2.419955748489758  5602
2.4216039268698313  5513
2.423245873936808  5820
2.424881636631067  7755
2.4265112613645754  5705
2.428134794028789  6301
2.429752280002408  9601
2.4313637641589874  6195
2.432969290874406  8534
2.4345689040341987  8124
2.436162647040756  8057
2.437750562820388  9343
2.439332693830263  7315
2.4409090820652177  8159
2.4424797690644486  9236
2.444044795918076  6117
2.4456042032735974  6231
2.4471580313422194  6322
2.44870631990508  8019
2.450249108319361  8530
2.45178643552429  6047
2.4533183400470375  8878
2.45484486000851  7061
2.456366033129043  8188
2.4578818967339924  6562
2.459392487759231  8207
2.4608978427565478  5884
2.462397997898956  8010
2.4638929889859074  9618
2.4653828514484184  7480
2.4668676203541096  7494
2.4683473304121573  7590
2.469822015978163  8343
2.4712917110589387  4356
2.4727564493172123  8741
2.4742162640762553  7660
2.4756711883244296  7367
2.4771212547196626  5828
2.4785664955938436  6831
2.4800069429571505  7668
2.481442628502305  6288
2.482873583608754  7617
2.484299839346786  7192
2.48572142648158  5084
2.4871383754771865  5991
2.4885507165004443  8668
2.4899584794248346  7438
2.4913616938342726  9262
2.4927603890268375  8681
2.494154594018443  7494
2.4955443375464483  6174
2.496929648073215  8260
2.4983105537896004  5621
2.499687082618404  8159
2.5010592622177517  6676
2.5024271199844326  7785
2.503790683057181  7528
2.505149978319906  8240
2.506505032404872  6845
2.507855871695831  8319
2.509202522331103  6137
2.510545010206612  7065
2.5118833609788744  8318
2.513217600067939  9613
2.514547752660286  8366
2.515873843711679  8229
2.5171958979499744  7364
2.5185139398778875  6937
2.519827993775719  6421
2.5211380837040362  5862
2.5224442335063197  8052
2.5237464668115646  7451
2.525044807036845  5876
2.526339277389844  5025
2.5276299008713385  7125
2.5289167002776547  5879
2.530199698203082  10260
2.531478917042255  8751
2.5327543789924976  5374
2.534026106056135  7233
2.5352941200427703  9164
2.53655844257153  8089
2.537819095073274  5778
2.5390760987927767  8040
2.5403294747908736  8240
2.5415792439465807  6989
2.5428254269591797  7802
2.5440680443502757  6733
2.545307116465824  6437
2.546542663478131  7231
2.5477747053878224  5065
2.5490032620257876  8349
2.550228353055094  5805
2.5514499979728753  5714
2.552668216112193  6938
2.5538830266438746  6403
2.5550944485783194  7829
2.5563025007672873  5551
2.5575072019056577  4566
2.558708570533166  5833
2.5599066250361124  7956
2.561101383649056  5015
2.5622928644564746  4481
2.5634810853944106  5378
2.5646660642520893  6597
2.5658478186735176  4934
2.56702636615906  7024
2.568201724066995  5527
2.569373909615046  5889
2.5705429398818973  6675
2.571708831808688  6288
2.5728716022004803  7895
2.574031267727719  7361
2.575187844927661  7988
2.576341350205793  6133
2.5774917998372255  5109
2.578639209968072  6756
2.57978359661681  5117
2.5809249756756194  8300
2.582063362911709  9000
2.583198773968623  6297
2.584331224367531  6815
2.5854607295085006  7734
2.586587304671755  7413
2.5877109650189114  9764
2.5888317255942073  7098
2.5899496013257077  4174
2.591064607026499  6410
2.5921767573958667  7572
2.593286067020457  5944
2.5943925503754266  8947
2.595496221825574  8442
2.59659709562646  6590
2.597695185925512  8540
2.598790506763115  6566
2.5998830720736876  7086
2.6009728956867484  6332
2.6020599913279625  8179
2.603144372620182  8643
2.60422605308447  7724
2.6053050461411096  6867
2.606381365110605  7255
2.6074550232146687  5836
2.6085260335771943  7618
2.60959440922522  8001
2.61066016308988  7320
2.611723308007342  7337
2.6127838567197355  6154
2.6138418218760693  7569
2.6148972160331345  7029
2.615950051656401  6033
2.617000341120899  5207
2.6180480967120925  6981
2.6190933306267428  7775
2.6201360549737576  6611
2.621176281775035  7521
2.622214022966295  5375
2.6232492903979003  6788
2.6242820958356683  8027
2.625312450961674  8299
2.6263403673750423  6835
2.6273658565927325  6733
2.6283889300503116  9598
2.629409599102719  8719
2.630427875025024  8066
2.6314437690131722  7067
2.6324572921847245  6615
2.6334684555795866  9444
2.6344772701607315  6158
2.635483746814912  6621
2.6364878963533656  6749
2.637489729512511  5877
2.6384892569546374  6142
2.639486489268586  6644
2.640481436970422  8144
2.6414741105040997  7272
2.6424645202421213  7031
2.6434526764861874  6591
2.6444385894678386  7343
2.645422269349092  6724
2.6464037262230695  7755
2.6473829701146196  5271
2.6483600109809315  7783
2.649334858712142  8168
2.6503075231319366  6396
2.651278013998144  5558
2.6522463410033232  5607
2.6532125137753435  8802
2.6541765418779604  9259
2.655138434811382  7116
2.656098202012832  7303
2.6570558528571038  5949
2.6580113966571126  7189
2.658964842664435  9032
2.6599162000698504  6768
2.660865478003869  6189
2.661812685537261  6783
2.662757831681574  6796
2.663700925389648  6231
2.6646419755561257  5365
2.6655809910179533  6754
2.6665179805548807  6299
2.667452952889954  6006
2.66838591669  5659
2.6693168805661123  7569
2.670245853074124  6696
2.6711728427150834  8760
2.6720978579357175  6229
2.673020907128896  6028
2.673941998634088  6383
2.6748611407378116  7249
2.6757783416740852  7450
2.6766936096248664  4993
2.677606952720493  5280
2.678518379040114  7166
2.6794278966121188  5641
2.680335513414563  7294
2.681241237375587  7615
2.682145076373832  8252
2.6830470382388496  7388
2.683947130751512  7527
2.6848453616444123  5880
2.6857417386022635  6734
2.6866362692622934  6506
2.6875289612146345  5759
2.6884198220027105  6843
2.6893088591236203  5367
2.690196080028514  6595
2.6910814921229687  6593
2.69196510276736  5500
2.69284691927723  6341
2.693726948923647  8277
2.694605198933569  5768
2.6954816764901977  5352
2.696356388733332  5307
2.6972293427597176  6978
2.6981005456233897  5727
2.6989700043360187  7059
2.699837725867246  4855
2.7007037171450192  4631
2.7015679850559273  6950
2.7024305364455254  6406
2.7032913781186614  7914
2.7041505168397992  7468
2.705007959333336  8427
2.7058637122839193  7022
2.7067177823367587  4710
2.7075701760979363  6248
2.708420900134713  7512
2.709269960975831  7426
2.7101173651118162  5924
2.710963118995276  6441
2.711807229041191  7497
2.7126497016272113  4508
2.7134905430939424  5341
2.714329759745233  3810
2.7151673578484576  7411
2.716003343634799  7098
2.7168377232995247  5853
2.717670503002262  6339
2.718501688867274  6095
2.7193312869837265  6030
2.720159303405957  5669
2.7209857441537393  5006
2.7218106152125467  7194
2.722633922533812  6716
2.7234556720351857  6591
2.724275869600789  4746
2.725094521081469  5388
2.7259116322950483  6530
2.7267272090265724  6923
2.727541257028556  5601
2.7283537820212285  5530
2.72916478969277  7474
2.7299742856995555  6616
2.7307822756663893  4401
2.7315887651867388  7543
2.7323937598229686  7538
2.7331972651065692  6305
2.733999286538387  5282
2.734799829588847  6840
2.73559889969818  5390
2.7363965022766426  5922
2.7371926427047373  6549
2.737987326333431  5471
2.738780558484369  5100
2.739572344450092  6250
2.7403626894942437  6161
2.741151598851785  6566
2.741939077729199  8965
2.7427251313046983  6469
2.74350976472843  6538
2.7442929831226763  6050
2.7450747915820575  5155
2.745855195173729  5413
2.7466341989375787  7305
2.747411807886423  5525
2.7481880270062002  4833
2.7489628612561616  5003
2.749736315569061  6221
2.7505083948513462  6098
2.751279103983342  5049
2.7520484478194387  7332
2.7528164311882715  5756
2.7535830588929064  4964
2.754348335711019  7052
2.7551122663950713  6348
2.7558748556724915  5282
2.756636108245848  6651
2.7573960287930244  7210
2.75815462196739  5484
2.7589118923979736  8194
2.7596678446896306  7242
2.760422483423212  5185
2.7611758131557314  6149
2.761927838420529  6277
2.762678563727436  5993
2.7634279935629373  6037
2.7641761323903307  5273
2.7649229846498886  5246
2.765668554759014  5974
2.7664128471123997  6183
2.7671558660821804  4522
2.767897616018091  5504
2.7686381012476144  4815
2.7693773260761385  5669
2.7701152947871015  5035
2.7708520116421442  4898
2.7715874808812555  4607
2.77232170672292  4364
2.7730546933642626  5481
2.7737864449811935  6099
2.7745169657285498  4506
2.7752462597402365  4975
2.775974331129369  5741
2.776701183988411  5211
2.7774268223893115  4860
2.7781512503836434  6609
2.7788744720027396  4563
2.7795964912578244  4919
2.780317312140151  4361
2.7810369386211318  6001
2.781755374652469  5946
2.782472624166286  5547
2.7831886910752575  5362
2.783903579272735  5662
2.784617292632875  5089
2.785329835010767  7092
2.786041210242554  5098
2.7867514221455614  5799
2.787460474518415  5723
2.788168371141168  4692
2.788875115775417  5286
2.7895807121644256  4834
2.7902851640332416  6243
2.790988475088816  5499
2.791690649020118  5394
2.792391689498254  4650
2.79309160017658  4666
2.7937903846908188  5569
2.7944880466591697  4714
2.795184589682424  5688
2.7958800173440754  6122
2.7965743332104296  4855
2.7972675408307164  5423
2.797959643737196  5622
2.798650645445269  5977
2.7993405494535817  5717
2.8000293592441343  3985
2.800717078282385  4396
2.801403710017355  5099
2.802089257881733  5158
2.8027737252919755  6040
2.803457115648414  5107
2.8041394323353503  4549
2.8048206787211623  5190
2.8055008581584002  6368
2.806179973983887  5103
2.8068580295188172  4212
2.807535028068853  5136
2.808210972924222  5064
2.808885867359812  5098
2.8095597146352675  5322
2.8102325179950842  4605
2.8109042806687006  5091
2.8115750058705933  5059
2.812244696800369  4743
2.8129133566428557  6310
2.813580988568192  4485
2.81424759573192  5281
2.814913181275074  4708
2.815577748324267  4631
2.816241299991783  5410
2.8169038393756605  5118
2.8175653695597807  6882
2.8182258936139557  5348
2.8188854145940097  4829
2.8195439355418688  5052
2.82020145948564  5264
2.8208579894397  5345
2.821513528404773  3442
2.8221680793680175  4976
2.8228216453031045  4780
2.823474229170301  4610
2.824125833916549  5583
2.824776462475546  5588
2.8254261177678233  4887
2.8260748027008264  4122
2.826722520168992  5194
2.8273692730538253  3924
2.828015064223977  4345
2.82865989653532  3630
2.829303772831025  4647
2.829946695941636  4060
2.8305886686851442  4107
2.8312296938670634  4727
2.8318697742805017  4888
2.832508912706236  4684
2.833147111912785  4585
2.833784374656479  4129
2.8344207036815328  5365
2.835056101720116  5109
2.8356905714924254  4534
2.8363241157067516  5569
2.8369567370595505  3594
2.837588438235511  5242
2.8382192219076257  4283
2.838849090737255  4550
2.8394780473741985  5143
2.840106094456758  4330
2.8407332346118066  4373
2.841359470454855  3844
2.8419848045901137  3335
2.842609239610562  5606
2.8432327780980096  4011
2.843855422623161  4851
2.8444771757456815  4088
2.845098040014257  4940
2.8457180179666586  4206
2.846337112129805  4592
2.846955325019824  4401
2.847572659142112  4011
2.848189116991399  4304
2.8488047010518036  4207
2.8494194137968996  3979
2.850033257689769  3860
2.8506462351830666  4172
2.8512583487190755  5149
2.851869600729766  4217
2.8524799936368566  4481
2.8530895298518657  4535
2.8536982117761744  4228
2.8543060418010806  4925
2.8549130223078554  3220
2.8555191556678  4215
2.8561244442423  4802
2.8567288903828825  4486
2.8573324964312685  3794
2.857935264719429  4159
2.858537197569639  3655
2.859138297294531  3537
2.859738566197147  2746
2.8603380065709936  3459
2.8609366207000937  3293
2.8615344108590377  2755
2.862131379313037  3551
2.8627275283179747  3448
2.863322860120456  3432
2.8639173769578603  3436
2.864511081058392  3793
2.8651039746411278  3378
2.8656960599160706  3765
2.8662873390841948  3718
2.866877814337499  3211
2.8674674878590514  3431
2.8680563618230415  3701
2.8686444383948255  3906
2.8692317197309762  3751
2.869818207979328  2925
2.870403905279027  3538
2.8709888137605755  3080
2.8715729355458786  3636
2.8721562727482928  3646
2.8727388274726686  3210
2.873320601815399  3193
2.8739015978644615  3764
2.8744818176994666  3814
2.8750612633917  3534
2.8756399370041685  3302
2.876217840591642  3579
2.8767949762007006  3814
2.877371345869774  3158
2.8779469516291885  3345
2.8785217955012063  3182
2.8790958795000727  3077
2.8796692056320534  3345
2.88024177589548  3597
2.8808135922807914  3132
2.8813846567705728  3061
2.8819549713396007  2591
2.8825245379548803  3572
2.8830933585756897  3124
2.8836614351536176  3268
2.884228769632604  2823
2.884795363948981  2612
2.885361220031512  2878
2.885926339801431  2794
2.886490725172482  3351
2.8870543780509568  2913
2.887617300335736  2960
2.888179493918325  2910
2.8887409606828927  2705
2.88930170250631  2405
2.8898617212581885  2927
2.890421018800914  2751
2.890979596989689  2496
2.8915374576725643  2845
2.8920946026904804  2494
2.8926510338773004  3138
2.893206753059848  2482
2.8937617620579434  2586
2.8943160626844384  2776
2.8948696567452528  2410
2.895422546039408  2778
2.8959747323590648  2760
2.8965262174895554  2843
2.89707700320942  2360
2.8976270912904414  2498
2.8981764834976764  2651
2.8987251815894934  2483
2.8992731873176036  2435
2.8998205024270964  2415
2.9003671286564705  2221
2.900913067737669  2419
2.9014583213961123  2280
2.9020028913507296  2208
2.902546779313991  2129
2.9030899869919438  2425
2.9036325160842376  2322
2.9041743682841634  2171
2.904715545278681  2093
2.905256048748451  2045
2.9057958803678687  2023
2.906335041805091  2264
2.90687353472207  2355
2.907411360774586  1819
2.9079485216122722  2258
2.90848501887865  2450
2.909020854211156  2094
2.9095560292411755  1816
2.910090545594068  2104
2.910624404889201  2029
2.9111576087399764  1827
2.9116901587538613  1803
2.9122220565324155  1795
2.912753303671323  1783
2.9132839017604186  1991
2.9138138523837167  1789
2.9143431571194407  1625
2.9148718175400505  1759
2.91539983521227  1383
2.9159272116971158  1574
2.916453948549925  1702
2.9169800473203824  1522
2.9175055095525466  1609
2.9180303367848803  1631
2.9185545305502734  1355
2.9190780923760737  1176
2.919601023784111  1460
2.920123326290724  1619
2.9206450014067875  1535
2.921166050637739  1365
2.921686475483602  1307
2.9222062774390163  1132
2.92272545799326  1314
2.9232440186302764  1225
2.9237619608287004  1172
2.9242792860618816  1127
2.924795995797912  1157
2.9253120914996495  1101
2.9258275746247424  1106
2.926342446625655  1132
2.926856708949692  1154
2.9273703630390235  943
2.9278834103307068  1043
2.9283958522567137  1104
2.928907690243953  1019
2.929418925714293  870
2.929929560084588  890
2.9304395947667  750
2.930949031167523  833
2.931457870689005  744
2.931966114728173  811
2.932473764677153  724
2.932980821923198  645
2.9334872878487053  700
2.9339931638312424  641
2.934498451243568  613
2.935003151453655  582
2.9355072658247128  540
2.9360107957152097  718
2.936513742478893  483
2.9370161074648142  478
2.937517892017347  493
2.9380190974762104  412
2.938519725176492  486
2.9390197764486663  538
2.9395192526186187  398
2.9400181550076634  404
2.940516484932567  316
2.9410142437055695  327
2.941511432634403  305
2.942008053022313  401
2.9425041061680806  251
2.9429995933660407  322
2.9434945159061026  241
2.9439888750737717  255
2.9444826721501687  264
2.9449759084120477  202
2.94546858513182  198
2.9459607035775686  212
2.946452265013073  171
2.9469432706978256  203
2.9474337218870508  173
2.9479236198317262  168
2.948412965778601  175
2.9489017609702137  136
2.949390006644913  187
2.949877704036875  109
2.950364854376123  98
2.9508514588885464  98
2.951337518795918  115
2.951823035315912  73
2.9523080096621253  54
2.952792443044092  84
2.9532763366673045  112
2.9537596917332287  150
2.9542425094393248  88
2.954724790979063  69
2.9552065375419416  48
2.9556877503135057  36
2.9561684304753633  48
2.9566485792052033  47
2.957128197676813  32
2.957607287060095  32
2.958085848521085  27
2.9585638832219674  27
2.9590413923210934  45
2.9595183769729982  38
2.959994838328416  23
2.960470777534299  20
2.960946195733831  26
2.9614210940664485  20
2.9618954736678504  16
2.962369335670021  15
2.9628426812012423  25
2.9633155113861114  8
2.963787827345555  29
2.964259630196849  8
2.9647309210536292  4
2.965201701025912  9
2.9656719712201065  10
2.9661417327390325  7
2.966610986681934  7
2.967079734144497  6
2.967547976218862  10
2.968015713993642  4
2.9684829485539352  3
2.9689496809813427  6
2.9694159123539814  8
2.9698816437465  15
2.9703468762300935  2
2.9708116108725178  7
2.971739590887778  3
2.9722028383790646  2
2.972665592266111  2
2.973589623427257  3
2.9740509027928774  1
2.9745116927373285  3
2.975431808509263  8
2.9763499790032735  3
2.976808337338066  3
2.977266212427293  5
2.9777236052888476  1
2.978180516937414  1
2.9786369483844743  1
2.979548374704095  1
2.9800033715837464  1
2.9804578922761  1
