0.3010299956639812  4433
0.47712125471966244  4395
0.6020599913279624  4564
0.6989700043360189  4499
0.7781512503836436  4583
0.8450980400142568  4415
0.9030899869919435  4438
0.9542425094393249  4480
1.0  4676
1.0413926851582251  4384
1.0791812460476249  4381
1.1139433523068367  4604
1.146128035678238  4577
1.1760912590556813  4536
1.2041199826559248  4531
1.2304489213782739  4527
1.255272505103306  4505
1.2787536009528289  4606
1.3010299956639813  4394
1.3222192947339193  4375
1.3424226808222062  4353
1.3617278360175928  4453
1.380211241711606  4405
1.3979400086720377  4630
1.414973347970818  4478
1.4313637641589874  4480
1.4471580313422192  4335
1.462397997898956  4281
1.4771212547196624  4098
1.4913616938342726  3879
1.505149978319906  4047
1.5185139398778875  3898
1.5314789170422551  3898
1.5440680443502757  3862
1.5563025007672873  3716
1.568201724066995  3714
1.5797835966168101  3832
1.591064607026499  3733
1.6020599913279623  3572
1.6127838567197355  3724
1.6232492903979006  3833
1.6334684555795864  3708
1.6434526764861874  3770
1.6532125137753437  3745
1.662757831681574  3800
1.6720978579357175  3734
1.6812412373755872  3602
1.6901960800285136  3799
1.6989700043360187  3679
1.7075701760979363  3747
1.7160033436347992  3765
1.724275869600789  3780
1.7323937598229686  3800
1.7403626894942439  3692
1.7481880270062005  3675
1.7558748556724915  3603
1.7634279935629373  3604
1.7708520116421442  3762
1.7781512503836436  3766
1.7853298350107671  3708
1.792391689498254  3854
1.7993405494535817  3677
1.806179973983887  3790
1.8129133566428555  3768
1.8195439355418688  3762
1.8260748027008264  3721
1.8325089127062364  3785
1.8388490907372552  3770
1.845098040014257  3764
1.8512583487190752  3751
1.8573324964312685  3824
1.863322860120456  3867
1.8692317197309762  3820
1.8750612633917  3697
1.8808135922807914  3733
1.8864907251724818  3892
1.8920946026904804  3669
1.8976270912904414  3729
1.9030899869919435  3779
1.9084850188786497  3892
1.9138138523837167  3647
1.919078092376074  3705
1.9242792860618816  3597
1.9294189257142926  3923
1.9344984512435677  3842
1.9395192526186185  3746
1.9444826721501687  3804
1.9493900066449128  3745
1.954242509439325  3724
1.9590413923210936  3770
1.9637878273455553  3861
1.968482948553935  3741
1.9731278535996986  3726
1.9777236052888478  3717
1.9822712330395684  3742
1.9867717342662448  3758
1.9912260756924949  3741
1.99563519459755  3653
2.0  3706
2.0043213737826426  3698
2.0086001717619175  3782
2.012837224705172  3731
2.0170333392987803  3763
2.0211892990699383  3704
2.0253058652647704  3938
2.0293837776852097  3817
2.03342375548695  3620
2.037426497940624  3793
2.041392685158225  3848
2.0453229787866576  3710
2.0492180226701815  3607
2.0530784434834195  3829
2.0569048513364727  3579
2.060697840353612  3697
2.0644579892269186  3804
2.0681858617461617  3795
2.0718820073061255  3703
2.0755469613925306  3744
2.0791812460476247  3680
2.0827853703164503  3762
2.0863598306747484  3682
2.089905111439398  3657
2.093421685162235  3731
2.0969100130080562  3731
2.100370545117563  3700
2.103803720955957  3775
2.1072099696478683  3736
2.110589710299249  3681
2.113943352306837  3884
2.1172712956557644  3671
2.12057393120585  3770
2.123851640967086  3678
2.1271047983648077  3636
2.130333768495006  3793
2.1335389083702174  3767
2.1367205671564067  3555
2.1398790864012365  3695
2.143014800254095  3698
2.146128035678238  3636
2.1492191126553797  3807
2.1522883443830563  3618
2.155336037465062  3775
2.1583624920952498  3726
2.161368002234975  3720
2.164352855784437  3702
2.167317334748176  3803
2.1702617153949575  3669
2.173186268412274  3832
2.1760912590556813  3790
2.1789769472931693  3588
2.1818435879447726  3741
2.184691430817599  3706
2.187520720836463  3792
2.1903316981702914  3774
2.1931245983544616  3752
2.1958996524092336  3619
2.1986570869544226  3628
2.2013971243204513  3800
2.2041199826559246  3732
2.2068258760318495  3730
2.2095150145426308  3731
2.2121876044039577  3854
2.214843848047698  3726
2.2174839442139063  3738
2.220108088040055  3718
2.2227164711475833  3711
2.225309281725863  3760
2.2278867046136734  3746
2.230448921378274  3753
2.2329961103921536  3787
2.2355284469075487  3680
2.2380461031287955  3862
2.2405492482826  3726
2.2430380486862944  3669
2.24551266781415  3723
2.247973266361807  3672
2.250420002308894  3611
2.2528530309798933  3719
2.255272505103306  3671
2.2576785748691846  3741
2.2600713879850747  3651
2.2624510897304293  3724
2.2648178230095364  3694
2.2671717284030137  3816
2.2695129442179165  3643
2.271841606536499  3876
2.27415784926368  3735
2.2764618041732443  3838
2.278753600952829  3765
2.2810333672477277  3904
2.2833012287035497  3750
2.285557309007774  3613
2.287801729930226  3713
2.290034611362518  3793
2.292256071356476  3715
2.294466226161593  3732
2.296665190261531  3716
2.298853076409707  3719
2.3010299956639813  3913
2.303196057420489  3726
2.305351369446624  3769
2.307496037913213  3748
2.3096301674258988  3849
2.311753861055754  3764
2.3138672203691533  3694
2.315970345456918  3752
2.3180633349627615  3756
2.3201462861110542  3713
2.322219294733919  3644
2.3242824552976926  3738
2.326335860928751  3826
2.3283796034387376  3899
2.330413773349191  3638
2.3324384599156054  3566
2.3344537511509307  3654
2.3364597338485296  3718
2.3384564936046046  3834
2.3404441148401185  3775
2.342422680822206  3864
2.3443922736851106  3693
2.346352974450639  3880
2.3483048630481607  3704
2.3502480183341627  3748
2.3521825181113627  3699
2.3541084391474008  3749
2.3560258571931225  3864
2.357934847000454  3687
2.359835482339888  3705
2.361727836017593  3879
2.3636119798921444  3578
2.3654879848909  3701
2.367355921026019  3785
2.369215857410143  3804
2.3710678622717363  3659
2.3729120029701067  3806
2.374748346010104  3805
2.376576957056512  3579
2.3783979009481375  3681
2.380211241711606  3747
2.3820170425748683  3803
2.383815365980431  3620
2.385606273598312  3746
2.387389826338729  3738
2.3891660843645326  3681
2.3909351071033793  3757
2.392696953259666  3657
2.3944516808262164  3788
2.3961993470957363  3721
2.3979400086720375  3695
2.399673721481038  3779
2.401400540781544  3797
2.403120521175818  3737
2.404833716619938  3682
2.406540180433955  3915
2.4082399653118496  3656
2.4099331233312946  3819
2.41161970596323  3656
2.413299764081252  3711
2.4149733479708178  3755
2.416640507338281  3802
2.4183012913197452  3670
2.419955748489758  3826
2.4216039268698313  3701
2.423245873936808  3727
2.424881636631067  3750
2.4265112613645754  3778
2.428134794028789  3674
2.429752280002408  3760
2.4313637641589874  3805
2.432969290874406  3848
2.4345689040341987  3825
2.436162647040756  3551
2.437750562820388  3895
2.439332693830263  3661
2.4409090820652177  3806
2.4424797690644486  3824
2.444044795918076  3615
2.4456042032735974  3856
2.4471580313422194  3733
2.44870631990508  3807
2.450249108319361  3708
2.45178643552429  3830
2.4533183400470375  3745
2.45484486000851  3798
2.456366033129043  3698
2.4578818967339924  3715
2.459392487759231  3732
2.4608978427565478  3644
2.462397997898956  3860
2.4638929889859074  3699
2.4653828514484184  3796
2.4668676203541096  3904
2.4683473304121573  3712
2.469822015978163  3828
2.4712917110589387  3728
2.4727564493172123  3767
2.4742162640762553  3732
2.4756711883244296  3787
2.4771212547196626  3814
2.4785664955938436  3801
2.4800069429571505  3734
2.481442628502305  3627
2.482873583608754  3883
2.484299839346786  3729
2.48572142648158  3709
2.4871383754771865  3916
2.4885507165004443  3781
2.4899584794248346  3757
2.4913616938342726  3876
2.4927603890268375  3733
2.494154594018443  3753
2.4955443375464483  3728
2.496929648073215  3900
2.4983105537896004  3680
2.499687082618404  3572
2.5010592622177517  3760
2.5024271199844326  3656
2.503790683057181  3848
2.505149978319906  3652
2.506505032404872  3714
2.507855871695831  3805
2.509202522331103  3704
2.510545010206612  3698
2.5118833609788744  3708
2.513217600067939  3776
2.514547752660286  3692
2.515873843711679  3666
2.5171958979499744  3809
2.5185139398778875  3701
2.519827993775719  3781
2.5211380837040362  3706
2.5224442335063197  3752
2.5237464668115646  3813
2.525044807036845  3784
2.526339277389844  3825
2.5276299008713385  3799
2.5289167002776547  3737
2.530199698203082  3779
2.531478917042255  3761
2.5327543789924976  3631
2.534026106056135  3728
2.5352941200427703  3752
2.53655844257153  3825
2.537819095073274  3755
2.5390760987927767  3843
2.5403294747908736  3773
2.5415792439465807  3658
2.5428254269591797  3874
2.5440680443502757  3705
2.545307116465824  3770
2.546542663478131  3729
2.5477747053878224  3892
2.5490032620257876  3807
2.550228353055094  3679
2.5514499979728753  3771
2.552668216112193  3777
2.5538830266438746  3824
2.5550944485783194  3734
2.5563025007672873  3669
2.5575072019056577  3822
2.558708570533166  3834
2.5599066250361124  3767
2.561101383649056  3672
2.5622928644564746  3618
2.5634810853944106  3621
2.5646660642520893  3565
2.5658478186735176  3780
2.56702636615906  3698
2.568201724066995  3851
2.569373909615046  3909
2.5705429398818973  3804
2.571708831808688  3772
2.5728716022004803  3820
2.574031267727719  3791
2.575187844927661  3690
2.576341350205793  3727
2.5774917998372255  3629
2.578639209968072  3726
2.57978359661681  3808
2.5809249756756194  3832
2.582063362911709  3736
2.583198773968623  3756
2.584331224367531  3856
2.5854607295085006  3609
2.586587304671755  3761
2.5877109650189114  3804
2.5888317255942073  3718
2.5899496013257077  3787
2.591064607026499  3825
2.5921767573958667  3807
2.593286067020457  3542
2.5943925503754266  3721
2.595496221825574  3728
2.59659709562646  3773
2.597695185925512  3716
2.598790506763115  3774
2.5998830720736876  3576
2.6009728956867484  3930
2.6020599913279625  3770
2.603144372620182  3662
2.60422605308447  3709
2.6053050461411096  3801
2.606381365110605  3694
2.6074550232146687  3785
2.6085260335771943  3811
2.60959440922522  3806
2.61066016308988  3718
2.611723308007342  3820
2.6127838567197355  3533
2.6138418218760693  3848
2.6148972160331345  3715
2.615950051656401  3706
2.617000341120899  3708
2.6180480967120925  3832
2.6190933306267428  3684
2.6201360549737576  3698
2.621176281775035  3649
2.622214022966295  3861
2.6232492903979003  3821
2.6242820958356683  3664
2.625312450961674  3802
2.6263403673750423  3760
2.6273658565927325  3792
2.6283889300503116  3783
2.629409599102719  3888
2.630427875025024  3771
2.6314437690131722  3612
2.6324572921847245  3638
2.6334684555795866  3729
2.6344772701607315  3673
2.635483746814912  3566
2.6364878963533656  3779
2.637489729512511  3591
2.6384892569546374  3575
2.639486489268586  3738
2.640481436970422  3765
2.6414741105040997  3568
2.6424645202421213  3682
2.6434526764861874  3656
2.6444385894678386  3742
2.645422269349092  3598
2.6464037262230695  3541
2.6473829701146196  3720
2.6483600109809315  3646
2.649334858712142  3675
2.6503075231319366  3666
2.651278013998144  3805
2.6522463410033232  3862
2.6532125137753435  3789
2.6541765418779604  3583
2.655138434811382  3753
2.656098202012832  3759
2.6570558528571038  3672
2.6580113966571126  3669
2.658964842664435  3784
2.6599162000698504  3780
2.660865478003869  3721
2.661812685537261  3786
2.662757831681574  3678
2.663700925389648  3752
2.6646419755561257  3722
2.6655809910179533  3688
2.6665179805548807  3856
2.667452952889954  3677
2.66838591669  3798
2.6693168805661123  3650
2.670245853074124  3777
2.6711728427150834  3723
2.6720978579357175  3775
2.673020907128896  3718
2.673941998634088  3764
2.6748611407378116  3770
2.6757783416740852  3719
2.6766936096248664  3710
2.677606952720493  3776
2.678518379040114  3808
2.6794278966121188  3762
2.680335513414563  3787
2.681241237375587  3608
2.682145076373832  3867
2.6830470382388496  3690
2.683947130751512  3781
2.6848453616444123  3808
2.6857417386022635  3743
2.6866362692622934  3739
2.6875289612146345  3861
2.6884198220027105  3563
2.6893088591236203  3767
2.690196080028514  3866
2.6910814921229687  3743
2.69196510276736  3810
2.69284691927723  3755
2.693726948923647  3698
2.694605198933569  3716
2.6954816764901977  3781
2.696356388733332  3880
2.6972293427597176  3771
2.6981005456233897  3729
2.6989700043360187  3762
2.699837725867246  3695
2.7007037171450192  3657
2.7015679850559273  3759
2.7024305364455254  3763
2.7032913781186614  3955
2.7041505168397992  3819
2.705007959333336  3740
2.7058637122839193  3728
2.7067177823367587  3577
2.7075701760979363  3791
2.708420900134713  3951
2.709269960975831  3689
2.7101173651118162  3783
2.710963118995276  3748
2.711807229041191  3699
2.7126497016272113  3701
2.7134905430939424  3838
2.714329759745233  3683
2.7151673578484576  3666
2.716003343634799  3656
2.7168377232995247  3725
2.717670503002262  3615
2.718501688867274  3903
2.7193312869837265  3658
2.720159303405957  3671
2.7209857441537393  3670
2.7218106152125467  3756
2.722633922533812  3698
2.7234556720351857  3779
2.724275869600789  3760
2.725094521081469  3717
2.7259116322950483  3819
2.7267272090265724  3638
2.727541257028556  3808
2.7283537820212285  3744
2.72916478969277  3685
2.7299742856995555  3860
2.7307822756663893  3844
2.7315887651867388  3922
2.7323937598229686  3708
2.7331972651065692  3562
2.733999286538387  3845
2.734799829588847  3680
2.73559889969818  3747
2.7363965022766426  3799
2.7371926427047373  3873
2.737987326333431  3706
2.738780558484369  3803
2.739572344450092  3643
2.7403626894942437  3725
2.741151598851785  3818
2.741939077729199  3687
2.7427251313046983  3689
2.74350976472843  3738
2.7442929831226763  3674
2.7450747915820575  3800
2.745855195173729  3659
2.7466341989375787  3782
2.747411807886423  3687
2.7481880270062002  3706
2.7489628612561616  3912
2.749736315569061  3505
2.7505083948513462  3914
2.751279103983342  3665
2.7520484478194387  3688
2.7528164311882715  3904
2.7535830588929064  3775
2.754348335711019  3680
2.7551122663950713  3905
2.7558748556724915  3689
2.756636108245848  3667
2.7573960287930244  3640
2.75815462196739  3816
2.7589118923979736  3797
2.7596678446896306  3676
2.760422483423212  3741
2.7611758131557314  3817
2.761927838420529  3855
2.762678563727436  3754
2.7634279935629373  3912
2.7641761323903307  3757
2.7649229846498886  3781
2.765668554759014  3674
2.7664128471123997  3724
2.7671558660821804  3665
2.767897616018091  3604
2.7686381012476144  3793
2.7693773260761385  3766
2.7701152947871015  3841
2.7708520116421442  3669
2.7715874808812555  3724
2.77232170672292  3754
2.7730546933642626  3805
2.7737864449811935  3893
2.7745169657285498  3670
2.7752462597402365  3677
2.775974331129369  3880
2.776701183988411  3790
2.7774268223893115  3768
2.7781512503836434  3660
2.7788744720027396  3817
2.7795964912578244  3743
2.780317312140151  3786
2.7810369386211318  3634
2.781755374652469  3805
2.782472624166286  3627
2.7831886910752575  3708
2.783903579272735  3750
2.784617292632875  3779
2.785329835010767  3677
2.786041210242554  3715
2.7867514221455614  3763
2.787460474518415  3922
2.788168371141168  3706
2.788875115775417  3746
2.7895807121644256  3679
2.7902851640332416  3598
2.790988475088816  3717
2.791690649020118  3819
2.792391689498254  3809
2.79309160017658  3780
2.7937903846908188  3755
2.7944880466591697  3679
2.795184589682424  3605
2.7958800173440754  3744
2.7965743332104296  3690
2.7972675408307164  3627
2.797959643737196  3632
2.798650645445269  3835
2.7993405494535817  3832
2.8000293592441343  3840
2.800717078282385  3576
2.801403710017355  3776
2.802089257881733  3832
2.8027737252919755  3747
2.803457115648414  3686
2.8041394323353503  3700
2.8048206787211623  3764
2.8055008581584002  3686
2.806179973983887  3720
2.8068580295188172  3687
2.807535028068853  3996
2.808210972924222  3688
2.808885867359812  3666
2.8095597146352675  3713
2.8102325179950842  3621
2.8109042806687006  3683
2.8115750058705933  3807
2.812244696800369  3750
2.8129133566428557  3658
2.813580988568192  3784
2.81424759573192  3893
2.814913181275074  3841
2.815577748324267  3653
2.816241299991783  3716
2.8169038393756605  3802
2.8175653695597807  3607
2.8182258936139557  3779
2.8188854145940097  3938
2.8195439355418688  3754
2.82020145948564  3640
2.8208579894397  3756
2.821513528404773  3673
2.8221680793680175  3825
2.8228216453031045  3663
2.823474229170301  3667
2.824125833916549  3706
2.824776462475546  3751
2.8254261177678233  3807
2.8260748027008264  3733
2.826722520168992  3736
2.8273692730538253  3662
2.828015064223977  3818
2.82865989653532  3760
2.829303772831025  3624
2.829946695941636  3724
2.8305886686851442  3777
2.8312296938670634  3830
2.8318697742805017  3965
2.832508912706236  3740
2.833147111912785  3617
2.833784374656479  3759
2.8344207036815328  3837
2.835056101720116  3852
2.8356905714924254  3811
2.8363241157067516  3712
2.8369567370595505  3783
2.837588438235511  3725
2.8382192219076257  3822
2.838849090737255  3834
2.8394780473741985  3863
2.840106094456758  3741
2.8407332346118066  3702
2.841359470454855  3581
2.8419848045901137  3751
2.842609239610562  3790
2.8432327780980096  3810
2.843855422623161  3819
2.8444771757456815  3590
2.845098040014257  3779
2.8457180179666586  3596
2.846337112129805  3804
2.846955325019824  3839
2.847572659142112  3729
2.848189116991399  3683
2.8488047010518036  3642
2.8494194137968996  3670
2.850033257689769  3826
2.8506462351830666  3712
2.8512583487190755  3826
2.851869600729766  3683
2.8524799936368566  3689
2.8530895298518657  3752
2.8536982117761744  3727
2.8543060418010806  3757
2.8549130223078554  3688
2.8555191556678  3681
2.8561244442423  3618
2.8567288903828825  3693
2.8573324964312685  3737
2.857935264719429  3663
2.858537197569639  3656
2.859138297294531  3797
2.859738566197147  3716
2.8603380065709936  3605
2.8609366207000937  3822
2.8615344108590377  3904
2.862131379313037  3892
2.8627275283179747  3654
2.863322860120456  3749
2.8639173769578603  3741
2.864511081058392  3649
2.8651039746411278  3719
2.8656960599160706  3914
2.8662873390841948  3712
2.866877814337499  3739
2.8674674878590514  3854
2.8680563618230415  3833
2.8686444383948255  3794
2.8692317197309762  3747
2.869818207979328  3721
2.870403905279027  3652
2.8709888137605755  3886
2.8715729355458786  3815
2.8721562727482928  3689
2.8727388274726686  3853
2.873320601815399  3907
2.8739015978644615  3707
2.8744818176994666  3632
2.8750612633917  3713
2.8756399370041685  3749
2.876217840591642  3740
2.8767949762007006  3791
2.877371345869774  3733
2.8779469516291885  3674
2.8785217955012063  3701
2.8790958795000727  3797
2.8796692056320534  3843
2.88024177589548  3821
2.8808135922807914  3505
2.8813846567705728  3662
2.8819549713396007  3756
2.8825245379548803  3745
2.8830933585756897  3716
2.8836614351536176  3853
2.884228769632604  3865
2.884795363948981  3739
2.885361220031512  3723
2.885926339801431  3708
2.886490725172482  3917
2.8870543780509568  3781
2.887617300335736  3763
2.888179493918325  3648
2.8887409606828927  3876
2.88930170250631  3652
2.8898617212581885  3686
2.890421018800914  3636
2.890979596989689  3732
2.8915374576725643  3713
2.8920946026904804  3833
2.8926510338773004  3745
2.893206753059848  3746
2.8937617620579434  3814
2.8943160626844384  3600
2.8948696567452528  3816
2.895422546039408  3678
2.8959747323590648  3855
2.8965262174895554  3764
2.89707700320942  3845
2.8976270912904414  3770
2.8981764834976764  3733
2.8987251815894934  3729
2.8992731873176036  3864
2.8998205024270964  3784
2.9003671286564705  3740
2.900913067737669  3826
2.9014583213961123  3720
2.9020028913507296  3842
2.902546779313991  3754
2.9030899869919438  3726
2.9036325160842376  3804
2.9041743682841634  3556
2.904715545278681  3786
2.905256048748451  3783
2.9057958803678687  3672
2.906335041805091  3831
2.90687353472207  3863
2.907411360774586  3708
2.9079485216122722  3653
2.90848501887865  3762
2.909020854211156  3816
2.9095560292411755  3800
2.910090545594068  3674
2.910624404889201  3658
2.9111576087399764  3672
2.9116901587538613  3738
2.9122220565324155  3713
2.912753303671323  3669
2.9132839017604186  3692
2.9138138523837167  3845
2.9143431571194407  3830
2.9148718175400505  3693
2.91539983521227  3723
2.9159272116971158  3706
2.916453948549925  3826
2.9169800473203824  3554
2.9175055095525466  3633
2.9180303367848803  3808
2.9185545305502734  3930
2.9190780923760737  3776
2.919601023784111  3688
2.920123326290724  3926
2.9206450014067875  3720
2.921166050637739  3739
2.921686475483602  3801
2.9222062774390163  3609
2.92272545799326  3635
2.9232440186302764  3616
2.9237619608287004  3703
2.9242792860618816  3716
2.924795995797912  3782
2.9253120914996495  3732
2.9258275746247424  3716
2.926342446625655  3725
2.926856708949692  3769
2.9273703630390235  3728
2.9278834103307068  3705
2.9283958522567137  3650
2.928907690243953  3750
2.929418925714293  3772
2.929929560084588  3786
2.9304395947667  3751
2.930949031167523  3709
2.931457870689005  3697
2.931966114728173  3780
2.932473764677153  3663
2.932980821923198  3785
2.9334872878487053  3733
2.9339931638312424  3707
2.934498451243568  3823
2.935003151453655  3654
2.9355072658247128  3613
2.9360107957152097  3764
2.936513742478893  3733
2.9370161074648142  3921
2.937517892017347  3782
2.9380190974762104  3828
2.938519725176492  3688
2.9390197764486663  3675
2.9395192526186187  3607
2.9400181550076634  3776
2.940516484932567  3725
2.9410142437055695  3618
2.941511432634403  3562
2.942008053022313  3666
2.9425041061680806  3812
2.9429995933660407  3891
2.9434945159061026  3648
2.9439888750737717  3634
2.9444826721501687  3781
2.9449759084120477  3679
2.94546858513182  3730
2.9459607035775686  3695
2.946452265013073  3965
2.9469432706978256  3622
2.9474337218870508  3830
2.9479236198317262  3702
2.948412965778601  3595
2.9489017609702137  3719
2.949390006644913  3819
2.949877704036875  3803
2.950364854376123  3754
2.9508514588885464  3713
2.951337518795918  3898
2.951823035315912  3868
2.9523080096621253  3923
2.952792443044092  3741
2.9532763366673045  3708
2.9537596917332287  3775
2.9542425094393248  3771
2.954724790979063  3715
2.9552065375419416  3635
2.9556877503135057  3783
2.9561684304753633  3733
2.9566485792052033  3720
2.957128197676813  3712
2.957607287060095  3730
2.958085848521085  3743
2.9585638832219674  3775
2.9590413923210934  3757
2.9595183769729982  3765
2.959994838328416  3798
2.960470777534299  3644
2.960946195733831  3867
2.9614210940664485  3833
2.9618954736678504  3687
2.962369335670021  3666
2.9628426812012423  3694
2.9633155113861114  3714
2.963787827345555  3727
2.964259630196849  3723
2.9647309210536292  3700
2.965201701025912  3835
2.9656719712201065  3779
2.9661417327390325  3765
2.966610986681934  3538
2.967079734144497  3704
2.967547976218862  3721
2.968015713993642  3749
2.9684829485539352  3790
2.9689496809813427  3841
2.9694159123539814  3783
2.9698816437465  3844
2.9703468762300935  3743
2.9708116108725178  3837
2.971275848738105  3746
2.971739590887778  3693
2.9722028383790646  3685
2.972665592266111  3711
2.9731278535996988  3730
2.973589623427257  3732
2.9740509027928774  3747
2.9745116927373285  3872
2.974971994298069  3717
2.975431808509263  3900
2.975891136401793  3616
2.9763499790032735  3655
2.976808337338066  3881
2.977266212427293  3686
2.9777236052888476  3899
2.978180516937414  3771
2.9786369483844743  3726
2.979092900638326  3690
2.979548374704095  3702
2.9800033715837464  3664
2.9804578922761  3652
2.9809119377768436  3785
2.9813655090785445  3685
2.9818186071706636  3741
2.9822712330395684  3799
2.9827233876685453  3818
2.983175072037813  3796
2.9836262871245345  3728
2.984077033902831  3844
2.9845273133437926  3689
2.9849771264154934  3742
2.9854264740830017  3623
2.9858753573083936  3773
2.986323777050765  3835
2.9867717342662448  3686
2.9872192299080047  3986
2.9876662649262746  3771
2.988112840268352  3749
2.9885589568786157  3738
2.989004615698537  3932
2.9894498176666917  3739
2.989894563718773  3654
2.9903388547876015  3841
2.9907826918031377  3900
2.9912260756924947  3715
2.9916690073799486  3549
2.9921114877869495  3726
2.9925535178321354  3795
2.9929950984313414  3642
2.9934362304976116  3776
2.993876914941211  3793
2.9943171526696366  3687
2.9947569445876283  3615
2.9951962915971793  3789
2.99563519459755  3937
2.9960736544852753  3655
2.9965116721541785  3715
2.996949248495381  3699
2.997386384397313  3731
2.9978230807457256  3590
2.998259338423699  3750
2.998695158311656  3594
2.999130541287371  3705
2.9995654882259823  3711
3.0  3857
3.000434077479319  3718
3.0008677215312267  3755
3.0013009330204183  3683
3.0017337128090005  3708
3.002166061756508  3785
3.0025979807199086  3675
3.003029470553618  3689
3.0034605321095067  3710
3.0038911662369103  3919
3.0043213737826426  3613
3.004751155591001  3807
3.0051805125037805  3595
3.0056094453602804  3620
3.0060379549973173  3633
3.0064660422492318  3761
3.0068937079479006  3989
3.0073209529227447  3742
3.00774777800074  3818
3.0081741840064264  3833
3.0086001717619175  3757
3.0090257420869104  3740
3.009450895798694  3599
3.00987563371216  3620
3.010299956639812  3683
3.010723865391773  3593
3.0111473607757975  3861
3.0115704435972783  3662
3.011993114659257  3667
3.012415374762433  3611
3.012837224705172  3656
3.0132586652835167  3807
3.0136796972911926  3752
3.0141003215196207  3759
3.0145205387579237  3942
3.0149403497929366  3842
3.0153597554092144  3841
3.015778756389041  3835
3.016197353512439  3722
3.016615547557177  3807
3.0170333392987803  3830
3.017450729510536  3849
3.0178677189635055  3640
3.018284308426531  3799
3.0187004986662433  3750
3.019116290447073  3782
3.0195316845312554  3788
3.0199466816788423  3855
3.0203612826477078  3690
3.020775488193558  3765
3.0211892990699383  3823
3.021602716028242  3827
3.02201573981772  3807
3.0224283711854865  3732
3.022840610876528  3702
3.0232524596337114  3911
3.0236639181977933  3724
3.024074987307426  3720
3.024485667699167  3798
3.024895960107485  3732
3.0253058652647704  3690
3.025715383901341  3782
3.0261245167454502  3888
3.0265332645232967  3644
3.0269416279590295  3776
3.0273496077747564  3692
3.0277572046905536  3820
3.0281644194244697  3858
3.0285712526925375  3613
3.028977705208778  3928
3.0293837776852097  3639
3.029789470831856  3758
3.030194785356751  3729
3.030599721965951  3745
3.0310042813635367  3684
3.031408464251624  3984
3.0318122713303706  3705
3.0322157032979815  3722
3.03261876085072  3572
3.0330214446829107  3756
3.03342375548695  3727
3.03382569395331  3937
3.0342272607705505  3619
3.0346284566253203  3659
3.0350292822023683  3817
3.0354297381845483  3627
3.035829825252828  3876
3.0362295440862948  3736
3.036628895362161  3855
3.037027879755775  3824
3.037426497940624  3622
3.037824750588342  3684
3.0382226383687185  3791
3.038620161949703  3581
3.039017321997412  3711
3.0394141191761372  3839
3.0398105541483504  3805
3.0402066275747113  3867
3.040602340114073  3792
3.0409976924234905  3893
3.041392685158225  3790
3.041787318971752  3725
3.042181594515766  3668
3.0425755124401905  3602
3.0429690733931802  3897
3.0433622780211294  3642
3.0437551269686796  3714
3.044147620878723  3754
3.044539760392411  3910
3.04493154614916  3692
3.0453229787866576  3739
3.0457140589408676  3864
3.0461047872460387  3797
3.0464951643347082  3567
3.04688519083771  3802
3.0472748673841794  3793
3.04766419460156  3814
3.048053173115609  3760
3.0484418035504044  3904
3.04883008652835  3624
3.0492180226701815  3666
3.049605612594973  3732
3.0499928569201424  3624
3.050379756261458  3700
3.0507663112330423  3897
3.0511525224473814  3814
3.0515383905153275  3768
3.0519239160461065  3539
3.0523090996473234  3830
3.052693941924968  3781
3.0530784434834195  3630
3.053462604925455  3876
3.0538464268522527  3825
3.0542299098633974  3826
3.0546130545568877  3631
3.0549958615291417  3828
3.055378331375  3697
3.0557604646877348  3795
3.056142262059052  3744
3.0565237240791006  3747
3.0569048513364727  3690
3.0572856444182146  3688
3.0576661039098294  3815
3.0580462303952816  3725
3.058426024457005  3796
3.0588054866759067  3745
3.059184617631371  3757
3.0595634179012676  3706
3.059941888061955  3682
3.060320028688285  3683
3.060697840353612  3645
3.0610753236297916  3809
3.061452479087193  3625
3.061829307294699  3835
3.0622058088197126  3718
3.062581984228163  3765
3.0629578340845103  3753
3.0633333589517497  3751
3.0637085593914173  3741
3.064083435963596  3810
3.0644579892269186  3750
3.064832219738574  3747
3.065206128054312  3694
3.0655797147284485  3623
3.06595298031387  3915
3.0663259253620376  3790
3.0666985504229953  3430
3.0670708560453703  3804
3.0674428427763805  3774
3.0678145111618402  3642
3.0681858617461617  3769
3.068556895072363  3790
3.068927611682072  3867
3.0692980121155293  3848
3.0696680969115957  3722
3.070037866607755  3781
3.0704073217401198  3840
3.0707764628434346  3836
3.0711452904510828  3734
3.071513805095089  3716
3.0718820073061255  3745
3.072249897613515  3674
3.0726174765452368  3646
3.0729847446279304  3649
3.073351702386901  3705
3.0737183503461227  3735
3.074084689028244  3927
3.074450718954591  3688
3.074816440645175  3743
3.0751818546186915  3798
3.0755469613925306  3793
3.0759117614827773  3796
3.076276255404218  3822
3.076640443670342  3731
3.0770043267933502  3699
3.0773679052841563  3863
3.077731179652392  3636
3.0780941504064105  3497
3.0784568180532927  3730
3.0788191830988487  3714
3.0791812460476247  3822
3.079543007402906  3589
3.079904467666721  3784
3.0802656273398448  3750
3.0806264869218056  3905
3.080987046910887  3814
3.0813473078041325  3613
3.081707270097349  3756
3.082066934285113  3769
3.0824263008607717  3761
3.0827853703164503  3735
3.0831441431430524  3704
3.0835026198302673  3750
3.083860800866573  3737
3.0842186867392387  3840
3.084576277934331  3886
3.084933574936716  3575
3.085290578230065  3866
3.0856472882968564  3911
3.0860037056183818  3695
3.0863598306747484  3714
3.0867156639448825  3766
3.0870712059065353  3529
3.0874264570362855  3686
3.087781417809542  3652
3.0881360887005513  3685
3.0884904701823963  3933
3.088844562727004  3697
3.089198366805149  3703
3.089551882886454  3798
3.089905111439398  3760
3.090258052931316  3752
3.090610707828407  3775
3.0909630765957314  3725
3.091315159697223  3789
3.0916669575956846  3727
3.092018470752797  3874
3.0923696996291206  3797
3.0927206446840994  3657
3.0930713063760633  3756
3.093421685162235  3683
3.09377178149873  3843
3.0941215958405612  3735
3.094471128641645  3779
3.0948203803548  3750
3.095169351431755  3824
3.095518042323151  3661
3.0958664534785427  3858
3.0962145853464054  3869
3.0965624383741357  3743
3.0969100130080562  3706
3.09725730969342  3701
3.097604328874411  3752
3.09795107099415  3770
3.0982975364946976  3816
3.098643725817057  3692
3.0989896394011773  3603
3.0993352776859577  3795
3.09968064110925  3792
3.1000257301078626  3623
3.100370545117563  3822
3.1007150865730817  3721
3.1010593549081156  3787
3.101403350555331  3639
3.1017470739463664  3839
3.1020905255118367  3684
3.1024337056813365  3652
3.1027766148834415  3590
3.1031192535457137  3765
3.103461622094705  3741
3.103803720955957  3706
3.104145550554008  3785
3.104487111312395  3732
3.1048284036536553  3807
3.1051694279993316  3606
3.1055101847699738  3628
3.1058506743851435  3811
3.1061908972634154  3678
3.1065308538223815  3795
3.106870544478654  3686
3.1072099696478683  3589
3.1075491297446862  3821
3.1078880251827985  3717
3.1082266563749283  3783
3.1085650237328344  3643
3.1089031276673134  3854
3.109240968588203  3828
3.1095785469043866  3790
3.1099158630237933  3715
3.110252917353403  3743
3.110589710299249  3650
3.1109262422664203  3784
3.1112625136590655  3655
3.111598524880394  3854
3.1119342763326814  3709
3.1122697684172707  3720
3.1126050015345745  3773
3.11293997608408  3769
3.1132746924643504  3775
3.1136091510730277  3688
3.113943352306837  3602
3.1142772965615864  3802
3.114610984232173  3716
3.1149444157125847  3851
3.1152775913959014  3746
3.1156105116742996  3667
3.115943176939055  3758
3.116275587580544  3768
3.1166077439882485  3715
3.116939646550756  3824
3.1172712956557644  3881
3.117602691690084  3560
3.1179338350396413  3770
3.118264726089479  3600
3.118595365223762  3797
3.1189257528257768  3672
3.1192558892779365  3703
3.119585774961784  3799
3.119915410257991  3908
3.1202447955463652  3603
3.12057393120585  3825
3.1209028176145273  3705
3.1212314551496214  3666
3.1215598441875008  3659
3.121887985103681  3676
3.1222158782728267  3702
3.1225435240687545  3638
3.1228709228644354  3793
3.1231980750319988  3869
3.123524980942732  3822
3.123851640967086  3503
3.124178055474675  3941
3.1245042248342823  3684
3.1248301494138593  3871
3.12515582958053  3707
3.125481265700594  3829
3.125806458139527  3837
3.1261314072619846  3704
3.1264561134318045  3703
3.126780577012009  3781
3.1271047983648077  3921
3.127428777851599  3904
3.1277525158329733  3633
3.1280760126687155  3595
3.1283992687178066  3686
3.128722284338427  3890
3.1290450598879582  3724
3.1293675957229854  3685
3.129689892199301  3644
3.1300119496719043  3680
3.130333768495006  3923
3.130655349022031  3813
3.130976691605617  3819
3.131297796597623  3891
3.1316186643491255  3677
3.1319392952104246  3529
3.1322596895310446  3715
3.132579847659737  3818
3.132899769944483  3803
3.1332194567324945  3764
3.1335389083702174  3840
3.133858125203335  3757
3.1341771075767664  3680
3.1344958558346736  3769
3.13481437032046  3852
3.1351326513767748  3751
3.1354506993455136  3876
3.1357685145678222  3618
3.1360860973840974  3796
3.13640344813399  3676
3.1367205671564067  3744
3.1370374547895126  3789
3.137354111370733  3666
3.137670537236755  3725
3.137986732723532  3724
3.1383026981662816  3664
3.1386184338994925  3776
3.1389339402569236  3712
3.139249217571607  3707
3.13956426617585  3656
3.1398790864012365  3733
3.140193678578631  3807
3.1405080430381798  3887
3.1408221801093106  3637
3.141136090120739  3717
3.1414497734004674  3816
3.141763230275788  3738
3.1420764610732848  3821
3.142389466118836  3794
3.1427022457376155  3754
3.143014800254095  3696
3.143327129992046  3911
3.1436392352745433  3782
3.1439511164239633  3703
3.144262773761991  3731
3.144574207609616  3505
3.144885418287142  3717
3.1451964061141817  3659
3.1455071714096627  3640
3.1458177144918276  3802
3.146128035678238  3669
3.1464381352857744  3728
3.14674801363064  3755
3.1470576710283598  3598
3.1473671077937864  3836
3.1476763242410986  3809
3.147985320683805  3913
3.1482940974347455  3735
3.1486026548060932  3733
3.1489109931093564  3665
3.1492191126553797  3749
3.149527013754348  3707
3.149834696715785  3746
3.1501421618485588  3802
3.150449409460881  3789
3.150756439860309  3779
3.15106325335375  3719
3.1513698502474603  3785
3.151676230847048  3604
3.151982395457474  3778
3.1522883443830563  3663
3.15259407792747  3643
3.1528995963937474  3830
3.153204900084284  3773
3.1535099893008374  3765
3.153814864344529  3730
3.154119525515847  3778
3.154423973114647  3834
3.1547282074401557  3663
3.1550322287909704  3743
3.155336037465062  3776
3.1556396337597765  3751
3.1559430179718366  3613
3.1562461903973444  3856
3.1565491513317814  3693
3.156851901070011  3742
3.1571544399062814  3656
3.157456768134226  3719
3.1577588860468637  3784
3.158060793936605  3721
3.1583624920952498  3739
3.1586639808139894  3818
3.15896526038341  3706
3.159266331093494  3801
3.1595671932336202  3697
3.1598678470925665  3679
3.160168292958512  3750
3.1604685311190375  3804
3.1607685618611283  3704
3.1610683854711747  3636
3.161368002234975  3872
3.161667412437736  3661
3.161966616364075  3679
3.1622656142980214  3597
3.162564406523019  3619
3.162862993321926  3890
3.1631613749770184  3758
3.16345955176999  3712
3.163757523981956  3616
3.1640552918934515  3644
3.164352855784437  3648
3.1646502159342966  3831
3.1649473726218416  3644
3.1652443261253107  3850
3.165541076722373  3687
3.1658376246901283  3764
3.166133970305109  3724
3.166430113843283  3798
3.166726055580052  3756
3.1670217957902564  3792
3.167317334748176  3809
3.16761267272753  3808
3.16790781000148  3746
3.168202746842631  3785
3.1684974835230326  3660
3.1687920203141817  3898
3.1690863574870227  3846
3.1693804953119495  3701
3.1696744340588068  3752
3.1699681739968923  3891
3.1702617153949575  3835
3.1705550585212086  3706
3.170848203643309  3788
3.1711411510283822  3762
3.171433900943008  3739
3.171726453653231  3636
3.1720188094245563  3913
3.172310968521954  3811
3.17260293120986  3824
3.1728946977521764  3886
3.173186268412274  3713
3.1734776434529945  3696
3.17376882313665  3722
3.1740598077250253  3861
3.1743505974793798  3676
3.1746411926604483  3845
3.1749315935284423  3597
3.1752218003430523  3778
3.1755118133634475  3869
3.1758016328482794  3520
3.1760912590556813  3804
3.1763806922432702  3767
3.17666993266815  3750
3.176958980586908  3717
3.1772478362556233  3803
3.1775364999298623  3681
3.177824971864682  3755
3.1781132523146316  3710
3.178401341533755  3716
3.17868923977559  3720
3.1789769472931693  3702
3.1792644643390253  3726
3.1795517911651876  3737
3.179838928023187  3733
3.180125875164054  3631
3.180412632838324  3713
3.1806992012960347  3775
3.1809855807867304  3694
3.1812717715594614  3693
3.1815577738627865  3611
3.1818435879447726  3643
3.182129214052998  3658
3.182414652434554  3653
3.1826999033360424  3900
3.182984967003582  3726
3.1832698436828046  3792
3.1835545336188615  3725
3.1838390370564214  3777
3.184123354239671  3824
3.1844074854123203  3680
3.184691430817599  3879
3.184975190698261  3656
3.185258765296585  3748
3.185542154854375  3826
3.185825359612962  3797
3.1861083798132053  3688
3.186391215695493  3725
3.1866738674997452  3757
3.1869563354654122  3739
3.187238619831479  3655
3.187520720836463  3799
3.1878026387184195  3876
3.188084373714938  3660
3.188365926063148  3815
3.188647295999717  3726
3.1889284837608534  3901
3.189209489582306  3770
3.1894903136993675  3778
3.189770956346874  3672
3.190051417759206  3832
3.1903316981702914  3597
3.190611797813605  3788
3.1908917169221698  3740
3.1911714557285586  3781
3.1914510144648953  3703
3.1917303933628562  3699
3.1920095926536702  3840
3.1922886125681202  3801
3.1925674533365456  3672
3.192846115188842  3762
3.1931245983544616  3656
3.1934029030624176  3699
3.1936810295412816  3721
3.193958978019187  3712
3.1942367487238292  3654
3.194514341882467  3643
3.1947917577219247  3587
3.1950689964685903  3908
3.1953460583484197  3781
3.1956229435869368  3791
3.1958996524092336  3799
3.1961761850399735  3814
3.196452541703389  3810
3.196728722623287  3767
3.1970047280230456  3663
3.197280558125619  3933
3.1975562131535367  3702
3.197831693328903  3841
3.1981069988734014  3676
3.1983821300082944  3884
3.1986570869544226  3755
3.198931869932209  3818
3.1992064791616577  3774
3.199480914862356  3959
3.1997551772534747  3643
3.2000292665537704  3565
3.200303182981585  3846
3.2005769267548483  3597
3.2008504980910772  3634
3.2011238972073794  3702
3.2013971243204513  3699
3.2016701796465816  3788
3.20194306340165  3727
3.2022157758011316  3866
3.2024883170600935  3633
3.2027606873931997  3695
3.2030328870147105  3791
3.203304916138483  3683
3.2035767749779724  3786
3.2038484637462346  3783
3.2041199826559246  3851
3.2043913319193  3542
3.204662511748219  3877
3.204933522354145  3676
3.2052043639481447  3703
3.205475036740891  3806
3.205745540942662  3716
3.2060158767633444  3682
3.2062860444124324  3626
3.2065560440990297  3727
3.2068258760318495  3768
3.207095540419218  3702
3.2073650374690716  3897
3.2076343673889616  3734
3.2079035303860515  3777
3.2081725266671217  3781
3.208441356438567  3778
3.208710019906401  3648
3.2089785172762535  3678
3.2092468487533736  3617
3.2095150145426308  3793
3.209783014848515  3611
3.2100508498751372  3693
3.210318519826232  3658
3.2105860249051563  3790
3.210853365314893  3739
3.2111205412580492  3697
3.2113875529368587  3664
3.2116544005531824  3817
3.2119210843085093  3702
3.2121876044039577  3748
3.212453961040276  3804
3.2127201544178425  3857
3.212986184736668  3737
3.2132520521963968  3703
3.2135177569963047  3720
3.2137832993353044  3847
3.2140486794119414  3686
3.2143138974244  3793
3.214578953570499  3656
3.214843848047698  3690
3.215108581053093  3758
3.215373152783422  3736
3.215637563435062  3798
3.215901813204032  3745
3.216165902285993  3733
3.216429830876251  3760
3.2166935991697545  3782
3.216957207361097  3834
3.217220655644519  3645
3.2174839442139063  3747
3.2177470732627937  3723
3.218010042984363  3732
3.2182728535714475  3626
3.218535505216528  3832
3.2187979981117376  3669
3.219060332448861  3722
3.219322508419337  3654
3.2195845262142546  3725
3.219846386024361  3564
3.220108088040055  3772
3.2203696324513946  3895
3.220631019448092  3905
3.2208922492195193  3716
3.2211533219547053  3702
3.2214142378423385  3742
3.2216749970707688  3713
3.2219355998280053  3908
3.22219604630172  3769
3.222456336679247  3699
3.2227164711475833  3810
3.2229764498933915  3721
3.2232362731029975  3643
3.2234959409623944  3830
3.2237554536572413  3624
3.224014811372864  3644
3.2242740142942576  3747
3.2245330626060857  3772
3.2247919564926817  3774
3.225050696138049  3783
3.225309281725863  3769
3.225567713439471  3702
3.2258259914618934  3772
3.226084115975824  3673
3.226342087163631  3674
3.2265999052073573  3904
3.2268575702887237  3707
3.2271150825891253  3722
3.2273724422896364  3694
3.227629649571009  3760
3.2278867046136734  3631
3.2281436075977417  3881
3.228400358703005  3669
3.2286569581089353  3830
3.228913405994688  3850
3.229169702539101  3711
3.229425847920695  3698
3.229681842317676  3620
3.229937685907934  3851
3.230193378869046  3797
3.230448921378274  3755
3.230704313612569  3754
3.230959555748569  3833
3.231214647962601  3869
3.2314695904306814  3747
3.2317243833285163  3773
3.231979026831504  3804
3.2322335211147335  3725
3.232487866352986  3664
3.232742062720737  3615
3.2329961103921536  3826
3.2332500095411003  3792
3.2335037603411343  3652
3.2337573629655103  3649
3.2340108175871793  3816
3.2342641243787895  3665
3.2345172835126865  3703
3.2347702951609163  3882
3.2350231594952237  3713
3.2352758766870524  3624
3.2355284469075487  3737
3.2357808703275603  3769
3.236033147117636  3712
3.2362852774480286  3771
3.236537261488694  3813
3.2367890994092927  3857
3.237040791379191  3521
3.237292337567459  3706
3.2375437381428744  3763
3.2377949932739227  3763
3.2380461031287955  3691
3.238297067875394  3692
3.2385478876813276  3818
3.238798562713917  3816
3.2390490931401916  3840
3.2392994791268923  3895
3.239549720840473  3792
3.2397998184470986  3948
3.2400497721126476  3798
3.2402995820027125  3713
3.2405492482826  3822
3.240798771117331  3801
3.241048150671644  3739
3.2412973871099933  3697
3.2415464805965484  3651
3.241795431295199  3586
3.2420442393695508  3697
3.2422929049829308  3763
3.2425414282983844  3813
3.2427898094786767  3554
3.2430380486862944  3572
3.243286146083446  3953
3.243534101832062  3663
3.243781916093795  3873
3.244029589030022  3856
3.244277120801843  3758
3.244524511570084  3723
3.244771761495295  3568
3.245018870737753  3725
3.245265839457461  3739
3.24551266781415  3820
3.245759355967277  3536
3.246005904076029  3687
3.246252312299322  3625
3.246498580795801  3691
3.2467447097238415  3816
3.24699069924155  3906
3.247236549506764  3786
3.2474822606770544  3826
3.2477278329097232  3721
3.247973266361807  3778
3.248218561190075  3628
3.248463717551032  3670
3.2487087356009177  3764
3.2489536154957075  3591
3.249198357391113  3717
3.249442961442582  3920
3.2496874278053016  3779
3.249931756634195  3621
3.250175948083925  3651
3.250420002308894  3878
3.2506639194632436  3698
3.250907699700856  3679
3.2511513431753545  3841
3.2513948500401044  3778
3.251638220448212  3698
3.2518814545525276  3739
3.252124552505644  3901
3.2523675144598987  3818
3.252610340567373  3679
3.2528530309798933  3712
3.2530955858490316  3730
3.2533380053261065  3764
3.253580289562183  3755
3.2538224387080734  3817
3.254064452914338  3774
3.2543063323312857  3786
3.2545480771089736  3648
3.25478968739721  3798
3.2550311633455515  3589
3.255272505103306  3738
3.2555137128195333  3704
3.255754786643044  3683
3.255995726722402  3923
3.256236533205923  3610
3.256477206241677  3876
3.256717745977487  3806
3.256958152560932  3716
3.2571984261393445  3655
3.257438566859814  3801
3.2576785748691846  3726
3.2579184503140586  3811
3.2581581933407944  3788
3.258397804095509  3683
3.2586372827240764  3620
3.258876629372131  3834
3.2591158441850663  3820
3.2593549273080344  3746
3.2595938788859486  3761
3.2598326990634834  3873
3.2600713879850747  3717
3.26030994579492  3742
3.2605483726369795  3723
3.2607866686549762  3790
3.2610248339923973  3589
3.2612628687924934  3819
3.2615007731982804  3799
3.2617385473525378  3723
3.2619761913978125  3773
3.262213705476417  3718
3.2624510897304293  3959
3.2626883443016963  3736
3.2629254693318317  3662
3.2631624649622166  3822
3.263399331334002  3673
3.263636068588108  3730
3.2638726768652235  3675
3.2641091563058082  3661
3.2643455070500926  3855
3.2645817292380777  3744
3.2648178230095364  3825
3.2650537885040145  3586
3.26528962586083  3741
3.2655253352190736  3910
3.2657609167176105  3855
3.265996370495079  3755
3.266231696689893  3809
3.2664668954402414  3782
3.2667019668840878  3741
3.266936911159173  3749
3.2671717284030137  3835
3.267406418752904  3751
3.2676409823459154  3758
3.2678754193188975  3809
3.2681097298084785  3612
3.268343913951065  3724
3.268577971882843  3700
3.2688119037397803  3803
3.269045709657623  3693
3.2692793897718984  3908
3.2695129442179165  3676
3.269746373130767  3833
3.269979676645324  3671
3.2702128548962426  3737
3.2704459080179626  3750
3.2706788361447066  3829
3.2709116394104814  3780
3.2711443179490782  3618
3.2713768718940743  3680
3.271609301378832  3672
3.271841606536499  3974
3.27207378750001  3744
3.2723058444020863  3907
3.2725377773752373  3548
3.2727695865517594  3743
3.2730012720637376  3844
3.2732328340430454  3743
3.273464272621346  3791
3.273695587930092  3696
3.2739267801005254  3828
3.27415784926368  3568
3.274388795550379  3763
3.274619619091238  3680
3.274850320016665  3672
3.2750808984568587  3740
3.2753113545418118  3727
3.2755416884013098  3793
3.2757719001649312  3689
3.27600198996205  3676
3.2762319579218335  3668
3.2764618041732443  3763
3.27669152884504  3789
3.276921132065774  3716
3.277150613963797  3768
3.2773799746672547  3677
3.2776092143040914  3968
3.2778383330020473  3567
3.2780673308886628  3785
3.2782962080912736  3794
3.2785249647370174  3740
3.278753600952829  3691
3.278982116865443  3810
3.279210512601395  3867
3.2794387882870204  3789
3.2796669440484556  3741
3.279894980011638  3613
3.2801228963023075  3814
3.280350693046006  3683
3.2805783703680764  3923
3.280805928393667  3772
3.2810333672477277  3885
3.281260687055013  3854
3.2814878879400813  3928
3.281714970027296  3743
3.281941933440825  3719
3.2821687783046416  3718
3.2823955047425257  3798
3.2826221128780624  3797
3.282848602834645  3768
3.2830749747354715  3722
3.2833012287035497  3680
3.2835273648616936  3793
3.2837533833325265  3688
3.28397928423848  3758
3.284205067701794  3735
3.2844307338445193  3684
3.2846562827885157  3790
3.284881714655453  3681
3.285107029566812  3753
3.2853322276438846  3615
3.285557309007774  3825
3.285782273779395  3492
3.2860071220794747  3745
3.286231854028553  3695
3.286456469746983  3800
3.28668096935493  3788
3.286905352972375  3919
3.287129620719111  3805
3.2873537727147464  3615
3.2875778090787056  3946
3.287801729930226  3754
3.2880255353883627  3663
3.288249225571986  3794
3.2884728005997825  3656
3.288696260590256  3737
3.2889196056617265  3815
3.289142835932333  3731
3.2893659515200318  3742
3.2895889525425965  3631
3.2898118391176214  3793
3.290034611362518  3782
3.2902572693945182  3895
3.290479813330673  3589
3.2907022432878543  3576
3.2909245593827543  3635
3.2911467617318855  3722
3.291368850451583  3705
3.2915908256580013  3706
3.291812687467119  3700
3.2920344359947364  3836
3.292256071356476  3624
3.292477593667784  3892
3.29269900304393  3783
3.292920299600006  3659
3.2931414834509307  3661
3.2933625547114453  3758
3.2935835134961167  3877
3.2938043599193367  3729
3.2940250940953226  3855
3.2942457161381182  3761
3.294466226161593  3717
3.2946866242794433  3724
3.2949069106051923  3726
3.295127085252191  3838
3.295347148333618  3636
3.295567099962479  3815
3.295786940251609  3783
3.2960066693136723  3672
3.2962262872611605  3640
3.296445794206396  3799
3.296665190261531  3767
3.296884475538547  3691
3.2971036501492565  3758
3.2973227142053028  3657
3.2975416678181597  3718
3.297760511099134  3980
3.2979792441593623  3883
3.298197867109815  3640
3.2984163800612945  3975
3.2986347831244354  3706
3.298853076409707  3724
3.2990712600274095  3685
3.29928933408768  3791
3.2995072987004876  3725
3.2997251539756367  3688
3.299942900022767  3850
3.3001605369513523  3802
3.3003780648707024  3789
3.3005954838899636  3841
3.300812794118117  3722
3.3010299956639813  3738
3.3012470886362113  3769
3.3014640731433  3804
3.3016809492935764  3877
3.301897717195208  3695
3.302114376956201  3658
3.302330928684399  3717
3.3025473724874854  3804
3.3027637084729817  3831
3.3029799367482493  3588
3.303196057420489  3737
3.303412070596742  3666
3.30362797638389  3746
3.3038437748886547  3795
3.3040594662175993  3841
3.3042750504771283  3723
3.3044905277734875  3699
3.3047058982127653  3612
3.3049211619008916  3694
3.305136318943639  3664
3.305351369446624  3782
3.305566313515304  3800
3.3057811512549824  3642
3.3059958827708047  3785
3.3062105081677613  3770
3.3064250275506875  3846
3.3066394410242617  3770
3.3068537486930087  3649
3.3070679506612985  3704
3.307282047033346  3799
3.307496037913213  3640
3.307709923404807  3703
3.307923703611882  3751
3.3081373786380386  3812
3.308350948586726  3760
3.3085644135612386  3650
3.3087777736647213  3831
3.3089910290001643  3809
3.3092041796704077  3786
3.30941722577814  3848
3.3096301674258988  3727
3.3098430047160705  3809
3.3100557377508912  3722
3.3102683666324477  3728
3.3104808914626753  3802
3.3106933123433606  3764
3.3109056293761414  3582
3.311117842662506  3667
3.3113299523037933  3896
3.311541958401195  3715
3.311753861055754  3639
3.3119656603683665  3645
3.3121773564397787  3829
3.312388949370592  3746
3.3126004392612596  3671
3.312811826212088  3801
3.313023110323238  3783
3.313234291694724  3713
3.313445370426414  3721
3.3136563466180315  3945
3.3138672203691533  3862
3.3140779917792127  3696
3.3142886609474975  3849
3.3144992279731516  3778
3.314709692955174  3780
3.31492005599242  3697
3.315130317183602  3682
3.3153404766272883  3611
3.315550534421905  3696
3.3157604906657347  3698
3.315970345456918  3713
3.3161800988934527  3733
3.3163897510731952  3806
3.3165993020938607  3860
3.316808752053022  3627
3.3170181010481117  3686
3.31722734917642  3789
3.317436496535099  3653
3.3176455432211585  3792
3.317854489331469  3600
3.3180633349627615  3777
3.318272080211627  3792
3.3184807251745174  3765
3.318689269947746  3857
3.3188977146274867  3783
3.3191060593097763  3621
3.319314304090512  3691
3.3195224490654542  3837
3.3197304943302246  3647
3.3199384399803087  3820
3.3201462861110542  3627
3.3203540328176717  3783
3.3205616801952367  3604
3.3207692283386865  3827
3.3209766773428235  3769
3.3211840273023143  3750
3.321391278311689  3781
3.3215984304653436  3685
3.3218054838575393  3840
3.3220124385824006  3913
3.322219294733919  3781
3.3224260524059526  3691
3.3226327116922234  3883
3.322839272686321  3728
3.3230457354817013  3829
3.323252100171687  3665
3.3234583668494677  3913
3.3236645356081  3825
3.323870606540509  3891
3.3240765797394864  3604
3.3242824552976926  3732
3.3244882333076564  3827
3.3246939138617746  3757
3.3248994970523134  3786
3.3251049829714074  3640
3.325310371711061  3736
3.325515663363148  3816
3.325720858019412  3714
3.325925955771466  3792
3.3261309567107946  3742
3.326335860928751  3791
3.3265406685165617  3701
3.3267453795653217  3698
3.326949994165999  3775
3.3271545124094315  3676
3.3273589343863303  3798
3.327563260187278  3758
3.327767489902729  3655
3.3279716236230104  3700
3.3281756614383227  3668
3.3283796034387376  3577
3.328583449714202  3699
3.3287872003545345  3858
3.3289908554494287  3682
3.329194415088451  3821
3.329397879361043  3672
3.3296012483565187  3664
3.3298045221640695  3779
3.330007700872759  3682
3.330210784571528  3805
3.330413773349191  3821
3.3306166672944384  3648
3.330819466495837  3892
3.3310221710418286  3641
3.3312247810207323  3689
3.331427296520743  3752
3.3316297176299323  3832
3.331832044436249  3648
3.332034277027518  3751
3.3322364154914434  3825
3.3324384599156054  3702
3.3326404103874627  3618
3.3328422669943514  3699
3.3330440298234874  3770
3.3332456989619628  3822
3.3334472744967503  3687
3.3336487565147013  3709
3.333850145102545  3803
3.334051440346892  3769
3.334252642334231  3718
3.3344537511509307  3825
3.3346547668832414  3608
3.3348556896172914  3967
3.3350565194390915  3514
3.3352572564345317  3648
3.3354579006893843  3751
3.3356584522893016  3804
3.335858911319818  3802
3.336059277866349  3805
3.336259552014193  3555
3.3364597338485296  3547
3.3366598234544202  3740
3.336859820916809  3795
3.3370597263205246  3738
3.3372595397502756  3723
3.337459261290656  3883
3.3376588910261424  3784
3.3378584290410944  3892
3.3380578754197563  3679
3.3382572302462554  3922
3.3384564936046046  3586
3.3386556655787003  3608
3.338854746252323  3815
3.339053735709139  3763
3.3392526340327  3619
3.3394514413064407  3786
3.339650157613684  3814
3.339848783037637  3696
3.340047317661393  3720
3.3402457615679317  3886
3.3404441148401185  3670
3.3406423775607053  3787
3.3408405498123317  3903
3.341038631677523  3678
3.3412366232386925  3691
3.34143452457814  3891
3.3416323357780544  3954
3.3418300569205104  3600
3.3420276880874717  3761
3.3422252293607904  3787
3.342422680822206  3700
3.342620042553348  3762
3.342817314635733  3732
3.343014497150768  3665
3.3432115901797474  3572
3.3434085938038574  3575
3.343605508104172  3673
3.343802333161655  3703
3.3439990690571615  3671
3.344195715871435  3814
3.3443922736851106  3919
3.344588742578714  3719
3.344785122632661  4003
3.344981413927258  3699
3.345177616542704  3612
3.3453737305590883  3891
3.345569756056392  3763
3.345765693114488  3606
3.3459615418131414  3658
3.346157302232008  3733
3.346352974450639  3906
3.346548558548474  3705
3.346744054604849  3784
3.3469394626989906  3721
3.34713478291002  3905
3.3473300153169503  3785
3.3475251599986895  3682
3.347720217034038  3789
3.3479151865016914  3757
3.3481100684802376  3704
3.3483048630481607  3779
3.348499570283838  3649
3.348694190265541  3812
3.348888723071438  3722
3.34908316877959  3766
3.3492775274679554  3885
3.3494717992143856  3766
3.34966598409663  3564
3.3498600821923312  3713
3.3500540935790304  3847
3.3502480183341627  3824
3.350441856535061  3731
3.3506356082589543  3884
3.350829273582968  3809
3.3510228525841237  3561
3.351216345339342  3685
3.351409751925439  3838
3.351603072419129  3777
3.3517963068970236  3867
3.351989455435632  3681
3.3521825181113627  3581
3.35237549500052  3715
3.3525683861793087  3688
3.3527611917238307  3689
3.3529539117100877  3715
3.3531465462139796  3772
3.3533390953113047  3696
3.353531559077762  3716
3.353723937588949  3827
3.353916230920363  3725
3.3541084391474008  3880
3.35430056234536  3845
3.3544926005894364  3807
3.3546845539547285  3577
3.354876422516234  3626
3.3550682063488506  3610
3.3552599055273786  3818
3.3554515201265174  3631
3.355643050220869  3764
3.355834495884936  3787
3.3560258571931225  3631
3.3562171342197353  3635
3.3564083270389813  3838
3.356599435724971  3690
3.356790460351716  3636
3.3569814009931314  3726
3.3571722577230334  3696
3.3573630306151427  3755
3.3575537197430814  3569
3.3577443251803754  3834
3.357934847000454  3626
3.3581252852766488  3735
3.358315640082196  3821
3.3585059114902354  3729
3.3586960995738107  3900
3.358886204405869  3793
3.359076226059263  3888
3.3592661646067485  3660
3.3594560201209864  3752
3.359645792674543  3739
3.359835482339888  3668
3.3600250891893975  3680
3.3602146132953523  3719
3.3604040547299387  3735
3.360593413565249  3739
3.36078268987328  3667
3.3609718837259357  3823
3.361160995195026  3788
3.3613500243522663  3815
3.361538971269279  3820
3.361727836017593  3669
3.3619166186686433  3562
3.362105319293773  3820
3.362293937964231  3818
3.3624824747511743  3657
3.362670929725667  3818
3.36285930295868  3556
3.3630475945210936  3725
3.363235804483694  3923
3.3634239329171765  3711
3.3636119798921444  3607
3.3637999454791094  3855
3.3639878297484915  3636
3.3641756327706194  3574
3.3643633546157306  3627
3.364550995353972  3703
3.3647385550553985  3897
3.364926033789976  3657
3.3651134316275773  3745
3.3653007486379876  3893
3.3654879848909  3766
3.3656751404559175  3820
3.365862215402555  3472
3.3660492098002353  3973
3.366236123718293  3818
3.3664229572259727  3700
3.3666097103924297  3775
3.36679638328673  3883
3.3669829759778507  3662
3.367169488534681  3712
3.367355921026019  3866
3.3675422735205767  3716
3.3677285460869766  3940
3.3679147387937527  3660
3.3681008517093516  3786
3.368286884902131  3792
3.3684728384403617  3901
3.368658712392227  3852
3.3688445068258215  3730
3.3690302218091532  3741
3.369215857410143  3828
3.3694014136966244  3516
3.369586890736344  3754
3.369772288596963  3816
3.369957607346053  3810
3.370142847051102  3651
3.3703280077795106  3751
3.3705130895985924  3647
3.370698092575577  3765
3.370883016777606  3679
3.3710678622717363  3639
3.3712526291249394  3791
3.371437317404101  3893
3.3716219271760215  3838
3.371806458507416  3749
3.371990911464915  3715
3.372175286115064  3837
3.3723595825243238  3707
3.3725438007590705  3822
3.3727279408855955  3785
3.3729120029701067  3712
3.373095987078727  3666
3.373279893277496  3810
3.373463721632369  3738
3.3736474722092176  3754
3.3738311450738303  3646
3.3740147402919116  3736
3.374198257929083  3695
3.374381698050882  3722
3.374565060722765  3564
3.374748346010104  3717
3.3749315539781883  3672
3.375114684692225  3572
3.375297738217339  3726
3.3754807146185724  3676
3.3756636139608855  3594
3.375846436309156  3600
3.3760291817281805  3752
3.376211850282673  3587
3.3763944420372662  3784
3.376576957056512  3696
3.37675939540488  3650
3.3769417571467586  3847
3.377124042346456  3838
3.377306251068199  3767
3.3774883833761327  3753
3.377670439334323  3761
3.3778524190067545  3800
3.3780343224573315  3843
3.378216149749878  3803
3.3783979009481375  3558
3.378579576115775  3704
3.3787611753163733  3719
3.378942698613437  3730
3.379124146070392  3752
3.379305517750582  3619
3.3794868137172736  3701
3.379668034033654  3730
3.37984917876283  3861
3.380030247967831  3610
3.380211241711606  3752
3.3803921600570273  3765
3.3805730030668872  3826
3.3807537708039  3908
3.380934463330702  3780
3.3811150807098507  3764
3.381295623003826  4007
3.38147609027503  3830
3.381656482585787  3544
3.3818367999983434  3742
3.3820170425748683  3783
3.382197210377454  3708
3.3823773034681137  3722
3.3825573219087857  3852
3.3827372657613304  3712
3.382917135087531  3839
3.3830969299490943  3774
3.3832766504076504  3715
3.383456296524753  3736
3.3836358683618797  3868
3.383815365980431  3521
3.383994789441733  3768
3.3841741388070337  3661
3.384353414137506  3754
3.3845326154942486  3626
3.3847117429382823  3772
3.3848907965305544  3676
3.385069776331935  3579
3.38524868240322  3692
3.3854275148051305  3726
3.385606273598312  3788
3.3857849588433355  3724
3.385963570600697  3912
3.3861421089308186  3634
3.386320573894046  3679
3.386498965550653  3752
3.3866772839608377  3728
3.386855529184724  3662
3.387033701282363  3739
3.3872118003137306  3870
3.387389826338729  3689
3.387567779417189  3840
3.3877456596088638  3779
3.3879234669734366  3718
3.3881012015705165  3696
3.388278863459639  3958
3.3884564527002667  3685
3.388633969351789  3695
3.3888114134735234  3855
3.388988785124714  3851
3.3891660843645326  3655
3.389343311252078  3738
3.3895204658463776  3742
3.3896975482063856  3913
3.3898745583909853  3778
3.3900514964589874  3726
3.3902283624691303  3654
3.390405156480081  3835
3.390581878550435  3805
3.390758528738717  3683
3.3909351071033793  3587
3.3911116137028023  3645
3.3912880485952974  3682
3.3914644118391033  3796
3.3916407034923877  3833
3.391816923613249  3642
3.3919930722597127  3747
3.392169149489736  3545
3.392345155361204  3697
3.3925210899319325  3574
3.392696953259666  3853
3.3928727454020793  3949
3.3930484664167784  3819
3.3932241163612975  3689
3.393399695293102  3905
3.3935752032695876  3816
3.39375064034808  3729
3.3939260065858368  3941
3.3941013020400446  3866
3.3942765267678214  3725
3.3944516808262164  3761
3.394626764272209  3902
3.394801777162711  3767
3.394976719554564  3785
3.3951515915045425  3638
3.395326393069351  3641
3.395501124305626  3834
3.395675785269936  3811
3.3958503760187813  3727
3.3960248966085933  3816
3.3961993470957363  3823
3.3963737275365067  3658
3.396548037987132  3742
3.3967222785037734  3735
3.396896449142524  3771
3.397070549959409  3771
3.397244581010386  3709
3.397418542351348  3725
3.3975924340381165  3817
3.39776625612645  3783
3.3979400086720375  3742
3.3981136917305026  3734
3.398287305357401  3810
3.3984608496082234  3609
3.398634324538392  3818
3.3988077302032647  3749
3.398981066658131  3741
3.3991543339582164  3711
3.399327532158679  3838
3.3995006613146104  3697
3.399673721481038  3816
3.3998467127129226  3910
3.4000196350651586  3769
3.400192488592576  3776
3.400365273349939  3607
3.400537989391946  3730
3.400710636773231  3751
3.4008832155483626  3883
3.401055725771844  3850
3.401228167498113  3709
3.401400540781544  3774
3.401572845676446  3766
3.401745082237063  3821
3.4019172505175748  3611
3.402089350572097  3684
3.40226138245468  3843
3.402433346219312  3746
3.4026052419199146  3654
3.402777069610347  3790
3.4029488293444046  3868
3.403120521175818  3697
3.4032921451582543  3722
3.4034637013453173  3573
3.403635189790548  3618
3.4038066105474227  3911
3.403977963669355  3655
3.404149249209695  3866
3.404320467221731  3847
3.404491617758686  3684
3.4046627008737222  3811
3.404833716619938  3785
3.4050046650503694  3657
3.4051755462179893  3648
3.405346360175709  3665
3.4055171069763763  3784
3.4056877866727775  3689
3.4058583993176366  3863
3.406028944963615  3775
3.406199423663313  3690
3.4063698354692673  3853
3.406540180433955  3750
3.40671045860979  3813
3.4068806700491248  3751
3.40705081480425  3745
3.4072208929273966  3757
3.4073909044707316  3827
3.4075608494863627  3699
3.4077307280263356  3607
3.407900540142635  3770
3.4080702858871854  3789
3.4082399653118496  3799
3.40840957846843  3688
3.4085791254086675  3698
3.408748606184244  3830
3.4089180208467798  3708
3.409087369447835  3794
3.4092566520389096  3696
3.4094258686714434  3707
3.4095950193968156  3601
3.4097641042663462  3594
3.4099331233312946  3732
3.4101020766428607  3928
3.4102709642521845  3740
3.4104397862103464  3845
3.410608542568368  3648
3.41077723337721  3764
3.4109458586877746  3768
3.4111144185509046  3946
3.4112829130173843  3826
3.4114513421379375  3714
3.41161970596323  3714
3.411788004543869  3649
3.4119562379304016  3694
3.412124406173317  3729
3.4122925093230463  3749
3.412460547429961  3810
3.4126285205443754  3750
3.4127964287165433  3731
3.4129642719966626  3761
3.413132050434872  3824
3.413299764081252  3694
3.413467412985825  3763
3.413634997198556  3736
3.4138025167693513  3688
3.4139699717480614  3591
3.414137362184477  3609
3.4143046881283317  3952
3.4144719496293026  3704
3.414639146737009  3749
3.4148062795010126  3592
3.4149733479708178  3617
3.4151403521958725  3600
3.4153072922255676  3760
3.4154741681092355  3844
3.4156409798961542  3644
3.4158077276355434  3724
3.415974411376566  3704
3.416141031168329  3683
3.4163075870598827  3636
3.4164740791002206  3912
3.416640507338281  3848
3.4168068718229443  3627
3.4169731726030363  3628
3.4171394097273255  3600
3.4173055832445254  3801
3.417471693203293  3885
3.4176377396522297  3801
3.417803722639881  3902
3.417969642214737  3607
3.418135498425232  3794
3.4183012913197452  3721
3.4184670209466006  3645
3.4186326873540653  3671
3.4187982905903533  3884
3.4189638307036225  3774
3.4191293077419758  3661
3.4192947217534604  3680
3.4194600727860704  3736
3.419625360887743  3730
3.419790586106363  3888
3.419955748489758  3637
3.420120848085703  3742
3.4202858849419178  3770
3.4204508591060683  3635
3.420615770625765  3751
3.4207806195485655  3769
3.420945405921972  3656
3.4211101297934343  3853
3.4212747912103465  3790
3.4214393902200495  3625
3.4216039268698313  3759
3.421768401206924  3660
3.4219328132785085  3859
3.4220971631317103  3810
3.4222614508136027  3733
3.4224256763712044  3728
3.422589839851482  3673
3.422753941301348  3874
3.422917980767662  3647
3.423081958297231  3746
3.423245873936808  3702
3.4234097277330933  3926
3.4235735197327357  3711
3.423737249982329  3640
3.4239009185284166  3747
3.4240645254174877  3911
3.42422807069598  3854
3.4243915544102776  3751
3.4245549766067134  3660
3.424718337331567  3733
3.424881636631067  3715
3.425044874551389  3869
3.4252080511386565  3770
3.425371166438941  3695
3.4255342204982635  3604
3.425697213362591  3646
3.4258601450778405  3666
3.4260230156898763  3922
3.426185825244511  3806
3.4263485737875077  3709
3.4265112613645754  3806
3.426673888021373  3779
3.426836453803508  3638
3.426998958756537  3751
3.4271614029259654  3717
3.427323786357247  3701
3.4274861090957853  3885
3.4276483711869328  3787
3.42781057267599  3746
3.427972713608209  3879
3.428134794028789  3718
3.4282968139828798  3790
3.42845877351558  3645
3.428620672671939  3783
3.4287825114969546  3696
3.428944290035574  3693
3.4291060083326967  3716
3.4292676664331685  3731
3.429429264381788  3729
3.4295908022233017  3647
3.429752280002408  3846
3.4299136977637543  3611
3.430075055551939  3518
3.4302363534115106  3684
3.4303975913869666  3706
3.4305587695227575  3636
3.4307198878632823  3609
3.4308809464528913  3704
3.4310419453358856  3735
3.431202884556517  3703
3.4313637641589874  3617
3.431524584187451  3827
3.4316853446860116  3634
3.4318460456987254  3854
3.4320066872695985  3703
3.4321672694425884  3909
3.4323277922616042  3585
3.4324882557705063  3648
3.4326486600131068  3843
3.4328090050331683  3759
3.432969290874406  3649
3.4331295175804857  3798
3.433289685195026  3754
3.433449793761596  3844
3.433609843323718  3822
3.433769833924866  3743
3.433929765608464  3839
3.4340896384178907  3685
3.4342494523964757  3768
3.4344092075875  3679
3.4345689040341987  3749
3.4347285417797577  3718
3.434888120867316  3622
3.4350476413399647  3778
3.4352071032407476  3748
3.4353665066126613  3808
3.435525851498655  3858
3.43568513794163  3644
3.4358443659844413  3683
3.4360035356698964  3554
3.436162647040756  3770
3.4363217001397333  3765
3.436480695009495  3708
3.436639631692661  3747
3.4367985102318035  3813
3.4369573306694496  3704
3.4371160930480786  3640
3.4372747974101237  3810
3.437433443797971  3681
3.4375920322539613  3875
3.437750562820388  3832
3.4379090355394983  3850
3.438067450453494  3698
3.4382258076045296  3666
3.438384107034714  3671
3.4385423487861106  3968
3.4387005329007363  3684
3.438858659420562  3782
3.4390167283875126  3692
3.4391747398434687  3826
3.439332693830263  3665
3.4394905903896835  3583
3.4396484295634737  3718
3.4398062113933303  3752
3.439963935920905  3769
3.4401216031878037  3796
3.440279213235588  3665
3.4404367661057735  3735
3.440594261839831  3730
3.4407517004791854  3727
3.4409090820652177  3724
3.4410664066392633  3747
3.4412236742426123  3779
3.4413808849165113  3627
3.441538038702161  3813
3.441695135640717  3729
3.441852175773292  3772
3.442009159140952  3666
3.44216608578472  3715
3.4423229557455746  3839
3.4424797690644486  3735
3.442636525782232  3578
3.442793225939769  3637
3.4429498695778618  3666
3.443106456737266  3795
3.443262987458695  3756
3.4434194617828173  3937
3.4435758797502576  3728
3.4437322414015967  3703
3.443888546777372  3581
3.444044795918076  3848
3.4442009888641594  3797
3.4443571256560275  3729
3.444513206334043  3685
3.4446692309385245  3730
3.4448251995097476  3692
3.4449811120879446  3573
3.445136968713304  3774
3.4452927694259716  3779
3.44544851426605  3750
3.4456042032735974  3708
3.445759836488631  3674
3.4459154139511234  3811
3.446070935701005  3781
3.446226401778163  3761
3.446381812222442  3794
3.446537167073644  3813
3.4466924663715273  3807
3.446847710155809  3783
3.4470028984661623  3670
3.4471580313422194  3813
3.4473131088235682  3734
3.4474681309497557  3770
3.447623097760286  3759
3.447778009294621  3778
3.4479328655921804  3739
3.448087666692341  3793
3.448242412634439  3732
3.4483971034577676  3839
3.448551739201578  3814
3.44870631990508  3798
3.4488608456074408  3632
3.4490153163477864  3820
3.449169732165201  3762
3.449324093098727  3607
3.449478399187365  3818
3.4496326504700745  3717
3.4497868469857735  3634
3.4499409887733377  3809
3.4500950758716025  3651
3.450249108319361  3746
3.450403086155366  3766
3.450557009418329  3830
3.450710878146919  3594
3.450864692379766  3687
3.4510184521554574  3593
3.45117215751254  3792
3.4513258084895195  3786
3.4514794051248616  3666
3.4516329474569907  3761
3.45178643552429  3766
3.451939869365103  3723
3.4520932490177314  3669
3.452246574520437  3860
3.4523998459114416  3629
3.452553063228925  3621
3.452706226511029  3787
3.452859335795852  3727
3.4530123911214554  3775
3.4531653925258574  3742
3.4533183400470375  3754
3.453471233722936  3729
3.4536240735914507  3794
3.4537768596904423  3590
3.4539295920577286  3764
3.45408227073109  3869
3.4542348957482654  3676
3.454387467146955  3727
3.4545399849648186  3615
3.454692449239477  3694
3.45484486000851  3790
3.45499721730946  3768
3.4551495211798278  3804
3.4553017716570764  3715
3.4554539687786283  3760
3.455606112581867  3890
3.455758203104137  3693
3.455910240382743  3773
3.4560622244549513  3717
3.456214155357989  3734
3.456366033129043  3716
3.4565178578052627  3966
3.4566696294237578  3737
3.456821348021599  3741
3.456973013635818  3742
3.457124626303409  3606
3.4572761860613257  3617
3.4574276929464847  3959
3.4575791469957626  3747
3.4577305482459986  3728
3.4578818967339924  3538
3.458033192496506  3655
3.4581844355702627  3643
3.4583356259919475  3563
3.4584867637982066  3710
3.4586378490256493  3637
3.458788881710845  3668
3.458939861890326  3753
3.4590907896005865  3755
3.459241664878082  3837
3.459392487759231  3709
3.459543258280413  3682
3.4596939764779706  3768
3.459844642388208  3681
3.4599952560473914  3688
3.46014581749175  3735
3.4602963267574753  3557
3.4604467838807205  3759
3.4605971888976015  3755
3.460747541844197  3808
3.4608978427565478  3772
3.4610480916706576  3869
3.461198288622493  3940
3.461348433647983  3762
3.4614985267830187  3834
3.4616485680634552  3813
3.461798557525109  3696
3.461948495203762  3677
3.462098381135156  3916
3.4622482153549976  3656
3.462397997898956  3869
3.4625477288026643  3678
3.4626974081017172  3790
3.4628470358316736  3727
3.462996612028056  3706
3.4631461367263494  3769
3.4632956099620027  3856
3.4634450317704277  3856
3.463594402187  3817
3.463743721247059  3749
3.4638929889859074  3676
3.464042205438811  3692
3.4641913706409997  3735
3.4643404846276673  3689
3.4644895474339714  3760
3.464638559095033  3661
3.4647875196459372  3691
3.4649364291217326  3825
3.4650852875574327  3735
3.4652340949880145  3850
3.4653828514484184  3646
3.46553155697355  3866
3.465680211598278  3652
3.4658288153574364  3674
3.465977368285823  3835
3.466125870418199  3612
3.466274321789292  3838
3.466422722433792  3807
3.4665710723863543  3690
3.4667193716815987  3634
3.4668676203541096  3814
3.4670158184384356  3789
3.4671639659690903  3696
3.467312062980552  3715
3.4674601095072637  3763
3.467608105583633  3850
3.467756051244033  3784
3.4679039465228003  3640
3.4680517914542377  3759
3.4681995860726125  3633
3.4683473304121573  3757
3.468495024507069  3747
3.4686426683915115  3573
3.468790262099611  3627
3.4689378056654614  3802
3.4690852991231202  3633
3.469232742506612  3672
3.469380135849925  3710
3.469527479187014  3761
3.469674772551798  3942
3.469822015978163  3768
3.4699692094999595  3768
3.470116353151004  3556
3.4702634469650784  3777
3.470410490975931  3730
3.4705574852172743  3890
3.470704429722788  3644
3.4708513245261177  3538
3.4709981696608736  3772
3.471144965160633  3665
3.4712917110589387  3621
3.471438407389299  3731
3.47158505418519  3607
3.471731651480051  3734
3.4718781993072905  3666
3.4720246977002813  3557
3.472171146692363  3805
3.472317546316842  3750
3.4724638966069894  3726
3.472610197596045  3681
3.4727564493172123  3852
3.472902651803664  3553
3.4730488050885375  3745
3.473194909204938  3813
3.4733409641859354  3563
3.4734869700645685  3603
3.473632926873841  3765
3.473778834646725  3659
3.473924693416157  3742
3.4740705032150436  3809
3.4742162640762553  3727
3.4743619760326307  3603
3.474507639116976  3711
3.474653253362063  3810
3.474798818800631  3818
3.4749443354653877  3754
3.4750898033890065  3853
3.475235222604128  3868
3.475380593143361  3751
3.4755259150392805  3698
3.4756711883244296  3746
3.475816413031318  3629
3.4759615891924236  3636
3.4761067168401913  3928
3.4762517960070336  3719
3.4763968267253302  3638
3.4765418090274287  3672
3.476686742945645  3682
3.4768316285122607  3555
3.476976465759527  3824
3.4771212547196626  3704
3.477265995424853  3708
3.4774106879072515  3874
3.477555332198981  3803
3.4776999283321306  3813
3.4778444763387584  3653
3.4779889762508893  3664
3.4781334281005174  3700
3.4782778319196046  3874
3.4784221877400805  4115
3.4785664955938436  3890
3.4787107555127594  3739
3.478854967528663  3743
3.478999131673357  3805
3.479143247978613  3791
3.47928731647617  3694
3.4794313371977363  3836
3.4795753101749884  3721
3.479719235439571  3780
3.479863113023098  3749
3.4800069429571505  3778
3.4801507252732806  3760
3.4802944600030066  3679
3.480438147177817  3653
3.480581786829169  3812
3.4807253789884878  3735
3.4808689236871677  3659
3.481012420956573  3733
3.4811558708280352  3742
3.481299273332856  3732
3.481442628502305  3808
3.4815859363676225  3634
3.481729196960016  3617
3.4818724103106633  3751
3.4820155764507117  3813
3.482158695411276  3817
3.4823017672234426  3783
3.4824447919182653  3863
3.4825877695267677  3675
3.482730700079943  3626
3.482873583608754  3779
3.483016420144132  3754
3.4831592097169795  3879
3.483301952358167  3899
3.4834446480985353  3594
3.4835872969688944  3832
3.4837298990000236  3581
3.4838724542226736  3701
3.4840149626675627  3666
3.484157424365381  3783
3.484299839346786  3875
3.484442207642407  3602
3.484584529282843  3768
3.4847268042986617  3693
3.484869032720402  3623
3.485011214578573  3628
3.485153349903652  3796
3.485295438726089  3756
3.485437481076301  3684
3.485579476984679  3745
3.48572142648158  3671
3.4858633295973345  3669
3.486005186362242  3659
3.4861469968065726  3846
3.486288760960566  3852
3.486430478854434  3604
3.4865721505183562  3723
3.4867137759824853  3722
3.4868553552769432  3877
3.4869968884318228  3726
3.4871383754771865  3714
3.4872798164430687  3775
3.4874212113594742  3789
3.4875625602563782  3857
3.4877038631637265  3724
3.4878451201114355  3898
3.4879863311293935  3790
3.4881274962474587  3864
3.48826861549546  3765
3.488409688903198  3644
3.4885507165004443  3749
3.4886916983169405  3601
3.4888326343824003  3646
3.488973524726508  3800
3.4891143693789193  3791
3.4892551683692603  3798
3.4893959217271293  3657
3.4895366294820955  3720
3.4896772916636984  3744
3.4898179083014504  3798
3.4899584794248346  3629
3.4900990050633047  3760
3.4902394852462875  3746
3.490379920003179  3894
3.490520309363349  3732
3.490660653356137  3659
3.490800952010855  3768
3.490941205356787  3734
3.491081413423187  3817
3.491221576239283  3890
3.4913616938342726  3633
3.4915017662373264  3730
3.4916417934775863  3564
3.491781775584166  3643
3.491921712586151  3699
3.492061604512599  3642
3.49220145139254  3608
3.4923412532549745  3673
3.4924810101288766  3807
3.492620722043192  3623
3.4927603890268375  3722
3.4929000111087034  3679
3.4930395883176515  3697
3.493179120682515  3845
3.4933186082321015  3694
3.4934580509951885  3759
3.493597449000527  3767
3.49373680227684  3682
3.4938761108528227  3672
3.4940153747571436  3786
3.494154594018443  3783
3.4942937686653326  3760
3.494432898726399  3732
3.4945719842301988  3804
3.494711025205263  3948
3.494850021680094  3622
3.494988973683168  3803
3.4951278812429334  3653
3.4952667443878105  3770
3.495405563146193  3666
3.4955443375464483  3706
3.4956830676169153  3685
3.495821753385906  3593
3.4959603948817053  3779
3.496098992132571  3788
3.496237545166735  3773
3.496376054012401  3557
3.496514518697745  3878
3.496652939250918  3876
3.4967913157000425  3636
3.496929648073215  3585
3.497067936398505  3700
3.4972061807039547  3789
3.49734438101758  3609
3.4974825373673704  3729
3.497620649781288  3694
3.497758718287268  3849
3.49789674291322  3518
3.498034723687027  3669
3.498172660636544  3614
3.4983105537896004  3702
3.4984484031739997  3590
3.498586208817518  3646
3.4987239707479048  3609
3.498861688992884  3622
3.498999363580153  3817
3.4991369945373827  3694
3.4992745818922173  3744
3.499412125672275  3631
3.499549625905149  3666
3.499687082618404  3516
3.49982449583958  3650
3.49996186559619  3476
3.500099191915723  3539
3.500236474825639  3597
3.500373714353374  3554
3.5005109105263372  3664
3.500648063371912  3572
3.500785172917456  3637
3.5009222391903005  3492
3.5010592622177517  3403
3.501196242027089  3491
3.501333178645566  3557
3.501470072100412  3566
3.5016069224188295  3587
3.5017437296279943  3533
3.5018804937550585  3531
3.5020172148271476  3338
3.5021538928713607  3508
3.5022905279147727  3498
3.5024271199844326  3480
3.502563669107363  3310
3.502700175310563  3230
3.502836638621003  3411
3.5029730590656314  3338
3.503109436671369  3295
3.503245771465113  3274
3.5033820634737327  3346
3.5035183127240748  3390
3.5036545192429593  3347
3.503790683057181  3472
3.5039268041935103  3249
3.5040628826786917  3344
3.504198918539445  3182
3.5043349118024643  3225
3.504470862494419  3019
3.5046067706419537  3248
3.504742636271688  3257
3.504878459410216  3232
3.505014240084107  3086
3.505149978319906  3135
3.5052856741441323  3229
3.505421327583281  3033
3.5055569386638217  3085
3.5056925074122  3000
3.5058280338548364  2937
3.505963518018126  3025
3.5060989599284405  2895
3.506234359612126  2890
3.506369717095504  3006
3.506505032404872  2931
3.5066403055665023  2863
3.5067755366066433  2845
3.506910725551518  2807
3.5070458724273257  2858
3.5071809772602407  2701
3.5073160400764136  2824
3.50745106090197  2672
3.5075860397630105  2605
3.5077209766856137  2601
3.507855871695831  2591
3.5079907248196913  2615
3.5081255360831993  2520
3.5082603055123345  2513
3.508395033133053  2487
3.5085297189712867  2446
3.508664363052943  2369
3.508798965403905  2359
3.5089335260500327  2339
3.5090680450171616  2279
3.509202522331103  2267
3.509336958017644  2257
3.5094713521025485  2158
3.5096057046115563  2103
3.509740015570382  2057
3.5098742850047193  2046
3.5100085129402347  2128
3.5101426994025733  2010
3.510276844417355  1943
3.510410948010177  1876
3.510545010206612  1872
3.51067903103221  1813
3.510813010512496  1891
3.5109469486729727  1789
3.5110808455391185  1808
3.511214701136388  1713
3.511348515490213  1655
3.5114822886260013  1613
3.5116160205691376  1608
3.511749711344983  1573
3.5118833609788744  1535
3.5120169694961265  1533
3.5121505369220305  1458
3.5122840632818537  1396
3.51241754860084  1367
3.512550992904211  1413
3.5126843962171637  1260
3.512817758564873  1365
3.5129510799724906  1219
3.513084360465144  1197
3.513217600067939  1214
3.513350798805957  1134
3.513483956704257  1126
3.513617073787875  1123
3.5137501500818233  1018
3.5138831856110926  986
3.5140161804006493  974
3.514149134475437  1010
3.514282047860378  876
3.514414920580369  874
3.514547752660286  828
3.5146805441249818  806
3.514813294999285  794
3.5149460053080044  731
3.5150786750759226  760
3.515211304327802  724
3.5153438930883807  679
3.515476441382376  677
3.51560894923448  647
3.515741416669365  644
3.515873843711679  588
3.5160062303860475  582
3.5161385767170743  551
3.5162708827293403  501
3.516403148447403  524
3.5165353738957994  446
3.516667559099043  459
3.5167997040816243  447
3.5169318088680126  419
3.5170638734826545  429
3.5171958979499744  386
3.5173278822943734  393
3.5174598265402324  354
3.517591730711908  347
3.5177235948337358  336
3.517855418930029  306
3.5179872030250783  283
3.518118947143153  286
3.5182506513085  268
3.518382315545344  265
3.5185139398778875  245
3.5186455243303114  217
3.518777068926775  227
3.518908573691414  227
3.5190400386483445  208
3.519171463821659  170
3.519302849235429  203
3.519434194913703  183
3.519565500880509  156
3.519696767159853  148
3.519827993775719  145
3.5199591807520685  135
3.5200903281128424  127
3.52022143588196  112
3.520352504083318  111
3.520483532740792  108
3.520614521878236  104
3.5207454715194824  92
3.5208763816883417  91
3.521007252408604  94
3.5211380837040362  91
3.5212688755983854  76
3.521399628115376  75
3.521530341278711  62
3.5216610151120733  61
3.5217916496391233  68
3.5219222448835006  52
3.5220528008688223  49
3.5221833176186865  48
3.522313795156667  43
3.5224442335063197  51
3.522574632691177  38
3.52270499273475  39
3.52283531366053  38
3.5229655954919865  33
3.523095838252568  30
3.523226041965701  31
3.5233562066547925  19
3.5234863323432277  33
3.523616419054371  22
3.5237464668115646  19
3.523876475638131  20
3.5240064455573727  20
3.5241363765925686  18
3.524266268766979  16
3.524396122103842  11
3.5245259366263757  9
3.5246557123577773  17
3.5247854493212225  13
3.524915147539867  9
3.525044807036845  9
3.5251744278352715  8
3.525304009958239  7
3.52543355342882  7
3.525563058270067  14
3.525692524505011  8
3.5258219521566625  5
3.5259513412480126  5
3.5260806918020298  5
3.526210003841664  4
3.526339277389844  5
3.5264685124694775  9
3.526597709103452  7
3.5267268673146357  6
3.5268559871258747  4
3.5269850685599957  2
3.527114111639805  4
3.5272431163880884  3
3.527372082827612  3
3.52750101098112  2
3.5276299008713385  2
3.5277587525209717  3
3.527887565952705  1
3.5280163411892014  2
3.5281450782531065  2
3.5282737771670436  2
3.5284024379536176  3
3.5285310606354114  2
3.5286596452349897  2
3.5287881917748964  4
3.5289167002776547  1
3.529045170765769  1
3.529173603261723  1
3.5293019977879805  1
