0.3010299956639812  11828
0.47712125471966244  11132
0.6020599913279624  11700
0.6989700043360189  11048
0.7781512503836436  12150
0.8450980400142568  9944
0.9030899869919435  11210
0.9542425094393249  10879
1.0  11126
1.0413926851582251  10515
1.0791812460476249  11438
1.1139433523068367  10338
1.146128035678238  10655
1.1760912590556813  11268
1.2041199826559248  10491
1.2304489213782739  12458
1.255272505103306  10499
1.2787536009528289  10373
1.3010299956639813  11039
1.3222192947339193  10577
1.3424226808222062  9078
1.3617278360175928  8400
1.380211241711606  7996
1.3979400086720377  6892
1.414973347970818  6241
1.4313637641589874  5038
1.4471580313422192  4750
1.462397997898956  4370
1.4771212547196624  4543
1.4913616938342726  4394
1.505149978319906  4453
1.5185139398778875  3432
1.5314789170422551  4108
1.5440680443502757  4882
1.5563025007672873  4159
1.568201724066995  3824
1.5797835966168101  3725
1.591064607026499  4700
1.6020599913279623  3892
1.6127838567197355  4842
1.6232492903979006  4435
1.6334684555795864  4217
1.6434526764861874  4537
1.6532125137753437  4195
1.662757831681574  4930
1.6720978579357175  3925
1.6812412373755872  4102
1.6901960800285136  4669
1.6989700043360187  4290
1.7075701760979363  4457
1.7160033436347992  4419
1.724275869600789  3908
1.7323937598229686  4258
1.7403626894942439  4112
1.7481880270062005  4183
1.7558748556724915  3796
1.7634279935629373  4466
1.7708520116421442  4071
1.7781512503836436  3858
1.7853298350107671  4778
1.792391689498254  4751
1.7993405494535817  4364
1.806179973983887  4319
1.8129133566428555  3898
1.8195439355418688  4521
1.8260748027008264  4140
1.8325089127062364  4373
1.8388490907372552  4333
1.845098040014257  4349
1.8512583487190752  4621
1.8573324964312685  3785
1.863322860120456  4640
1.8692317197309762  4110
1.8750612633917  4642
1.8808135922807914  4050
1.8864907251724818  4168
1.8920946026904804  4927
1.8976270912904414  4202
1.9030899869919435  3919
1.9084850188786497  4802
1.9138138523837167  4421
1.919078092376074  4276
1.9242792860618816  4390
1.9294189257142926  4274
1.9344984512435677  4226
1.9395192526186185  4489
1.9444826721501687  3899
1.9493900066449128  4539
1.954242509439325  4661
1.9590413923210936  4157
1.9637878273455553  4442
1.968482948553935  4940
1.9731278535996986  4449
1.9777236052888478  4507
1.9822712330395684  4582
1.9867717342662448  4595
1.9912260756924949  4280
1.99563519459755  3885
2.0  4705
2.0043213737826426  4420
2.0086001717619175  4058
2.012837224705172  4217
2.0170333392987803  4328
2.0211892990699383  4258
2.0253058652647704  3772
2.0293837776852097  4536
2.03342375548695  4323
2.037426497940624  4322
2.041392685158225  3751
2.0453229787866576  3720
2.0492180226701815  4473
2.0530784434834195  4057
2.0569048513364727  4594
2.060697840353612  4534
2.0644579892269186  3828
2.0681858617461617  4325
2.0718820073061255  3978
2.0755469613925306  4532
2.0791812460476247  4183
2.0827853703164503  4160
2.0863598306747484  4242
2.089905111439398  4863
2.093421685162235  3763
2.0969100130080562  4409
2.100370545117563  4362
2.103803720955957  4581
2.1072099696478683  4396
2.110589710299249  4374
2.113943352306837  4142
2.1172712956557644  4179
2.12057393120585  3493
2.123851640967086  4787
2.1271047983648077  4846
2.130333768495006  4430
2.1335389083702174  4163
2.1367205671564067  4051
2.1398790864012365  3833
2.143014800254095  3955
2.146128035678238  3828
2.1492191126553797  4783
2.1522883443830563  4291
2.155336037465062  4552
2.1583624920952498  4250
2.161368002234975  4311
2.164352855784437  4633
2.167317334748176  4402
2.1702617153949575  4165
2.173186268412274  3969
2.1760912590556813  4384
2.1789769472931693  4052
2.1818435879447726  3697
2.184691430817599  4351
2.187520720836463  4529
2.1903316981702914  4265
2.1931245983544616  4557
2.1958996524092336  4044
2.1986570869544226  4482
2.2013971243204513  4350
2.2041199826559246  4302
2.2068258760318495  3986
2.2095150145426308  4319
2.2121876044039577  4076
2.214843848047698  4477
2.2174839442139063  4498
2.220108088040055  4790
2.2227164711475833  4275
2.225309281725863  4676
2.2278867046136734  4313
2.230448921378274  3323
2.2329961103921536  4429
2.2355284469075487  4308
2.2380461031287955  4405
2.2405492482826  3952
2.2430380486862944  4560
2.24551266781415  4586
2.247973266361807  4868
2.250420002308894  4529
2.2528530309798933  4102
2.255272505103306  4406
2.2576785748691846  4178
2.2600713879850747  3905
2.2624510897304293  4352
2.2648178230095364  3987
2.2671717284030137  4575
2.2695129442179165  4867
2.271841606536499  4635
2.27415784926368  3375
2.2764618041732443  4210
2.278753600952829  4648
2.2810333672477277  4672
2.2833012287035497  4342
2.285557309007774  4252
2.287801729930226  4619
2.290034611362518  3945
2.292256071356476  4197
2.294466226161593  4053
2.296665190261531  4316
2.298853076409707  5289
2.3010299956639813  4140
2.303196057420489  4353
2.305351369446624  4096
2.307496037913213  4118
2.3096301674258988  4311
2.311753861055754  3976
2.3138672203691533  3885
2.315970345456918  4238
2.3180633349627615  4407
2.3201462861110542  3861
2.322219294733919  4442
2.3242824552976926  4223
2.326335860928751  4329
2.3283796034387376  3757
2.330413773349191  4784
2.3324384599156054  4512
2.3344537511509307  4161
2.3364597338485296  4421
2.3384564936046046  3965
2.3404441148401185  4418
2.342422680822206  4296
2.3443922736851106  4397
2.346352974450639  4051
2.3483048630481607  4181
2.3502480183341627  4367
2.3521825181113627  4307
2.3541084391474008  3960
2.3560258571931225  4343
2.357934847000454  4743
2.359835482339888  4369
2.361727836017593  4226
2.3636119798921444  4700
2.3654879848909  4056
2.367355921026019  4300
2.369215857410143  4108
2.3710678622717363  4408
2.3729120029701067  4260
2.374748346010104  4247
2.376576957056512  4271
2.3783979009481375  4731
2.380211241711606  4069
2.3820170425748683  4340
2.383815365980431  3867
2.385606273598312  4066
2.387389826338729  4291
2.3891660843645326  3973
2.3909351071033793  4269
2.392696953259666  4527
2.3944516808262164  4398
2.3961993470957363  4678
2.3979400086720375  4662
2.399673721481038  3887
2.401400540781544  5255
2.403120521175818  4305
2.404833716619938  4471
2.406540180433955  4637
2.4082399653118496  4306
2.4099331233312946  4332
2.41161970596323  4064
2.413299764081252  4695
2.4149733479708178  4517
2.416640507338281  4233
2.4183012913197452  4488
2.419955748489758  4698
2.4216039268698313  3519
2.423245873936808  4294
2.424881636631067  4555
2.4265112613645754  4831
2.428134794028789  4570
2.429752280002408  4567
2.4313637641589874  3973
2.432969290874406  4215
2.4345689040341987  4333
2.436162647040756  4481
2.437750562820388  3916
2.439332693830263  4720
2.4409090820652177  4308
2.4424797690644486  4313
2.444044795918076  4158
2.4456042032735974  4784
2.4471580313422194  3630
2.44870631990508  4241
2.450249108319361  4470
2.45178643552429  4446
2.4533183400470375  4192
2.45484486000851  4731
2.456366033129043  4790
2.4578818967339924  4790
2.459392487759231  3797
2.4608978427565478  5208
2.462397997898956  4142
2.4638929889859074  4870
2.4653828514484184  4376
2.4668676203541096  4612
2.4683473304121573  4399
2.469822015978163  4998
2.4712917110589387  4370
2.4727564493172123  4460
2.4742162640762553  4840
2.4756711883244296  4032
2.4771212547196626  4627
2.4785664955938436  4712
2.4800069429571505  4325
2.481442628502305  4342
2.482873583608754  4390
2.484299839346786  4759
2.48572142648158  3778
2.4871383754771865  4632
2.4885507165004443  4197
2.4899584794248346  4245
2.4913616938342726  4057
2.4927603890268375  4459
2.494154594018443  4504
2.4955443375464483  4115
2.496929648073215  4271
2.4983105537896004  4409
2.499687082618404  3774
2.5010592622177517  4310
2.5024271199844326  4467
2.503790683057181  4065
2.505149978319906  4388
2.506505032404872  4135
2.507855871695831  3852
2.509202522331103  4538
2.510545010206612  4451
2.5118833609788744  4186
2.513217600067939  5144
2.514547752660286  4123
2.515873843711679  4260
2.5171958979499744  4154
2.5185139398778875  4282
2.519827993775719  4270
2.5211380837040362  4069
2.5224442335063197  4284
2.5237464668115646  4411
2.525044807036845  4428
2.526339277389844  4471
2.5276299008713385  4143
2.5289167002776547  3855
2.530199698203082  4213
2.531478917042255  4440
2.5327543789924976  4763
2.534026106056135  4611
2.5352941200427703  4345
2.53655844257153  3998
2.537819095073274  4125
2.5390760987927767  3974
2.5403294747908736  4729
2.5415792439465807  3935
2.5428254269591797  4468
2.5440680443502757  3959
2.545307116465824  4371
2.546542663478131  4442
2.5477747053878224  4267
2.5490032620257876  5059
2.550228353055094  4590
2.5514499979728753  3925
2.552668216112193  3789
2.5538830266438746  4091
2.5550944485783194  3906
2.5563025007672873  4931
2.5575072019056577  3897
2.558708570533166  4332
2.5599066250361124  4603
2.561101383649056  4192
2.5622928644564746  4825
2.5634810853944106  4265
2.5646660642520893  4075
2.5658478186735176  4706
2.56702636615906  4157
2.568201724066995  3828
2.569373909615046  4093
2.5705429398818973  4459
2.571708831808688  4399
2.5728716022004803  4280
2.574031267727719  4151
2.575187844927661  4398
2.576341350205793  3833
2.5774917998372255  4258
2.578639209968072  4042
2.57978359661681  4242
2.5809249756756194  4505
2.582063362911709  4398
2.583198773968623  4332
2.584331224367531  4609
2.5854607295085006  4411
2.586587304671755  4322
2.5877109650189114  4350
2.5888317255942073  4187
2.5899496013257077  4642
2.591064607026499  4143
2.5921767573958667  4550
2.593286067020457  4182
2.5943925503754266  4296
2.595496221825574  4630
2.59659709562646  4384
2.597695185925512  3963
2.598790506763115  4045
2.5998830720736876  4363
2.6009728956867484  4262
2.6020599913279625  3716
2.603144372620182  3851
2.60422605308447  3888
2.6053050461411096  4180
2.606381365110605  3810
2.6074550232146687  4461
2.6085260335771943  4779
2.60959440922522  4552
2.61066016308988  4317
2.611723308007342  4243
2.6127838567197355  3902
2.6138418218760693  4146
2.6148972160331345  4305
2.615950051656401  4387
2.617000341120899  4311
2.6180480967120925  3890
2.6190933306267428  4179
2.6201360549737576  4443
2.621176281775035  4411
2.622214022966295  4242
2.6232492903979003  4381
2.6242820958356683  3723
2.625312450961674  4195
2.6263403673750423  3989
2.6273658565927325  4474
2.6283889300503116  4276
2.629409599102719  4774
2.630427875025024  4276
2.6314437690131722  4502
2.6324572921847245  3909
2.6334684555795866  4729
2.6344772701607315  4623
2.635483746814912  4442
2.6364878963533656  4039
2.637489729512511  4037
2.6384892569546374  4353
2.639486489268586  4562
2.640481436970422  3920
2.6414741105040997  4017
2.6424645202421213  4562
2.6434526764861874  4200
2.6444385894678386  4854
2.645422269349092  4083
2.6464037262230695  4099
2.6473829701146196  4001
2.6483600109809315  4412
2.649334858712142  4648
2.6503075231319366  4671
2.651278013998144  4916
2.6522463410033232  4095
2.6532125137753435  4089
2.6541765418779604  4917
2.655138434811382  4000
2.656098202012832  5151
2.6570558528571038  4160
2.6580113966571126  4016
2.658964842664435  4264
2.6599162000698504  4049
2.660865478003869  4692
2.661812685537261  4147
2.662757831681574  4528
2.663700925389648  4713
2.6646419755561257  4211
2.6655809910179533  3849
2.6665179805548807  4173
2.667452952889954  4264
2.66838591669  3760
2.6693168805661123  4806
2.670245853074124  3900
2.6711728427150834  4204
2.6720978579357175  4189
2.673020907128896  3732
2.673941998634088  4251
2.6748611407378116  4202
2.6757783416740852  4126
2.6766936096248664  4376
2.677606952720493  4538
2.678518379040114  4168
2.6794278966121188  4340
2.680335513414563  4037
2.681241237375587  4118
2.682145076373832  4360
2.6830470382388496  4585
2.683947130751512  4299
2.6848453616444123  4256
2.6857417386022635  4060
2.6866362692622934  3872
2.6875289612146345  4202
2.6884198220027105  4258
2.6893088591236203  4805
2.690196080028514  4889
2.6910814921229687  4705
2.69196510276736  4497
2.69284691927723  4441
2.693726948923647  4209
2.694605198933569  4207
2.6954816764901977  4198
2.696356388733332  4525
2.6972293427597176  4143
2.6981005456233897  4388
2.6989700043360187  4975
2.699837725867246  4242
2.7007037171450192  4271
2.7015679850559273  3806
2.7024305364455254  5475
2.7032913781186614  3876
2.7041505168397992  4144
2.705007959333336  4739
2.7058637122839193  4284
2.7067177823367587  4745
2.7075701760979363  4002
2.708420900134713  4374
2.709269960975831  3800
2.7101173651118162  4043
2.710963118995276  4440
2.711807229041191  4309
2.7126497016272113  4485
2.7134905430939424  4271
2.714329759745233  3644
2.7151673578484576  4180
2.716003343634799  4853
2.7168377232995247  4518
2.717670503002262  4648
2.718501688867274  4372
2.7193312869837265  4451
2.720159303405957  4417
2.7209857441537393  4632
2.7218106152125467  4015
2.722633922533812  4651
2.7234556720351857  4705
2.724275869600789  4497
2.725094521081469  4479
2.7259116322950483  4516
2.7267272090265724  4441
2.727541257028556  4434
2.7283537820212285  4162
2.72916478969277  3912
2.7299742856995555  4362
2.7307822756663893  4158
2.7315887651867388  3725
2.7323937598229686  4586
2.7331972651065692  4450
2.733999286538387  4086
2.734799829588847  4159
2.73559889969818  4297
2.7363965022766426  3903
2.7371926427047373  4307
2.737987326333431  4499
2.738780558484369  4413
2.739572344450092  4029
2.7403626894942437  4295
2.741151598851785  3921
2.741939077729199  4155
2.7427251313046983  4341
2.74350976472843  4685
2.7442929831226763  4106
2.7450747915820575  4235
2.745855195173729  4519
2.7466341989375787  4632
2.747411807886423  4928
2.7481880270062002  3842
2.7489628612561616  4727
2.749736315569061  3583
2.7505083948513462  3921
2.751279103983342  4683
2.7520484478194387  4647
2.7528164311882715  4004
2.7535830588929064  4299
2.754348335711019  4530
2.7551122663950713  4291
2.7558748556724915  3699
2.756636108245848  3895
2.7573960287930244  3985
2.75815462196739  4234
2.7589118923979736  4708
2.7596678446896306  3933
2.760422483423212  4082
2.7611758131557314  3886
2.761927838420529  4272
2.762678563727436  4250
2.7634279935629373  4161
2.7641761323903307  4102
2.7649229846498886  4112
2.765668554759014  4454
2.7664128471123997  3943
2.7671558660821804  4531
2.767897616018091  3856
2.7686381012476144  4477
2.7693773260761385  4058
2.7701152947871015  4249
2.7708520116421442  4028
2.7715874808812555  4154
2.77232170672292  3846
2.7730546933642626  4719
2.7737864449811935  4005
2.7745169657285498  3997
2.7752462597402365  4435
2.775974331129369  4247
2.776701183988411  4136
2.7774268223893115  4055
2.7781512503836434  4682
2.7788744720027396  4033
2.7795964912578244  4332
2.780317312140151  4059
2.7810369386211318  4340
2.781755374652469  4592
2.782472624166286  3833
2.7831886910752575  3759
2.783903579272735  4767
2.784617292632875  4366
2.785329835010767  3826
2.786041210242554  3818
2.7867514221455614  5124
2.787460474518415  4583
2.788168371141168  4368
2.788875115775417  4012
2.7895807121644256  4516
2.7902851640332416  4649
2.790988475088816  4470
2.791690649020118  3847
2.792391689498254  4378
2.79309160017658  4475
2.7937903846908188  4228
2.7944880466591697  4257
2.795184589682424  4745
2.7958800173440754  3994
2.7965743332104296  4080
2.7972675408307164  4801
2.797959643737196  4161
2.798650645445269  3950
2.7993405494535817  4549
2.8000293592441343  4131
2.800717078282385  3999
2.801403710017355  4584
2.802089257881733  3944
2.8027737252919755  4585
2.803457115648414  4475
2.8041394323353503  4065
2.8048206787211623  3865
2.8055008581584002  3723
2.806179973983887  4922
2.8068580295188172  4563
2.807535028068853  4561
2.808210972924222  3934
2.808885867359812  3991
2.8095597146352675  4229
2.8102325179950842  4577
2.8109042806687006  4475
2.8115750058705933  4678
2.812244696800369  3989
2.8129133566428557  4679
2.813580988568192  4818
2.81424759573192  3617
2.814913181275074  4446
2.815577748324267  4812
2.816241299991783  4540
2.8169038393756605  4326
2.8175653695597807  4262
2.8182258936139557  4171
2.8188854145940097  4031
2.8195439355418688  4020
2.82020145948564  4139
2.8208579894397  5068
2.821513528404773  4297
2.8221680793680175  4447
2.8228216453031045  4242
2.823474229170301  4028
2.824125833916549  4218
2.824776462475546  4140
2.8254261177678233  4427
2.8260748027008264  4292
2.826722520168992  4305
2.8273692730538253  4256
2.828015064223977  3956
2.82865989653532  3682
2.829303772831025  4573
2.829946695941636  4168
2.8305886686851442  3468
2.8312296938670634  3939
2.8318697742805017  4176
2.832508912706236  3804
2.833147111912785  4270
2.833784374656479  5091
2.8344207036815328  4150
2.835056101720116  3784
2.8356905714924254  4599
2.8363241157067516  4664
2.8369567370595505  3963
2.837588438235511  4244
2.8382192219076257  4467
2.838849090737255  4479
2.8394780473741985  4065
2.840106094456758  3890
2.8407332346118066  4477
2.841359470454855  4874
2.8419848045901137  3617
2.842609239610562  4231
2.8432327780980096  4064
2.843855422623161  4121
2.8444771757456815  4708
2.845098040014257  4154
2.8457180179666586  4648
2.846337112129805  4137
2.846955325019824  4166
2.847572659142112  4467
2.848189116991399  3880
2.8488047010518036  4114
2.8494194137968996  4307
2.850033257689769  4386
2.8506462351830666  4246
2.8512583487190755  4144
2.851869600729766  4052
2.8524799936368566  4216
2.8530895298518657  4234
2.8536982117761744  4553
2.8543060418010806  4248
2.8549130223078554  4898
2.8555191556678  4281
2.8561244442423  4098
2.8567288903828825  4754
2.8573324964312685  4261
2.857935264719429  4401
2.858537197569639  4622
2.859138297294531  4246
2.859738566197147  4122
2.8603380065709936  4585
2.8609366207000937  4031
2.8615344108590377  4125
2.862131379313037  4183
2.8627275283179747  4382
2.863322860120456  4472
2.8639173769578603  4307
2.864511081058392  4727
2.8651039746411278  3996
2.8656960599160706  4257
2.8662873390841948  3808
2.866877814337499  4452
2.8674674878590514  3854
2.8680563618230415  4169
2.8686444383948255  4462
2.8692317197309762  4407
2.869818207979328  3678
2.870403905279027  4072
2.8709888137605755  4225
2.8715729355458786  4659
2.8721562727482928  4350
2.8727388274726686  3933
2.873320601815399  4083
2.8739015978644615  4509
2.8744818176994666  5191
2.8750612633917  4059
2.8756399370041685  4366
2.876217840591642  4062
2.8767949762007006  4554
2.877371345869774  4159
2.8779469516291885  4193
2.8785217955012063  3860
2.8790958795000727  4027
2.8796692056320534  4411
2.88024177589548  3931
2.8808135922807914  4484
2.8813846567705728  4810
2.8819549713396007  4774
2.8825245379548803  4099
2.8830933585756897  4380
2.8836614351536176  4484
2.884228769632604  4525
2.884795363948981  4514
2.885361220031512  4554
2.885926339801431  4898
2.886490725172482  4308
2.8870543780509568  4496
2.887617300335736  3691
2.888179493918325  4281
2.8887409606828927  3899
2.88930170250631  4045
2.8898617212581885  4558
2.890421018800914  4354
2.890979596989689  4102
2.8915374576725643  3754
2.8920946026904804  4249
2.8926510338773004  4781
2.893206753059848  4325
2.8937617620579434  4009
2.8943160626844384  4232
2.8948696567452528  4616
2.895422546039408  4065
2.8959747323590648  3941
2.8965262174895554  3964
2.89707700320942  4393
2.8976270912904414  4404
2.8981764834976764  4510
2.8987251815894934  4565
2.8992731873176036  3931
2.8998205024270964  4619
2.9003671286564705  3621
2.900913067737669  4078
2.9014583213961123  4292
2.9020028913507296  4072
2.902546779313991  4083
2.9030899869919438  4121
2.9036325160842376  3866
2.9041743682841634  4592
2.904715545278681  4233
2.905256048748451  4163
2.9057958803678687  4275
2.906335041805091  4021
2.90687353472207  4561
2.907411360774586  4623
2.9079485216122722  4470
2.90848501887865  4499
2.909020854211156  3760
2.9095560292411755  4485
2.910090545594068  3901
2.910624404889201  4384
2.9111576087399764  4027
2.9116901587538613  3806
2.9122220565324155  4324
2.912753303671323  4232
2.9132839017604186  3878
2.9138138523837167  4352
2.9143431571194407  4091
2.9148718175400505  4587
2.91539983521227  4033
2.9159272116971158  4058
2.916453948549925  4515
2.9169800473203824  4378
2.9175055095525466  4032
2.9180303367848803  4004
2.9185545305502734  4440
2.9190780923760737  5113
2.919601023784111  4398
2.920123326290724  4421
2.9206450014067875  4156
2.921166050637739  4250
2.921686475483602  4060
2.9222062774390163  4167
2.92272545799326  4033
2.9232440186302764  4611
2.9237619608287004  5045
2.9242792860618816  3606
2.924795995797912  4247
2.9253120914996495  4840
2.9258275746247424  4526
2.926342446625655  5096
2.926856708949692  4072
2.9273703630390235  5015
2.9278834103307068  4371
2.9283958522567137  4048
2.928907690243953  4455
2.929418925714293  4782
2.929929560084588  4451
2.9304395947667  4643
2.930949031167523  3903
2.931457870689005  4190
2.931966114728173  4015
2.932473764677153  4280
2.932980821923198  4036
2.9334872878487053  4238
2.9339931638312424  4468
2.934498451243568  4233
2.935003151453655  3997
2.9355072658247128  3994
2.9360107957152097  4376
2.936513742478893  4135
2.9370161074648142  3777
2.937517892017347  5314
2.9380190974762104  3976
2.938519725176492  4872
2.9390197764486663  4420
2.9395192526186187  4684
2.9400181550076634  3795
2.940516484932567  5231
2.9410142437055695  4499
2.941511432634403  4630
2.942008053022313  4792
2.9425041061680806  3978
2.9429995933660407  4715
2.9434945159061026  4655
2.9439888750737717  4343
2.9444826721501687  4345
2.9449759084120477  3563
2.94546858513182  4436
2.9459607035775686  4108
2.946452265013073  3712
2.9469432706978256  4437
2.9474337218870508  3920
2.9479236198317262  3969
2.948412965778601  4172
2.9489017609702137  4240
2.949390006644913  4731
2.949877704036875  4063
2.950364854376123  4075
2.9508514588885464  3953
2.951337518795918  4115
2.951823035315912  4394
2.9523080096621253  3948
2.952792443044092  4830
2.9532763366673045  4272
2.9537596917332287  4284
2.9542425094393248  3940
2.954724790979063  3929
2.9552065375419416  3879
2.9556877503135057  4472
2.9561684304753633  4563
2.9566485792052033  4386
2.957128197676813  4437
2.957607287060095  4308
2.958085848521085  3978
2.9585638832219674  4436
2.9590413923210934  3924
2.9595183769729982  4451
2.959994838328416  3894
2.960470777534299  4413
2.960946195733831  4639
2.9614210940664485  4898
2.9618954736678504  4339
2.962369335670021  4725
2.9628426812012423  3840
2.9633155113861114  4308
2.963787827345555  4523
2.964259630196849  4467
2.9647309210536292  3942
2.965201701025912  4109
2.9656719712201065  4363
2.9661417327390325  5096
2.966610986681934  4027
2.967079734144497  4637
2.967547976218862  4152
2.968015713993642  4347
2.9684829485539352  4509
2.9689496809813427  3841
2.9694159123539814  4659
2.9698816437465  4119
2.9703468762300935  3859
2.9708116108725178  4503
2.971275848738105  4138
2.971739590887778  3957
2.9722028383790646  4491
2.972665592266111  4063
2.9731278535996988  4346
2.973589623427257  4405
2.9740509027928774  4307
2.9745116927373285  3754
2.974971994298069  4251
2.975431808509263  3766
2.975891136401793  4527
2.9763499790032735  4481
2.976808337338066  3930
2.977266212427293  3972
2.9777236052888476  4552
2.978180516937414  5204
2.9786369483844743  5138
2.979092900638326  3609
2.979548374704095  4184
2.9800033715837464  4533
2.9804578922761  4814
2.9809119377768436  4052
2.9813655090785445  4385
2.9818186071706636  4407
2.9822712330395684  4035
2.9827233876685453  4168
2.983175072037813  3809
2.9836262871245345  4166
2.984077033902831  4326
2.9845273133437926  4805
2.9849771264154934  4395
2.9854264740830017  4546
2.9858753573083936  4380
2.986323777050765  4342
2.9867717342662448  3882
2.9872192299080047  4313
2.9876662649262746  4404
2.988112840268352  4163
2.9885589568786157  4357
2.989004615698537  4286
2.9894498176666917  4374
2.989894563718773  3721
2.9903388547876015  4256
2.9907826918031377  3963
2.9912260756924947  4540
2.9916690073799486  4796
2.9921114877869495  3988
2.9925535178321354  4220
2.9929950984313414  4076
2.9934362304976116  4501
2.993876914941211  4207
2.9943171526696366  4324
2.9947569445876283  4480
2.9951962915971793  3881
2.99563519459755  4592
2.9960736544852753  4467
2.9965116721541785  4470
2.996949248495381  3830
2.997386384397313  4692
2.9978230807457256  4086
2.998259338423699  4136
2.998695158311656  3701
2.999130541287371  3725
2.9995654882259823  3955
3.0  4275
3.000434077479319  4115
3.0008677215312267  4382
3.0013009330204183  3584
3.0017337128090005  4164
3.002166061756508  4116
3.0025979807199086  4267
3.003029470553618  3827
3.0034605321095067  3895
3.0038911662369103  4007
3.0043213737826426  4608
3.004751155591001  3997
3.0051805125037805  4522
3.0056094453602804  4003
3.0060379549973173  3950
3.0064660422492318  4550
3.0068937079479006  4202
3.0073209529227447  4380
3.00774777800074  4060
3.0081741840064264  4491
3.0086001717619175  4440
3.0090257420869104  3968
3.009450895798694  4539
3.00987563371216  4203
3.010299956639812  3560
3.010723865391773  4221
3.0111473607757975  3776
3.0115704435972783  4375
3.011993114659257  4427
3.012415374762433  4282
3.012837224705172  4143
3.0132586652835167  3861
3.0136796972911926  3943
3.0141003215196207  4179
3.0145205387579237  4603
3.0149403497929366  4108
3.0153597554092144  4198
3.015778756389041  4244
3.016197353512439  3984
3.016615547557177  4114
3.0170333392987803  4172
3.017450729510536  4131
3.0178677189635055  3978
3.018284308426531  4425
3.0187004986662433  4222
3.019116290447073  4256
3.0195316845312554  3946
3.0199466816788423  3962
3.0203612826477078  4173
3.020775488193558  3771
3.0211892990699383  4393
3.021602716028242  3843
3.02201573981772  4050
3.0224283711854865  4412
3.022840610876528  4417
3.0232524596337114  3873
3.0236639181977933  4467
3.024074987307426  3645
3.024485667699167  4063
3.024895960107485  3806
3.0253058652647704  4219
3.025715383901341  4097
3.0261245167454502  4045
3.0265332645232967  4624
3.0269416279590295  4179
3.0273496077747564  4121
3.0277572046905536  3808
3.0281644194244697  4208
3.0285712526925375  4080
3.028977705208778  4119
3.0293837776852097  3907
3.029789470831856  3739
3.030194785356751  4017
3.030599721965951  3870
3.0310042813635367  3808
3.031408464251624  3963
3.0318122713303706  4014
3.0322157032979815  3463
3.03261876085072  4538
3.0330214446829107  4249
3.03342375548695  4040
3.03382569395331  3902
3.0342272607705505  4252
3.0346284566253203  3890
3.0350292822023683  3940
3.0354297381845483  3570
3.035829825252828  3458
3.0362295440862948  3849
3.036628895362161  3574
3.037027879755775  3728
3.037426497940624  3613
3.037824750588342  3625
3.0382226383687185  3729
3.038620161949703  3870
3.039017321997412  3641
3.0394141191761372  3727
3.0398105541483504  4042
3.0402066275747113  3717
3.040602340114073  3584
3.0409976924234905  4128
3.041392685158225  3531
3.041787318971752  3679
3.042181594515766  4057
3.0425755124401905  3566
3.0429690733931802  4396
3.0433622780211294  3853
3.0437551269686796  3916
3.044147620878723  3591
3.044539760392411  4143
3.04493154614916  3524
3.0453229787866576  3706
3.0457140589408676  3795
3.0461047872460387  3622
3.0464951643347082  3738
3.04688519083771  3164
3.0472748673841794  3877
3.04766419460156  3535
3.048053173115609  3449
3.0484418035504044  4012
3.04883008652835  3533
3.0492180226701815  3481
3.049605612594973  4172
3.0499928569201424  3485
3.050379756261458  3318
3.0507663112330423  3384
3.0511525224473814  3363
3.0515383905153275  3401
3.0519239160461065  3562
3.0523090996473234  3507
3.052693941924968  3445
3.0530784434834195  3508
3.053462604925455  3466
3.0538464268522527  3258
3.0542299098633974  3321
3.0546130545568877  3448
3.0549958615291417  3613
3.055378331375  3242
3.0557604646877348  3537
3.056142262059052  3139
3.0565237240791006  3269
3.0569048513364727  3267
3.0572856444182146  3249
3.0576661039098294  3115
3.0580462303952816  3088
3.058426024457005  3267
3.0588054866759067  3595
3.059184617631371  2996
3.0595634179012676  3053
3.059941888061955  3123
3.060320028688285  3232
3.060697840353612  2784
3.0610753236297916  3285
3.061452479087193  3104
3.061829307294699  3307
3.0622058088197126  3080
3.062581984228163  3033
3.0629578340845103  2968
3.0633333589517497  2838
3.0637085593914173  2930
3.064083435963596  2780
3.0644579892269186  3124
3.064832219738574  2869
3.065206128054312  2757
3.0655797147284485  2805
3.06595298031387  2761
3.0663259253620376  2774
3.0666985504229953  2661
3.0670708560453703  2324
3.0674428427763805  2595
3.0678145111618402  2777
3.0681858617461617  2487
3.068556895072363  2511
3.068927611682072  2519
3.0692980121155293  2396
3.0696680969115957  2280
3.070037866607755  2549
3.0704073217401198  2682
3.0707764628434346  2446
3.0711452904510828  2491
3.071513805095089  2022
3.0718820073061255  2245
3.072249897613515  1956
3.0726174765452368  2243
3.0729847446279304  2081
3.073351702386901  2239
3.0737183503461227  2123
3.074084689028244  2001
3.074450718954591  1856
3.074816440645175  1876
3.0751818546186915  2021
3.0755469613925306  1970
3.0759117614827773  1638
3.076276255404218  1745
3.076640443670342  1853
3.0770043267933502  1812
3.0773679052841563  1699
3.077731179652392  1715
3.0780941504064105  1573
3.0784568180532927  1564
3.0788191830988487  1655
3.0791812460476247  1549
3.079543007402906  1529
3.079904467666721  1436
3.0802656273398448  1538
3.0806264869218056  1234
3.080987046910887  1532
3.0813473078041325  1323
3.081707270097349  1515
3.082066934285113  1286
3.0824263008607717  1162
3.0827853703164503  1201
3.0831441431430524  1121
3.0835026198302673  1291
3.083860800866573  1071
3.0842186867392387  1082
3.084576277934331  1001
3.084933574936716  981
3.085290578230065  1025
3.0856472882968564  951
3.0860037056183818  944
3.0863598306747484  844
3.0867156639448825  1033
3.0870712059065353  738
3.0874264570362855  781
3.087781417809542  899
3.0881360887005513  774
3.0884904701823963  745
3.088844562727004  609
3.089198366805149  558
3.089551882886454  616
3.089905111439398  634
3.090258052931316  595
3.090610707828407  576
3.0909630765957314  535
3.091315159697223  567
3.0916669575956846  500
3.092018470752797  527
3.0923696996291206  435
3.0927206446840994  468
3.0930713063760633  456
3.093421685162235  424
3.09377178149873  366
3.0941215958405612  277
3.094471128641645  377
3.0948203803548  309
3.095169351431755  427
3.095518042323151  310
3.0958664534785427  236
3.0962145853464054  313
3.0965624383741357  264
3.0969100130080562  233
3.09725730969342  203
3.097604328874411  175
3.09795107099415  193
3.0982975364946976  195
3.098643725817057  155
3.0989896394011773  150
3.0993352776859577  138
3.09968064110925  139
3.1000257301078626  118
3.100370545117563  136
3.1007150865730817  165
3.1010593549081156  113
3.101403350555331  101
3.1017470739463664  98
3.1020905255118367  101
3.1024337056813365  67
3.1027766148834415  69
3.1031192535457137  71
3.103461622094705  82
3.103803720955957  64
3.104145550554008  54
3.104487111312395  53
3.1048284036536553  56
3.1051694279993316  31
3.1055101847699738  35
3.1058506743851435  31
3.1061908972634154  50
3.1065308538223815  32
3.106870544478654  29
3.1072099696478683  25
3.1075491297446862  24
3.1078880251827985  25
3.1082266563749283  29
3.1085650237328344  29
3.1089031276673134  19
3.109240968588203  15
3.1095785469043866  19
3.1099158630237933  7
3.110252917353403  17
3.110589710299249  11
3.1109262422664203  8
3.1112625136590655  5
3.111598524880394  8
3.1119342763326814  5
3.1122697684172707  4
3.1126050015345745  4
3.11293997608408  6
3.1132746924643504  12
3.1136091510730277  2
3.113943352306837  2
3.1142772965615864  4
3.114610984232173  5
3.1149444157125847  1
3.1152775913959014  6
3.1156105116742996  2
3.115943176939055  1
3.116275587580544  1
3.1166077439882485  2
3.1179338350396413  1
3.118264726089479  1
3.118595365223762  2
3.1192558892779365  4
3.119585774961784  3
3.1202447955463652  1
3.1209028176145273  1
3.1212314551496214  1
