0.3010299956639812  2335
0.47712125471966244  2273
0.6020599913279624  2263
0.6989700043360189  2331
0.7781512503836436  2351
0.8450980400142568  2291
0.9030899869919435  2405
0.9542425094393249  2426
1.0  2360
1.0413926851582251  2507
1.0791812460476249  2261
1.1139433523068367  2460
1.146128035678238  2278
1.1760912590556813  2401
1.2041199826559248  2332
1.2304489213782739  2266
1.255272505103306  2343
1.2787536009528289  2200
1.3010299956639813  2212
1.3222192947339193  2128
1.3424226808222062  2097
1.3617278360175928  1943
1.380211241711606  1938
1.3979400086720377  2024
1.414973347970818  2062
1.4313637641589874  1921
1.4471580313422192  1969
1.462397997898956  1882
1.4771212547196624  1840
1.4913616938342726  1909
1.505149978319906  2039
1.5185139398778875  1937
1.5314789170422551  1879
1.5440680443502757  1933
1.5563025007672873  1913
1.568201724066995  1848
1.5797835966168101  1877
1.591064607026499  1990
1.6020599913279623  1895
1.6127838567197355  1902
1.6232492903979006  1842
1.6334684555795864  1853
1.6434526764861874  1939
1.6532125137753437  2000
1.662757831681574  1940
1.6720978579357175  2064
1.6812412373755872  1935
1.6901960800285136  1926
1.6989700043360187  2014
1.7075701760979363  1972
1.7160033436347992  1971
1.724275869600789  2074
1.7323937598229686  1941
1.7403626894942439  1831
1.7481880270062005  1968
1.7558748556724915  1983
1.7634279935629373  1909
1.7708520116421442  1992
1.7781512503836436  1932
1.7853298350107671  1871
1.792391689498254  1836
1.7993405494535817  1935
1.806179973983887  2015
1.8129133566428555  1886
1.8195439355418688  1835
1.8260748027008264  1767
1.8325089127062364  1811
1.8388490907372552  2004
1.845098040014257  1948
1.8512583487190752  1936
1.8573324964312685  1924
1.863322860120456  1931
1.8692317197309762  1791
1.8750612633917  2032
1.8808135922807914  1926
1.8864907251724818  1874
1.8920946026904804  2028
1.8976270912904414  1960
1.9030899869919435  1865
1.9084850188786497  1808
1.9138138523837167  1886
1.919078092376074  1818
1.9242792860618816  1906
1.9294189257142926  1938
1.9344984512435677  1886
1.9395192526186185  1989
1.9444826721501687  1974
1.9493900066449128  2132
1.954242509439325  1919
1.9590413923210936  1840
1.9637878273455553  1981
1.968482948553935  1995
1.9731278535996986  1924
1.9777236052888478  1949
1.9822712330395684  1929
1.9867717342662448  1994
1.9912260756924949  1864
1.99563519459755  1947
2.0  1982
2.0043213737826426  1890
2.0086001717619175  1902
2.012837224705172  2039
2.0170333392987803  1921
2.0211892990699383  2027
2.0253058652647704  1932
2.0293837776852097  1896
2.03342375548695  1970
2.037426497940624  1919
2.041392685158225  1989
2.0453229787866576  1859
2.0492180226701815  1974
2.0530784434834195  1927
2.0569048513364727  1817
2.060697840353612  2026
2.0644579892269186  1983
2.0681858617461617  1909
2.0718820073061255  1960
2.0755469613925306  1898
2.0791812460476247  1850
2.0827853703164503  2017
2.0863598306747484  1896
2.089905111439398  1941
2.093421685162235  1976
2.0969100130080562  2038
2.100370545117563  1930
2.103803720955957  1869
2.1072099696478683  1868
2.110589710299249  1873
2.113943352306837  1892
2.1172712956557644  1969
2.12057393120585  1956
2.123851640967086  1829
2.1271047983648077  1904
2.130333768495006  1940
2.1335389083702174  1884
2.1367205671564067  1923
2.1398790864012365  2052
2.143014800254095  1914
2.146128035678238  1897
2.1492191126553797  2051
2.1522883443830563  1866
2.155336037465062  1944
2.1583624920952498  1849
2.161368002234975  1849
2.164352855784437  1938
2.167317334748176  1928
2.1702617153949575  1929
2.173186268412274  2030
2.1760912590556813  1915
2.1789769472931693  1945
2.1818435879447726  2027
2.184691430817599  1977
2.187520720836463  1932
2.1903316981702914  1901
2.1931245983544616  1886
2.1958996524092336  1874
2.1986570869544226  1907
2.2013971243204513  1878
2.2041199826559246  1750
2.2068258760318495  1958
2.2095150145426308  1978
2.2121876044039577  1893
2.214843848047698  1975
2.2174839442139063  1897
2.220108088040055  1962
2.2227164711475833  1866
2.225309281725863  1988
2.2278867046136734  1983
2.230448921378274  1920
2.2329961103921536  1902
2.2355284469075487  2024
2.2380461031287955  2004
2.2405492482826  1929
2.2430380486862944  2092
2.24551266781415  1988
2.247973266361807  1958
2.250420002308894  1831
2.2528530309798933  1846
2.255272505103306  1784
2.2576785748691846  1953
2.2600713879850747  1857
2.2624510897304293  1805
2.2648178230095364  1857
2.2671717284030137  1830
2.2695129442179165  1918
2.271841606536499  2051
2.27415784926368  1912
2.2764618041732443  1947
2.278753600952829  1917
2.2810333672477277  2017
2.2833012287035497  1917
2.285557309007774  1914
2.287801729930226  1951
2.290034611362518  1862
2.292256071356476  1970
2.294466226161593  1866
2.296665190261531  1968
2.298853076409707  1897
2.3010299956639813  1913
2.303196057420489  1888
2.305351369446624  1866
2.307496037913213  1859
2.3096301674258988  1964
2.311753861055754  1974
2.3138672203691533  1867
2.315970345456918  1953
2.3180633349627615  1947
2.3201462861110542  1907
2.322219294733919  1801
2.3242824552976926  1980
2.326335860928751  2024
2.3283796034387376  1923
2.330413773349191  2001
2.3324384599156054  1977
2.3344537511509307  1837
2.3364597338485296  1926
2.3384564936046046  1945
2.3404441148401185  1937
2.342422680822206  1814
2.3443922736851106  1831
2.346352974450639  1991
2.3483048630481607  1952
2.3502480183341627  1967
2.3521825181113627  1846
2.3541084391474008  1881
2.3560258571931225  1901
2.357934847000454  1974
2.359835482339888  1944
2.361727836017593  1930
2.3636119798921444  1966
2.3654879848909  1831
2.367355921026019  1901
2.369215857410143  2024
2.3710678622717363  1872
2.3729120029701067  1860
2.374748346010104  1970
2.376576957056512  1824
2.3783979009481375  1959
2.380211241711606  1872
2.3820170425748683  1982
2.383815365980431  1838
2.385606273598312  2028
2.387389826338729  1814
2.3891660843645326  1927
2.3909351071033793  1984
2.392696953259666  1928
2.3944516808262164  1865
2.3961993470957363  1933
2.3979400086720375  2054
2.399673721481038  1974
2.401400540781544  1928
2.403120521175818  1864
2.404833716619938  1917
2.406540180433955  1918
2.4082399653118496  1821
2.4099331233312946  1864
2.41161970596323  1884
2.413299764081252  2036
2.4149733479708178  1906
2.416640507338281  1857
2.4183012913197452  1919
2.419955748489758  2021
2.4216039268698313  1994
2.423245873936808  1984
2.424881636631067  2003
2.4265112613645754  1922
2.428134794028789  1915
2.429752280002408  2036
2.4313637641589874  1960
2.432969290874406  1957
2.4345689040341987  1940
2.436162647040756  1929
2.437750562820388  1903
2.439332693830263  1872
2.4409090820652177  2043
2.4424797690644486  1895
2.444044795918076  1967
2.4456042032735974  1905
2.4471580313422194  1781
2.44870631990508  1832
2.450249108319361  1928
2.45178643552429  1841
2.4533183400470375  2023
2.45484486000851  1947
2.456366033129043  1878
2.4578818967339924  1897
2.459392487759231  1933
2.4608978427565478  1957
2.462397997898956  1951
2.4638929889859074  1812
2.4653828514484184  1930
2.4668676203541096  2002
2.4683473304121573  1984
2.469822015978163  1894
2.4712917110589387  1982
2.4727564493172123  1892
2.4742162640762553  1861
2.4756711883244296  1933
2.4771212547196626  1876
2.4785664955938436  1845
2.4800069429571505  1980
2.481442628502305  2003
2.482873583608754  1866
2.484299839346786  1976
2.48572142648158  1987
2.4871383754771865  1909
2.4885507165004443  1898
2.4899584794248346  2036
2.4913616938342726  1886
2.4927603890268375  1980
2.494154594018443  2053
2.4955443375464483  2018
2.496929648073215  2042
2.4983105537896004  1986
2.499687082618404  1880
2.5010592622177517  1952
2.5024271199844326  1902
2.503790683057181  1932
2.505149978319906  1927
2.506505032404872  1866
2.507855871695831  1897
2.509202522331103  1923
2.510545010206612  1896
2.5118833609788744  1809
2.513217600067939  1943
2.514547752660286  1931
2.515873843711679  1897
2.5171958979499744  1982
2.5185139398778875  1871
2.519827993775719  1963
2.5211380837040362  1985
2.5224442335063197  1844
2.5237464668115646  1887
2.525044807036845  1896
2.526339277389844  2029
2.5276299008713385  1948
2.5289167002776547  1856
2.530199698203082  1922
2.531478917042255  1953
2.5327543789924976  1921
2.534026106056135  1911
2.5352941200427703  1891
2.53655844257153  1932
2.537819095073274  1824
2.5390760987927767  1850
2.5403294747908736  1952
2.5415792439465807  1956
2.5428254269591797  1917
2.5440680443502757  1931
2.545307116465824  1966
2.546542663478131  1818
2.5477747053878224  1917
2.5490032620257876  1882
2.550228353055094  1919
2.5514499979728753  1924
2.552668216112193  2013
2.5538830266438746  1936
2.5550944485783194  1863
2.5563025007672873  1905
2.5575072019056577  1912
2.558708570533166  1930
2.5599066250361124  1958
2.561101383649056  1987
2.5622928644564746  1942
2.5634810853944106  1880
2.5646660642520893  1953
2.5658478186735176  1984
2.56702636615906  1943
2.568201724066995  1919
2.569373909615046  1980
2.5705429398818973  1857
2.571708831808688  1942
2.5728716022004803  1918
2.574031267727719  2007
2.575187844927661  1979
2.576341350205793  1888
2.5774917998372255  1857
2.578639209968072  1946
2.57978359661681  1993
2.5809249756756194  1940
2.582063362911709  1883
2.583198773968623  2025
2.584331224367531  1903
2.5854607295085006  1888
2.586587304671755  1903
2.5877109650189114  1925
2.5888317255942073  1935
2.5899496013257077  2009
2.591064607026499  1872
2.5921767573958667  1989
2.593286067020457  1986
2.5943925503754266  1946
2.595496221825574  1964
2.59659709562646  2015
2.597695185925512  1846
2.598790506763115  1945
2.5998830720736876  1793
2.6009728956867484  1856
2.6020599913279625  1938
2.603144372620182  1903
2.60422605308447  1899
2.6053050461411096  2021
2.606381365110605  1910
2.6074550232146687  1749
2.6085260335771943  1872
2.60959440922522  1955
2.61066016308988  1967
2.611723308007342  1947
2.6127838567197355  2017
2.6138418218760693  1904
2.6148972160331345  1950
2.615950051656401  1887
2.617000341120899  1953
2.6180480967120925  1864
2.6190933306267428  1952
2.6201360549737576  1888
2.621176281775035  1851
2.622214022966295  1911
2.6232492903979003  1884
2.6242820958356683  1921
2.625312450961674  1915
2.6263403673750423  1873
2.6273658565927325  1910
2.6283889300503116  1881
2.629409599102719  1908
2.630427875025024  1921
2.6314437690131722  1867
2.6324572921847245  1859
2.6334684555795866  2032
2.6344772701607315  1840
2.635483746814912  1939
2.6364878963533656  1868
2.637489729512511  1938
2.6384892569546374  1889
2.639486489268586  1897
2.640481436970422  1917
2.6414741105040997  1923
2.6424645202421213  1871
2.6434526764861874  1876
2.6444385894678386  1943
2.645422269349092  1943
2.6464037262230695  1970
2.6473829701146196  1938
2.6483600109809315  1853
2.649334858712142  1892
2.6503075231319366  1957
2.651278013998144  1951
2.6522463410033232  1952
2.6532125137753435  2052
2.6541765418779604  1888
2.655138434811382  1878
2.656098202012832  2025
2.6570558528571038  1885
2.6580113966571126  1995
2.658964842664435  1943
2.6599162000698504  1778
2.660865478003869  2032
2.661812685537261  1940
2.662757831681574  1938
2.663700925389648  1859
2.6646419755561257  1987
2.6655809910179533  1874
2.6665179805548807  2006
2.667452952889954  1979
2.66838591669  1930
2.6693168805661123  2023
2.670245853074124  1993
2.6711728427150834  1985
2.6720978579357175  1960
2.673020907128896  1857
2.673941998634088  1886
2.6748611407378116  1913
2.6757783416740852  2041
2.6766936096248664  1865
2.677606952720493  1862
2.678518379040114  1975
2.6794278966121188  1848
2.680335513414563  1888
2.681241237375587  1925
2.682145076373832  1914
2.6830470382388496  1899
2.683947130751512  2006
2.6848453616444123  1964
2.6857417386022635  1909
2.6866362692622934  1987
2.6875289612146345  1839
2.6884198220027105  1984
2.6893088591236203  1892
2.690196080028514  1824
2.6910814921229687  1941
2.69196510276736  1924
2.69284691927723  1849
2.693726948923647  1835
2.694605198933569  2019
2.6954816764901977  1962
2.696356388733332  2034
2.6972293427597176  1916
2.6981005456233897  1926
2.6989700043360187  1896
2.699837725867246  1947
2.7007037171450192  1978
2.7015679850559273  1869
2.7024305364455254  1939
2.7032913781186614  1931
2.7041505168397992  1927
2.705007959333336  2066
2.7058637122839193  1904
2.7067177823367587  1882
2.7075701760979363  1911
2.708420900134713  1975
2.709269960975831  1929
2.7101173651118162  1909
2.710963118995276  1850
2.711807229041191  1941
2.7126497016272113  1895
2.7134905430939424  1909
2.714329759745233  1990
2.7151673578484576  1946
2.716003343634799  1949
2.7168377232995247  2037
2.717670503002262  1816
2.718501688867274  1990
2.7193312869837265  1827
2.720159303405957  1902
2.7209857441537393  1872
2.7218106152125467  1927
2.722633922533812  1988
2.7234556720351857  1858
2.724275869600789  1960
2.725094521081469  2026
2.7259116322950483  2025
2.7267272090265724  1854
2.727541257028556  1950
2.7283537820212285  1881
2.72916478969277  1852
2.7299742856995555  2019
2.7307822756663893  1960
2.7315887651867388  1916
2.7323937598229686  1878
2.7331972651065692  1951
2.733999286538387  2015
2.734799829588847  1822
2.73559889969818  1907
2.7363965022766426  1840
2.7371926427047373  1865
2.737987326333431  1915
2.738780558484369  2037
2.739572344450092  1933
2.7403626894942437  1886
2.741151598851785  1933
2.741939077729199  1880
2.7427251313046983  1985
2.74350976472843  1919
2.7442929831226763  1967
2.7450747915820575  1829
2.745855195173729  2012
2.7466341989375787  1954
2.747411807886423  1995
2.7481880270062002  2005
2.7489628612561616  1908
2.749736315569061  2028
2.7505083948513462  1966
2.751279103983342  1977
2.7520484478194387  1875
2.7528164311882715  1946
2.7535830588929064  1943
2.754348335711019  2011
2.7551122663950713  1969
2.7558748556724915  1983
2.756636108245848  1816
2.7573960287930244  1904
2.75815462196739  1877
2.7589118923979736  1932
2.7596678446896306  1927
2.760422483423212  1831
2.7611758131557314  1919
2.761927838420529  1999
2.762678563727436  2021
2.7634279935629373  1937
2.7641761323903307  1933
2.7649229846498886  1943
2.765668554759014  1879
2.7664128471123997  1987
2.7671558660821804  1914
2.767897616018091  1901
2.7686381012476144  1940
2.7693773260761385  1929
2.7701152947871015  1915
2.7708520116421442  1996
2.7715874808812555  1905
2.77232170672292  1981
2.7730546933642626  2065
2.7737864449811935  2023
2.7745169657285498  1955
2.7752462597402365  1811
2.775974331129369  1993
2.776701183988411  1962
2.7774268223893115  1882
2.7781512503836434  1930
2.7788744720027396  1867
2.7795964912578244  1758
2.780317312140151  1953
2.7810369386211318  1821
2.781755374652469  2026
2.782472624166286  1756
2.7831886910752575  1862
2.783903579272735  1891
2.784617292632875  1889
2.785329835010767  2032
2.786041210242554  2025
2.7867514221455614  1893
2.787460474518415  1933
2.788168371141168  1881
2.788875115775417  1905
2.7895807121644256  2076
2.7902851640332416  2029
2.790988475088816  1923
2.791690649020118  1805
2.792391689498254  1940
2.79309160017658  1928
2.7937903846908188  1866
2.7944880466591697  1883
2.795184589682424  1863
2.7958800173440754  2090
2.7965743332104296  1916
2.7972675408307164  1895
2.797959643737196  1953
2.798650645445269  1904
2.7993405494535817  2051
2.8000293592441343  1933
2.800717078282385  1842
2.801403710017355  1981
2.802089257881733  1757
2.8027737252919755  1840
2.803457115648414  1918
2.8041394323353503  1932
2.8048206787211623  1874
2.8055008581584002  1770
2.806179973983887  2021
2.8068580295188172  1910
2.807535028068853  1918
2.808210972924222  1844
2.808885867359812  1928
2.8095597146352675  2030
2.8102325179950842  2051
2.8109042806687006  1903
2.8115750058705933  2047
2.812244696800369  1900
2.8129133566428557  1963
2.813580988568192  1918
2.81424759573192  1984
2.814913181275074  1937
2.815577748324267  1900
2.816241299991783  1917
2.8169038393756605  1810
2.8175653695597807  2025
2.8182258936139557  1977
2.8188854145940097  1821
2.8195439355418688  1868
2.82020145948564  1850
2.8208579894397  1997
2.821513528404773  1894
2.8221680793680175  1855
2.8228216453031045  1943
2.823474229170301  1940
2.824125833916549  1800
2.824776462475546  1957
2.8254261177678233  1916
2.8260748027008264  1885
2.826722520168992  1930
2.8273692730538253  1965
2.828015064223977  1888
2.82865989653532  2041
2.829303772831025  1995
2.829946695941636  1836
2.8305886686851442  1884
2.8312296938670634  1872
2.8318697742805017  1990
2.832508912706236  2054
2.833147111912785  2002
2.833784374656479  1939
2.8344207036815328  1939
2.835056101720116  2019
2.8356905714924254  1968
2.8363241157067516  1905
2.8369567370595505  1950
2.837588438235511  1884
2.8382192219076257  1786
2.838849090737255  1800
2.8394780473741985  1985
2.840106094456758  1895
2.8407332346118066  1920
2.841359470454855  1881
2.8419848045901137  1946
2.842609239610562  1917
2.8432327780980096  1855
2.843855422623161  1855
2.8444771757456815  1833
2.845098040014257  1968
2.8457180179666586  1882
2.846337112129805  1897
2.846955325019824  1884
2.847572659142112  1895
2.848189116991399  1820
2.8488047010518036  1939
2.8494194137968996  1958
2.850033257689769  1876
2.8506462351830666  1964
2.8512583487190755  1971
2.851869600729766  1900
2.8524799936368566  1876
2.8530895298518657  1950
2.8536982117761744  1970
2.8543060418010806  1994
2.8549130223078554  1879
2.8555191556678  1801
2.8561244442423  1986
2.8567288903828825  1893
2.8573324964312685  1967
2.857935264719429  1909
2.858537197569639  1909
2.859138297294531  1925
2.859738566197147  1928
2.8603380065709936  1875
2.8609366207000937  1925
2.8615344108590377  1936
2.862131379313037  2010
2.8627275283179747  1890
2.863322860120456  1972
2.8639173769578603  1935
2.864511081058392  1790
2.8651039746411278  1893
2.8656960599160706  1894
2.8662873390841948  1981
2.866877814337499  1925
2.8674674878590514  1880
2.8680563618230415  1776
2.8686444383948255  1997
2.8692317197309762  1961
2.869818207979328  1790
2.870403905279027  1904
2.8709888137605755  2053
2.8715729355458786  1854
2.8721562727482928  1818
2.8727388274726686  2016
2.873320601815399  1939
2.8739015978644615  2058
2.8744818176994666  1935
2.8750612633917  1920
2.8756399370041685  1894
2.876217840591642  1926
2.8767949762007006  1934
2.877371345869774  2053
2.8779469516291885  1878
2.8785217955012063  1880
2.8790958795000727  1933
2.8796692056320534  1831
2.88024177589548  1967
2.8808135922807914  1960
2.8813846567705728  1893
2.8819549713396007  1987
2.8825245379548803  1889
2.8830933585756897  1883
2.8836614351536176  1860
2.884228769632604  1912
2.884795363948981  1895
2.885361220031512  1826
2.885926339801431  1950
2.886490725172482  1973
2.8870543780509568  1875
2.887617300335736  1783
2.888179493918325  1908
2.8887409606828927  1966
2.88930170250631  1928
2.8898617212581885  1950
2.890421018800914  1926
2.890979596989689  1928
2.8915374576725643  1966
2.8920946026904804  1913
2.8926510338773004  2001
2.893206753059848  2036
2.8937617620579434  1897
2.8943160626844384  1896
2.8948696567452528  1883
2.895422546039408  1903
2.8959747323590648  1984
2.8965262174895554  1871
2.89707700320942  1856
2.8976270912904414  1844
2.8981764834976764  1909
2.8987251815894934  1904
2.8992731873176036  1927
2.8998205024270964  1880
2.9003671286564705  1963
2.900913067737669  1873
2.9014583213961123  1996
2.9020028913507296  1870
2.902546779313991  1945
2.9030899869919438  1845
2.9036325160842376  1957
2.9041743682841634  1883
2.904715545278681  1926
2.905256048748451  1904
2.9057958803678687  1950
2.906335041805091  1865
2.90687353472207  1856
2.907411360774586  1909
2.9079485216122722  1943
2.90848501887865  1949
2.909020854211156  1863
2.9095560292411755  1962
2.910090545594068  1972
2.910624404889201  1896
2.9111576087399764  1995
2.9116901587538613  1847
2.9122220565324155  2015
2.912753303671323  2061
2.9132839017604186  1816
2.9138138523837167  1950
2.9143431571194407  1859
2.9148718175400505  1867
2.91539983521227  2034
2.9159272116971158  1949
2.916453948549925  1926
2.9169800473203824  1827
2.9175055095525466  1880
2.9180303367848803  1869
2.9185545305502734  1966
2.9190780923760737  1880
2.919601023784111  1973
2.920123326290724  1866
2.9206450014067875  1874
2.921166050637739  1978
2.921686475483602  2034
2.9222062774390163  1975
2.92272545799326  1882
2.9232440186302764  1966
2.9237619608287004  1926
2.9242792860618816  1912
2.924795995797912  1903
2.9253120914996495  1907
2.9258275746247424  1905
2.926342446625655  2085
2.926856708949692  1856
2.9273703630390235  1856
2.9278834103307068  1783
2.9283958522567137  1934
2.928907690243953  1977
2.929418925714293  1979
2.929929560084588  1909
2.9304395947667  2025
2.930949031167523  1937
2.931457870689005  2068
2.931966114728173  1874
2.932473764677153  1874
2.932980821923198  1905
2.9334872878487053  1835
2.9339931638312424  1846
2.934498451243568  1948
2.935003151453655  1944
2.9355072658247128  1881
2.9360107957152097  1890
2.936513742478893  1987
2.9370161074648142  1864
2.937517892017347  1838
2.9380190974762104  1978
2.938519725176492  1850
2.9390197764486663  1906
2.9395192526186187  1996
2.9400181550076634  1963
2.940516484932567  1819
2.9410142437055695  1908
2.941511432634403  1902
2.942008053022313  1826
2.9425041061680806  1899
2.9429995933660407  1928
2.9434945159061026  1851
2.9439888750737717  1950
2.9444826721501687  1945
2.9449759084120477  1963
2.94546858513182  1956
2.9459607035775686  1928
2.946452265013073  1943
2.9469432706978256  1877
2.9474337218870508  1954
2.9479236198317262  1974
2.948412965778601  1857
2.9489017609702137  1959
2.949390006644913  2000
2.949877704036875  1844
2.950364854376123  1890
2.9508514588885464  1959
2.951337518795918  1938
2.951823035315912  1861
2.9523080096621253  2018
2.952792443044092  1989
2.9532763366673045  1949
2.9537596917332287  1839
2.9542425094393248  1820
2.954724790979063  1869
2.9552065375419416  2042
2.9556877503135057  1899
2.9561684304753633  1940
2.9566485792052033  1940
2.957128197676813  1884
2.957607287060095  1940
2.958085848521085  1890
2.9585638832219674  1832
2.9590413923210934  1955
2.9595183769729982  1960
2.959994838328416  1928
2.960470777534299  1908
2.960946195733831  1999
2.9614210940664485  1939
2.9618954736678504  1907
2.962369335670021  1840
2.9628426812012423  2002
2.9633155113861114  1990
2.963787827345555  2037
2.964259630196849  1874
2.9647309210536292  1946
2.965201701025912  2101
2.9656719712201065  1908
2.9661417327390325  2020
2.966610986681934  1989
2.967079734144497  1906
2.967547976218862  1759
2.968015713993642  1872
2.9684829485539352  2017
2.9689496809813427  1962
2.9694159123539814  1935
2.9698816437465  1889
2.9703468762300935  1947
2.9708116108725178  1872
2.971275848738105  2000
2.971739590887778  1956
2.9722028383790646  1996
2.972665592266111  1938
2.9731278535996988  1956
2.973589623427257  1861
2.9740509027928774  1917
2.9745116927373285  1835
2.974971994298069  1953
2.975431808509263  1917
2.975891136401793  1991
2.9763499790032735  1923
2.976808337338066  1986
2.977266212427293  1948
2.9777236052888476  1850
2.978180516937414  1855
2.9786369483844743  1943
2.979092900638326  1891
2.979548374704095  1754
2.9800033715837464  1879
2.9804578922761  1959
2.9809119377768436  1977
2.9813655090785445  1964
2.9818186071706636  2008
2.9822712330395684  1861
2.9827233876685453  1900
2.983175072037813  1865
2.9836262871245345  1948
2.984077033902831  1920
2.9845273133437926  1872
2.9849771264154934  1831
2.9854264740830017  1935
2.9858753573083936  1951
2.986323777050765  1918
2.9867717342662448  1928
2.9872192299080047  1901
2.9876662649262746  1958
2.988112840268352  1909
2.9885589568786157  1965
2.989004615698537  1831
2.9894498176666917  1899
2.989894563718773  1927
2.9903388547876015  1969
2.9907826918031377  1887
2.9912260756924947  1963
2.9916690073799486  1998
2.9921114877869495  1925
2.9925535178321354  1948
2.9929950984313414  1888
2.9934362304976116  2057
2.993876914941211  1915
2.9943171526696366  1831
2.9947569445876283  1936
2.9951962915971793  1890
2.99563519459755  1800
2.9960736544852753  1981
2.9965116721541785  1931
2.996949248495381  1974
2.997386384397313  1960
2.9978230807457256  1910
2.998259338423699  1930
2.998695158311656  1876
2.999130541287371  1949
2.9995654882259823  1887
3.0  1950
3.000434077479319  1885
3.0008677215312267  1908
3.0013009330204183  1922
3.0017337128090005  1855
3.002166061756508  2008
3.0025979807199086  1920
3.003029470553618  1913
3.0034605321095067  1836
3.0038911662369103  1771
3.0043213737826426  2054
3.004751155591001  1924
3.0051805125037805  1805
3.0056094453602804  1828
3.0060379549973173  1856
3.0064660422492318  1975
3.0068937079479006  1944
3.0073209529227447  1891
3.00774777800074  1928
3.0081741840064264  1912
3.0086001717619175  1984
3.0090257420869104  1867
3.009450895798694  1965
3.00987563371216  1968
3.010299956639812  1939
3.010723865391773  1889
3.0111473607757975  2036
3.0115704435972783  1855
3.011993114659257  1932
3.012415374762433  1928
3.012837224705172  1948
3.0132586652835167  1907
3.0136796972911926  1975
3.0141003215196207  1878
3.0145205387579237  1974
3.0149403497929366  1894
3.0153597554092144  1960
3.015778756389041  1968
3.016197353512439  1954
3.016615547557177  2021
3.0170333392987803  1957
3.017450729510536  1989
3.0178677189635055  1967
3.018284308426531  1919
3.0187004986662433  1952
3.019116290447073  1862
3.0195316845312554  1912
3.0199466816788423  1900
3.0203612826477078  1824
3.020775488193558  1814
3.0211892990699383  1876
3.021602716028242  1961
3.02201573981772  1925
3.0224283711854865  1870
3.022840610876528  2024
3.0232524596337114  1943
3.0236639181977933  1996
3.024074987307426  1924
3.024485667699167  1865
3.024895960107485  1866
3.0253058652647704  1941
3.025715383901341  1832
3.0261245167454502  1922
3.0265332645232967  1990
3.0269416279590295  1996
3.0273496077747564  1874
3.0277572046905536  1894
3.0281644194244697  1884
3.0285712526925375  1888
3.028977705208778  1902
3.0293837776852097  1935
3.029789470831856  2033
3.030194785356751  1919
3.030599721965951  1977
3.0310042813635367  1954
3.031408464251624  1910
3.0318122713303706  1931
3.0322157032979815  2086
3.03261876085072  1956
3.0330214446829107  1960
3.03342375548695  1910
3.03382569395331  1961
3.0342272607705505  1971
3.0346284566253203  1879
3.0350292822023683  2028
3.0354297381845483  1767
3.035829825252828  1940
3.0362295440862948  1907
3.036628895362161  1853
3.037027879755775  1967
3.037426497940624  1812
3.037824750588342  1850
3.0382226383687185  1884
3.038620161949703  1936
3.039017321997412  1858
3.0394141191761372  1895
3.0398105541483504  1905
3.0402066275747113  1858
3.040602340114073  1999
3.0409976924234905  2052
3.041392685158225  1829
3.041787318971752  1888
3.042181594515766  1899
3.0425755124401905  1951
3.0429690733931802  1944
3.0433622780211294  1887
3.0437551269686796  2008
3.044147620878723  2020
3.044539760392411  1947
3.04493154614916  1951
3.0453229787866576  2017
3.0457140589408676  1956
3.0461047872460387  1873
3.0464951643347082  1812
3.04688519083771  1963
3.0472748673841794  1879
3.04766419460156  1980
3.048053173115609  1950
3.0484418035504044  1883
3.04883008652835  1937
3.0492180226701815  1985
3.049605612594973  1882
3.0499928569201424  1835
3.050379756261458  1892
3.0507663112330423  2005
3.0511525224473814  2035
3.0515383905153275  1923
3.0519239160461065  1836
3.0523090996473234  1919
3.052693941924968  2087
3.0530784434834195  1906
3.053462604925455  1785
3.0538464268522527  1980
3.0542299098633974  1877
3.0546130545568877  1904
3.0549958615291417  1906
3.055378331375  2008
3.0557604646877348  1849
3.056142262059052  2015
3.0565237240791006  1937
3.0569048513364727  2030
3.0572856444182146  1920
3.0576661039098294  1845
3.0580462303952816  1914
3.058426024457005  1863
3.0588054866759067  2084
3.059184617631371  1932
3.0595634179012676  1919
3.059941888061955  1952
3.060320028688285  2002
3.060697840353612  2042
3.0610753236297916  1963
3.061452479087193  1925
3.061829307294699  1955
3.0622058088197126  1800
3.062581984228163  1871
3.0629578340845103  1896
3.0633333589517497  1825
3.0637085593914173  1943
3.064083435963596  1996
3.0644579892269186  1937
3.064832219738574  1865
3.065206128054312  1915
3.0655797147284485  1946
3.06595298031387  1935
3.0663259253620376  1828
3.0666985504229953  1817
3.0670708560453703  1886
3.0674428427763805  1875
3.0678145111618402  1943
3.0681858617461617  1821
3.068556895072363  1931
3.068927611682072  1996
3.0692980121155293  1909
3.0696680969115957  1945
3.070037866607755  2013
3.0704073217401198  1800
3.0707764628434346  1889
3.0711452904510828  1895
3.071513805095089  1928
3.0718820073061255  1868
3.072249897613515  2000
3.0726174765452368  1995
3.0729847446279304  1844
3.073351702386901  1839
3.0737183503461227  1959
3.074084689028244  1927
3.074450718954591  1899
3.074816440645175  1931
3.0751818546186915  1990
3.0755469613925306  2003
3.0759117614827773  2055
3.076276255404218  1881
3.076640443670342  2010
3.0770043267933502  1924
3.0773679052841563  1878
3.077731179652392  1948
3.0780941504064105  1795
3.0784568180532927  2025
3.0788191830988487  1882
3.0791812460476247  2005
3.079543007402906  1857
3.079904467666721  1894
3.0802656273398448  1836
3.0806264869218056  1987
3.080987046910887  1827
3.0813473078041325  1864
3.081707270097349  1908
3.082066934285113  2020
3.0824263008607717  1756
3.0827853703164503  1837
3.0831441431430524  1857
3.0835026198302673  1949
3.083860800866573  1841
3.0842186867392387  1970
3.084576277934331  1817
3.084933574936716  1969
3.085290578230065  1910
3.0856472882968564  1860
3.0860037056183818  1956
3.0863598306747484  1943
3.0867156639448825  2013
3.0870712059065353  1930
3.0874264570362855  1959
3.087781417809542  1934
3.0881360887005513  1957
3.0884904701823963  2094
3.088844562727004  1945
3.089198366805149  1959
3.089551882886454  1927
3.089905111439398  1823
3.090258052931316  2046
3.090610707828407  2003
3.0909630765957314  1878
3.091315159697223  1904
3.0916669575956846  1864
3.092018470752797  1909
3.0923696996291206  1851
3.0927206446840994  1951
3.0930713063760633  1771
3.093421685162235  1936
3.09377178149873  1947
3.0941215958405612  1883
3.094471128641645  1938
3.0948203803548  1986
3.095169351431755  1921
3.095518042323151  1815
3.0958664534785427  2026
3.0962145853464054  1929
3.0965624383741357  1937
3.0969100130080562  1905
3.09725730969342  1848
3.097604328874411  1869
3.09795107099415  1941
3.0982975364946976  1882
3.098643725817057  1850
3.0989896394011773  1920
3.0993352776859577  1906
3.09968064110925  1910
3.1000257301078626  1949
3.100370545117563  1879
3.1007150865730817  1921
3.1010593549081156  1886
3.101403350555331  1792
3.1017470739463664  1836
3.1020905255118367  1974
3.1024337056813365  1786
3.1027766148834415  1939
3.1031192535457137  1903
3.103461622094705  1925
3.103803720955957  1799
3.104145550554008  1963
3.104487111312395  1905
3.1048284036536553  1870
3.1051694279993316  1896
3.1055101847699738  1903
3.1058506743851435  1940
3.1061908972634154  1786
3.1065308538223815  1931
3.106870544478654  2041
3.1072099696478683  1985
3.1075491297446862  2032
3.1078880251827985  2059
3.1082266563749283  1856
3.1085650237328344  2021
3.1089031276673134  1890
3.109240968588203  1988
3.1095785469043866  1754
3.1099158630237933  1894
3.110252917353403  1995
3.110589710299249  1936
3.1109262422664203  2030
3.1112625136590655  1879
3.111598524880394  1936
3.1119342763326814  1889
3.1122697684172707  1993
3.1126050015345745  1927
3.11293997608408  1854
3.1132746924643504  2049
3.1136091510730277  1746
3.113943352306837  1868
3.1142772965615864  1939
3.114610984232173  1988
3.1149444157125847  1966
3.1152775913959014  1933
3.1156105116742996  2025
3.115943176939055  1829
3.116275587580544  1980
3.1166077439882485  1972
3.116939646550756  1916
3.1172712956557644  1957
3.117602691690084  1865
3.1179338350396413  1854
3.118264726089479  1879
3.118595365223762  1827
3.1189257528257768  1871
3.1192558892779365  2083
3.119585774961784  1824
3.119915410257991  1981
3.1202447955463652  1782
3.12057393120585  2026
3.1209028176145273  1905
3.1212314551496214  1893
3.1215598441875008  2001
3.121887985103681  1805
3.1222158782728267  1766
3.1225435240687545  1854
3.1228709228644354  1896
3.1231980750319988  1828
3.123524980942732  2011
3.123851640967086  1889
3.124178055474675  2022
3.1245042248342823  1855
3.1248301494138593  1937
3.12515582958053  1941
3.125481265700594  1916
3.125806458139527  2000
3.1261314072619846  1982
3.1264561134318045  1965
3.126780577012009  1903
3.1271047983648077  1916
3.127428777851599  2097
3.1277525158329733  1883
3.1280760126687155  1903
3.1283992687178066  1926
3.128722284338427  1831
3.1290450598879582  1847
3.1293675957229854  1880
3.129689892199301  1956
3.1300119496719043  1972
3.130333768495006  1966
3.130655349022031  1839
3.130976691605617  1885
3.131297796597623  2074
3.1316186643491255  1927
3.1319392952104246  1910
3.1322596895310446  1941
3.132579847659737  1983
3.132899769944483  1757
3.1332194567324945  1913
3.1335389083702174  2000
3.133858125203335  1889
3.1341771075767664  2037
3.1344958558346736  1965
3.13481437032046  2007
3.1351326513767748  2023
3.1354506993455136  1881
3.1357685145678222  1887
3.1360860973840974  1851
3.13640344813399  1920
3.1367205671564067  1857
3.1370374547895126  1911
3.137354111370733  1950
3.137670537236755  1960
3.137986732723532  1906
3.1383026981662816  1914
3.1386184338994925  1790
3.1389339402569236  1912
3.139249217571607  1859
3.13956426617585  1903
3.1398790864012365  1933
3.140193678578631  1925
3.1405080430381798  1779
3.1408221801093106  1972
3.141136090120739  1832
3.1414497734004674  1923
3.141763230275788  1886
3.1420764610732848  1805
3.142389466118836  1839
3.1427022457376155  1829
3.143014800254095  1788
3.143327129992046  1946
3.1436392352745433  1971
3.1439511164239633  1936
3.144262773761991  1890
3.144574207609616  1901
3.144885418287142  1969
3.1451964061141817  1863
3.1455071714096627  1942
3.1458177144918276  1760
3.146128035678238  1875
3.1464381352857744  1814
3.14674801363064  1845
3.1470576710283598  1860
3.1473671077937864  1835
3.1476763242410986  1835
3.147985320683805  1764
3.1482940974347455  1847
3.1486026548060932  1844
3.1489109931093564  1787
3.1492191126553797  1785
3.149527013754348  1695
3.149834696715785  1783
3.1501421618485588  1805
3.150449409460881  1701
3.150756439860309  1722
3.15106325335375  1714
3.1513698502474603  1755
3.151676230847048  1759
3.151982395457474  1674
3.1522883443830563  1652
3.15259407792747  1702
3.1528995963937474  1639
3.153204900084284  1614
3.1535099893008374  1703
3.153814864344529  1594
3.154119525515847  1637
3.154423973114647  1521
3.1547282074401557  1606
3.1550322287909704  1575
3.155336037465062  1481
3.1556396337597765  1499
3.1559430179718366  1467
3.1562461903973444  1490
3.1565491513317814  1454
3.156851901070011  1357
3.1571544399062814  1449
3.157456768134226  1436
3.1577588860468637  1364
3.158060793936605  1317
3.1583624920952498  1279
3.1586639808139894  1302
3.15896526038341  1302
3.159266331093494  1179
3.1595671932336202  1240
3.1598678470925665  1261
3.160168292958512  1179
3.1604685311190375  1117
3.1607685618611283  1128
3.1610683854711747  1070
3.161368002234975  1043
3.161667412437736  1013
3.161966616364075  933
3.1622656142980214  908
3.162564406523019  959
3.162862993321926  827
3.1631613749770184  830
3.16345955176999  904
3.163757523981956  813
3.1640552918934515  797
3.164352855784437  778
3.1646502159342966  736
3.1649473726218416  691
3.1652443261253107  683
3.165541076722373  680
3.1658376246901283  635
3.166133970305109  618
3.166430113843283  595
3.166726055580052  536
3.1670217957902564  556
3.167317334748176  523
3.16761267272753  498
3.16790781000148  459
3.168202746842631  443
3.1684974835230326  423
3.1687920203141817  400
3.1690863574870227  347
3.1693804953119495  378
3.1696744340588068  351
3.1699681739968923  324
3.1702617153949575  285
3.1705550585212086  271
3.170848203643309  269
3.1711411510283822  253
3.171433900943008  259
3.171726453653231  238
3.1720188094245563  194
3.172310968521954  179
3.17260293120986  170
3.1728946977521764  160
3.173186268412274  155
3.1734776434529945  140
3.17376882313665  125
3.1740598077250253  137
3.1743505974793798  115
3.1746411926604483  105
3.1749315935284423  89
3.1752218003430523  94
3.1755118133634475  87
3.1758016328482794  72
3.1760912590556813  66
3.1763806922432702  66
3.17666993266815  55
3.176958980586908  60
3.1772478362556233  60
3.1775364999298623  46
3.177824971864682  45
3.1781132523146316  33
3.178401341533755  35
3.17868923977559  31
3.1789769472931693  25
3.1792644643390253  30
3.1795517911651876  24
3.179838928023187  23
3.180125875164054  23
3.180412632838324  17
3.1806992012960347  17
3.1809855807867304  13
3.1812717715594614  16
3.1815577738627865  14
3.1818435879447726  10
3.182129214052998  8
3.182414652434554  7
3.1826999033360424  8
3.182984967003582  4
3.1832698436828046  5
3.1835545336188615  2
3.184123354239671  1
3.1844074854123203  1
3.184691430817599  1
