0.3010299956639812  1647
0.47712125471966244  1584
0.6020599913279624  1625
0.6989700043360189  1684
0.7781512503836436  1642
0.8450980400142568  1655
0.9030899869919435  1730
0.9542425094393249  1670
1.0  1685
1.0413926851582251  1673
1.0791812460476249  1520
1.1139433523068367  1635
1.146128035678238  1605
1.1760912590556813  1610
1.2041199826559248  1588
1.2304489213782739  1559
1.255272505103306  1579
1.2787536009528289  1527
1.3010299956639813  1531
1.3222192947339193  1587
1.3424226808222062  1448
1.3617278360175928  1494
1.380211241711606  1502
1.3979400086720377  1454
1.414973347970818  1439
1.4313637641589874  1519
1.4471580313422192  1482
1.462397997898956  1554
1.4771212547196624  1552
1.4913616938342726  1507
1.505149978319906  1495
1.5185139398778875  1582
1.5314789170422551  1566
1.5440680443502757  1526
1.5563025007672873  1563
1.568201724066995  1532
1.5797835966168101  1523
1.591064607026499  1513
1.6020599913279623  1538
1.6127838567197355  1499
1.6232492903979006  1469
1.6334684555795864  1518
1.6434526764861874  1572
1.6532125137753437  1529
1.662757831681574  1456
1.6720978579357175  1559
1.6812412373755872  1567
1.6901960800285136  1534
1.6989700043360187  1526
1.7075701760979363  1468
1.7160033436347992  1571
1.724275869600789  1531
1.7323937598229686  1530
1.7403626894942439  1539
1.7481880270062005  1501
1.7558748556724915  1491
1.7634279935629373  1552
1.7708520116421442  1488
1.7781512503836436  1466
1.7853298350107671  1535
1.792391689498254  1551
1.7993405494535817  1529
1.806179973983887  1489
1.8129133566428555  1562
1.8195439355418688  1535
1.8260748027008264  1566
1.8325089127062364  1526
1.8388490907372552  1483
1.845098040014257  1545
1.8512583487190752  1569
1.8573324964312685  1567
1.863322860120456  1539
1.8692317197309762  1495
1.8750612633917  1485
1.8808135922807914  1472
1.8864907251724818  1479
1.8920946026904804  1543
1.8976270912904414  1533
1.9030899869919435  1538
1.9084850188786497  1542
1.9138138523837167  1545
1.919078092376074  1456
1.9242792860618816  1555
1.9294189257142926  1518
1.9344984512435677  1512
1.9395192526186185  1553
1.9444826721501687  1530
1.9493900066449128  1499
1.954242509439325  1539
1.9590413923210936  1564
1.9637878273455553  1565
1.968482948553935  1516
1.9731278535996986  1556
1.9777236052888478  1582
1.9822712330395684  1464
1.9867717342662448  1472
1.9912260756924949  1536
1.99563519459755  1574
2.0  1518
2.0043213737826426  1535
2.0086001717619175  1524
2.012837224705172  1525
2.0170333392987803  1459
2.0211892990699383  1449
2.0253058652647704  1476
2.0293837776852097  1543
2.03342375548695  1541
2.037426497940624  1528
2.041392685158225  1484
2.0453229787866576  1511
2.0492180226701815  1592
2.0530784434834195  1484
2.0569048513364727  1482
2.060697840353612  1580
2.0644579892269186  1491
2.0681858617461617  1550
2.0718820073061255  1453
2.0755469613925306  1499
2.0791812460476247  1494
2.0827853703164503  1462
2.0863598306747484  1490
2.089905111439398  1516
2.093421685162235  1475
2.0969100130080562  1517
2.100370545117563  1517
2.103803720955957  1495
2.1072099696478683  1465
2.110589710299249  1474
2.113943352306837  1457
2.1172712956557644  1501
2.12057393120585  1534
2.123851640967086  1521
2.1271047983648077  1482
2.130333768495006  1498
2.1335389083702174  1542
2.1367205671564067  1499
2.1398790864012365  1483
2.143014800254095  1503
2.146128035678238  1540
2.1492191126553797  1570
2.1522883443830563  1504
2.155336037465062  1528
2.1583624920952498  1498
2.161368002234975  1535
2.164352855784437  1626
2.167317334748176  1505
2.1702617153949575  1493
2.173186268412274  1493
2.1760912590556813  1465
2.1789769472931693  1553
2.1818435879447726  1439
2.184691430817599  1515
2.187520720836463  1482
2.1903316981702914  1562
2.1931245983544616  1461
2.1958996524092336  1463
2.1986570869544226  1455
2.2013971243204513  1555
2.2041199826559246  1481
2.2068258760318495  1540
2.2095150145426308  1524
2.2121876044039577  1552
2.214843848047698  1516
2.2174839442139063  1488
2.220108088040055  1524
2.2227164711475833  1545
2.225309281725863  1584
2.2278867046136734  1499
2.230448921378274  1525
2.2329961103921536  1531
2.2355284469075487  1615
2.2380461031287955  1545
2.2405492482826  1522
2.2430380486862944  1556
2.24551266781415  1504
2.247973266361807  1490
2.250420002308894  1497
2.2528530309798933  1526
2.255272505103306  1455
2.2576785748691846  1505
2.2600713879850747  1475
2.2624510897304293  1557
2.2648178230095364  1565
2.2671717284030137  1545
2.2695129442179165  1568
2.271841606536499  1517
2.27415784926368  1512
2.2764618041732443  1530
2.278753600952829  1525
2.2810333672477277  1524
2.2833012287035497  1536
2.285557309007774  1535
2.287801729930226  1552
2.290034611362518  1560
2.292256071356476  1604
2.294466226161593  1516
2.296665190261531  1540
2.298853076409707  1553
2.3010299956639813  1575
2.303196057420489  1542
2.305351369446624  1485
2.307496037913213  1468
2.3096301674258988  1509
2.311753861055754  1555
2.3138672203691533  1504
2.315970345456918  1580
2.3180633349627615  1578
2.3201462861110542  1558
2.322219294733919  1533
2.3242824552976926  1501
2.326335860928751  1518
2.3283796034387376  1497
2.330413773349191  1476
2.3324384599156054  1464
2.3344537511509307  1516
2.3364597338485296  1490
2.3384564936046046  1468
2.3404441148401185  1468
2.342422680822206  1528
2.3443922736851106  1526
2.346352974450639  1494
2.3483048630481607  1579
2.3502480183341627  1550
2.3521825181113627  1474
2.3541084391474008  1557
2.3560258571931225  1573
2.357934847000454  1511
2.359835482339888  1500
2.361727836017593  1489
2.3636119798921444  1557
2.3654879848909  1519
2.367355921026019  1540
2.369215857410143  1533
2.3710678622717363  1525
2.3729120029701067  1510
2.374748346010104  1483
2.376576957056512  1547
2.3783979009481375  1446
2.380211241711606  1538
2.3820170425748683  1522
2.383815365980431  1492
2.385606273598312  1522
2.387389826338729  1521
2.3891660843645326  1522
2.3909351071033793  1534
2.392696953259666  1545
2.3944516808262164  1540
2.3961993470957363  1530
2.3979400086720375  1567
2.399673721481038  1488
2.401400540781544  1477
2.403120521175818  1524
2.404833716619938  1533
2.406540180433955  1487
2.4082399653118496  1483
2.4099331233312946  1469
2.41161970596323  1549
2.413299764081252  1555
2.4149733479708178  1513
2.416640507338281  1496
2.4183012913197452  1582
2.419955748489758  1467
2.4216039268698313  1537
2.423245873936808  1560
2.424881636631067  1545
2.4265112613645754  1553
2.428134794028789  1531
2.429752280002408  1539
2.4313637641589874  1485
2.432969290874406  1477
2.4345689040341987  1449
2.436162647040756  1482
2.437750562820388  1521
2.439332693830263  1505
2.4409090820652177  1525
2.4424797690644486  1477
2.444044795918076  1515
2.4456042032735974  1492
2.4471580313422194  1504
2.44870631990508  1526
2.450249108319361  1503
2.45178643552429  1475
2.4533183400470375  1555
2.45484486000851  1604
2.456366033129043  1578
2.4578818967339924  1492
2.459392487759231  1565
2.4608978427565478  1549
2.462397997898956  1562
2.4638929889859074  1512
2.4653828514484184  1544
2.4668676203541096  1521
2.4683473304121573  1424
2.469822015978163  1502
2.4712917110589387  1598
2.4727564493172123  1516
2.4742162640762553  1511
2.4756711883244296  1547
2.4771212547196626  1506
2.4785664955938436  1486
2.4800069429571505  1524
2.481442628502305  1492
2.482873583608754  1569
2.484299839346786  1529
2.48572142648158  1519
2.4871383754771865  1490
2.4885507165004443  1542
2.4899584794248346  1503
2.4913616938342726  1529
2.4927603890268375  1524
2.494154594018443  1476
2.4955443375464483  1555
2.496929648073215  1546
2.4983105537896004  1479
2.499687082618404  1566
2.5010592622177517  1555
2.5024271199844326  1520
2.503790683057181  1524
2.505149978319906  1605
2.506505032404872  1466
2.507855871695831  1473
2.509202522331103  1540
2.510545010206612  1572
2.5118833609788744  1572
2.513217600067939  1526
2.514547752660286  1547
2.515873843711679  1497
2.5171958979499744  1546
2.5185139398778875  1494
2.519827993775719  1512
2.5211380837040362  1568
2.5224442335063197  1480
2.5237464668115646  1537
2.525044807036845  1559
2.526339277389844  1541
2.5276299008713385  1527
2.5289167002776547  1493
2.530199698203082  1544
2.531478917042255  1493
2.5327543789924976  1532
2.534026106056135  1568
2.5352941200427703  1502
2.53655844257153  1423
2.537819095073274  1539
2.5390760987927767  1510
2.5403294747908736  1455
2.5415792439465807  1551
2.5428254269591797  1563
2.5440680443502757  1508
2.545307116465824  1498
2.546542663478131  1563
2.5477747053878224  1498
2.5490032620257876  1562
2.550228353055094  1553
2.5514499979728753  1516
2.552668216112193  1506
2.5538830266438746  1512
2.5550944485783194  1490
2.5563025007672873  1544
2.5575072019056577  1505
2.558708570533166  1509
2.5599066250361124  1500
2.561101383649056  1544
2.5622928644564746  1558
2.5634810853944106  1489
2.5646660642520893  1523
2.5658478186735176  1486
2.56702636615906  1453
2.568201724066995  1459
2.569373909615046  1535
2.5705429398818973  1475
2.571708831808688  1473
2.5728716022004803  1542
2.574031267727719  1507
2.575187844927661  1530
2.576341350205793  1580
2.5774917998372255  1543
2.578639209968072  1531
2.57978359661681  1493
2.5809249756756194  1609
2.582063362911709  1559
2.583198773968623  1497
2.584331224367531  1577
2.5854607295085006  1494
2.586587304671755  1488
2.5877109650189114  1547
2.5888317255942073  1460
2.5899496013257077  1488
2.591064607026499  1499
2.5921767573958667  1462
2.593286067020457  1601
2.5943925503754266  1536
2.595496221825574  1529
2.59659709562646  1540
2.597695185925512  1476
2.598790506763115  1575
2.5998830720736876  1452
2.6009728956867484  1529
2.6020599913279625  1533
2.603144372620182  1477
2.60422605308447  1505
2.6053050461411096  1473
2.606381365110605  1523
2.6074550232146687  1521
2.6085260335771943  1508
2.60959440922522  1480
2.61066016308988  1578
2.611723308007342  1482
2.6127838567197355  1523
2.6138418218760693  1477
2.6148972160331345  1538
2.615950051656401  1486
2.617000341120899  1528
2.6180480967120925  1491
2.6190933306267428  1551
2.6201360549737576  1502
2.621176281775035  1560
2.622214022966295  1605
2.6232492903979003  1555
2.6242820958356683  1499
2.625312450961674  1476
2.6263403673750423  1487
2.6273658565927325  1544
2.6283889300503116  1481
2.629409599102719  1518
2.630427875025024  1524
2.6314437690131722  1546
2.6324572921847245  1534
2.6334684555795866  1562
2.6344772701607315  1548
2.635483746814912  1529
2.6364878963533656  1526
2.637489729512511  1538
2.6384892569546374  1561
2.639486489268586  1507
2.640481436970422  1558
2.6414741105040997  1451
2.6424645202421213  1518
2.6434526764861874  1545
2.6444385894678386  1552
2.645422269349092  1554
2.6464037262230695  1541
2.6473829701146196  1508
2.6483600109809315  1550
2.649334858712142  1619
2.6503075231319366  1517
2.651278013998144  1500
2.6522463410033232  1638
2.6532125137753435  1499
2.6541765418779604  1498
2.655138434811382  1510
2.656098202012832  1478
2.6570558528571038  1464
2.6580113966571126  1526
2.658964842664435  1502
2.6599162000698504  1500
2.660865478003869  1466
2.661812685537261  1472
2.662757831681574  1531
2.663700925389648  1534
2.6646419755561257  1492
2.6655809910179533  1505
2.6665179805548807  1445
2.667452952889954  1508
2.66838591669  1440
2.6693168805661123  1526
2.670245853074124  1497
2.6711728427150834  1573
2.6720978579357175  1533
2.673020907128896  1481
2.673941998634088  1480
2.6748611407378116  1537
2.6757783416740852  1515
2.6766936096248664  1450
2.677606952720493  1541
2.678518379040114  1549
2.6794278966121188  1571
2.680335513414563  1588
2.681241237375587  1521
2.682145076373832  1508
2.6830470382388496  1572
2.683947130751512  1499
2.6848453616444123  1495
2.6857417386022635  1557
2.6866362692622934  1480
2.6875289612146345  1513
2.6884198220027105  1524
2.6893088591236203  1522
2.690196080028514  1529
2.6910814921229687  1551
2.69196510276736  1465
2.69284691927723  1503
2.693726948923647  1602
2.694605198933569  1499
2.6954816764901977  1523
2.696356388733332  1520
2.6972293427597176  1500
2.6981005456233897  1564
2.6989700043360187  1467
2.699837725867246  1551
2.7007037171450192  1506
2.7015679850559273  1496
2.7024305364455254  1486
2.7032913781186614  1542
2.7041505168397992  1587
2.705007959333336  1505
2.7058637122839193  1461
2.7067177823367587  1560
2.7075701760979363  1507
2.708420900134713  1528
2.709269960975831  1521
2.7101173651118162  1497
2.710963118995276  1531
2.711807229041191  1470
2.7126497016272113  1590
2.7134905430939424  1485
2.714329759745233  1523
2.7151673578484576  1538
2.716003343634799  1488
2.7168377232995247  1463
2.717670503002262  1528
2.718501688867274  1529
2.7193312869837265  1475
2.720159303405957  1606
2.7209857441537393  1517
2.7218106152125467  1464
2.722633922533812  1527
2.7234556720351857  1511
2.724275869600789  1571
2.725094521081469  1527
2.7259116322950483  1511
2.7267272090265724  1428
2.727541257028556  1510
2.7283537820212285  1510
2.72916478969277  1497
2.7299742856995555  1487
2.7307822756663893  1492
2.7315887651867388  1507
2.7323937598229686  1509
2.7331972651065692  1590
2.733999286538387  1447
2.734799829588847  1584
2.73559889969818  1512
2.7363965022766426  1515
2.7371926427047373  1488
2.737987326333431  1522
2.738780558484369  1547
2.739572344450092  1515
2.7403626894942437  1461
2.741151598851785  1552
2.741939077729199  1543
2.7427251313046983  1523
2.74350976472843  1558
2.7442929831226763  1522
2.7450747915820575  1523
2.745855195173729  1557
2.7466341989375787  1500
2.747411807886423  1548
2.7481880270062002  1504
2.7489628612561616  1489
2.749736315569061  1524
2.7505083948513462  1480
2.751279103983342  1490
2.7520484478194387  1580
2.7528164311882715  1483
2.7535830588929064  1460
2.754348335711019  1556
2.7551122663950713  1534
2.7558748556724915  1528
2.756636108245848  1468
2.7573960287930244  1492
2.75815462196739  1532
2.7589118923979736  1459
2.7596678446896306  1552
2.760422483423212  1509
2.7611758131557314  1519
2.761927838420529  1587
2.762678563727436  1479
2.7634279935629373  1543
2.7641761323903307  1543
2.7649229846498886  1565
2.765668554759014  1537
2.7664128471123997  1482
2.7671558660821804  1522
2.767897616018091  1547
2.7686381012476144  1526
2.7693773260761385  1552
2.7701152947871015  1545
2.7708520116421442  1461
2.7715874808812555  1510
2.77232170672292  1516
2.7730546933642626  1499
2.7737864449811935  1553
2.7745169657285498  1560
2.7752462597402365  1507
2.775974331129369  1503
2.776701183988411  1554
2.7774268223893115  1479
2.7781512503836434  1522
2.7788744720027396  1595
2.7795964912578244  1485
2.780317312140151  1548
2.7810369386211318  1533
2.781755374652469  1565
2.782472624166286  1490
2.7831886910752575  1478
2.783903579272735  1553
2.784617292632875  1539
2.785329835010767  1489
2.786041210242554  1523
2.7867514221455614  1486
2.787460474518415  1504
2.788168371141168  1600
2.788875115775417  1494
2.7895807121644256  1582
2.7902851640332416  1557
2.790988475088816  1509
2.791690649020118  1489
2.792391689498254  1558
2.79309160017658  1503
2.7937903846908188  1573
2.7944880466591697  1508
2.795184589682424  1500
2.7958800173440754  1526
2.7965743332104296  1493
2.7972675408307164  1511
2.797959643737196  1548
2.798650645445269  1471
2.7993405494535817  1543
2.8000293592441343  1495
2.800717078282385  1510
2.801403710017355  1508
2.802089257881733  1514
2.8027737252919755  1495
2.803457115648414  1539
2.8041394323353503  1533
2.8048206787211623  1503
2.8055008581584002  1477
2.806179973983887  1464
2.8068580295188172  1577
2.807535028068853  1600
2.808210972924222  1499
2.808885867359812  1520
2.8095597146352675  1502
2.8102325179950842  1586
2.8109042806687006  1501
2.8115750058705933  1559
2.812244696800369  1525
2.8129133566428557  1527
2.813580988568192  1599
2.81424759573192  1519
2.814913181275074  1519
2.815577748324267  1465
2.816241299991783  1562
2.8169038393756605  1499
2.8175653695597807  1596
2.8182258936139557  1537
2.8188854145940097  1524
2.8195439355418688  1528
2.82020145948564  1587
2.8208579894397  1529
2.821513528404773  1543
2.8221680793680175  1547
2.8228216453031045  1484
2.823474229170301  1543
2.824125833916549  1608
2.824776462475546  1514
2.8254261177678233  1527
2.8260748027008264  1538
2.826722520168992  1580
2.8273692730538253  1547
2.828015064223977  1531
2.82865989653532  1611
2.829303772831025  1553
2.829946695941636  1513
2.8305886686851442  1522
2.8312296938670634  1586
2.8318697742805017  1500
2.832508912706236  1486
2.833147111912785  1495
2.833784374656479  1495
2.8344207036815328  1571
2.835056101720116  1480
2.8356905714924254  1508
2.8363241157067516  1521
2.8369567370595505  1490
2.837588438235511  1558
2.8382192219076257  1456
2.838849090737255  1492
2.8394780473741985  1520
2.840106094456758  1539
2.8407332346118066  1494
2.841359470454855  1495
2.8419848045901137  1555
2.842609239610562  1525
2.8432327780980096  1502
2.843855422623161  1487
2.8444771757456815  1555
2.845098040014257  1526
2.8457180179666586  1479
2.846337112129805  1541
2.846955325019824  1558
2.847572659142112  1539
2.848189116991399  1532
2.8488047010518036  1520
2.8494194137968996  1541
2.850033257689769  1531
2.8506462351830666  1567
2.8512583487190755  1460
2.851869600729766  1478
2.8524799936368566  1518
2.8530895298518657  1508
2.8536982117761744  1503
2.8543060418010806  1546
2.8549130223078554  1578
2.8555191556678  1530
2.8561244442423  1449
2.8567288903828825  1542
2.8573324964312685  1525
2.857935264719429  1562
2.858537197569639  1534
2.859138297294531  1521
2.859738566197147  1648
2.8603380065709936  1520
2.8609366207000937  1476
2.8615344108590377  1558
2.862131379313037  1518
2.8627275283179747  1561
2.863322860120456  1548
2.8639173769578603  1516
2.864511081058392  1492
2.8651039746411278  1476
2.8656960599160706  1546
2.8662873390841948  1505
2.866877814337499  1501
2.8674674878590514  1467
2.8680563618230415  1497
2.8686444383948255  1457
2.8692317197309762  1523
2.869818207979328  1521
2.870403905279027  1521
2.8709888137605755  1495
2.8715729355458786  1513
2.8721562727482928  1494
2.8727388274726686  1488
2.873320601815399  1601
2.8739015978644615  1482
2.8744818176994666  1523
2.8750612633917  1500
2.8756399370041685  1483
2.876217840591642  1607
2.8767949762007006  1530
2.877371345869774  1518
2.8779469516291885  1474
2.8785217955012063  1523
2.8790958795000727  1541
2.8796692056320534  1519
2.88024177589548  1531
2.8808135922807914  1462
2.8813846567705728  1500
2.8819549713396007  1521
2.8825245379548803  1511
2.8830933585756897  1538
2.8836614351536176  1490
2.884228769632604  1492
2.884795363948981  1564
2.885361220031512  1546
2.885926339801431  1530
2.886490725172482  1488
2.8870543780509568  1580
2.887617300335736  1537
2.888179493918325  1566
2.8887409606828927  1502
2.88930170250631  1540
2.8898617212581885  1495
2.890421018800914  1601
2.890979596989689  1532
2.8915374576725643  1495
2.8920946026904804  1529
2.8926510338773004  1577
2.893206753059848  1542
2.8937617620579434  1514
2.8943160626844384  1499
2.8948696567452528  1426
2.895422546039408  1591
2.8959747323590648  1522
2.8965262174895554  1418
2.89707700320942  1483
2.8976270912904414  1469
2.8981764834976764  1525
2.8987251815894934  1501
2.8992731873176036  1548
2.8998205024270964  1531
2.9003671286564705  1572
2.900913067737669  1563
2.9014583213961123  1540
2.9020028913507296  1526
2.902546779313991  1540
2.9030899869919438  1531
2.9036325160842376  1421
2.9041743682841634  1557
2.904715545278681  1564
2.905256048748451  1512
2.9057958803678687  1496
2.906335041805091  1557
2.90687353472207  1478
2.907411360774586  1414
2.9079485216122722  1553
2.90848501887865  1510
2.909020854211156  1516
2.9095560292411755  1472
2.910090545594068  1542
2.910624404889201  1487
2.9111576087399764  1491
2.9116901587538613  1505
2.9122220565324155  1527
2.912753303671323  1464
2.9132839017604186  1618
2.9138138523837167  1521
2.9143431571194407  1503
2.9148718175400505  1562
2.91539983521227  1529
2.9159272116971158  1572
2.916453948549925  1531
2.9169800473203824  1520
2.9175055095525466  1518
2.9180303367848803  1500
2.9185545305502734  1452
2.9190780923760737  1497
2.919601023784111  1465
2.920123326290724  1542
2.9206450014067875  1548
2.921166050637739  1517
2.921686475483602  1493
2.9222062774390163  1522
2.92272545799326  1524
2.9232440186302764  1495
2.9237619608287004  1462
2.9242792860618816  1480
2.924795995797912  1513
2.9253120914996495  1539
2.9258275746247424  1510
2.926342446625655  1526
2.926856708949692  1506
2.9273703630390235  1564
2.9278834103307068  1498
2.9283958522567137  1536
2.928907690243953  1600
2.929418925714293  1479
2.929929560084588  1544
2.9304395947667  1550
2.930949031167523  1540
2.931457870689005  1572
2.931966114728173  1524
2.932473764677153  1530
2.932980821923198  1547
2.9334872878487053  1499
2.9339931638312424  1521
2.934498451243568  1495
2.935003151453655  1485
2.9355072658247128  1508
2.9360107957152097  1584
2.936513742478893  1483
2.9370161074648142  1562
2.937517892017347  1494
2.9380190974762104  1535
2.938519725176492  1530
2.9390197764486663  1476
2.9395192526186187  1562
2.9400181550076634  1459
2.940516484932567  1535
2.9410142437055695  1601
2.941511432634403  1530
2.942008053022313  1554
2.9425041061680806  1589
2.9429995933660407  1549
2.9434945159061026  1510
2.9439888750737717  1503
2.9444826721501687  1500
2.9449759084120477  1431
2.94546858513182  1520
2.9459607035775686  1490
2.946452265013073  1588
2.9469432706978256  1569
2.9474337218870508  1557
2.9479236198317262  1549
2.948412965778601  1532
2.9489017609702137  1504
2.949390006644913  1453
2.949877704036875  1542
2.950364854376123  1533
2.9508514588885464  1547
2.951337518795918  1575
2.951823035315912  1502
2.9523080096621253  1511
2.952792443044092  1494
2.9532763366673045  1558
2.9537596917332287  1574
2.9542425094393248  1558
2.954724790979063  1514
2.9552065375419416  1547
2.9556877503135057  1523
2.9561684304753633  1510
2.9566485792052033  1551
2.957128197676813  1517
2.957607287060095  1445
2.958085848521085  1506
2.9585638832219674  1455
2.9590413923210934  1474
2.9595183769729982  1520
2.959994838328416  1458
2.960470777534299  1535
2.960946195733831  1557
2.9614210940664485  1511
2.9618954736678504  1562
2.962369335670021  1536
2.9628426812012423  1535
2.9633155113861114  1538
2.963787827345555  1570
2.964259630196849  1601
2.9647309210536292  1510
2.965201701025912  1498
2.9656719712201065  1514
2.9661417327390325  1504
2.966610986681934  1506
2.967079734144497  1498
2.967547976218862  1535
2.968015713993642  1496
2.9684829485539352  1524
2.9689496809813427  1516
2.9694159123539814  1453
2.9698816437465  1595
2.9703468762300935  1527
2.9708116108725178  1501
2.971275848738105  1503
2.971739590887778  1552
2.9722028383790646  1527
2.972665592266111  1579
2.9731278535996988  1566
2.973589623427257  1479
2.9740509027928774  1564
2.9745116927373285  1503
2.974971994298069  1563
2.975431808509263  1541
2.975891136401793  1565
2.9763499790032735  1532
2.976808337338066  1559
2.977266212427293  1487
2.9777236052888476  1509
2.978180516937414  1512
2.9786369483844743  1514
2.979092900638326  1523
2.979548374704095  1556
2.9800033715837464  1525
2.9804578922761  1541
2.9809119377768436  1537
2.9813655090785445  1471
2.9818186071706636  1559
2.9822712330395684  1523
2.9827233876685453  1495
2.983175072037813  1545
2.9836262871245345  1505
2.984077033902831  1521
2.9845273133437926  1543
2.9849771264154934  1547
2.9854264740830017  1528
2.9858753573083936  1510
2.986323777050765  1491
2.9867717342662448  1534
2.9872192299080047  1617
2.9876662649262746  1517
2.988112840268352  1451
2.9885589568786157  1460
2.989004615698537  1530
2.9894498176666917  1464
2.989894563718773  1580
2.9903388547876015  1500
2.9907826918031377  1535
2.9912260756924947  1496
2.9916690073799486  1489
2.9921114877869495  1494
2.9925535178321354  1529
2.9929950984313414  1536
2.9934362304976116  1501
2.993876914941211  1528
2.9943171526696366  1487
2.9947569445876283  1522
2.9951962915971793  1503
2.99563519459755  1513
2.9960736544852753  1539
2.9965116721541785  1577
2.996949248495381  1540
2.997386384397313  1588
2.9978230807457256  1519
2.998259338423699  1528
2.998695158311656  1492
2.999130541287371  1548
2.9995654882259823  1519
3.0  1448
3.000434077479319  1590
3.0008677215312267  1516
3.0013009330204183  1565
3.0017337128090005  1502
3.002166061756508  1484
3.0025979807199086  1559
3.003029470553618  1486
3.0034605321095067  1468
3.0038911662369103  1494
3.0043213737826426  1480
3.004751155591001  1488
3.0051805125037805  1541
3.0056094453602804  1539
3.0060379549973173  1491
3.0064660422492318  1501
3.0068937079479006  1515
3.0073209529227447  1487
3.00774777800074  1594
3.0081741840064264  1560
3.0086001717619175  1562
3.0090257420869104  1511
3.009450895798694  1469
3.00987563371216  1494
3.010299956639812  1559
3.010723865391773  1548
3.0111473607757975  1487
3.0115704435972783  1516
3.011993114659257  1547
3.012415374762433  1491
3.012837224705172  1506
3.0132586652835167  1513
3.0136796972911926  1492
3.0141003215196207  1559
3.0145205387579237  1558
3.0149403497929366  1501
3.0153597554092144  1523
3.015778756389041  1519
3.016197353512439  1569
3.016615547557177  1525
3.0170333392987803  1441
3.017450729510536  1525
3.0178677189635055  1502
3.018284308426531  1543
3.0187004986662433  1516
3.019116290447073  1556
3.0195316845312554  1493
3.0199466816788423  1486
3.0203612826477078  1550
3.020775488193558  1506
3.0211892990699383  1483
3.021602716028242  1523
3.02201573981772  1449
3.0224283711854865  1447
3.022840610876528  1503
3.0232524596337114  1469
3.0236639181977933  1525
3.024074987307426  1531
3.024485667699167  1535
3.024895960107485  1485
3.0253058652647704  1552
3.025715383901341  1500
3.0261245167454502  1552
3.0265332645232967  1536
3.0269416279590295  1548
3.0273496077747564  1511
3.0277572046905536  1605
3.0281644194244697  1501
3.0285712526925375  1463
3.028977705208778  1481
3.0293837776852097  1526
3.029789470831856  1524
3.030194785356751  1527
3.030599721965951  1503
3.0310042813635367  1595
3.031408464251624  1563
3.0318122713303706  1475
3.0322157032979815  1515
3.03261876085072  1487
3.0330214446829107  1506
3.03342375548695  1494
3.03382569395331  1504
3.0342272607705505  1555
3.0346284566253203  1512
3.0350292822023683  1484
3.0354297381845483  1536
3.035829825252828  1569
3.0362295440862948  1504
3.036628895362161  1544
3.037027879755775  1444
3.037426497940624  1488
3.037824750588342  1558
3.0382226383687185  1439
3.038620161949703  1529
3.039017321997412  1563
3.0394141191761372  1559
3.0398105541483504  1483
3.0402066275747113  1546
3.040602340114073  1498
3.0409976924234905  1522
3.041392685158225  1462
3.041787318971752  1443
3.042181594515766  1485
3.0425755124401905  1526
3.0429690733931802  1497
3.0433622780211294  1545
3.0437551269686796  1484
3.044147620878723  1542
3.044539760392411  1530
3.04493154614916  1537
3.0453229787866576  1504
3.0457140589408676  1507
3.0461047872460387  1540
3.0464951643347082  1562
3.04688519083771  1543
3.0472748673841794  1544
3.04766419460156  1567
3.048053173115609  1583
3.0484418035504044  1558
3.04883008652835  1489
3.0492180226701815  1519
3.049605612594973  1612
3.0499928569201424  1565
3.050379756261458  1483
3.0507663112330423  1434
3.0511525224473814  1571
3.0515383905153275  1578
3.0519239160461065  1544
3.0523090996473234  1607
3.052693941924968  1586
3.0530784434834195  1565
3.053462604925455  1516
3.0538464268522527  1465
3.0542299098633974  1486
3.0546130545568877  1476
3.0549958615291417  1473
3.055378331375  1504
3.0557604646877348  1512
3.056142262059052  1559
3.0565237240791006  1568
3.0569048513364727  1569
3.0572856444182146  1488
3.0576661039098294  1496
3.0580462303952816  1492
3.058426024457005  1557
3.0588054866759067  1494
3.059184617631371  1558
3.0595634179012676  1519
3.059941888061955  1473
3.060320028688285  1519
3.060697840353612  1522
3.0610753236297916  1517
3.061452479087193  1551
3.061829307294699  1463
3.0622058088197126  1579
3.062581984228163  1540
3.0629578340845103  1575
3.0633333589517497  1566
3.0637085593914173  1478
3.064083435963596  1504
3.0644579892269186  1456
3.064832219738574  1512
3.065206128054312  1556
3.0655797147284485  1469
3.06595298031387  1403
3.0663259253620376  1495
3.0666985504229953  1540
3.0670708560453703  1510
3.0674428427763805  1486
3.0678145111618402  1477
3.0681858617461617  1606
3.068556895072363  1573
3.068927611682072  1492
3.0692980121155293  1548
3.0696680969115957  1469
3.070037866607755  1554
3.0704073217401198  1424
3.0707764628434346  1432
3.0711452904510828  1552
3.071513805095089  1504
3.0718820073061255  1434
3.072249897613515  1512
3.0726174765452368  1492
3.0729847446279304  1505
3.073351702386901  1507
3.0737183503461227  1491
3.074084689028244  1537
3.074450718954591  1423
3.074816440645175  1561
3.0751818546186915  1498
3.0755469613925306  1436
3.0759117614827773  1467
3.076276255404218  1514
3.076640443670342  1503
3.0770043267933502  1557
3.0773679052841563  1442
3.077731179652392  1488
3.0780941504064105  1490
3.0784568180532927  1520
3.0788191830988487  1467
3.0791812460476247  1406
3.079543007402906  1444
3.079904467666721  1446
3.0802656273398448  1428
3.0806264869218056  1420
3.080987046910887  1468
3.0813473078041325  1432
3.081707270097349  1463
3.082066934285113  1470
3.0824263008607717  1416
3.0827853703164503  1434
3.0831441431430524  1413
3.0835026198302673  1372
3.083860800866573  1369
3.0842186867392387  1369
3.084576277934331  1376
3.084933574936716  1355
3.085290578230065  1300
3.0856472882968564  1350
3.0860037056183818  1312
3.0863598306747484  1331
3.0867156639448825  1320
3.0870712059065353  1294
3.0874264570362855  1282
3.087781417809542  1230
3.0881360887005513  1256
3.0884904701823963  1230
3.088844562727004  1241
3.089198366805149  1192
3.089551882886454  1178
3.089905111439398  1141
3.090258052931316  1244
3.090610707828407  1154
3.0909630765957314  1077
3.091315159697223  1128
3.0916669575956846  1037
3.092018470752797  1076
3.0923696996291206  1025
3.0927206446840994  1003
3.0930713063760633  944
3.093421685162235  944
3.09377178149873  917
3.0941215958405612  904
3.094471128641645  928
3.0948203803548  901
3.095169351431755  789
3.095518042323151  813
3.0958664534785427  786
3.0962145853464054  786
3.0965624383741357  754
3.0969100130080562  711
3.09725730969342  659
3.097604328874411  707
3.09795107099415  649
3.0982975364946976  629
3.098643725817057  628
3.0989896394011773  582
3.0993352776859577  575
3.09968064110925  570
3.1000257301078626  510
3.100370545117563  493
3.1007150865730817  466
3.1010593549081156  456
3.101403350555331  471
3.1017470739463664  447
3.1020905255118367  382
3.1024337056813365  395
3.1027766148834415  350
3.1031192535457137  345
3.103461622094705  306
3.103803720955957  307
3.104145550554008  308
3.104487111312395  272
3.1048284036536553  243
3.1051694279993316  244
3.1055101847699738  219
3.1058506743851435  210
3.1061908972634154  204
3.1065308538223815  170
3.106870544478654  165
3.1072099696478683  163
3.1075491297446862  167
3.1078880251827985  149
3.1082266563749283  137
3.1085650237328344  125
3.1089031276673134  121
3.109240968588203  107
3.1095785469043866  103
3.1099158630237933  90
3.110252917353403  76
3.110589710299249  71
3.1109262422664203  82
3.1112625136590655  77
3.111598524880394  63
3.1119342763326814  58
3.1122697684172707  57
3.1126050015345745  53
3.11293997608408  55
3.1132746924643504  49
3.1136091510730277  41
3.113943352306837  41
3.1142772965615864  39
3.114610984232173  44
3.1149444157125847  24
3.1152775913959014  22
3.1156105116742996  21
3.115943176939055  17
3.116275587580544  13
3.1166077439882485  12
3.116939646550756  9
3.1172712956557644  8
3.117602691690084  8
3.1179338350396413  8
3.118264726089479  7
3.118595365223762  6
3.1189257528257768  4
3.1192558892779365  7
3.119585774961784  6
3.119915410257991  5
3.1202447955463652  6
3.12057393120585  3
3.1209028176145273  5
3.1212314551496214  3
3.1215598441875008  4
3.121887985103681  1
