0.3010299956639812  6824
0.47712125471966244  6517
0.6020599913279624  6477
0.6989700043360189  6666
0.7781512503836436  6585
0.8450980400142568  6479
0.9030899869919435  6690
0.9542425094393249  6700
1.0  6659
1.0413926851582251  6560
1.0791812460476249  6548
1.1139433523068367  6632
1.146128035678238  6599
1.1760912590556813  6540
1.2041199826559248  6211
1.2304489213782739  6416
1.255272505103306  6712
1.2787536009528289  6381
1.3010299956639813  6669
1.3222192947339193  6627
1.3424226808222062  6470
1.3617278360175928  6424
1.380211241711606  6665
1.3979400086720377  6425
1.414973347970818  6470
1.4313637641589874  6433
1.4471580313422192  6615
1.462397997898956  6599
1.4771212547196624  6450
1.4913616938342726  6050
1.505149978319906  6153
1.5185139398778875  5659
1.5314789170422551  5742
1.5440680443502757  5363
1.5563025007672873  4967
1.568201724066995  5019
1.5797835966168101  5205
1.591064607026499  5014
1.6020599913279623  4823
1.6127838567197355  4496
1.6232492903979006  4841
1.6334684555795864  4742
1.6434526764861874  4743
1.6532125137753437  4490
1.662757831681574  4558
1.6720978579357175  4960
1.6812412373755872  4803
1.6901960800285136  4698
1.6989700043360187  4663
1.7075701760979363  4686
1.7160033436347992  4928
1.724275869600789  4577
1.7323937598229686  4576
1.7403626894942439  4903
1.7481880270062005  4477
1.7558748556724915  4616
1.7634279935629373  4795
1.7708520116421442  4604
1.7781512503836436  4568
1.7853298350107671  4863
1.792391689498254  4631
1.7993405494535817  4811
1.806179973983887  4640
1.8129133566428555  4797
1.8195439355418688  4721
1.8260748027008264  4658
1.8325089127062364  4631
1.8388490907372552  4752
1.845098040014257  4608
1.8512583487190752  4527
1.8573324964312685  4768
1.863322860120456  4589
1.8692317197309762  4695
1.8750612633917  4837
1.8808135922807914  4537
1.8864907251724818  4783
1.8920946026904804  4795
1.8976270912904414  4693
1.9030899869919435  4838
1.9084850188786497  4639
1.9138138523837167  4680
1.919078092376074  4815
1.9242792860618816  4760
1.9294189257142926  4922
1.9344984512435677  4860
1.9395192526186185  4647
1.9444826721501687  4631
1.9493900066449128  4646
1.954242509439325  4851
1.9590413923210936  4635
1.9637878273455553  4766
1.968482948553935  4872
1.9731278535996986  4753
1.9777236052888478  4803
1.9822712330395684  4685
1.9867717342662448  4751
1.9912260756924949  4838
1.99563519459755  4928
2.0  4947
2.0043213737826426  4803
2.0086001717619175  4770
2.012837224705172  4616
2.0170333392987803  4793
2.0211892990699383  4787
2.0253058652647704  4639
2.0293837776852097  4853
2.03342375548695  4746
2.037426497940624  4736
2.041392685158225  4860
2.0453229787866576  4702
2.0492180226701815  4954
2.0530784434834195  4705
2.0569048513364727  4605
2.060697840353612  4625
2.0644579892269186  4496
2.0681858617461617  4674
2.0718820073061255  4542
2.0755469613925306  4692
2.0791812460476247  4721
2.0827853703164503  4949
2.0863598306747484  4677
2.089905111439398  4705
2.093421685162235  4905
2.0969100130080562  4686
2.100370545117563  4709
2.103803720955957  4610
2.1072099696478683  4756
2.110589710299249  4995
2.113943352306837  4746
2.1172712956557644  4840
2.12057393120585  4782
2.123851640967086  4872
2.1271047983648077  4762
2.130333768495006  4549
2.1335389083702174  4631
2.1367205671564067  4621
2.1398790864012365  4733
2.143014800254095  4722
2.146128035678238  4665
2.1492191126553797  4810
2.1522883443830563  4764
2.155336037465062  4549
2.1583624920952498  4597
2.161368002234975  4854
2.164352855784437  4560
2.167317334748176  4619
2.1702617153949575  4624
2.173186268412274  4795
2.1760912590556813  4620
2.1789769472931693  4840
2.1818435879447726  4722
2.184691430817599  4668
2.187520720836463  4766
2.1903316981702914  4733
2.1931245983544616  4780
2.1958996524092336  4697
2.1986570869544226  4676
2.2013971243204513  4657
2.2041199826559246  4748
2.2068258760318495  4479
2.2095150145426308  4508
2.2121876044039577  4542
2.214843848047698  4721
2.2174839442139063  4623
2.220108088040055  4623
2.2227164711475833  4826
2.225309281725863  4757
2.2278867046136734  4644
2.230448921378274  4718
2.2329961103921536  4678
2.2355284469075487  4527
2.2380461031287955  4749
2.2405492482826  4704
2.2430380486862944  4619
2.24551266781415  4848
2.247973266361807  4879
2.250420002308894  5052
2.2528530309798933  4777
2.255272505103306  4816
2.2576785748691846  4632
2.2600713879850747  4599
2.2624510897304293  4764
2.2648178230095364  4651
2.2671717284030137  5014
2.2695129442179165  4908
2.271841606536499  4792
2.27415784926368  4618
2.2764618041732443  4826
2.278753600952829  4781
2.2810333672477277  4537
2.2833012287035497  4790
2.285557309007774  4614
2.287801729930226  4481
2.290034611362518  4809
2.292256071356476  4794
2.294466226161593  4843
2.296665190261531  4676
2.298853076409707  4702
2.3010299956639813  4767
2.303196057420489  4603
2.305351369446624  4839
2.307496037913213  4413
2.3096301674258988  4707
2.311753861055754  4822
2.3138672203691533  4829
2.315970345456918  4759
2.3180633349627615  4606
2.3201462861110542  4739
2.322219294733919  4828
2.3242824552976926  4837
2.326335860928751  4637
2.3283796034387376  4753
2.330413773349191  4779
2.3324384599156054  4739
2.3344537511509307  4836
2.3364597338485296  4466
2.3384564936046046  4792
2.3404441148401185  4788
2.342422680822206  4719
2.3443922736851106  4716
2.346352974450639  4667
2.3483048630481607  4587
2.3502480183341627  4822
2.3521825181113627  4708
2.3541084391474008  4872
2.3560258571931225  4721
2.357934847000454  4410
2.359835482339888  4842
2.361727836017593  4750
2.3636119798921444  4748
2.3654879848909  4708
2.367355921026019  4676
2.369215857410143  4714
2.3710678622717363  4595
2.3729120029701067  4917
2.374748346010104  4326
2.376576957056512  4738
2.3783979009481375  4400
2.380211241711606  4784
2.3820170425748683  4744
2.383815365980431  4591
2.385606273598312  4730
2.387389826338729  4491
2.3891660843645326  4558
2.3909351071033793  4662
2.392696953259666  4767
2.3944516808262164  4827
2.3961993470957363  4875
2.3979400086720375  4745
2.399673721481038  4730
2.401400540781544  5066
2.403120521175818  4739
2.404833716619938  4795
2.406540180433955  4734
2.4082399653118496  4693
2.4099331233312946  4623
2.41161970596323  4631
2.413299764081252  4721
2.4149733479708178  4677
2.416640507338281  4583
2.4183012913197452  4771
2.419955748489758  4597
2.4216039268698313  4890
2.423245873936808  4679
2.424881636631067  4622
2.4265112613645754  4528
2.428134794028789  4965
2.429752280002408  4501
2.4313637641589874  4716
2.432969290874406  4773
2.4345689040341987  4642
2.436162647040756  4528
2.437750562820388  4564
2.439332693830263  4602
2.4409090820652177  4683
2.4424797690644486  4656
2.444044795918076  4773
2.4456042032735974  4477
2.4471580313422194  4832
2.44870631990508  4699
2.450249108319361  4846
2.45178643552429  4747
2.4533183400470375  4959
2.45484486000851  4839
2.456366033129043  4825
2.4578818967339924  4836
2.459392487759231  4864
2.4608978427565478  4570
2.462397997898956  4743
2.4638929889859074  4875
2.4653828514484184  4726
2.4668676203541096  4699
2.4683473304121573  4659
2.469822015978163  4694
2.4712917110589387  4881
2.4727564493172123  4821
2.4742162640762553  4548
2.4756711883244296  4677
2.4771212547196626  4780
2.4785664955938436  4640
2.4800069429571505  4716
2.481442628502305  4740
2.482873583608754  4996
2.484299839346786  4888
2.48572142648158  4706
2.4871383754771865  4687
2.4885507165004443  4748
2.4899584794248346  4767
2.4913616938342726  4647
2.4927603890268375  4992
2.494154594018443  4619
2.4955443375464483  4580
2.496929648073215  4663
2.4983105537896004  4916
2.499687082618404  4601
2.5010592622177517  4688
2.5024271199844326  4755
2.503790683057181  5016
2.505149978319906  4678
2.506505032404872  4541
2.507855871695831  4838
2.509202522331103  4607
2.510545010206612  4581
2.5118833609788744  4693
2.513217600067939  4716
2.514547752660286  4469
2.515873843711679  4685
2.5171958979499744  4783
2.5185139398778875  4691
2.519827993775719  4812
2.5211380837040362  4552
2.5224442335063197  4784
2.5237464668115646  4701
2.525044807036845  4568
2.526339277389844  4868
2.5276299008713385  4778
2.5289167002776547  4764
2.530199698203082  4899
2.531478917042255  4610
2.5327543789924976  4776
2.534026106056135  4668
2.5352941200427703  4779
2.53655844257153  4621
2.537819095073274  4721
2.5390760987927767  4505
2.5403294747908736  4883
2.5415792439465807  4724
2.5428254269591797  4747
2.5440680443502757  4660
2.545307116465824  4817
2.546542663478131  4787
2.5477747053878224  4644
2.5490032620257876  4617
2.550228353055094  4756
2.5514499979728753  5018
2.552668216112193  4688
2.5538830266438746  4528
2.5550944485783194  4765
2.5563025007672873  4594
2.5575072019056577  4562
2.558708570533166  4555
2.5599066250361124  4524
2.561101383649056  4801
2.5622928644564746  4631
2.5634810853944106  4594
2.5646660642520893  4759
2.5658478186735176  4918
2.56702636615906  4843
2.568201724066995  4791
2.569373909615046  4957
2.5705429398818973  4763
2.571708831808688  4646
2.5728716022004803  4622
2.574031267727719  4651
2.575187844927661  4747
2.576341350205793  4711
2.5774917998372255  4485
2.578639209968072  4692
2.57978359661681  4486
2.5809249756756194  4620
2.582063362911709  4523
2.583198773968623  4913
2.584331224367531  4577
2.5854607295085006  4840
2.586587304671755  4501
2.5877109650189114  4721
2.5888317255942073  4576
2.5899496013257077  4873
2.591064607026499  4455
2.5921767573958667  4660
2.593286067020457  4924
2.5943925503754266  4530
2.595496221825574  4822
2.59659709562646  4691
2.597695185925512  5005
2.598790506763115  4843
2.5998830720736876  4736
2.6009728956867484  4598
2.6020599913279625  4592
2.603144372620182  4814
2.60422605308447  4789
2.6053050461411096  4655
2.606381365110605  4661
2.6074550232146687  4720
2.6085260335771943  4636
2.60959440922522  5061
2.61066016308988  4993
2.611723308007342  4543
2.6127838567197355  4728
2.6138418218760693  4670
2.6148972160331345  4798
2.615950051656401  4480
2.617000341120899  4463
2.6180480967120925  4874
2.6190933306267428  4580
2.6201360549737576  4603
2.621176281775035  4591
2.622214022966295  4642
2.6232492903979003  4817
2.6242820958356683  4946
2.625312450961674  4455
2.6263403673750423  4839
2.6273658565927325  4833
2.6283889300503116  4659
2.629409599102719  4759
2.630427875025024  4616
2.6314437690131722  4587
2.6324572921847245  4686
2.6334684555795866  4620
2.6344772701607315  5023
2.635483746814912  4661
2.6364878963533656  4579
2.637489729512511  4889
2.6384892569546374  4540
2.639486489268586  4689
2.640481436970422  4873
2.6414741105040997  4664
2.6424645202421213  4908
2.6434526764861874  5066
2.6444385894678386  4597
2.645422269349092  4738
2.6464037262230695  4798
2.6473829701146196  4744
2.6483600109809315  4638
2.649334858712142  5131
2.6503075231319366  4715
2.651278013998144  4913
2.6522463410033232  4596
2.6532125137753435  4598
2.6541765418779604  4624
2.655138434811382  5235
2.656098202012832  4859
2.6570558528571038  4769
2.6580113966571126  4614
2.658964842664435  4601
2.6599162000698504  4563
2.660865478003869  4887
2.661812685537261  4825
2.662757831681574  4718
2.663700925389648  4760
2.6646419755561257  4641
2.6655809910179533  4877
2.6665179805548807  4802
2.667452952889954  4642
2.66838591669  4758
2.6693168805661123  4562
2.670245853074124  4795
2.6711728427150834  5021
2.6720978579357175  4809
2.673020907128896  4404
2.673941998634088  4533
2.6748611407378116  4662
2.6757783416740852  4769
2.6766936096248664  4891
2.677606952720493  4616
2.678518379040114  4742
2.6794278966121188  4755
2.680335513414563  4541
2.681241237375587  4636
2.682145076373832  4692
2.6830470382388496  4760
2.683947130751512  4605
2.6848453616444123  4712
2.6857417386022635  4853
2.6866362692622934  4523
2.6875289612146345  4927
2.6884198220027105  4525
2.6893088591236203  4683
2.690196080028514  4710
2.6910814921229687  4724
2.69196510276736  4828
2.69284691927723  4846
2.693726948923647  4775
2.694605198933569  4916
2.6954816764901977  4685
2.696356388733332  4572
2.6972293427597176  4715
2.6981005456233897  4584
2.6989700043360187  4777
2.699837725867246  4620
2.7007037171450192  4874
2.7015679850559273  4857
2.7024305364455254  4661
2.7032913781186614  4612
2.7041505168397992  4467
2.705007959333336  4634
2.7058637122839193  4517
2.7067177823367587  4819
2.7075701760979363  4721
2.708420900134713  4667
2.709269960975831  4727
2.7101173651118162  4616
2.710963118995276  4719
2.711807229041191  4829
2.7126497016272113  4675
2.7134905430939424  4989
2.714329759745233  4630
2.7151673578484576  4774
2.716003343634799  4585
2.7168377232995247  4729
2.717670503002262  4611
2.718501688867274  4938
2.7193312869837265  4897
2.720159303405957  4710
2.7209857441537393  4686
2.7218106152125467  4707
2.722633922533812  4764
2.7234556720351857  4690
2.724275869600789  4732
2.725094521081469  4763
2.7259116322950483  4962
2.7267272090265724  4750
2.727541257028556  4821
2.7283537820212285  4781
2.72916478969277  4680
2.7299742856995555  4718
2.7307822756663893  4660
2.7315887651867388  4830
2.7323937598229686  4711
2.7331972651065692  4667
2.733999286538387  4907
2.734799829588847  5155
2.73559889969818  4677
2.7363965022766426  4688
2.7371926427047373  4549
2.737987326333431  4802
2.738780558484369  4708
2.739572344450092  4585
2.7403626894942437  4567
2.741151598851785  4704
2.741939077729199  4579
2.7427251313046983  4924
2.74350976472843  4863
2.7442929831226763  4673
2.7450747915820575  4779
2.745855195173729  4789
2.7466341989375787  4950
2.747411807886423  4825
2.7481880270062002  4752
2.7489628612561616  4656
2.749736315569061  4580
2.7505083948513462  4867
2.751279103983342  4603
2.7520484478194387  4661
2.7528164311882715  4653
2.7535830588929064  4637
2.754348335711019  4759
2.7551122663950713  4449
2.7558748556724915  4602
2.756636108245848  4882
2.7573960287930244  4712
2.75815462196739  4599
2.7589118923979736  4596
2.7596678446896306  4638
2.760422483423212  4780
2.7611758131557314  4712
2.761927838420529  4802
2.762678563727436  4586
2.7634279935629373  4622
2.7641761323903307  4487
2.7649229846498886  4556
2.765668554759014  4841
2.7664128471123997  4638
2.7671558660821804  4778
2.767897616018091  4620
2.7686381012476144  4791
2.7693773260761385  4802
2.7701152947871015  4677
2.7708520116421442  4708
2.7715874808812555  4698
2.77232170672292  4950
2.7730546933642626  4800
2.7737864449811935  4693
2.7745169657285498  4883
2.7752462597402365  4754
2.775974331129369  4863
2.776701183988411  4646
2.7774268223893115  4810
2.7781512503836434  4795
2.7788744720027396  4629
2.7795964912578244  4613
2.780317312140151  4792
2.7810369386211318  4734
2.781755374652469  4942
2.782472624166286  4819
2.7831886910752575  4946
2.783903579272735  4575
2.784617292632875  4926
2.785329835010767  4863
2.786041210242554  4631
2.7867514221455614  4711
2.787460474518415  4867
2.788168371141168  4752
2.788875115775417  4677
2.7895807121644256  4538
2.7902851640332416  4791
2.790988475088816  4419
2.791690649020118  4702
2.792391689498254  4458
2.79309160017658  4813
2.7937903846908188  4623
2.7944880466591697  4803
2.795184589682424  4660
2.7958800173440754  4724
2.7965743332104296  4631
2.7972675408307164  4771
2.797959643737196  4771
2.798650645445269  4631
2.7993405494535817  4769
2.8000293592441343  4775
2.800717078282385  4772
2.801403710017355  4657
2.802089257881733  4907
2.8027737252919755  4627
2.803457115648414  4553
2.8041394323353503  4804
2.8048206787211623  4723
2.8055008581584002  4633
2.806179973983887  4740
2.8068580295188172  4715
2.807535028068853  4810
2.808210972924222  4645
2.808885867359812  4787
2.8095597146352675  4577
2.8102325179950842  4839
2.8109042806687006  4584
2.8115750058705933  4585
2.812244696800369  4880
2.8129133566428557  4773
2.813580988568192  4647
2.81424759573192  4797
2.814913181275074  4647
2.815577748324267  4515
2.816241299991783  4566
2.8169038393756605  4774
2.8175653695597807  4698
2.8182258936139557  4600
2.8188854145940097  4988
2.8195439355418688  4519
2.82020145948564  4687
2.8208579894397  4620
2.821513528404773  4800
2.8221680793680175  4733
2.8228216453031045  4641
2.823474229170301  4556
2.824125833916549  4602
2.824776462475546  4835
2.8254261177678233  4856
2.8260748027008264  4517
2.826722520168992  4677
2.8273692730538253  4727
2.828015064223977  4663
2.82865989653532  4924
2.829303772831025  4600
2.829946695941636  4694
2.8305886686851442  4626
2.8312296938670634  4444
2.8318697742805017  4791
2.832508912706236  4693
2.833147111912785  4609
2.833784374656479  4739
2.8344207036815328  4642
2.835056101720116  4726
2.8356905714924254  4575
2.8363241157067516  4659
2.8369567370595505  4982
2.837588438235511  4451
2.8382192219076257  4773
2.838849090737255  4749
2.8394780473741985  4829
2.840106094456758  4938
2.8407332346118066  4496
2.841359470454855  4789
2.8419848045901137  4777
2.842609239610562  4587
2.8432327780980096  4621
2.843855422623161  4898
2.8444771757456815  4539
2.845098040014257  4667
2.8457180179666586  4723
2.846337112129805  4593
2.846955325019824  4646
2.847572659142112  4916
2.848189116991399  4466
2.8488047010518036  4930
2.8494194137968996  4589
2.850033257689769  4685
2.8506462351830666  4832
2.8512583487190755  4615
2.851869600729766  4663
2.8524799936368566  4518
2.8530895298518657  4741
2.8536982117761744  4702
2.8543060418010806  4740
2.8549130223078554  4731
2.8555191556678  4646
2.8561244442423  4553
2.8567288903828825  4511
2.8573324964312685  4515
2.857935264719429  4945
2.858537197569639  4758
2.859138297294531  4484
2.859738566197147  4853
2.8603380065709936  4744
2.8609366207000937  4567
2.8615344108590377  4750
2.862131379313037  4322
2.8627275283179747  4648
2.863322860120456  4628
2.8639173769578603  4965
2.864511081058392  4584
2.8651039746411278  4802
2.8656960599160706  4850
2.8662873390841948  4533
2.866877814337499  4738
2.8674674878590514  4813
2.8680563618230415  4630
2.8686444383948255  4741
2.8692317197309762  4653
2.869818207979328  4594
2.870403905279027  4910
2.8709888137605755  4710
2.8715729355458786  4728
2.8721562727482928  4776
2.8727388274726686  4745
2.873320601815399  4842
2.8739015978644615  4908
2.8744818176994666  4751
2.8750612633917  4797
2.8756399370041685  4930
2.876217840591642  4685
2.8767949762007006  4944
2.877371345869774  4514
2.8779469516291885  5066
2.8785217955012063  4727
2.8790958795000727  4667
2.8796692056320534  4771
2.88024177589548  4792
2.8808135922807914  4605
2.8813846567705728  4924
2.8819549713396007  4811
2.8825245379548803  4657
2.8830933585756897  4815
2.8836614351536176  4776
2.884228769632604  5031
2.884795363948981  4713
2.885361220031512  4716
2.885926339801431  4674
2.886490725172482  4723
2.8870543780509568  4668
2.887617300335736  4522
2.888179493918325  4643
2.8887409606828927  4681
2.88930170250631  4712
2.8898617212581885  4671
2.890421018800914  4885
2.890979596989689  4885
2.8915374576725643  4823
2.8920946026904804  4955
2.8926510338773004  4573
2.893206753059848  4840
2.8937617620579434  4673
2.8943160626844384  4827
2.8948696567452528  4693
2.895422546039408  4582
2.8959747323590648  4754
2.8965262174895554  4779
2.89707700320942  4637
2.8976270912904414  4862
2.8981764834976764  4545
2.8987251815894934  4829
2.8992731873176036  4702
2.8998205024270964  4681
2.9003671286564705  4877
2.900913067737669  4630
2.9014583213961123  4639
2.9020028913507296  4694
2.902546779313991  5040
2.9030899869919438  4620
2.9036325160842376  4671
2.9041743682841634  4835
2.904715545278681  4491
2.905256048748451  4631
2.9057958803678687  4481
2.906335041805091  4937
2.90687353472207  4683
2.907411360774586  4728
2.9079485216122722  4783
2.90848501887865  4912
2.909020854211156  4594
2.9095560292411755  4601
2.910090545594068  4857
2.910624404889201  4555
2.9111576087399764  4842
2.9116901587538613  4758
2.9122220565324155  4506
2.912753303671323  4954
2.9132839017604186  4665
2.9138138523837167  4942
2.9143431571194407  4716
2.9148718175400505  4613
2.91539983521227  4790
2.9159272116971158  4575
2.916453948549925  4646
2.9169800473203824  4516
2.9175055095525466  4676
2.9180303367848803  4645
2.9185545305502734  4710
2.9190780923760737  4642
2.919601023784111  4522
2.920123326290724  4808
2.9206450014067875  4904
2.921166050637739  4642
2.921686475483602  4817
2.9222062774390163  4626
2.92272545799326  4898
2.9232440186302764  4428
2.9237619608287004  4516
2.9242792860618816  4759
2.924795995797912  4692
2.9253120914996495  4751
2.9258275746247424  4612
2.926342446625655  4700
2.926856708949692  4802
2.9273703630390235  4808
2.9278834103307068  4517
2.9283958522567137  4907
2.928907690243953  5070
2.929418925714293  4879
2.929929560084588  4860
2.9304395947667  4683
2.930949031167523  4861
2.931457870689005  4798
2.931966114728173  4675
2.932473764677153  4601
2.932980821923198  4648
2.9334872878487053  4659
2.9339931638312424  4860
2.934498451243568  4619
2.935003151453655  4884
2.9355072658247128  4657
2.9360107957152097  4717
2.936513742478893  4913
2.9370161074648142  4575
2.937517892017347  4967
2.9380190974762104  4838
2.938519725176492  4633
2.9390197764486663  4786
2.9395192526186187  4734
2.9400181550076634  4662
2.940516484932567  4757
2.9410142437055695  4576
2.941511432634403  4741
2.942008053022313  4774
2.9425041061680806  4483
2.9429995933660407  4654
2.9434945159061026  4513
2.9439888750737717  4693
2.9444826721501687  4895
2.9449759084120477  4695
2.94546858513182  4563
2.9459607035775686  4844
2.946452265013073  4585
2.9469432706978256  4778
2.9474337218870508  4815
2.9479236198317262  4808
2.948412965778601  4678
2.9489017609702137  4949
2.949390006644913  4583
2.949877704036875  4634
2.950364854376123  4822
2.9508514588885464  4704
2.951337518795918  4716
2.951823035315912  4676
2.9523080096621253  4628
2.952792443044092  4814
2.9532763366673045  4669
2.9537596917332287  4619
2.9542425094393248  4729
2.954724790979063  4775
2.9552065375419416  4838
2.9556877503135057  4692
2.9561684304753633  4618
2.9566485792052033  4446
2.957128197676813  4744
2.957607287060095  4773
2.958085848521085  4729
2.9585638832219674  4872
2.9590413923210934  4529
2.9595183769729982  4488
2.959994838328416  4800
2.960470777534299  5039
2.960946195733831  4675
2.9614210940664485  4589
2.9618954736678504  4551
2.962369335670021  4811
2.9628426812012423  4929
2.9633155113861114  4689
2.963787827345555  4575
2.964259630196849  4681
2.9647309210536292  4730
2.965201701025912  4531
2.9656719712201065  4861
2.9661417327390325  4553
2.966610986681934  4665
2.967079734144497  4628
2.967547976218862  4558
2.968015713993642  4499
2.9684829485539352  5046
2.9689496809813427  4743
2.9694159123539814  4602
2.9698816437465  4617
2.9703468762300935  4753
2.9708116108725178  4717
2.971275848738105  4659
2.971739590887778  4677
2.9722028383790646  4616
2.972665592266111  4692
2.9731278535996988  4926
2.973589623427257  4728
2.9740509027928774  4695
2.9745116927373285  4584
2.974971994298069  4710
2.975431808509263  4770
2.975891136401793  4635
2.9763499790032735  4922
2.976808337338066  4838
2.977266212427293  4757
2.9777236052888476  4440
2.978180516937414  4537
2.9786369483844743  4583
2.979092900638326  4618
2.979548374704095  4491
2.9800033715837464  4955
2.9804578922761  4655
2.9809119377768436  5061
2.9813655090785445  4854
2.9818186071706636  4839
2.9822712330395684  4544
2.9827233876685453  4768
2.983175072037813  4770
2.9836262871245345  4659
2.984077033902831  4733
2.9845273133437926  4791
2.9849771264154934  4533
2.9854264740830017  4745
2.9858753573083936  4785
2.986323777050765  4776
2.9867717342662448  4630
2.9872192299080047  4774
2.9876662649262746  4753
2.988112840268352  4897
2.9885589568786157  4667
2.989004615698537  4691
2.9894498176666917  4573
2.989894563718773  4617
2.9903388547876015  4414
2.9907826918031377  4808
2.9912260756924947  4616
2.9916690073799486  4819
2.9921114877869495  4560
2.9925535178321354  4839
2.9929950984313414  4757
2.9934362304976116  4501
2.993876914941211  4593
2.9943171526696366  4599
2.9947569445876283  4676
2.9951962915971793  4721
2.99563519459755  4753
2.9960736544852753  4748
2.9965116721541785  4655
2.996949248495381  4645
2.997386384397313  4776
2.9978230807457256  5000
2.998259338423699  4725
2.998695158311656  4612
2.999130541287371  4612
2.9995654882259823  4948
3.0  4728
3.000434077479319  4634
3.0008677215312267  4668
3.0013009330204183  4659
3.0017337128090005  4831
3.002166061756508  4887
3.0025979807199086  4601
3.003029470553618  4621
3.0034605321095067  4743
3.0038911662369103  4698
3.0043213737826426  4759
3.004751155591001  4782
3.0051805125037805  4901
3.0056094453602804  4818
3.0060379549973173  4882
3.0064660422492318  4900
3.0068937079479006  4666
3.0073209529227447  4642
3.00774777800074  4904
3.0081741840064264  4730
3.0086001717619175  4851
3.0090257420869104  4793
3.009450895798694  4731
3.00987563371216  4725
3.010299956639812  4691
3.010723865391773  4748
3.0111473607757975  4702
3.0115704435972783  4510
3.011993114659257  4674
3.012415374762433  4521
3.012837224705172  4883
3.0132586652835167  4745
3.0136796972911926  4917
3.0141003215196207  4560
3.0145205387579237  4928
3.0149403497929366  4807
3.0153597554092144  4495
3.015778756389041  4834
3.016197353512439  4638
3.016615547557177  4613
3.0170333392987803  4599
3.017450729510536  4556
3.0178677189635055  4608
3.018284308426531  4759
3.0187004986662433  4718
3.019116290447073  4607
3.0195316845312554  4858
3.0199466816788423  4698
3.0203612826477078  4657
3.020775488193558  4778
3.0211892990699383  5029
3.021602716028242  4691
3.02201573981772  4768
3.0224283711854865  4921
3.022840610876528  4517
3.0232524596337114  4653
3.0236639181977933  4821
3.024074987307426  4669
3.024485667699167  4611
3.024895960107485  4771
3.0253058652647704  4697
3.025715383901341  4595
3.0261245167454502  4908
3.0265332645232967  4550
3.0269416279590295  4567
3.0273496077747564  4879
3.0277572046905536  4599
3.0281644194244697  4855
3.0285712526925375  4858
3.028977705208778  4527
3.0293837776852097  4885
3.029789470831856  4628
3.030194785356751  4704
3.030599721965951  4856
3.0310042813635367  4745
3.031408464251624  4728
3.0318122713303706  4840
3.0322157032979815  4544
3.03261876085072  4708
3.0330214446829107  4522
3.03342375548695  4520
3.03382569395331  4499
3.0342272607705505  4696
3.0346284566253203  4870
3.0350292822023683  4589
3.0354297381845483  4683
3.035829825252828  4593
3.0362295440862948  4705
3.036628895362161  4836
3.037027879755775  4662
3.037426497940624  4773
3.037824750588342  4667
3.0382226383687185  4874
3.038620161949703  4610
3.039017321997412  4550
3.0394141191761372  4845
3.0398105541483504  4600
3.0402066275747113  4738
3.040602340114073  4808
3.0409976924234905  4849
3.041392685158225  4958
3.041787318971752  4703
3.042181594515766  4528
3.0425755124401905  4770
3.0429690733931802  4914
3.0433622780211294  4980
3.0437551269686796  4841
3.044147620878723  4541
3.044539760392411  4545
3.04493154614916  4435
3.0453229787866576  4791
3.0457140589408676  4528
3.0461047872460387  4878
3.0464951643347082  4454
3.04688519083771  4692
3.0472748673841794  4538
3.04766419460156  4827
3.048053173115609  4854
3.0484418035504044  4749
3.04883008652835  4863
3.0492180226701815  4869
3.049605612594973  4948
3.0499928569201424  4762
3.050379756261458  4731
3.0507663112330423  4929
3.0511525224473814  4645
3.0515383905153275  4691
3.0519239160461065  4839
3.0523090996473234  4567
3.052693941924968  4871
3.0530784434834195  4587
3.053462604925455  4872
3.0538464268522527  5001
3.0542299098633974  4516
3.0546130545568877  4561
3.0549958615291417  4729
3.055378331375  4793
3.0557604646877348  4810
3.056142262059052  4605
3.0565237240791006  4461
3.0569048513364727  4832
3.0572856444182146  4550
3.0576661039098294  4723
3.0580462303952816  4750
3.058426024457005  4702
3.0588054866759067  4677
3.059184617631371  4798
3.0595634179012676  4690
3.059941888061955  4691
3.060320028688285  4779
3.060697840353612  4759
3.0610753236297916  4786
3.061452479087193  4720
3.061829307294699  4760
3.0622058088197126  4980
3.062581984228163  4778
3.0629578340845103  4918
3.0633333589517497  4825
3.0637085593914173  4810
3.064083435963596  4765
3.0644579892269186  4651
3.064832219738574  4419
3.065206128054312  4597
3.0655797147284485  4566
3.06595298031387  4738
3.0663259253620376  4876
3.0666985504229953  4632
3.0670708560453703  4568
3.0674428427763805  4778
3.0678145111618402  4800
3.0681858617461617  4846
3.068556895072363  4512
3.068927611682072  4591
3.0692980121155293  4573
3.0696680969115957  4755
3.070037866607755  4697
3.0704073217401198  4626
3.0707764628434346  4756
3.0711452904510828  4493
3.071513805095089  4837
3.0718820073061255  4795
3.072249897613515  4684
3.0726174765452368  4942
3.0729847446279304  4740
3.073351702386901  4576
3.0737183503461227  4816
3.074084689028244  4880
3.074450718954591  4826
3.074816440645175  4520
3.0751818546186915  4630
3.0755469613925306  4540
3.0759117614827773  4840
3.076276255404218  4727
3.076640443670342  4763
3.0770043267933502  4810
3.0773679052841563  4778
3.077731179652392  4631
3.0780941504064105  4695
3.0784568180532927  4572
3.0788191830988487  4548
3.0791812460476247  4592
3.079543007402906  4659
3.079904467666721  4610
3.0802656273398448  4608
3.0806264869218056  4926
3.080987046910887  4696
3.0813473078041325  4770
3.081707270097349  4815
3.082066934285113  4584
3.0824263008607717  4561
3.0827853703164503  4752
3.0831441431430524  4664
3.0835026198302673  4767
3.083860800866573  4665
3.0842186867392387  4709
3.084576277934331  4688
3.084933574936716  4394
3.085290578230065  4821
3.0856472882968564  4779
3.0860037056183818  4892
3.0863598306747484  4414
3.0867156639448825  4393
3.0870712059065353  4765
3.0874264570362855  4586
3.087781417809542  4804
3.0881360887005513  4697
3.0884904701823963  4773
3.088844562727004  4636
3.089198366805149  4604
3.089551882886454  4738
3.089905111439398  4838
3.090258052931316  4665
3.090610707828407  4614
3.0909630765957314  4555
3.091315159697223  4817
3.0916669575956846  4647
3.092018470752797  4645
3.0923696996291206  4702
3.0927206446840994  4551
3.0930713063760633  4887
3.093421685162235  4664
3.09377178149873  4794
3.0941215958405612  4621
3.094471128641645  4899
3.0948203803548  4651
3.095169351431755  4858
3.095518042323151  4918
3.0958664534785427  4817
3.0962145853464054  4726
3.0965624383741357  4725
3.0969100130080562  4681
3.09725730969342  4953
3.097604328874411  4598
3.09795107099415  4835
3.0982975364946976  4769
3.098643725817057  4733
3.0989896394011773  4611
3.0993352776859577  4633
3.09968064110925  4588
3.1000257301078626  4702
3.100370545117563  4643
3.1007150865730817  4699
3.1010593549081156  4841
3.101403350555331  4787
3.1017470739463664  5080
3.1020905255118367  4713
3.1024337056813365  4844
3.1027766148834415  4626
3.1031192535457137  4499
3.103461622094705  4932
3.103803720955957  4409
3.104145550554008  4553
3.104487111312395  4774
3.1048284036536553  5046
3.1051694279993316  4657
3.1055101847699738  4782
3.1058506743851435  4869
3.1061908972634154  4805
3.1065308538223815  4751
3.106870544478654  4666
3.1072099696478683  4547
3.1075491297446862  4784
3.1078880251827985  4635
3.1082266563749283  4751
3.1085650237328344  4813
3.1089031276673134  4708
3.109240968588203  4645
3.1095785469043866  4655
3.1099158630237933  4591
3.110252917353403  4559
3.110589710299249  4717
3.1109262422664203  4421
3.1112625136590655  4933
3.111598524880394  4925
3.1119342763326814  4728
3.1122697684172707  4614
3.1126050015345745  4620
3.11293997608408  4932
3.1132746924643504  4751
3.1136091510730277  4900
3.113943352306837  4810
3.1142772965615864  4700
3.114610984232173  4646
3.1149444157125847  4543
3.1152775913959014  4645
3.1156105116742996  4646
3.115943176939055  4715
3.116275587580544  4634
3.1166077439882485  4773
3.116939646550756  4792
3.1172712956557644  4564
3.117602691690084  5090
3.1179338350396413  4671
3.118264726089479  4567
3.118595365223762  4729
3.1189257528257768  4695
3.1192558892779365  4874
3.119585774961784  4949
3.119915410257991  4550
3.1202447955463652  4555
3.12057393120585  4541
3.1209028176145273  4799
3.1212314551496214  4568
3.1215598441875008  4659
3.121887985103681  4838
3.1222158782728267  4515
3.1225435240687545  4814
3.1228709228644354  4657
3.1231980750319988  4638
3.123524980942732  4527
3.123851640967086  4884
3.124178055474675  4503
3.1245042248342823  4685
3.1248301494138593  4771
3.12515582958053  4699
3.125481265700594  4669
3.125806458139527  4794
3.1261314072619846  4658
3.1264561134318045  4623
3.126780577012009  4608
3.1271047983648077  4903
3.127428777851599  4658
3.1277525158329733  4800
3.1280760126687155  4550
3.1283992687178066  4561
3.128722284338427  4634
3.1290450598879582  4457
3.1293675957229854  4689
3.129689892199301  4650
3.1300119496719043  4832
3.130333768495006  4649
3.130655349022031  4532
3.130976691605617  4727
3.131297796597623  4819
3.1316186643491255  4665
3.1319392952104246  4767
3.1322596895310446  4636
3.132579847659737  4870
3.132899769944483  4970
3.1332194567324945  4693
3.1335389083702174  4600
3.133858125203335  4640
3.1341771075767664  4657
3.1344958558346736  4529
3.13481437032046  4814
3.1351326513767748  4602
3.1354506993455136  4609
3.1357685145678222  4511
3.1360860973840974  4677
3.13640344813399  4948
3.1367205671564067  4839
3.1370374547895126  4856
3.137354111370733  4659
3.137670537236755  4760
3.137986732723532  4502
3.1383026981662816  4646
3.1386184338994925  4791
3.1389339402569236  4664
3.139249217571607  4655
3.13956426617585  4563
3.1398790864012365  4760
3.140193678578631  4700
3.1405080430381798  4745
3.1408221801093106  4502
3.141136090120739  4747
3.1414497734004674  4520
3.141763230275788  4675
3.1420764610732848  4648
3.142389466118836  4878
3.1427022457376155  5014
3.143014800254095  4580
3.143327129992046  4816
3.1436392352745433  4896
3.1439511164239633  4712
3.144262773761991  4519
3.144574207609616  4991
3.144885418287142  4696
3.1451964061141817  4683
3.1455071714096627  4655
3.1458177144918276  4871
3.146128035678238  4771
3.1464381352857744  4630
3.14674801363064  4789
3.1470576710283598  4764
3.1473671077937864  4920
3.1476763242410986  4872
3.147985320683805  4765
3.1482940974347455  4739
3.1486026548060932  4549
3.1489109931093564  4720
3.1492191126553797  4809
3.149527013754348  4620
3.149834696715785  4840
3.1501421618485588  4760
3.150449409460881  4649
3.150756439860309  4633
3.15106325335375  4943
3.1513698502474603  4633
3.151676230847048  4775
3.151982395457474  4723
3.1522883443830563  4732
3.15259407792747  4594
3.1528995963937474  4859
3.153204900084284  4720
3.1535099893008374  4697
3.153814864344529  4788
3.154119525515847  4900
3.154423973114647  4758
3.1547282074401557  4630
3.1550322287909704  4838
3.155336037465062  4706
3.1556396337597765  4727
3.1559430179718366  4781
3.1562461903973444  4982
3.1565491513317814  4589
3.156851901070011  4620
3.1571544399062814  4715
3.157456768134226  4880
3.1577588860468637  4611
3.158060793936605  4844
3.1583624920952498  4850
3.1586639808139894  4762
3.15896526038341  4864
3.159266331093494  4468
3.1595671932336202  4781
3.1598678470925665  4661
3.160168292958512  4735
3.1604685311190375  4631
3.1607685618611283  4776
3.1610683854711747  4590
3.161368002234975  4772
3.161667412437736  4595
3.161966616364075  4620
3.1622656142980214  4953
3.162564406523019  4730
3.162862993321926  4840
3.1631613749770184  4848
3.16345955176999  5009
3.163757523981956  4564
3.1640552918934515  4704
3.164352855784437  4534
3.1646502159342966  4881
3.1649473726218416  4447
3.1652443261253107  4394
3.165541076722373  4537
3.1658376246901283  4631
3.166133970305109  4895
3.166430113843283  4624
3.166726055580052  4726
3.1670217957902564  4642
3.167317334748176  4794
3.16761267272753  5036
3.16790781000148  4666
3.168202746842631  4636
3.1684974835230326  5000
3.1687920203141817  4865
3.1690863574870227  4573
3.1693804953119495  4696
3.1696744340588068  4725
3.1699681739968923  4557
3.1702617153949575  4809
3.1705550585212086  4737
3.170848203643309  4921
3.1711411510283822  4631
3.171433900943008  4891
3.171726453653231  4667
3.1720188094245563  4873
3.172310968521954  4511
3.17260293120986  4559
3.1728946977521764  4774
3.173186268412274  4878
3.1734776434529945  4942
3.17376882313665  4660
3.1740598077250253  4891
3.1743505974793798  4494
3.1746411926604483  4877
3.1749315935284423  4722
3.1752218003430523  4851
3.1755118133634475  4672
3.1758016328482794  4513
3.1760912590556813  4554
3.1763806922432702  4806
3.17666993266815  4851
3.176958980586908  4624
3.1772478362556233  4534
3.1775364999298623  4484
3.177824971864682  4785
3.1781132523146316  4868
3.178401341533755  4915
3.17868923977559  4845
3.1789769472931693  4677
3.1792644643390253  4798
3.1795517911651876  4934
3.179838928023187  4699
3.180125875164054  4671
3.180412632838324  4832
3.1806992012960347  4608
3.1809855807867304  4543
3.1812717715594614  4797
3.1815577738627865  4636
3.1818435879447726  4482
3.182129214052998  4980
3.182414652434554  4626
3.1826999033360424  4705
3.182984967003582  4683
3.1832698436828046  4592
3.1835545336188615  4778
3.1838390370564214  4647
3.184123354239671  4747
3.1844074854123203  4694
3.184691430817599  4886
3.184975190698261  4580
3.185258765296585  4532
3.185542154854375  4529
3.185825359612962  4310
3.1861083798132053  4698
3.186391215695493  4622
3.1866738674997452  4681
3.1869563354654122  4641
3.187238619831479  4942
3.187520720836463  4828
3.1878026387184195  4716
3.188084373714938  4486
3.188365926063148  4884
3.188647295999717  4666
3.1889284837608534  4784
3.189209489582306  4671
3.1894903136993675  4655
3.189770956346874  4695
3.190051417759206  5119
3.1903316981702914  4870
3.190611797813605  4831
3.1908917169221698  4688
3.1911714557285586  4680
3.1914510144648953  4724
3.1917303933628562  4571
3.1920095926536702  4649
3.1922886125681202  4878
3.1925674533365456  4610
3.192846115188842  4868
3.1931245983544616  4750
3.1934029030624176  4518
3.1936810295412816  4542
3.193958978019187  4481
3.1942367487238292  4583
3.194514341882467  4681
3.1947917577219247  4683
3.1950689964685903  4766
3.1953460583484197  4510
3.1956229435869368  4608
3.1958996524092336  4824
3.1961761850399735  4483
3.196452541703389  4883
3.196728722623287  5158
3.1970047280230456  4851
3.197280558125619  4840
3.1975562131535367  4573
3.197831693328903  4634
3.1981069988734014  4686
3.1983821300082944  4652
3.1986570869544226  4683
3.198931869932209  4854
3.1992064791616577  4804
3.199480914862356  4591
3.1997551772534747  4557
3.2000292665537704  4552
3.200303182981585  4806
3.2005769267548483  4704
3.2008504980910772  4811
3.2011238972073794  4759
3.2013971243204513  4926
3.2016701796465816  4980
3.20194306340165  4707
3.2022157758011316  4673
3.2024883170600935  4702
3.2027606873931997  4528
3.2030328870147105  4754
3.203304916138483  4868
3.2035767749779724  4782
3.2038484637462346  4790
3.2041199826559246  4827
3.2043913319193  4816
3.204662511748219  4692
3.204933522354145  4982
3.2052043639481447  4773
3.205475036740891  4789
3.205745540942662  4876
3.2060158767633444  4728
3.2062860444124324  4915
3.2065560440990297  4687
3.2068258760318495  4617
3.207095540419218  4563
3.2073650374690716  4675
3.2076343673889616  4690
3.2079035303860515  4749
3.2081725266671217  4939
3.208441356438567  4726
3.208710019906401  4743
3.2089785172762535  4641
3.2092468487533736  4727
3.2095150145426308  4817
3.209783014848515  4763
3.2100508498751372  4648
3.210318519826232  4713
3.2105860249051563  4571
3.210853365314893  4680
3.2111205412580492  4627
3.2113875529368587  4516
3.2116544005531824  4712
3.2119210843085093  4718
3.2121876044039577  5006
3.212453961040276  4642
3.2127201544178425  4886
3.212986184736668  4601
3.2132520521963968  4708
3.2135177569963047  4502
3.2137832993353044  4577
3.2140486794119414  4617
3.2143138974244  4572
3.214578953570499  4672
3.214843848047698  4910
3.215108581053093  4780
3.215373152783422  4625
3.215637563435062  4706
3.215901813204032  4668
3.216165902285993  4619
3.216429830876251  4861
3.2166935991697545  4626
3.216957207361097  4625
3.217220655644519  4710
3.2174839442139063  4541
3.2177470732627937  4802
3.218010042984363  4762
3.2182728535714475  4439
3.218535505216528  4850
3.2187979981117376  4935
3.219060332448861  4860
3.219322508419337  4561
3.2195845262142546  4991
3.219846386024361  4556
3.220108088040055  5043
3.2203696324513946  4537
3.220631019448092  4883
3.2208922492195193  4925
3.2211533219547053  4960
3.2214142378423385  4877
3.2216749970707688  4672
3.2219355998280053  4673
3.22219604630172  4985
3.222456336679247  4478
3.2227164711475833  4745
3.2229764498933915  4698
3.2232362731029975  4768
3.2234959409623944  4594
3.2237554536572413  4493
3.224014811372864  4804
3.2242740142942576  4886
3.2245330626060857  4348
3.2247919564926817  4969
3.225050696138049  4751
3.225309281725863  4730
3.225567713439471  4485
3.2258259914618934  4615
3.226084115975824  4657
3.226342087163631  4442
3.2265999052073573  4768
3.2268575702887237  4766
3.2271150825891253  4550
3.2273724422896364  4755
3.227629649571009  4486
3.2278867046136734  4626
3.2281436075977417  4689
3.228400358703005  4748
3.2286569581089353  4715
3.228913405994688  4621
3.229169702539101  4845
3.229425847920695  4701
3.229681842317676  4821
3.229937685907934  4858
3.230193378869046  4699
3.230448921378274  4672
3.230704313612569  4665
3.230959555748569  4734
3.231214647962601  4609
3.2314695904306814  4670
3.2317243833285163  4568
3.231979026831504  4601
3.2322335211147335  4840
3.232487866352986  5005
3.232742062720737  4655
3.2329961103921536  4671
3.2332500095411003  4693
3.2335037603411343  4730
3.2337573629655103  4545
3.2340108175871793  4672
3.2342641243787895  4660
3.2345172835126865  4812
3.2347702951609163  4683
3.2350231594952237  4954
3.2352758766870524  4846
3.2355284469075487  4640
3.2357808703275603  4809
3.236033147117636  4820
3.2362852774480286  4687
3.236537261488694  4760
3.2367890994092927  4735
3.237040791379191  4802
3.237292337567459  4421
3.2375437381428744  4659
3.2377949932739227  4817
3.2380461031287955  4797
3.238297067875394  4572
3.2385478876813276  4736
3.238798562713917  4650
3.2390490931401916  4747
3.2392994791268923  4752
3.239549720840473  4839
3.2397998184470986  4718
3.2400497721126476  4816
3.2402995820027125  4570
3.2405492482826  4900
3.240798771117331  4733
3.241048150671644  4763
3.2412973871099933  4520
3.2415464805965484  5029
3.241795431295199  4661
3.2420442393695508  4492
3.2422929049829308  4653
3.2425414282983844  4736
3.2427898094786767  4355
3.2430380486862944  5074
3.243286146083446  4596
3.243534101832062  4588
3.243781916093795  4398
3.244029589030022  4543
3.244277120801843  4876
3.244524511570084  4592
3.244771761495295  4982
3.245018870737753  4588
3.245265839457461  4583
3.24551266781415  4651
3.245759355967277  4533
3.246005904076029  4897
3.246252312299322  4875
3.246498580795801  4690
3.2467447097238415  4694
3.24699069924155  4855
3.247236549506764  4680
3.2474822606770544  4632
3.2477278329097232  4491
3.247973266361807  4581
3.248218561190075  4922
3.248463717551032  4619
3.2487087356009177  4369
3.2489536154957075  4729
3.249198357391113  4537
3.249442961442582  4934
3.2496874278053016  5074
3.249931756634195  4512
3.250175948083925  4834
3.250420002308894  4846
3.2506639194632436  4712
3.250907699700856  4932
3.2511513431753545  4371
3.2513948500401044  4628
3.251638220448212  4731
3.2518814545525276  4873
3.252124552505644  4714
3.2523675144598987  4800
3.252610340567373  4779
3.2528530309798933  4761
3.2530955858490316  4530
3.2533380053261065  4836
3.253580289562183  4947
3.2538224387080734  4441
3.254064452914338  4608
3.2543063323312857  5008
3.2545480771089736  4804
3.25478968739721  4652
3.2550311633455515  4876
3.255272505103306  4727
3.2555137128195333  4642
3.255754786643044  4776
3.255995726722402  4572
3.256236533205923  4634
3.256477206241677  4571
3.256717745977487  4534
3.256958152560932  4654
3.2571984261393445  4570
3.257438566859814  4632
3.2576785748691846  4729
3.2579184503140586  4603
3.2581581933407944  4783
3.258397804095509  4695
3.2586372827240764  5019
3.258876629372131  4648
3.2591158441850663  4573
3.2593549273080344  4705
3.2595938788859486  4856
3.2598326990634834  4827
3.2600713879850747  4730
3.26030994579492  4725
3.2605483726369795  4723
3.2607866686549762  4350
3.2610248339923973  4739
3.2612628687924934  4767
3.2615007731982804  4772
3.2617385473525378  4602
3.2619761913978125  4866
3.262213705476417  4767
3.2624510897304293  4870
3.2626883443016963  4703
3.2629254693318317  4664
3.2631624649622166  4474
3.263399331334002  4687
3.263636068588108  4721
3.2638726768652235  4977
3.2641091563058082  4596
3.2643455070500926  4843
3.2645817292380777  4610
3.2648178230095364  4655
3.2650537885040145  4785
3.26528962586083  4647
3.2655253352190736  4895
3.2657609167176105  4664
3.265996370495079  4936
3.266231696689893  4718
3.2664668954402414  4485
3.2667019668840878  4692
3.266936911159173  4663
3.2671717284030137  4834
3.267406418752904  4768
3.2676409823459154  5001
3.2678754193188975  4636
3.2681097298084785  4730
3.268343913951065  4667
3.268577971882843  4560
3.2688119037397803  5061
3.269045709657623  4733
3.2692793897718984  4566
3.2695129442179165  4612
3.269746373130767  4806
3.269979676645324  4556
3.2702128548962426  4758
3.2704459080179626  4499
3.2706788361447066  4657
3.2709116394104814  4686
3.2711443179490782  4710
3.2713768718940743  4686
3.271609301378832  4779
3.271841606536499  4912
3.27207378750001  4511
3.2723058444020863  4765
3.2725377773752373  4994
3.2727695865517594  4561
3.2730012720637376  4623
3.2732328340430454  4695
3.273464272621346  4766
3.273695587930092  4808
3.2739267801005254  4748
3.27415784926368  4695
3.274388795550379  4580
3.274619619091238  4741
3.274850320016665  4797
3.2750808984568587  4603
3.2753113545418118  4724
3.2755416884013098  4863
3.2757719001649312  4491
3.27600198996205  4694
3.2762319579218335  4662
3.2764618041732443  4912
3.27669152884504  4692
3.276921132065774  4985
3.277150613963797  4639
3.2773799746672547  4752
3.2776092143040914  4769
3.2778383330020473  4724
3.2780673308886628  4846
3.2782962080912736  4524
3.2785249647370174  4453
3.278753600952829  4527
3.278982116865443  4859
3.279210512601395  4655
3.2794387882870204  4325
3.2796669440484556  4725
3.279894980011638  4866
3.2801228963023075  4418
3.280350693046006  4521
3.2805783703680764  4985
3.280805928393667  4578
3.2810333672477277  4676
3.281260687055013  4969
3.2814878879400813  4731
3.281714970027296  4698
3.281941933440825  4811
3.2821687783046416  4555
3.2823955047425257  4763
3.2826221128780624  4727
3.282848602834645  4544
3.2830749747354715  4533
3.2833012287035497  4645
3.2835273648616936  4592
3.2837533833325265  4851
3.28397928423848  4655
3.284205067701794  4704
3.2844307338445193  4750
3.2846562827885157  4739
3.284881714655453  4753
3.285107029566812  4639
3.2853322276438846  4602
3.285557309007774  4591
3.285782273779395  4856
3.2860071220794747  5012
3.286231854028553  5009
3.286456469746983  4868
3.28668096935493  4690
3.286905352972375  4651
3.287129620719111  4765
3.2873537727147464  4938
3.2875778090787056  4508
3.287801729930226  4801
3.2880255353883627  4749
3.288249225571986  4636
3.2884728005997825  4677
3.288696260590256  4705
3.2889196056617265  4406
3.289142835932333  4814
3.2893659515200318  4889
3.2895889525425965  4616
3.2898118391176214  4920
3.290034611362518  4924
3.2902572693945182  4720
3.290479813330673  4700
3.2907022432878543  4580
3.2909245593827543  4724
3.2911467617318855  4694
3.291368850451583  4435
3.2915908256580013  4707
3.291812687467119  4670
3.2920344359947364  4626
3.292256071356476  4760
3.292477593667784  5012
3.29269900304393  4544
3.292920299600006  4461
3.2931414834509307  4672
3.2933625547114453  4711
3.2935835134961167  4560
3.2938043599193367  4683
3.2940250940953226  4696
3.2942457161381182  4724
3.294466226161593  4770
3.2946866242794433  4657
3.2949069106051923  4756
3.295127085252191  4789
3.295347148333618  4791
3.295567099962479  4762
3.295786940251609  4433
3.2960066693136723  4685
3.2962262872611605  4709
3.296445794206396  4897
3.296665190261531  4412
3.296884475538547  4868
3.2971036501492565  4836
3.2973227142053028  4764
3.2975416678181597  4697
3.297760511099134  4713
3.2979792441593623  4670
3.298197867109815  4769
3.2984163800612945  4687
3.2986347831244354  4395
3.298853076409707  4752
3.2990712600274095  4645
3.29928933408768  4657
3.2995072987004876  4911
3.2997251539756367  4733
3.299942900022767  4781
3.3001605369513523  4795
3.3003780648707024  4575
3.3005954838899636  4681
3.300812794118117  4671
3.3010299956639813  4647
3.3012470886362113  4794
3.3014640731433  4760
3.3016809492935764  4552
3.301897717195208  4565
3.302114376956201  4582
3.302330928684399  4720
3.3025473724874854  4820
3.3027637084729817  4706
3.3029799367482493  4570
3.303196057420489  4903
3.303412070596742  4846
3.30362797638389  4756
3.3038437748886547  4544
3.3040594662175993  4825
3.3042750504771283  4827
3.3044905277734875  4722
3.3047058982127653  4377
3.3049211619008916  4831
3.305136318943639  4820
3.305351369446624  4497
3.305566313515304  4853
3.3057811512549824  4761
3.3059958827708047  4649
3.3062105081677613  4593
3.3064250275506875  4753
3.3066394410242617  4594
3.3068537486930087  4596
3.3070679506612985  4719
3.307282047033346  4766
3.307496037913213  4549
3.307709923404807  4742
3.307923703611882  4722
3.3081373786380386  4801
3.308350948586726  4643
3.3085644135612386  4944
3.3087777736647213  4641
3.3089910290001643  4963
3.3092041796704077  4606
3.30941722577814  4915
3.3096301674258988  4664
3.3098430047160705  4840
3.3100557377508912  4721
3.3102683666324477  4526
3.3104808914626753  4699
3.3106933123433606  4604
3.3109056293761414  4625
3.311117842662506  4670
3.3113299523037933  4924
3.311541958401195  4892
3.311753861055754  4992
3.3119656603683665  4778
3.3121773564397787  4613
3.312388949370592  4792
3.3126004392612596  4598
3.312811826212088  4642
3.313023110323238  4633
3.313234291694724  4752
3.313445370426414  4678
3.3136563466180315  4596
3.3138672203691533  4504
3.3140779917792127  4547
3.3142886609474975  4702
3.3144992279731516  4491
3.314709692955174  4774
3.31492005599242  4732
3.315130317183602  4678
3.3153404766272883  4863
3.315550534421905  4616
3.3157604906657347  4631
3.315970345456918  4830
3.3161800988934527  4718
3.3163897510731952  4924
3.3165993020938607  4739
3.316808752053022  4837
3.3170181010481117  4784
3.31722734917642  4790
3.317436496535099  4828
3.3176455432211585  4650
3.317854489331469  4771
3.3180633349627615  4778
3.318272080211627  4775
3.3184807251745174  4913
3.318689269947746  4748
3.3188977146274867  4868
3.3191060593097763  4687
3.319314304090512  4555
3.3195224490654542  4848
3.3197304943302246  4836
3.3199384399803087  4591
3.3201462861110542  4609
3.3203540328176717  4869
3.3205616801952367  4700
3.3207692283386865  4737
3.3209766773428235  4869
3.3211840273023143  4776
3.321391278311689  4573
3.3215984304653436  4725
3.3218054838575393  4608
3.3220124385824006  4670
3.322219294733919  4614
3.3224260524059526  4562
3.3226327116922234  4600
3.322839272686321  4675
3.3230457354817013  4656
3.323252100171687  4907
3.3234583668494677  4704
3.3236645356081  4666
3.323870606540509  4714
3.3240765797394864  4818
3.3242824552976926  4784
3.3244882333076564  4394
3.3246939138617746  4625
3.3248994970523134  4929
3.3251049829714074  4734
3.325310371711061  4844
3.325515663363148  4864
3.325720858019412  4614
3.325925955771466  4653
3.3261309567107946  4536
3.326335860928751  4908
3.3265406685165617  4686
3.3267453795653217  4944
3.326949994165999  4765
3.3271545124094315  4742
3.3273589343863303  4763
3.327563260187278  4748
3.327767489902729  4707
3.3279716236230104  4819
3.3281756614383227  4738
3.3283796034387376  4646
3.328583449714202  4842
3.3287872003545345  4746
3.3289908554494287  4494
3.329194415088451  4781
3.329397879361043  4944
3.3296012483565187  4643
3.3298045221640695  4854
3.330007700872759  4805
3.330210784571528  4543
3.330413773349191  4801
3.3306166672944384  4517
3.330819466495837  4563
3.3310221710418286  4588
3.3312247810207323  4444
3.331427296520743  4752
3.3316297176299323  4676
3.331832044436249  4867
3.332034277027518  4591
3.3322364154914434  4577
3.3324384599156054  4746
3.3326404103874627  4568
3.3328422669943514  5029
3.3330440298234874  4740
3.3332456989619628  4776
3.3334472744967503  4693
3.3336487565147013  4507
3.333850145102545  4861
3.334051440346892  4531
3.334252642334231  4810
3.3344537511509307  4857
3.3346547668832414  4736
3.3348556896172914  4716
3.3350565194390915  4693
3.3352572564345317  4811
3.3354579006893843  4856
3.3356584522893016  4625
3.335858911319818  4532
3.336059277866349  4659
3.336259552014193  4769
3.3364597338485296  4536
3.3366598234544202  4676
3.336859820916809  4707
3.3370597263205246  4359
3.3372595397502756  4760
3.337459261290656  4822
3.3376588910261424  4889
3.3378584290410944  4426
3.3380578754197563  4785
3.3382572302462554  4738
3.3384564936046046  4796
3.3386556655787003  4792
3.338854746252323  5035
3.339053735709139  4803
3.3392526340327  4708
3.3394514413064407  4616
3.339650157613684  4848
3.339848783037637  4749
3.340047317661393  4725
3.3402457615679317  4774
3.3404441148401185  4711
3.3406423775607053  4792
3.3408405498123317  4783
3.341038631677523  4534
3.3412366232386925  4679
3.34143452457814  4891
3.3416323357780544  4650
3.3418300569205104  4998
3.3420276880874717  4683
3.3422252293607904  4527
3.342422680822206  4941
3.342620042553348  4861
3.342817314635733  4700
3.343014497150768  4698
3.3432115901797474  4661
3.3434085938038574  4973
3.343605508104172  4652
3.343802333161655  4637
3.3439990690571615  4807
3.344195715871435  4485
3.3443922736851106  4667
3.344588742578714  4670
3.344785122632661  4769
3.344981413927258  4744
3.345177616542704  4701
3.3453737305590883  4642
3.345569756056392  4574
3.345765693114488  4758
3.3459615418131414  5041
3.346157302232008  4728
3.346352974450639  4769
3.346548558548474  4692
3.346744054604849  4587
3.3469394626989906  4771
3.34713478291002  4576
3.3473300153169503  4608
3.3475251599986895  4975
3.347720217034038  4503
3.3479151865016914  4838
3.3481100684802376  4502
3.3483048630481607  4698
3.348499570283838  4587
3.348694190265541  4713
3.348888723071438  4584
3.34908316877959  4665
3.3492775274679554  4761
3.3494717992143856  4644
3.34966598409663  4877
3.3498600821923312  4806
3.3500540935790304  4975
3.3502480183341627  4715
3.350441856535061  4854
3.3506356082589543  4545
3.350829273582968  4779
3.3510228525841237  4668
3.351216345339342  4760
3.351409751925439  4521
3.351603072419129  4865
3.3517963068970236  4556
3.351989455435632  4570
3.3521825181113627  4842
3.35237549500052  4842
3.3525683861793087  4830
3.3527611917238307  4916
3.3529539117100877  4820
3.3531465462139796  4772
3.3533390953113047  4691
3.353531559077762  4734
3.353723937588949  4549
3.353916230920363  4525
3.3541084391474008  4783
3.35430056234536  4743
3.3544926005894364  4875
3.3546845539547285  4887
3.354876422516234  4597
3.3550682063488506  4454
3.3552599055273786  4636
3.3554515201265174  4667
3.355643050220869  4630
3.355834495884936  4587
3.3560258571931225  4466
3.3562171342197353  4587
3.3564083270389813  4870
3.356599435724971  4537
3.356790460351716  4711
3.3569814009931314  4499
3.3571722577230334  4522
3.3573630306151427  4900
3.3575537197430814  4956
3.3577443251803754  4650
3.357934847000454  4596
3.3581252852766488  4678
3.358315640082196  4810
3.3585059114902354  4626
3.3586960995738107  4841
3.358886204405869  4657
3.359076226059263  4778
3.3592661646067485  4779
3.3594560201209864  5117
3.359645792674543  4674
3.359835482339888  4410
3.3600250891893975  4863
3.3602146132953523  4674
3.3604040547299387  4648
3.360593413565249  4816
3.36078268987328  4664
3.3609718837259357  5069
3.361160995195026  4525
3.3613500243522663  4948
3.361538971269279  4615
3.361727836017593  4833
3.3619166186686433  4698
3.362105319293773  4755
3.362293937964231  4790
3.3624824747511743  4519
3.362670929725667  4639
3.36285930295868  4637
3.3630475945210936  4606
3.363235804483694  4854
3.3634239329171765  4757
3.3636119798921444  4872
3.3637999454791094  4635
3.3639878297484915  4585
3.3641756327706194  4528
3.3643633546157306  4814
3.364550995353972  4688
3.3647385550553985  4626
3.364926033789976  4421
3.3651134316275773  4926
3.3653007486379876  4934
3.3654879848909  4741
3.3656751404559175  4874
3.365862215402555  4767
3.3660492098002353  4874
3.366236123718293  4723
3.3664229572259727  4661
3.3666097103924297  4823
3.36679638328673  4813
3.3669829759778507  4813
3.367169488534681  4640
3.367355921026019  4605
3.3675422735205767  4869
3.3677285460869766  4720
3.3679147387937527  4594
3.3681008517093516  4919
3.368286884902131  4845
3.3684728384403617  4733
3.368658712392227  4582
3.3688445068258215  4569
3.3690302218091532  4725
3.369215857410143  4643
3.3694014136966244  4856
3.369586890736344  4811
3.369772288596963  4712
3.369957607346053  4950
3.370142847051102  4684
3.3703280077795106  4742
3.3705130895985924  4736
3.370698092575577  4742
3.370883016777606  4761
3.3710678622717363  4821
3.3712526291249394  4696
3.371437317404101  4825
3.3716219271760215  4661
3.371806458507416  4806
3.371990911464915  4785
3.372175286115064  4746
3.3723595825243238  4785
3.3725438007590705  4605
3.3727279408855955  4875
3.3729120029701067  4521
3.373095987078727  4617
3.373279893277496  5035
3.373463721632369  4742
3.3736474722092176  4798
3.3738311450738303  4734
3.3740147402919116  4622
3.374198257929083  4520
3.374381698050882  4707
3.374565060722765  4632
3.374748346010104  4684
3.3749315539781883  4796
3.375114684692225  4647
3.375297738217339  4649
3.3754807146185724  4962
3.3756636139608855  4606
3.375846436309156  4651
3.3760291817281805  4693
3.376211850282673  4554
3.3763944420372662  4825
3.376576957056512  4677
3.37675939540488  4799
3.3769417571467586  4820
3.377124042346456  4608
3.377306251068199  4590
3.3774883833761327  4622
3.377670439334323  4526
3.3778524190067545  4942
3.3780343224573315  4865
3.378216149749878  4882
3.3783979009481375  4434
3.378579576115775  4918
3.3787611753163733  4872
3.378942698613437  4666
3.379124146070392  4929
3.379305517750582  4476
3.3794868137172736  4655
3.379668034033654  4615
3.37984917876283  4804
3.380030247967831  4842
3.380211241711606  4795
3.3803921600570273  4639
3.3805730030668872  4650
3.3807537708039  4581
3.380934463330702  4763
3.3811150807098507  4713
3.381295623003826  4637
3.38147609027503  4623
3.381656482585787  4977
3.3818367999983434  4731
3.3820170425748683  4469
3.382197210377454  4603
3.3823773034681137  4521
3.3825573219087857  4671
3.3827372657613304  4750
3.382917135087531  4673
3.3830969299490943  4867
3.3832766504076504  4725
3.383456296524753  4757
3.3836358683618797  4806
3.383815365980431  4784
3.383994789441733  4743
3.3841741388070337  4710
3.384353414137506  4687
3.3845326154942486  4959
3.3847117429382823  4531
3.3848907965305544  4581
3.385069776331935  4902
3.38524868240322  4747
3.3854275148051305  4670
3.385606273598312  4717
3.3857849588433355  4577
3.385963570600697  4550
3.3861421089308186  4615
3.386320573894046  4632
3.386498965550653  4748
3.3866772839608377  4661
3.386855529184724  4817
3.387033701282363  4824
3.3872118003137306  4486
3.387389826338729  4560
3.387567779417189  4501
3.3877456596088638  4912
3.3879234669734366  4636
3.3881012015705165  4811
3.388278863459639  4769
3.3884564527002667  4637
3.388633969351789  4952
3.3888114134735234  4632
3.388988785124714  4806
3.3891660843645326  4696
3.389343311252078  4556
3.3895204658463776  4752
3.3896975482063856  4675
3.3898745583909853  4998
3.3900514964589874  4624
3.3902283624691303  4684
3.390405156480081  4924
3.390581878550435  4633
3.390758528738717  4618
3.3909351071033793  4749
3.3911116137028023  4536
3.3912880485952974  4408
3.3914644118391033  4811
3.3916407034923877  4537
3.391816923613249  4772
3.3919930722597127  4733
3.392169149489736  4611
3.392345155361204  4590
3.3925210899319325  4587
3.392696953259666  4683
3.3928727454020793  4637
3.3930484664167784  4752
3.3932241163612975  4638
3.393399695293102  4723
3.3935752032695876  4881
3.39375064034808  4637
3.3939260065858368  4769
3.3941013020400446  4434
3.3942765267678214  4649
3.3944516808262164  4666
3.394626764272209  4651
3.394801777162711  4637
3.394976719554564  4779
3.3951515915045425  4907
3.395326393069351  4822
3.395501124305626  4720
3.395675785269936  4714
3.3958503760187813  4746
3.3960248966085933  4891
3.3961993470957363  4765
3.3963737275365067  4599
3.396548037987132  4730
3.3967222785037734  4919
3.396896449142524  4686
3.397070549959409  4467
3.397244581010386  4492
3.397418542351348  4738
3.3975924340381165  4623
3.39776625612645  4523
3.3979400086720375  4702
3.3981136917305026  4786
3.398287305357401  4835
3.3984608496082234  4652
3.398634324538392  4843
3.3988077302032647  4704
3.398981066658131  4595
3.3991543339582164  4610
3.399327532158679  4444
3.3995006613146104  4430
3.399673721481038  4886
3.3998467127129226  4918
3.4000196350651586  4647
3.400192488592576  4666
3.400365273349939  4826
3.400537989391946  5161
3.400710636773231  5084
3.4008832155483626  4841
3.401055725771844  4593
3.401228167498113  4649
3.401400540781544  4823
3.401572845676446  4684
3.401745082237063  4730
3.4019172505175748  4832
3.402089350572097  4696
3.40226138245468  4709
3.402433346219312  4531
3.4026052419199146  4778
3.402777069610347  4702
3.4029488293444046  4697
3.403120521175818  4471
3.4032921451582543  4684
3.4034637013453173  4957
3.403635189790548  4770
3.4038066105474227  4760
3.403977963669355  4817
3.404149249209695  4670
3.404320467221731  4387
3.404491617758686  4604
3.4046627008737222  4823
3.404833716619938  4617
3.4050046650503694  4788
3.4051755462179893  4557
3.405346360175709  4481
3.4055171069763763  4776
3.4056877866727775  4665
3.4058583993176366  4951
3.406028944963615  4695
3.406199423663313  4674
3.4063698354692673  4796
3.406540180433955  4714
3.40671045860979  4736
3.4068806700491248  4823
3.40705081480425  4692
3.4072208929273966  4548
3.4073909044707316  4705
3.4075608494863627  4700
3.4077307280263356  5017
3.407900540142635  4786
3.4080702858871854  4796
3.4082399653118496  4501
3.40840957846843  4663
3.4085791254086675  4861
3.408748606184244  4787
3.4089180208467798  4547
3.409087369447835  4659
3.4092566520389096  4671
3.4094258686714434  4781
3.4095950193968156  4597
3.4097641042663462  4779
3.4099331233312946  4870
3.4101020766428607  4682
3.4102709642521845  4927
3.4104397862103464  4736
3.410608542568368  4488
3.41077723337721  4662
3.4109458586877746  4786
3.4111144185509046  4756
3.4112829130173843  4525
3.4114513421379375  4857
3.41161970596323  4554
3.411788004543869  4778
3.4119562379304016  4711
3.412124406173317  4726
3.4122925093230463  4693
3.412460547429961  4720
3.4126285205443754  4644
3.4127964287165433  4701
3.4129642719966626  4768
3.413132050434872  4387
3.413299764081252  4767
3.413467412985825  4722
3.413634997198556  4679
3.4138025167693513  4920
3.4139699717480614  4620
3.414137362184477  4745
3.4143046881283317  4502
3.4144719496293026  4772
3.414639146737009  4747
3.4148062795010126  4356
3.4149733479708178  4848
3.4151403521958725  4712
3.4153072922255676  4610
3.4154741681092355  4674
3.4156409798961542  4741
3.4158077276355434  4946
3.415974411376566  4838
3.416141031168329  4675
3.4163075870598827  4665
3.4164740791002206  4688
3.416640507338281  4915
3.4168068718229443  4648
3.4169731726030363  4870
3.4171394097273255  4924
3.4173055832445254  4648
3.417471693203293  4983
3.4176377396522297  4758
3.417803722639881  4847
3.417969642214737  4913
3.418135498425232  4888
3.4183012913197452  4742
3.4184670209466006  4604
3.4186326873540653  4566
3.4187982905903533  4612
3.4189638307036225  4719
3.4191293077419758  4910
3.4192947217534604  4610
3.4194600727860704  4665
3.419625360887743  4628
3.419790586106363  4633
3.419955748489758  4629
3.420120848085703  4630
3.4202858849419178  4752
3.4204508591060683  4740
3.420615770625765  4492
3.4207806195485655  4854
3.420945405921972  4811
3.4211101297934343  4855
3.4212747912103465  4693
3.4214393902200495  4584
3.4216039268698313  4849
3.421768401206924  4418
3.4219328132785085  4943
3.4220971631317103  4690
3.4222614508136027  4549
3.4224256763712044  4617
3.422589839851482  4643
3.422753941301348  4540
3.422917980767662  4700
3.423081958297231  4781
3.423245873936808  4683
3.4234097277330933  4718
3.4235735197327357  4545
3.423737249982329  4786
3.4239009185284166  4859
3.4240645254174877  4387
3.42422807069598  4638
3.4243915544102776  4871
3.4245549766067134  4883
3.424718337331567  4737
3.424881636631067  4786
3.425044874551389  4665
3.4252080511386565  4391
3.425371166438941  4685
3.4255342204982635  4587
3.425697213362591  4579
3.4258601450778405  4820
3.4260230156898763  4550
3.426185825244511  4834
3.4263485737875077  4871
3.4265112613645754  4620
3.426673888021373  4759
3.426836453803508  4997
3.426998958756537  4789
3.4271614029259654  4610
3.427323786357247  4838
3.4274861090957853  4521
3.4276483711869328  5032
3.42781057267599  4654
3.427972713608209  4564
3.428134794028789  4831
3.4282968139828798  4725
3.42845877351558  4707
3.428620672671939  4818
3.4287825114969546  4658
3.428944290035574  4737
3.4291060083326967  4684
3.4292676664331685  4645
3.429429264381788  4792
3.4295908022233017  4913
3.429752280002408  4557
3.4299136977637543  4719
3.430075055551939  4650
3.4302363534115106  4626
3.4303975913869666  4853
3.4305587695227575  4623
3.4307198878632823  4833
3.4308809464528913  4697
3.4310419453358856  4877
3.431202884556517  4649
3.4313637641589874  4477
3.431524584187451  4837
3.4316853446860116  4686
3.4318460456987254  4603
3.4320066872695985  4636
3.4321672694425884  4466
3.4323277922616042  4867
3.4324882557705063  4683
3.4326486600131068  4761
3.4328090050331683  4717
3.432969290874406  4853
3.4331295175804857  4755
3.433289685195026  4814
3.433449793761596  4892
3.433609843323718  4866
3.433769833924866  4634
3.433929765608464  4699
3.4340896384178907  4925
3.4342494523964757  4739
3.4344092075875  4642
3.4345689040341987  4959
3.4347285417797577  4432
3.434888120867316  4882
3.4350476413399647  4663
3.4352071032407476  4509
3.4353665066126613  4668
3.435525851498655  4578
3.43568513794163  4974
3.4358443659844413  4724
3.4360035356698964  4716
3.436162647040756  4875
3.4363217001397333  4634
3.436480695009495  4763
3.436639631692661  4529
3.4367985102318035  4428
3.4369573306694496  4608
3.4371160930480786  4540
3.4372747974101237  4693
3.437433443797971  4609
3.4375920322539613  4750
3.437750562820388  4720
3.4379090355394983  4597
3.438067450453494  4600
3.4382258076045296  4612
3.438384107034714  4623
3.4385423487861106  4831
3.4387005329007363  4645
3.438858659420562  4833
3.4390167283875126  4816
3.4391747398434687  4763
3.439332693830263  4636
3.4394905903896835  4518
3.4396484295634737  4841
3.4398062113933303  4901
3.439963935920905  4622
3.4401216031878037  4553
3.440279213235588  4755
3.4404367661057735  4778
3.440594261839831  4678
3.4407517004791854  4941
3.4409090820652177  4464
3.4410664066392633  4717
3.4412236742426123  4848
3.4413808849165113  4690
3.441538038702161  5067
3.441695135640717  5000
3.441852175773292  4680
3.442009159140952  4756
3.44216608578472  4604
3.4423229557455746  4655
3.4424797690644486  4561
3.442636525782232  4596
3.442793225939769  4476
3.4429498695778618  4672
3.443106456737266  4652
3.443262987458695  4447
3.4434194617828173  4402
3.4435758797502576  4698
3.4437322414015967  4545
3.443888546777372  4856
3.444044795918076  4654
3.4442009888641594  4744
3.4443571256560275  4811
3.444513206334043  4674
3.4446692309385245  4781
3.4448251995097476  4780
3.4449811120879446  4580
3.445136968713304  4502
3.4452927694259716  4673
3.44544851426605  4562
3.4456042032735974  4797
3.445759836488631  4772
3.4459154139511234  4594
3.446070935701005  4851
3.446226401778163  4851
3.446381812222442  4587
3.446537167073644  4735
3.4466924663715273  4814
3.446847710155809  4682
3.4470028984661623  4732
3.4471580313422194  4598
3.4473131088235682  4718
3.4474681309497557  4619
3.447623097760286  4792
3.447778009294621  4872
3.4479328655921804  4793
3.448087666692341  4644
3.448242412634439  4667
3.4483971034577676  4662
3.448551739201578  4757
3.44870631990508  4884
3.4488608456074408  4870
3.4490153163477864  4957
3.449169732165201  4728
3.449324093098727  4733
3.449478399187365  5054
3.4496326504700745  5044
3.4497868469857735  4604
3.4499409887733377  4491
3.4500950758716025  4770
3.450249108319361  4853
3.450403086155366  4472
3.450557009418329  5075
3.450710878146919  4793
3.450864692379766  4679
3.4510184521554574  4704
3.45117215751254  4711
3.4513258084895195  4680
3.4514794051248616  4699
3.4516329474569907  4858
3.45178643552429  4764
3.451939869365103  4734
3.4520932490177314  4722
3.452246574520437  4736
3.4523998459114416  4802
3.452553063228925  4597
3.452706226511029  4695
3.452859335795852  4492
3.4530123911214554  4747
3.4531653925258574  4590
3.4533183400470375  4663
3.453471233722936  4722
3.4536240735914507  4719
3.4537768596904423  4636
3.4539295920577286  4661
3.45408227073109  4877
3.4542348957482654  4607
3.454387467146955  4916
3.4545399849648186  5036
3.454692449239477  4763
3.45484486000851  5021
3.45499721730946  4609
3.4551495211798278  4765
3.4553017716570764  4852
3.4554539687786283  4788
3.455606112581867  4780
3.455758203104137  4673
3.455910240382743  4842
3.4560622244549513  4588
3.456214155357989  4552
3.456366033129043  5017
3.4565178578052627  4790
3.4566696294237578  4962
3.456821348021599  4619
3.456973013635818  4806
3.457124626303409  4800
3.4572761860613257  4727
3.4574276929464847  4760
3.4575791469957626  4578
3.4577305482459986  4607
3.4578818967339924  4743
3.458033192496506  5027
3.4581844355702627  4831
3.4583356259919475  4771
3.4584867637982066  4496
3.4586378490256493  4878
3.458788881710845  4778
3.458939861890326  4806
3.4590907896005865  4791
3.459241664878082  4825
3.459392487759231  4615
3.459543258280413  4276
3.4596939764779706  4865
3.459844642388208  4624
3.4599952560473914  4873
3.46014581749175  4866
3.4602963267574753  4699
3.4604467838807205  4927
3.4605971888976015  4830
3.460747541844197  4669
3.4608978427565478  4845
3.4610480916706576  4776
3.461198288622493  4939
3.461348433647983  4542
3.4614985267830187  4636
3.4616485680634552  4808
3.461798557525109  4491
3.461948495203762  4892
3.462098381135156  4811
3.4622482153549976  4715
3.462397997898956  4556
3.4625477288026643  4991
3.4626974081017172  4820
3.4628470358316736  4708
3.462996612028056  4679
3.4631461367263494  4678
3.4632956099620027  4604
3.4634450317704277  4598
3.463594402187  4593
3.463743721247059  4640
3.4638929889859074  4743
3.464042205438811  4484
3.4641913706409997  4792
3.4643404846276673  4609
3.4644895474339714  4559
3.464638559095033  4761
3.4647875196459372  4569
3.4649364291217326  4679
3.4650852875574327  4791
3.4652340949880145  4784
3.4653828514484184  4533
3.46553155697355  4633
3.465680211598278  4613
3.4658288153574364  4655
3.465977368285823  4688
3.466125870418199  5050
3.466274321789292  4707
3.466422722433792  4778
3.4665710723863543  4640
3.4667193716815987  4651
3.4668676203541096  5058
3.4670158184384356  4719
3.4671639659690903  4619
3.467312062980552  4839
3.4674601095072637  4774
3.467608105583633  4876
3.467756051244033  4492
3.4679039465228003  4805
3.4680517914542377  4790
3.4681995860726125  4489
3.4683473304121573  4844
3.468495024507069  4947
3.4686426683915115  4696
3.468790262099611  4563
3.4689378056654614  4955
3.4690852991231202  5010
3.469232742506612  4588
3.469380135849925  4882
3.469527479187014  4654
3.469674772551798  4711
3.469822015978163  4783
3.4699692094999595  4877
3.470116353151004  4856
3.4702634469650784  4577
3.470410490975931  4650
3.4705574852172743  4677
3.470704429722788  4678
3.4708513245261177  4664
3.4709981696608736  4574
3.471144965160633  4820
3.4712917110589387  4850
3.471438407389299  4838
3.47158505418519  4675
3.471731651480051  4502
3.4718781993072905  4770
3.4720246977002813  4577
3.472171146692363  4635
3.472317546316842  4408
3.4724638966069894  4597
3.472610197596045  4713
3.4727564493172123  4625
3.472902651803664  5121
3.4730488050885375  4784
3.473194909204938  4688
3.4733409641859354  4676
3.4734869700645685  4801
3.473632926873841  4776
3.473778834646725  4867
3.473924693416157  4815
3.4740705032150436  4695
3.4742162640762553  4921
3.4743619760326307  4537
3.474507639116976  4773
3.474653253362063  4863
3.474798818800631  4648
3.4749443354653877  4674
3.4750898033890065  4810
3.475235222604128  4964
3.475380593143361  4696
3.4755259150392805  4825
3.4756711883244296  4604
3.475816413031318  4659
3.4759615891924236  4617
3.4761067168401913  4755
3.4762517960070336  4686
3.4763968267253302  4613
3.4765418090274287  4497
3.476686742945645  4589
3.4768316285122607  4649
3.476976465759527  4476
3.4771212547196626  4726
3.477265995424853  4708
3.4774106879072515  4991
3.477555332198981  4737
3.4776999283321306  4805
3.4778444763387584  4760
3.4779889762508893  4830
3.4781334281005174  4913
3.4782778319196046  4793
3.4784221877400805  4769
3.4785664955938436  4551
3.4787107555127594  4576
3.478854967528663  4588
3.478999131673357  4910
3.479143247978613  4875
3.47928731647617  5052
3.4794313371977363  4986
3.4795753101749884  4710
3.479719235439571  4758
3.479863113023098  4742
3.4800069429571505  4698
3.4801507252732806  4749
3.4802944600030066  4941
3.480438147177817  4670
3.480581786829169  4813
3.4807253789884878  4607
3.4808689236871677  5036
3.481012420956573  4612
3.4811558708280352  4722
3.481299273332856  4938
3.481442628502305  4576
3.4815859363676225  4653
3.481729196960016  4705
3.4818724103106633  4855
3.4820155764507117  4597
3.482158695411276  4777
3.4823017672234426  4976
3.4824447919182653  4745
3.4825877695267677  4651
3.482730700079943  4803
3.482873583608754  4611
3.483016420144132  4686
3.4831592097169795  4701
3.483301952358167  4903
3.4834446480985353  4337
3.4835872969688944  4348
3.4837298990000236  4557
3.4838724542226736  4718
3.4840149626675627  4736
3.484157424365381  4600
3.484299839346786  4803
3.484442207642407  4758
3.484584529282843  4667
3.4847268042986617  4794
3.484869032720402  4868
3.485011214578573  4537
3.485153349903652  4729
3.485295438726089  4654
3.485437481076301  4701
3.485579476984679  4790
3.48572142648158  4591
3.4858633295973345  4649
3.486005186362242  4549
3.4861469968065726  4722
3.486288760960566  4876
3.486430478854434  4771
3.4865721505183562  4869
3.4867137759824853  4752
3.4868553552769432  4891
3.4869968884318228  5104
3.4871383754771865  4666
3.4872798164430687  4571
3.4874212113594742  4968
3.4875625602563782  4659
3.4877038631637265  4756
3.4878451201114355  4586
3.4879863311293935  4585
3.4881274962474587  4518
3.48826861549546  4365
3.488409688903198  4794
3.4885507165004443  4607
3.4886916983169405  4611
3.4888326343824003  5065
3.488973524726508  4850
3.4891143693789193  4872
3.4892551683692603  4891
3.4893959217271293  4701
3.4895366294820955  4795
3.4896772916636984  4605
3.4898179083014504  4701
3.4899584794248346  4905
3.4900990050633047  4676
3.4902394852462875  4791
3.490379920003179  4681
3.490520309363349  4542
3.490660653356137  4691
3.490800952010855  4827
3.490941205356787  4628
3.491081413423187  4839
3.491221576239283  4606
3.4913616938342726  4538
3.4915017662373264  4507
3.4916417934775863  4834
3.491781775584166  4710
3.491921712586151  4731
3.492061604512599  4945
3.49220145139254  4754
3.4923412532549745  4550
3.4924810101288766  4700
3.492620722043192  4945
3.4927603890268375  4591
3.4929000111087034  4781
3.4930395883176515  4937
3.493179120682515  4598
3.4933186082321015  4758
3.4934580509951885  4655
3.493597449000527  4601
3.49373680227684  4560
3.4938761108528227  4512
3.4940153747571436  4814
3.494154594018443  4874
3.4942937686653326  4622
3.494432898726399  4873
3.4945719842301988  4629
3.494711025205263  4845
3.494850021680094  4732
3.494988973683168  4509
3.4951278812429334  4526
3.4952667443878105  4889
3.495405563146193  4912
3.4955443375464483  4602
3.4956830676169153  4528
3.495821753385906  4575
3.4959603948817053  4633
3.496098992132571  4854
3.496237545166735  4617
3.496376054012401  4675
3.496514518697745  4553
3.496652939250918  4893
3.4967913157000425  4717
3.496929648073215  4385
3.497067936398505  4509
3.4972061807039547  4722
3.49734438101758  5043
3.4974825373673704  4917
3.497620649781288  4690
3.497758718287268  4703
3.49789674291322  4561
3.498034723687027  4629
3.498172660636544  4603
3.4983105537896004  4483
3.4984484031739997  4456
3.498586208817518  4692
3.4987239707479048  4835
3.498861688992884  4585
3.498999363580153  4775
3.4991369945373827  4758
3.4992745818922173  4776
3.499412125672275  4729
3.499549625905149  4574
3.499687082618404  5121
3.49982449583958  4286
3.49996186559619  4665
3.500099191915723  4965
3.500236474825639  4681
3.500373714353374  4764
3.5005109105263372  4478
3.500648063371912  4658
3.500785172917456  4515
3.5009222391903005  4780
3.5010592622177517  4540
3.501196242027089  4904
3.501333178645566  4637
3.501470072100412  4781
3.5016069224188295  4543
3.5017437296279943  4892
3.5018804937550585  4703
3.5020172148271476  4653
3.5021538928713607  4577
3.5022905279147727  4488
3.5024271199844326  4544
3.502563669107363  4692
3.502700175310563  4590
3.502836638621003  4603
3.5029730590656314  4847
3.503109436671369  4678
3.503245771465113  4804
3.5033820634737327  4370
3.5035183127240748  4860
3.5036545192429593  4606
3.503790683057181  4741
3.5039268041935103  4603
3.5040628826786917  4603
3.504198918539445  4701
3.5043349118024643  4593
3.504470862494419  4711
3.5046067706419537  4622
3.504742636271688  4701
3.504878459410216  4451
3.505014240084107  4738
3.505149978319906  4688
3.5052856741441323  4690
3.505421327583281  4642
3.5055569386638217  4770
3.5056925074122  4690
3.5058280338548364  4510
3.505963518018126  4684
3.5060989599284405  5066
3.506234359612126  4712
3.506369717095504  4703
3.506505032404872  4539
3.5066403055665023  4639
3.5067755366066433  4504
3.506910725551518  4460
3.5070458724273257  4665
3.5071809772602407  4774
3.5073160400764136  4912
3.50745106090197  4607
3.5075860397630105  4542
3.5077209766856137  4589
3.507855871695831  4615
3.5079907248196913  4551
3.5081255360831993  4474
3.5082603055123345  4321
3.508395033133053  4715
3.5085297189712867  4586
3.508664363052943  4505
3.508798965403905  4594
3.5089335260500327  4531
3.5090680450171616  4562
3.509202522331103  4602
3.509336958017644  4515
3.5094713521025485  4448
3.5096057046115563  4632
3.509740015570382  4342
3.5098742850047193  4331
3.5100085129402347  4448
3.5101426994025733  4516
3.510276844417355  4422
3.510410948010177  4361
3.510545010206612  4422
3.51067903103221  4412
3.510813010512496  4411
3.5109469486729727  4528
3.5110808455391185  4685
3.511214701136388  4524
3.511348515490213  4576
3.5114822886260013  4408
3.5116160205691376  4328
3.511749711344983  4425
3.5118833609788744  4282
3.5120169694961265  4231
3.5121505369220305  4148
3.5122840632818537  4431
3.51241754860084  4314
3.512550992904211  4438
3.5126843962171637  4401
3.512817758564873  4346
3.5129510799724906  4256
3.513084360465144  4213
3.513217600067939  4270
3.513350798805957  4200
3.513483956704257  4244
3.513617073787875  4258
3.5137501500818233  4246
3.5138831856110926  4182
3.5140161804006493  4111
3.514149134475437  4233
3.514282047860378  4188
3.514414920580369  4438
3.514547752660286  4174
3.5146805441249818  4236
3.514813294999285  4002
3.5149460053080044  4071
3.5150786750759226  3985
3.515211304327802  4162
3.5153438930883807  4100
3.515476441382376  4035
3.51560894923448  4209
3.515741416669365  3876
3.515873843711679  3945
3.5160062303860475  3818
3.5161385767170743  3884
3.5162708827293403  3915
3.516403148447403  3895
3.5165353738957994  3882
3.516667559099043  3837
3.5167997040816243  3725
3.5169318088680126  3945
3.5170638734826545  3686
3.5171958979499744  3685
3.5173278822943734  3527
3.5174598265402324  3655
3.517591730711908  3647
3.5177235948337358  3737
3.517855418930029  3761
3.5179872030250783  3630
3.518118947143153  3562
3.5182506513085  3519
3.518382315545344  3361
3.5185139398778875  3461
3.5186455243303114  3422
3.518777068926775  3372
3.518908573691414  3529
3.5190400386483445  3345
3.519171463821659  3296
3.519302849235429  3205
3.519434194913703  3266
3.519565500880509  3172
3.519696767159853  3270
3.519827993775719  3075
3.5199591807520685  3035
3.5200903281128424  3091
3.52022143588196  3172
3.520352504083318  3025
3.520483532740792  3061
3.520614521878236  2975
3.5207454715194824  2950
3.5208763816883417  2889
3.521007252408604  2792
3.5211380837040362  2681
3.5212688755983854  2658
3.521399628115376  2787
3.521530341278711  2608
3.5216610151120733  2518
3.5217916496391233  2465
3.5219222448835006  2507
3.5220528008688223  2380
3.5221833176186865  2455
3.522313795156667  2356
3.5224442335063197  2382
3.522574632691177  2286
3.52270499273475  2289
3.52283531366053  2230
3.5229655954919865  2263
3.523095838252568  2204
3.523226041965701  2163
3.5233562066547925  1984
3.5234863323432277  2062
3.523616419054371  1924
3.5237464668115646  2019
3.523876475638131  1989
3.5240064455573727  1937
3.5241363765925686  1728
3.524266268766979  1816
3.524396122103842  1766
3.5245259366263757  1716
3.5246557123577773  1732
3.5247854493212225  1598
3.524915147539867  1697
3.525044807036845  1565
3.5251744278352715  1519
3.525304009958239  1566
3.52543355342882  1477
3.525563058270067  1384
3.525692524505011  1424
3.5258219521566625  1350
3.5259513412480126  1307
3.5260806918020298  1295
3.526210003841664  1220
3.526339277389844  1211
3.5264685124694775  1160
3.526597709103452  1172
3.5267268673146357  1159
3.5268559871258747  1053
3.5269850685599957  1017
3.527114111639805  975
3.5272431163880884  979
3.527372082827612  898
3.52750101098112  918
3.5276299008713385  936
3.5277587525209717  851
3.527887565952705  804
3.5280163411892014  849
3.5281450782531065  845
3.5282737771670436  762
3.5284024379536176  733
3.5285310606354114  749
3.5286596452349897  683
3.5287881917748964  657
3.5289167002776547  593
3.529045170765769  606
3.529173603261723  612
3.5293019977879805  573
3.529430354366986  551
3.529558673021163  497
3.5296869537729165  502
3.5298151966446305  473
3.5299434016586693  480
3.530071568837378  419
3.530199698203082  387
3.5303277897780863  404
3.5304558435846762  411
3.530583859645118  333
3.530711837981657  369
3.5308397786165204  369
3.530967681571915  367
3.531095546870028  325
3.5312233745330266  321
3.5313511645830595  310
3.531478917042255  285
3.531606631932722  246
3.5317343092765503  259
3.531861949095809  245
3.53198955141255  237
3.532117116248804  217
3.532244643626582  206
3.5323721335678773  198
3.5324995860946626  195
3.532627001228891  155
3.5327543789924976  126
3.5328817194073974  151
3.5330090224954853  146
3.533136288278639  135
3.5332635167787148  135
3.5333907080175515  139
3.5335178620169674  137
3.5336449787987627  121
3.533772058384718  119
3.5338991007965945  92
3.534026106056135  104
3.5341530741850624  76
3.5342800052050816  83
3.534406899137877  69
3.5345337560051155  68
3.534660575828444  59
3.5347873586294916  65
3.534914104429867  39
3.5350408132511606  52
3.535167485114944  43
3.5352941200427703  42
3.5354207180561734  40
3.535547279176668  46
3.53567380342575  32
3.5358002908248976  46
3.5359267413955693  22
3.5360531551592045  34
3.536179532137225  24
3.5363058723510337  24
3.5364321758220134  25
3.53655844257153  20
3.5366846726209302  24
3.5368108659915416  21
3.5369370227046737  22
3.537063142781617  18
3.5371892262436444  16
3.53731527311201  10
3.5374412834079476  11
3.5375672571526753  15
3.5376931943673906  16
3.537819095073274  12
3.5379449592914867  8
3.538070787043172  15
3.5381965783494542  10
3.53832233323144  13
3.5384480517102173  11
3.5385737338068557  8
3.5386993795424067  3
3.5388249889379035  6
3.5389505620143615  4
3.5390760987927767  7
3.539201599294128  5
3.539327063539375  3
3.539452491549461  3
3.539577883345309  3
3.5397032389478253  3
3.539828558377898  4
3.5399538416563967  3
3.540079088804173  4
3.5402042998420598  3
3.5403294747908736  2
3.540454613671412  1
3.540579716504454  3
3.5407047833107623  5
3.54082981411108  3
3.540954808926133  2
3.541079767776629  1
