0.3010299956639812  1161
0.47712125471966244  1160
0.6020599913279624  1158
0.6989700043360189  1175
0.7781512503836436  1155
0.8450980400142568  1161
0.9030899869919435  1134
0.9542425094393249  1147
1.0  1155
1.0413926851582251  1151
1.0791812460476249  1154
1.1139433523068367  1121
1.146128035678238  1149
1.1760912590556813  1164
1.2041199826559248  1159
1.2304489213782739  1182
1.255272505103306  1159
1.2787536009528289  1169
1.3010299956639813  1151
1.3222192947339193  1180
1.3424226808222062  1143
1.3617278360175928  1179
1.380211241711606  1155
1.3979400086720377  1143
1.414973347970818  1165
1.4313637641589874  1170
1.4471580313422192  1149
1.462397997898956  1149
1.4771212547196624  1195
1.4913616938342726  1159
1.505149978319906  1152
1.5185139398778875  1157
1.5314789170422551  1159
1.5440680443502757  1155
1.5563025007672873  1164
1.568201724066995  1142
1.5797835966168101  1169
1.591064607026499  1171
1.6020599913279623  1136
1.6127838567197355  1158
1.6232492903979006  1154
1.6334684555795864  1139
1.6434526764861874  1143
1.6532125137753437  1149
1.662757831681574  1176
1.6720978579357175  1148
1.6812412373755872  1178
1.6901960800285136  1169
1.6989700043360187  1138
1.7075701760979363  1143
1.7160033436347992  1173
1.724275869600789  1146
1.7323937598229686  1141
1.7403626894942439  1163
1.7481880270062005  1170
1.7558748556724915  1176
1.7634279935629373  1157
1.7708520116421442  1150
1.7781512503836436  1169
1.7853298350107671  1177
1.792391689498254  1190
1.7993405494535817  1165
1.806179973983887  1169
1.8129133566428555  1180
1.8195439355418688  1152
1.8260748027008264  1154
1.8325089127062364  1156
1.8388490907372552  1148
1.845098040014257  1128
1.8512583487190752  1165
1.8573324964312685  1148
1.863322860120456  1158
1.8692317197309762  1138
1.8750612633917  1168
1.8808135922807914  1147
1.8864907251724818  1174
1.8920946026904804  1157
1.8976270912904414  1180
1.9030899869919435  1155
1.9084850188786497  1169
1.9138138523837167  1167
1.919078092376074  1149
1.9242792860618816  1184
1.9294189257142926  1153
1.9344984512435677  1170
1.9395192526186185  1164
1.9444826721501687  1157
1.9493900066449128  1140
1.954242509439325  1148
1.9590413923210936  1150
1.9637878273455553  1158
1.968482948553935  1156
1.9731278535996986  1171
1.9777236052888478  1149
1.9822712330395684  1148
1.9867717342662448  1162
1.9912260756924949  1136
1.99563519459755  1142
2.0  1165
2.0043213737826426  1154
2.0086001717619175  1138
2.012837224705172  1161
2.0170333392987803  1158
2.0211892990699383  1167
2.0253058652647704  1145
2.0293837776852097  1144
2.03342375548695  1171
2.037426497940624  1165
2.041392685158225  1154
2.0453229787866576  1146
2.0492180226701815  1179
2.0530784434834195  1144
2.0569048513364727  1163
2.060697840353612  1154
2.0644579892269186  1151
2.0681858617461617  1137
2.0718820073061255  1166
2.0755469613925306  1153
2.0791812460476247  1164
2.0827853703164503  1155
2.0863598306747484  1159
2.089905111439398  1168
2.093421685162235  1193
2.0969100130080562  1141
2.100370545117563  1155
2.103803720955957  1152
2.1072099696478683  1161
2.110589710299249  1139
2.113943352306837  1164
2.1172712956557644  1148
2.12057393120585  1140
2.123851640967086  1163
2.1271047983648077  1157
2.130333768495006  1188
2.1335389083702174  1161
2.1367205671564067  1163
2.1398790864012365  1143
2.143014800254095  1183
2.146128035678238  1151
2.1492191126553797  1141
2.1522883443830563  1176
2.155336037465062  1162
2.1583624920952498  1163
2.161368002234975  1174
2.164352855784437  1144
2.167317334748176  1141
2.1702617153949575  1164
2.173186268412274  1140
2.1760912590556813  1137
2.1789769472931693  1137
2.1818435879447726  1139
2.184691430817599  1164
2.187520720836463  1149
2.1903316981702914  1125
2.1931245983544616  1142
2.1958996524092336  1171
2.1986570869544226  1156
2.2013971243204513  1141
2.2041199826559246  1163
2.2068258760318495  1148
2.2095150145426308  1113
2.2121876044039577  1190
2.214843848047698  1149
2.2174839442139063  1128
2.220108088040055  1146
2.2227164711475833  1144
2.225309281725863  1152
2.2278867046136734  1152
2.230448921378274  1126
2.2329961103921536  1153
2.2355284469075487  1185
2.2380461031287955  1155
2.2405492482826  1160
2.2430380486862944  1165
2.24551266781415  1164
2.247973266361807  1164
2.250420002308894  1163
2.2528530309798933  1126
2.255272505103306  1147
2.2576785748691846  1170
2.2600713879850747  1170
2.2624510897304293  1160
2.2648178230095364  1148
2.2671717284030137  1165
2.2695129442179165  1166
2.271841606536499  1137
2.27415784926368  1162
2.2764618041732443  1151
2.278753600952829  1162
2.2810333672477277  1144
2.2833012287035497  1169
2.285557309007774  1173
2.287801729930226  1154
2.290034611362518  1154
2.292256071356476  1139
2.294466226161593  1174
2.296665190261531  1134
2.298853076409707  1179
2.3010299956639813  1177
2.303196057420489  1168
2.305351369446624  1171
2.307496037913213  1140
2.3096301674258988  1168
2.311753861055754  1140
2.3138672203691533  1148
2.315970345456918  1153
2.3180633349627615  1139
2.3201462861110542  1152
2.322219294733919  1138
2.3242824552976926  1162
2.326335860928751  1178
2.3283796034387376  1146
2.330413773349191  1161
2.3324384599156054  1185
2.3344537511509307  1145
2.3364597338485296  1157
2.3384564936046046  1162
2.3404441148401185  1141
2.342422680822206  1136
2.3443922736851106  1151
2.346352974450639  1172
2.3483048630481607  1159
2.3502480183341627  1161
2.3521825181113627  1149
2.3541084391474008  1155
2.3560258571931225  1151
2.357934847000454  1124
2.359835482339888  1145
2.361727836017593  1149
2.3636119798921444  1155
2.3654879848909  1143
2.367355921026019  1182
2.369215857410143  1133
2.3710678622717363  1158
2.3729120029701067  1160
2.374748346010104  1130
2.376576957056512  1153
2.3783979009481375  1150
2.380211241711606  1153
2.3820170425748683  1151
2.383815365980431  1161
2.385606273598312  1146
2.387389826338729  1149
2.3891660843645326  1125
2.3909351071033793  1153
2.392696953259666  1170
2.3944516808262164  1153
2.3961993470957363  1149
2.3979400086720375  1157
2.399673721481038  1166
2.401400540781544  1149
2.403120521175818  1162
2.404833716619938  1148
2.406540180433955  1173
2.4082399653118496  1156
2.4099331233312946  1150
2.41161970596323  1163
2.413299764081252  1148
2.4149733479708178  1158
2.416640507338281  1149
2.4183012913197452  1142
2.419955748489758  1197
2.4216039268698313  1175
2.423245873936808  1159
2.424881636631067  1154
2.4265112613645754  1157
2.428134794028789  1172
2.429752280002408  1161
2.4313637641589874  1158
2.432969290874406  1163
2.4345689040341987  1157
2.436162647040756  1107
2.437750562820388  1156
2.439332693830263  1126
2.4409090820652177  1146
2.4424797690644486  1151
2.444044795918076  1188
2.4456042032735974  1140
2.4471580313422194  1134
2.44870631990508  1178
2.450249108319361  1150
2.45178643552429  1153
2.4533183400470375  1157
2.45484486000851  1174
2.456366033129043  1182
2.4578818967339924  1170
2.459392487759231  1160
2.4608978427565478  1150
2.462397997898956  1165
2.4638929889859074  1158
2.4653828514484184  1146
2.4668676203541096  1150
2.4683473304121573  1152
2.469822015978163  1168
2.4712917110589387  1167
2.4727564493172123  1158
2.4742162640762553  1149
2.4756711883244296  1159
2.4771212547196626  1159
2.4785664955938436  1164
2.4800069429571505  1163
2.481442628502305  1136
2.482873583608754  1161
2.484299839346786  1151
2.48572142648158  1156
2.4871383754771865  1143
2.4885507165004443  1171
2.4899584794248346  1163
2.4913616938342726  1145
2.4927603890268375  1160
2.494154594018443  1174
2.4955443375464483  1173
2.496929648073215  1140
2.4983105537896004  1148
2.499687082618404  1147
2.5010592622177517  1180
2.5024271199844326  1163
2.503790683057181  1157
2.505149978319906  1162
2.506505032404872  1149
2.507855871695831  1141
2.509202522331103  1177
2.510545010206612  1140
2.5118833609788744  1133
2.513217600067939  1172
2.514547752660286  1151
2.515873843711679  1121
2.5171958979499744  1144
2.5185139398778875  1173
2.519827993775719  1131
2.5211380837040362  1143
2.5224442335063197  1185
2.5237464668115646  1136
2.525044807036845  1176
2.526339277389844  1161
2.5276299008713385  1163
2.5289167002776547  1158
2.530199698203082  1166
2.531478917042255  1140
2.5327543789924976  1183
2.534026106056135  1150
2.5352941200427703  1162
2.53655844257153  1129
2.537819095073274  1142
2.5390760987927767  1164
2.5403294747908736  1137
2.5415792439465807  1151
2.5428254269591797  1155
2.5440680443502757  1166
2.545307116465824  1145
2.546542663478131  1127
2.5477747053878224  1149
2.5490032620257876  1181
2.550228353055094  1171
2.5514499979728753  1160
2.552668216112193  1169
2.5538830266438746  1164
2.5550944485783194  1186
2.5563025007672873  1147
2.5575072019056577  1172
2.558708570533166  1174
2.5599066250361124  1169
2.561101383649056  1172
2.5622928644564746  1140
2.5634810853944106  1133
2.5646660642520893  1150
2.5658478186735176  1158
2.56702636615906  1182
2.568201724066995  1122
2.569373909615046  1172
2.5705429398818973  1181
2.571708831808688  1140
2.5728716022004803  1149
2.574031267727719  1172
2.575187844927661  1149
2.576341350205793  1176
2.5774917998372255  1167
2.578639209968072  1144
2.57978359661681  1123
2.5809249756756194  1188
2.582063362911709  1158
2.583198773968623  1148
2.584331224367531  1158
2.5854607295085006  1173
2.586587304671755  1174
2.5877109650189114  1157
2.5888317255942073  1150
2.5899496013257077  1123
2.591064607026499  1170
2.5921767573958667  1165
2.593286067020457  1142
2.5943925503754266  1167
2.595496221825574  1157
2.59659709562646  1153
2.597695185925512  1157
2.598790506763115  1163
2.5998830720736876  1163
2.6009728956867484  1175
2.6020599913279625  1152
2.603144372620182  1143
2.60422605308447  1133
2.6053050461411096  1166
2.606381365110605  1139
2.6074550232146687  1179
2.6085260335771943  1149
2.60959440922522  1162
2.61066016308988  1150
2.611723308007342  1154
2.6127838567197355  1149
2.6138418218760693  1179
2.6148972160331345  1176
2.615950051656401  1157
2.617000341120899  1172
2.6180480967120925  1175
2.6190933306267428  1161
2.6201360549737576  1151
2.621176281775035  1156
2.622214022966295  1172
2.6232492903979003  1179
2.6242820958356683  1150
2.625312450961674  1136
2.6263403673750423  1156
2.6273658565927325  1148
2.6283889300503116  1173
2.629409599102719  1158
2.630427875025024  1173
2.6314437690131722  1176
2.6324572921847245  1188
2.6334684555795866  1151
2.6344772701607315  1161
2.635483746814912  1177
2.6364878963533656  1139
2.637489729512511  1168
2.6384892569546374  1158
2.639486489268586  1177
2.640481436970422  1166
2.6414741105040997  1139
2.6424645202421213  1140
2.6434526764861874  1143
2.6444385894678386  1147
2.645422269349092  1173
2.6464037262230695  1155
2.6473829701146196  1143
2.6483600109809315  1141
2.649334858712142  1184
2.6503075231319366  1147
2.651278013998144  1144
2.6522463410033232  1151
2.6532125137753435  1139
2.6541765418779604  1185
2.655138434811382  1159
2.656098202012832  1159
2.6570558528571038  1161
2.6580113966571126  1141
2.658964842664435  1146
2.6599162000698504  1165
2.660865478003869  1148
2.661812685537261  1141
2.662757831681574  1134
2.663700925389648  1168
2.6646419755561257  1160
2.6655809910179533  1157
2.6665179805548807  1133
2.667452952889954  1154
2.66838591669  1159
2.6693168805661123  1155
2.670245853074124  1167
2.6711728427150834  1160
2.6720978579357175  1165
2.673020907128896  1137
2.673941998634088  1149
2.6748611407378116  1167
2.6757783416740852  1161
2.6766936096248664  1177
2.677606952720493  1137
2.678518379040114  1155
2.6794278966121188  1162
2.680335513414563  1146
2.681241237375587  1150
2.682145076373832  1172
2.6830470382388496  1137
2.683947130751512  1172
2.6848453616444123  1160
2.6857417386022635  1177
2.6866362692622934  1145
2.6875289612146345  1157
2.6884198220027105  1150
2.6893088591236203  1163
2.690196080028514  1127
2.6910814921229687  1165
2.69196510276736  1183
2.69284691927723  1166
2.693726948923647  1152
2.694605198933569  1144
2.6954816764901977  1150
2.696356388733332  1184
2.6972293427597176  1161
2.6981005456233897  1173
2.6989700043360187  1175
2.699837725867246  1145
2.7007037171450192  1165
2.7015679850559273  1144
2.7024305364455254  1135
2.7032913781186614  1157
2.7041505168397992  1161
2.705007959333336  1147
2.7058637122839193  1180
2.7067177823367587  1185
2.7075701760979363  1130
2.708420900134713  1150
2.709269960975831  1160
2.7101173651118162  1174
2.710963118995276  1148
2.711807229041191  1133
2.7126497016272113  1165
2.7134905430939424  1148
2.714329759745233  1151
2.7151673578484576  1178
2.716003343634799  1159
2.7168377232995247  1165
2.717670503002262  1160
2.718501688867274  1151
2.7193312869837265  1144
2.720159303405957  1146
2.7209857441537393  1128
2.7218106152125467  1140
2.722633922533812  1188
2.7234556720351857  1135
2.724275869600789  1146
2.725094521081469  1149
2.7259116322950483  1149
2.7267272090265724  1157
2.727541257028556  1159
2.7283537820212285  1159
2.72916478969277  1149
2.7299742856995555  1159
2.7307822756663893  1162
2.7315887651867388  1140
2.7323937598229686  1151
2.7331972651065692  1118
2.733999286538387  1144
2.734799829588847  1138
2.73559889969818  1155
2.7363965022766426  1131
2.7371926427047373  1165
2.737987326333431  1168
2.738780558484369  1148
2.739572344450092  1169
2.7403626894942437  1153
2.741151598851785  1165
2.741939077729199  1158
2.7427251313046983  1171
2.74350976472843  1110
2.7442929831226763  1141
2.7450747915820575  1145
2.745855195173729  1140
2.7466341989375787  1131
2.747411807886423  1132
2.7481880270062002  1140
2.7489628612561616  1149
2.749736315569061  1134
2.7505083948513462  1135
2.751279103983342  1123
2.7520484478194387  1116
2.7528164311882715  1130
2.7535830588929064  1093
2.754348335711019  1127
2.7551122663950713  1132
2.7558748556724915  1138
2.756636108245848  1100
2.7573960287930244  1092
2.75815462196739  1104
2.7589118923979736  1101
2.7596678446896306  1093
2.760422483423212  1057
2.7611758131557314  1093
2.761927838420529  1078
2.762678563727436  1072
2.7634279935629373  1056
2.7641761323903307  1028
2.7649229846498886  1036
2.765668554759014  1017
2.7664128471123997  1008
2.7671558660821804  1006
2.767897616018091  971
2.7686381012476144  932
2.7693773260761385  963
2.7701152947871015  929
2.7708520116421442  911
2.7715874808812555  883
2.77232170672292  889
2.7730546933642626  871
2.7737864449811935  841
2.7745169657285498  816
2.7752462597402365  792
2.775974331129369  800
2.776701183988411  770
2.7774268223893115  734
2.7781512503836434  710
2.7788744720027396  709
2.7795964912578244  674
2.780317312140151  669
2.7810369386211318  620
2.781755374652469  612
2.782472624166286  596
2.7831886910752575  554
2.783903579272735  544
2.784617292632875  506
2.785329835010767  499
2.786041210242554  439
2.7867514221455614  444
2.787460474518415  413
2.788168371141168  410
2.788875115775417  390
2.7895807121644256  365
2.7902851640332416  334
2.790988475088816  333
2.791690649020118  313
2.792391689498254  295
2.79309160017658  278
2.7937903846908188  269
2.7944880466591697  247
2.795184589682424  245
2.7958800173440754  216
2.7965743332104296  211
2.7972675408307164  191
2.797959643737196  169
2.798650645445269  163
2.7993405494535817  154
2.8000293592441343  147
2.800717078282385  131
2.801403710017355  135
2.802089257881733  124
2.8027737252919755  119
2.803457115648414  107
2.8041394323353503  95
2.8048206787211623  84
2.8055008581584002  77
2.806179973983887  72
2.8068580295188172  64
2.807535028068853  62
2.808210972924222  56
2.808885867359812  44
2.8095597146352675  33
2.8102325179950842  33
2.8109042806687006  26
2.8115750058705933  23
2.812244696800369  20
2.8129133566428557  19
2.813580988568192  18
2.81424759573192  17
2.814913181275074  13
2.815577748324267  12
2.816241299991783  12
2.8169038393756605  14
2.8175653695597807  12
2.8182258936139557  11
2.8188854145940097  8
2.8195439355418688  7
2.82020145948564  6
2.8208579894397  6
2.821513528404773  5
2.8221680793680175  5
2.8228216453031045  5
2.823474229170301  5
2.824125833916549  4
2.824776462475546  4
2.8254261177678233  4
2.8260748027008264  2
2.826722520168992  2
2.8273692730538253  1
2.828015064223977  1
2.82865989653532  2
2.829303772831025  1
2.829946695941636  1
2.8305886686851442  1
2.8312296938670634  1
2.8318697742805017  1
2.832508912706236  1
2.833147111912785  1
2.833784374656479  1
2.8344207036815328  1
2.835056101720116  1
2.8356905714924254  1
