0.3010299956639812  11663
0.47712125471966244  11602
0.6020599913279624  12099
0.6989700043360189  10948
0.7781512503836436  10716
0.8450980400142568  11071
0.9030899869919435  11019
0.9542425094393249  11130
1.0  11221
1.0413926851582251  10966
1.0791812460476249  11360
1.1139433523068367  11969
1.146128035678238  10830
1.1760912590556813  10792
1.2041199826559248  11142
1.2304489213782739  11251
1.255272505103306  11733
1.2787536009528289  11396
1.3010299956639813  11025
1.3222192947339193  11498
1.3424226808222062  11968
1.3617278360175928  11466
1.380211241711606  10965
1.3979400086720377  11494
1.414973347970818  11554
1.4313637641589874  10869
1.4471580313422192  11686
1.462397997898956  11153
1.4771212547196624  11271
1.4913616938342726  11539
1.505149978319906  10509
1.5185139398778875  10452
1.5314789170422551  10864
1.5440680443502757  9836
1.5563025007672873  8854
1.568201724066995  8355
1.5797835966168101  8659
1.591064607026499  7722
1.6020599913279623  7716
1.6127838567197355  7494
1.6232492903979006  6857
1.6334684555795864  6703
1.6434526764861874  6769
1.6532125137753437  6296
1.662757831681574  6812
1.6720978579357175  6663
1.6812412373755872  6211
1.6901960800285136  6239
1.6989700043360187  6219
1.7075701760979363  6561
1.7160033436347992  6131
1.724275869600789  6317
1.7323937598229686  5892
1.7403626894942439  6364
1.7481880270062005  5420
1.7558748556724915  6478
1.7634279935629373  5618
1.7708520116421442  6476
1.7781512503836436  5996
1.7853298350107671  6596
1.792391689498254  6264
1.7993405494535817  6532
1.806179973983887  6123
1.8129133566428555  6404
1.8195439355418688  6415
1.8260748027008264  6290
1.8325089127062364  6772
1.8388490907372552  6349
1.845098040014257  6281
1.8512583487190752  6544
1.8573324964312685  6245
1.863322860120456  6109
1.8692317197309762  6349
1.8750612633917  6678
1.8808135922807914  6510
1.8864907251724818  6008
1.8920946026904804  6273
1.8976270912904414  6082
1.9030899869919435  6276
1.9084850188786497  6596
1.9138138523837167  6445
1.919078092376074  6272
1.9242792860618816  6531
1.9294189257142926  6189
1.9344984512435677  6623
1.9395192526186185  6252
1.9444826721501687  6220
1.9493900066449128  6503
1.954242509439325  6327
1.9590413923210936  6065
1.9637878273455553  6163
1.968482948553935  6430
1.9731278535996986  6620
1.9777236052888478  6202
1.9822712330395684  5856
1.9867717342662448  6465
1.9912260756924949  6427
1.99563519459755  6583
2.0  6355
2.0043213737826426  5964
2.0086001717619175  6609
2.012837224705172  6423
2.0170333392987803  6921
2.0211892990699383  6019
2.0253058652647704  6190
2.0293837776852097  6545
2.03342375548695  6335
2.037426497940624  6496
2.041392685158225  6771
2.0453229787866576  6404
2.0492180226701815  6193
2.0530784434834195  6258
2.0569048513364727  6604
2.060697840353612  6479
2.0644579892269186  6045
2.0681858617461617  6401
2.0718820073061255  6692
2.0755469613925306  6429
2.0791812460476247  6523
2.0827853703164503  6388
2.0863598306747484  6924
2.089905111439398  5970
2.093421685162235  6393
2.0969100130080562  6351
2.100370545117563  6585
2.103803720955957  6131
2.1072099696478683  6083
2.110589710299249  6262
2.113943352306837  6272
2.1172712956557644  6277
2.12057393120585  6011
2.123851640967086  6342
2.1271047983648077  6329
2.130333768495006  6250
2.1335389083702174  6040
2.1367205671564067  6567
2.1398790864012365  6075
2.143014800254095  6299
2.146128035678238  6090
2.1492191126553797  6468
2.1522883443830563  6133
2.155336037465062  6199
2.1583624920952498  6058
2.161368002234975  6523
2.164352855784437  6204
2.167317334748176  6244
2.1702617153949575  6123
2.173186268412274  5984
2.1760912590556813  6504
2.1789769472931693  6351
2.1818435879447726  6552
2.184691430817599  6397
2.187520720836463  6907
2.1903316981702914  6243
2.1931245983544616  6208
2.1958996524092336  5984
2.1986570869544226  6124
2.2013971243204513  6318
2.2041199826559246  6325
2.2068258760318495  6458
2.2095150145426308  6208
2.2121876044039577  6266
2.214843848047698  6018
2.2174839442139063  6283
2.220108088040055  6402
2.2227164711475833  5691
2.225309281725863  6031
2.2278867046136734  6400
2.230448921378274  6864
2.2329961103921536  6564
2.2355284469075487  6578
2.2380461031287955  6435
2.2405492482826  6660
2.2430380486862944  6298
2.24551266781415  6447
2.247973266361807  6202
2.250420002308894  6373
2.2528530309798933  6697
2.255272505103306  6004
2.2576785748691846  6597
2.2600713879850747  6143
2.2624510897304293  6052
2.2648178230095364  6731
2.2671717284030137  6127
2.2695129442179165  6752
2.271841606536499  6591
2.27415784926368  6408
2.2764618041732443  6707
2.278753600952829  6641
2.2810333672477277  5864
2.2833012287035497  6593
2.285557309007774  6367
2.287801729930226  5981
2.290034611362518  6636
2.292256071356476  6505
2.294466226161593  6046
2.296665190261531  6309
2.298853076409707  6583
2.3010299956639813  6263
2.303196057420489  6357
2.305351369446624  6472
2.307496037913213  6256
2.3096301674258988  5988
2.311753861055754  6170
2.3138672203691533  6492
2.315970345456918  6305
2.3180633349627615  6418
2.3201462861110542  6535
2.322219294733919  6242
2.3242824552976926  6077
2.326335860928751  6509
2.3283796034387376  6404
2.330413773349191  5835
2.3324384599156054  6317
2.3344537511509307  6373
2.3364597338485296  6188
2.3384564936046046  5949
2.3404441148401185  6223
2.342422680822206  6227
2.3443922736851106  6188
2.346352974450639  6147
2.3483048630481607  6361
2.3502480183341627  6004
2.3521825181113627  6178
2.3541084391474008  6671
2.3560258571931225  6157
2.357934847000454  6105
2.359835482339888  6927
2.361727836017593  6088
2.3636119798921444  6142
2.3654879848909  6434
2.367355921026019  6439
2.369215857410143  6154
2.3710678622717363  6194
2.3729120029701067  6844
2.374748346010104  6558
2.376576957056512  5756
2.3783979009481375  6683
2.380211241711606  6664
2.3820170425748683  6479
2.383815365980431  6273
2.385606273598312  6063
2.387389826338729  6769
2.3891660843645326  6105
2.3909351071033793  6467
2.392696953259666  6242
2.3944516808262164  6487
2.3961993470957363  6318
2.3979400086720375  6227
2.399673721481038  6940
2.401400540781544  6565
2.403120521175818  6417
2.404833716619938  6052
2.406540180433955  6224
2.4082399653118496  6201
2.4099331233312946  6524
2.41161970596323  6545
2.413299764081252  6397
2.4149733479708178  6000
2.416640507338281  6624
2.4183012913197452  6107
2.419955748489758  6714
2.4216039268698313  6453
2.423245873936808  6574
2.424881636631067  6314
2.4265112613645754  6427
2.428134794028789  6145
2.429752280002408  6721
2.4313637641589874  6427
2.432969290874406  6530
2.4345689040341987  6382
2.436162647040756  6329
2.437750562820388  6410
2.439332693830263  6416
2.4409090820652177  5891
2.4424797690644486  6118
2.444044795918076  6259
2.4456042032735974  6378
2.4471580313422194  6054
2.44870631990508  6032
2.450249108319361  6441
2.45178643552429  6992
2.4533183400470375  6355
2.45484486000851  6085
2.456366033129043  6569
2.4578818967339924  5939
2.459392487759231  6339
2.4608978427565478  6388
2.462397997898956  6153
2.4638929889859074  6477
2.4653828514484184  6269
2.4668676203541096  6320
2.4683473304121573  6095
2.469822015978163  6425
2.4712917110589387  6277
2.4727564493172123  6294
2.4742162640762553  6839
2.4756711883244296  5930
2.4771212547196626  6292
2.4785664955938436  6702
2.4800069429571505  6172
2.481442628502305  6489
2.482873583608754  6257
2.484299839346786  6715
2.48572142648158  5951
2.4871383754771865  6338
2.4885507165004443  6372
2.4899584794248346  6504
2.4913616938342726  6711
2.4927603890268375  6044
2.494154594018443  5913
2.4955443375464483  6178
2.496929648073215  6229
2.4983105537896004  6540
2.499687082618404  6436
2.5010592622177517  6361
2.5024271199844326  6502
2.503790683057181  6565
2.505149978319906  6335
2.506505032404872  6420
2.507855871695831  6283
2.509202522331103  6567
2.510545010206612  6005
2.5118833609788744  6321
2.513217600067939  6583
2.514547752660286  6308
2.515873843711679  5983
2.5171958979499744  6432
2.5185139398778875  6214
2.519827993775719  6206
2.5211380837040362  6610
2.5224442335063197  6614
2.5237464668115646  6193
2.525044807036845  6092
2.526339277389844  6720
2.5276299008713385  6369
2.5289167002776547  6314
2.530199698203082  6260
2.531478917042255  6143
2.5327543789924976  6162
2.534026106056135  6111
2.5352941200427703  6474
2.53655844257153  6247
2.537819095073274  6198
2.5390760987927767  6109
2.5403294747908736  6312
2.5415792439465807  6204
2.5428254269591797  6332
2.5440680443502757  6099
2.545307116465824  6346
2.546542663478131  6905
2.5477747053878224  6646
2.5490032620257876  6355
2.550228353055094  6194
2.5514499979728753  6339
2.552668216112193  6358
2.5538830266438746  6380
2.5550944485783194  6545
2.5563025007672873  6590
2.5575072019056577  6265
2.558708570533166  6168
2.5599066250361124  6227
2.561101383649056  6285
2.5622928644564746  6096
2.5634810853944106  6517
2.5646660642520893  6237
2.5658478186735176  6021
2.56702636615906  6330
2.568201724066995  6512
2.569373909615046  6381
2.5705429398818973  6153
2.571708831808688  6876
2.5728716022004803  6197
2.574031267727719  6560
2.575187844927661  6302
2.576341350205793  6381
2.5774917998372255  6461
2.578639209968072  6790
2.57978359661681  6005
2.5809249756756194  6440
2.582063362911709  7035
2.583198773968623  6545
2.584331224367531  6000
2.5854607295085006  6416
2.586587304671755  6684
2.5877109650189114  5967
2.5888317255942073  6292
2.5899496013257077  6128
2.591064607026499  6199
2.5921767573958667  6863
2.593286067020457  6546
2.5943925503754266  6488
2.595496221825574  6264
2.59659709562646  6784
2.597695185925512  6068
2.598790506763115  6594
2.5998830720736876  6240
2.6009728956867484  6392
2.6020599913279625  6201
2.603144372620182  6304
2.60422605308447  6481
2.6053050461411096  6246
2.606381365110605  7016
2.6074550232146687  5821
2.6085260335771943  6497
2.60959440922522  6403
2.61066016308988  6232
2.611723308007342  6331
2.6127838567197355  5809
2.6138418218760693  6194
2.6148972160331345  6029
2.615950051656401  6370
2.617000341120899  6254
2.6180480967120925  6323
2.6190933306267428  6438
2.6201360549737576  5720
2.621176281775035  6212
2.622214022966295  6169
2.6232492903979003  6721
2.6242820958356683  7133
2.625312450961674  5968
2.6263403673750423  6293
2.6273658565927325  6359
2.6283889300503116  6370
2.629409599102719  6269
2.630427875025024  6159
2.6314437690131722  6543
2.6324572921847245  6238
2.6334684555795866  6067
2.6344772701607315  6757
2.635483746814912  6246
2.6364878963533656  6142
2.637489729512511  6538
2.6384892569546374  6137
2.639486489268586  6489
2.640481436970422  6307
2.6414741105040997  6054
2.6424645202421213  6393
2.6434526764861874  6322
2.6444385894678386  6726
2.645422269349092  6561
2.6464037262230695  6569
2.6473829701146196  6120
2.6483600109809315  6213
2.649334858712142  6594
2.6503075231319366  6429
2.651278013998144  6319
2.6522463410033232  6212
2.6532125137753435  6450
2.6541765418779604  5884
2.655138434811382  6503
2.656098202012832  6872
2.6570558528571038  6625
2.6580113966571126  6383
2.658964842664435  5789
2.6599162000698504  6177
2.660865478003869  6410
2.661812685537261  6303
2.662757831681574  6512
2.663700925389648  6353
2.6646419755561257  6081
2.6655809910179533  6167
2.6665179805548807  6705
2.667452952889954  6362
2.66838591669  6549
2.6693168805661123  5931
2.670245853074124  6157
2.6711728427150834  5982
2.6720978579357175  6123
2.673020907128896  6629
2.673941998634088  6381
2.6748611407378116  6552
2.6757783416740852  6055
2.6766936096248664  6786
2.677606952720493  6771
2.678518379040114  6154
2.6794278966121188  6465
2.680335513414563  6275
2.681241237375587  6065
2.682145076373832  6330
2.6830470382388496  5896
2.683947130751512  6495
2.6848453616444123  6209
2.6857417386022635  6255
2.6866362692622934  6674
2.6875289612146345  6368
2.6884198220027105  6564
2.6893088591236203  6398
2.690196080028514  6141
2.6910814921229687  6421
2.69196510276736  6099
2.69284691927723  6745
2.693726948923647  6351
2.694605198933569  6118
2.6954816764901977  6539
2.696356388733332  6406
2.6972293427597176  6391
2.6981005456233897  6502
2.6989700043360187  6441
2.699837725867246  6206
2.7007037171450192  6028
2.7015679850559273  6335
2.7024305364455254  6662
2.7032913781186614  6079
2.7041505168397992  6273
2.705007959333336  6787
2.7058637122839193  6378
2.7067177823367587  5973
2.7075701760979363  6431
2.708420900134713  6240
2.709269960975831  6271
2.7101173651118162  6515
2.710963118995276  6172
2.711807229041191  6128
2.7126497016272113  6135
2.7134905430939424  5871
2.714329759745233  6160
2.7151673578484576  6139
2.716003343634799  6729
2.7168377232995247  6312
2.717670503002262  6425
2.718501688867274  6420
2.7193312869837265  6480
2.720159303405957  6438
2.7209857441537393  6480
2.7218106152125467  6108
2.722633922533812  6412
2.7234556720351857  6477
2.724275869600789  6120
2.725094521081469  6321
2.7259116322950483  6412
2.7267272090265724  6617
2.727541257028556  6821
2.7283537820212285  6041
2.72916478969277  5913
2.7299742856995555  6265
2.7307822756663893  6026
2.7315887651867388  6786
2.7323937598229686  6482
2.7331972651065692  6039
2.733999286538387  6049
2.734799829588847  6372
2.73559889969818  6031
2.7363965022766426  6418
2.7371926427047373  6438
2.737987326333431  6014
2.738780558484369  6396
2.739572344450092  6375
2.7403626894942437  6675
2.741151598851785  6468
2.741939077729199  6082
2.7427251313046983  6453
2.74350976472843  5882
2.7442929831226763  6012
2.7450747915820575  6730
2.745855195173729  6206
2.7466341989375787  6460
2.747411807886423  6404
2.7481880270062002  6485
2.7489628612561616  6378
2.749736315569061  6489
2.7505083948513462  6258
2.751279103983342  6136
2.7520484478194387  6426
2.7528164311882715  6628
2.7535830588929064  5838
2.754348335711019  6197
2.7551122663950713  6301
2.7558748556724915  6698
2.756636108245848  6484
2.7573960287930244  5975
2.75815462196739  6112
2.7589118923979736  6219
2.7596678446896306  6606
2.760422483423212  6175
2.7611758131557314  6340
2.761927838420529  6305
2.762678563727436  6365
2.7634279935629373  6677
2.7641761323903307  6465
2.7649229846498886  6597
2.765668554759014  6657
2.7664128471123997  6251
2.7671558660821804  6066
2.767897616018091  6280
2.7686381012476144  6232
2.7693773260761385  6682
2.7701152947871015  6302
2.7708520116421442  6875
2.7715874808812555  6310
2.77232170672292  6305
2.7730546933642626  6380
2.7737864449811935  6249
2.7745169657285498  6450
2.7752462597402365  6196
2.775974331129369  6088
2.776701183988411  6098
2.7774268223893115  6305
2.7781512503836434  6733
2.7788744720027396  6508
2.7795964912578244  6303
2.780317312140151  6192
2.7810369386211318  6373
2.781755374652469  5897
2.782472624166286  6791
2.7831886910752575  6187
2.783903579272735  5998
2.784617292632875  6733
2.785329835010767  6042
2.786041210242554  6036
2.7867514221455614  6597
2.787460474518415  6364
2.788168371141168  6138
2.788875115775417  6083
2.7895807121644256  6531
2.7902851640332416  6619
2.790988475088816  6391
2.791690649020118  6209
2.792391689498254  6310
2.79309160017658  6159
2.7937903846908188  6422
2.7944880466591697  6929
2.795184589682424  6591
2.7958800173440754  6333
2.7965743332104296  6486
2.7972675408307164  6214
2.797959643737196  6499
2.798650645445269  6202
2.7993405494535817  6019
2.8000293592441343  6430
2.800717078282385  6369
2.801403710017355  6016
2.802089257881733  6949
2.8027737252919755  6902
2.803457115648414  6651
2.8041394323353503  6682
2.8048206787211623  6861
2.8055008581584002  6149
2.806179973983887  6617
2.8068580295188172  6610
2.807535028068853  6642
2.808210972924222  6360
2.808885867359812  6115
2.8095597146352675  6373
2.8102325179950842  6430
2.8109042806687006  6645
2.8115750058705933  5985
2.812244696800369  6257
2.8129133566428557  6627
2.813580988568192  6241
2.81424759573192  6314
2.814913181275074  6296
2.815577748324267  6094
2.816241299991783  6175
2.8169038393756605  6599
2.8175653695597807  6211
2.8182258936139557  6569
2.8188854145940097  6238
2.8195439355418688  6060
2.82020145948564  5922
2.8208579894397  6322
2.821513528404773  6518
2.8221680793680175  6398
2.8228216453031045  6258
2.823474229170301  6362
2.824125833916549  6682
2.824776462475546  6480
2.8254261177678233  6172
2.8260748027008264  6373
2.826722520168992  6808
2.8273692730538253  6416
2.828015064223977  6186
2.82865989653532  6668
2.829303772831025  5916
2.829946695941636  6276
2.8305886686851442  6875
2.8312296938670634  6301
2.8318697742805017  6608
2.832508912706236  6125
2.833147111912785  6630
2.833784374656479  6128
2.8344207036815328  6385
2.835056101720116  6248
2.8356905714924254  6303
2.8363241157067516  6593
2.8369567370595505  6024
2.837588438235511  6108
2.8382192219076257  6435
2.838849090737255  6295
2.8394780473741985  6348
2.840106094456758  6595
2.8407332346118066  6491
2.841359470454855  6521
2.8419848045901137  6383
2.842609239610562  6360
2.8432327780980096  6214
2.843855422623161  5951
2.8444771757456815  6833
2.845098040014257  6232
2.8457180179666586  6498
2.846337112129805  6367
2.846955325019824  6076
2.847572659142112  5986
2.848189116991399  6155
2.8488047010518036  6312
2.8494194137968996  6513
2.850033257689769  6497
2.8506462351830666  6365
2.8512583487190755  6771
2.851869600729766  6038
2.8524799936368566  6378
2.8530895298518657  6424
2.8536982117761744  5710
2.8543060418010806  6256
2.8549130223078554  6036
2.8555191556678  6130
2.8561244442423  6531
2.8567288903828825  6357
2.8573324964312685  6269
2.857935264719429  6351
2.858537197569639  6296
2.859138297294531  6040
2.859738566197147  6311
2.8603380065709936  6707
2.8609366207000937  5984
2.8615344108590377  6737
2.862131379313037  6657
2.8627275283179747  6159
2.863322860120456  6824
2.8639173769578603  6545
2.864511081058392  6112
2.8651039746411278  6697
2.8656960599160706  6763
2.8662873390841948  6475
2.866877814337499  6522
2.8674674878590514  6314
2.8680563618230415  6524
2.8686444383948255  6149
2.8692317197309762  6136
2.869818207979328  6241
2.870403905279027  6410
2.8709888137605755  6816
2.8715729355458786  6157
2.8721562727482928  6039
2.8727388274726686  6344
2.873320601815399  6385
2.8739015978644615  6554
2.8744818176994666  6151
2.8750612633917  6067
2.8756399370041685  6641
2.876217840591642  6454
2.8767949762007006  6060
2.877371345869774  5924
2.8779469516291885  6481
2.8785217955012063  5987
2.8790958795000727  6332
2.8796692056320534  6081
2.88024177589548  6549
2.8808135922807914  6373
2.8813846567705728  6364
2.8819549713396007  6462
2.8825245379548803  6172
2.8830933585756897  6313
2.8836614351536176  6205
2.884228769632604  6362
2.884795363948981  6069
2.885361220031512  6956
2.885926339801431  5848
2.886490725172482  5691
2.8870543780509568  6062
2.887617300335736  6564
2.888179493918325  5923
2.8887409606828927  6172
2.88930170250631  5943
2.8898617212581885  6331
2.890421018800914  6345
2.890979596989689  6466
2.8915374576725643  6085
2.8920946026904804  6612
2.8926510338773004  6533
2.893206753059848  6269
2.8937617620579434  6588
2.8943160626844384  6024
2.8948696567452528  6102
2.895422546039408  6451
2.8959747323590648  6540
2.8965262174895554  5997
2.89707700320942  6223
2.8976270912904414  6682
2.8981764834976764  6355
2.8987251815894934  6266
2.8992731873176036  6742
2.8998205024270964  6405
2.9003671286564705  6707
2.900913067737669  6365
2.9014583213961123  6311
2.9020028913507296  6187
2.902546779313991  5799
2.9030899869919438  6719
2.9036325160842376  6207
2.9041743682841634  6397
2.904715545278681  7054
2.905256048748451  6302
2.9057958803678687  6413
2.906335041805091  6291
2.90687353472207  6539
2.907411360774586  6259
2.9079485216122722  6299
2.90848501887865  6442
2.909020854211156  6428
2.9095560292411755  6027
2.910090545594068  6929
2.910624404889201  6292
2.9111576087399764  6145
2.9116901587538613  6246
2.9122220565324155  6445
2.912753303671323  6713
2.9132839017604186  6502
2.9138138523837167  6067
2.9143431571194407  6487
2.9148718175400505  6697
2.91539983521227  6784
2.9159272116971158  6488
2.916453948549925  6473
2.9169800473203824  6251
2.9175055095525466  6241
2.9180303367848803  5905
2.9185545305502734  6246
2.9190780923760737  6344
2.919601023784111  6388
2.920123326290724  6151
2.9206450014067875  6633
2.921166050637739  6695
2.921686475483602  6178
2.9222062774390163  6337
2.92272545799326  6181
2.9232440186302764  6090
2.9237619608287004  6015
2.9242792860618816  6556
2.924795995797912  6421
2.9253120914996495  6403
2.9258275746247424  6217
2.926342446625655  6343
2.926856708949692  6581
2.9273703630390235  5863
2.9278834103307068  6040
2.9283958522567137  6424
2.928907690243953  6144
2.929418925714293  6429
2.929929560084588  6505
2.9304395947667  6518
2.930949031167523  5710
2.931457870689005  6381
2.931966114728173  6373
2.932473764677153  5946
2.932980821923198  6053
2.9334872878487053  6796
2.9339931638312424  6186
2.934498451243568  6251
2.935003151453655  6756
2.9355072658247128  6189
2.9360107957152097  6285
2.936513742478893  6432
2.9370161074648142  6286
2.937517892017347  6539
2.9380190974762104  6371
2.938519725176492  6387
2.9390197764486663  6629
2.9395192526186187  6063
2.9400181550076634  6758
2.940516484932567  6447
2.9410142437055695  6496
2.941511432634403  5881
2.942008053022313  6433
2.9425041061680806  5900
2.9429995933660407  6346
2.9434945159061026  6346
2.9439888750737717  6169
2.9444826721501687  6352
2.9449759084120477  5888
2.94546858513182  6184
2.9459607035775686  5771
2.946452265013073  6211
2.9469432706978256  6308
2.9474337218870508  6375
2.9479236198317262  6359
2.948412965778601  6491
2.9489017609702137  6065
2.949390006644913  6198
2.949877704036875  6188
2.950364854376123  6678
2.9508514588885464  6283
2.951337518795918  6088
2.951823035315912  6169
2.9523080096621253  5831
2.952792443044092  6668
2.9532763366673045  6177
2.9537596917332287  6193
2.9542425094393248  7073
2.954724790979063  6642
2.9552065375419416  6359
2.9556877503135057  6256
2.9561684304753633  6508
2.9566485792052033  6304
2.957128197676813  6310
2.957607287060095  6529
2.958085848521085  6191
2.9585638832219674  6561
2.9590413923210934  6602
2.9595183769729982  6535
2.959994838328416  6164
2.960470777534299  6476
2.960946195733831  6174
2.9614210940664485  6076
2.9618954736678504  6533
2.962369335670021  6447
2.9628426812012423  6604
2.9633155113861114  6223
2.963787827345555  6165
2.964259630196849  6464
2.9647309210536292  6715
2.965201701025912  6359
2.9656719712201065  6445
2.9661417327390325  6259
2.966610986681934  6455
2.967079734144497  6459
2.967547976218862  6364
2.968015713993642  6345
2.9684829485539352  6293
2.9689496809813427  6262
2.9694159123539814  6544
2.9698816437465  6316
2.9703468762300935  6444
2.9708116108725178  6253
2.971275848738105  6147
2.971739590887778  6078
2.9722028383790646  5891
2.972665592266111  6244
2.9731278535996988  6412
2.973589623427257  6363
2.9740509027928774  6889
2.9745116927373285  6566
2.974971994298069  5849
2.975431808509263  6588
2.975891136401793  6461
2.9763499790032735  6191
2.976808337338066  6408
2.977266212427293  6123
2.9777236052888476  6123
2.978180516937414  6620
2.9786369483844743  6527
2.979092900638326  6239
2.979548374704095  6674
2.9800033715837464  5990
2.9804578922761  5981
2.9809119377768436  5906
2.9813655090785445  6390
2.9818186071706636  6753
2.9822712330395684  6560
2.9827233876685453  6543
2.983175072037813  6123
2.9836262871245345  6391
2.984077033902831  6178
2.9845273133437926  6105
2.9849771264154934  6799
2.9854264740830017  6221
2.9858753573083936  6103
2.986323777050765  6107
2.9867717342662448  6421
2.9872192299080047  6212
2.9876662649262746  6492
2.988112840268352  6206
2.9885589568786157  6760
2.989004615698537  6126
2.9894498176666917  6456
2.989894563718773  6636
2.9903388547876015  5885
2.9907826918031377  6162
2.9912260756924947  6155
2.9916690073799486  6418
2.9921114877869495  6430
2.9925535178321354  6562
2.9929950984313414  6199
2.9934362304976116  6164
2.993876914941211  6321
2.9943171526696366  6361
2.9947569445876283  6182
2.9951962915971793  6540
2.99563519459755  6910
2.9960736544852753  6093
2.9965116721541785  6197
2.996949248495381  6442
2.997386384397313  5974
2.9978230807457256  6494
2.998259338423699  6261
2.998695158311656  6466
2.999130541287371  6289
2.9995654882259823  6523
3.0  6758
3.000434077479319  6098
3.0008677215312267  6626
3.0013009330204183  6960
3.0017337128090005  6604
3.002166061756508  6042
3.0025979807199086  6149
3.003029470553618  6937
3.0034605321095067  6571
3.0038911662369103  6330
3.0043213737826426  6171
3.004751155591001  6025
3.0051805125037805  6529
3.0056094453602804  6311
3.0060379549973173  6005
3.0064660422492318  6349
3.0068937079479006  6394
3.0073209529227447  6142
3.00774777800074  6859
3.0081741840064264  6550
3.0086001717619175  6165
3.0090257420869104  5965
3.009450895798694  6507
3.00987563371216  6682
3.010299956639812  6264
3.010723865391773  6228
3.0111473607757975  6759
3.0115704435972783  6726
3.011993114659257  6193
3.012415374762433  6157
3.012837224705172  5933
3.0132586652835167  6281
3.0136796972911926  6447
3.0141003215196207  6140
3.0145205387579237  6441
3.0149403497929366  6247
3.0153597554092144  6146
3.015778756389041  6156
3.016197353512439  6437
3.016615547557177  6470
3.0170333392987803  6156
3.017450729510536  6123
3.0178677189635055  5687
3.018284308426531  6689
3.0187004986662433  6500
3.019116290447073  6441
3.0195316845312554  6462
3.0199466816788423  6243
3.0203612826477078  5801
3.020775488193558  6490
3.0211892990699383  6385
3.021602716028242  6357
3.02201573981772  6180
3.0224283711854865  6594
3.022840610876528  6170
3.0232524596337114  6053
3.0236639181977933  6303
3.024074987307426  6640
3.024485667699167  6384
3.024895960107485  6160
3.0253058652647704  6743
3.025715383901341  6622
3.0261245167454502  6388
3.0265332645232967  6203
3.0269416279590295  6527
3.0273496077747564  6331
3.0277572046905536  6546
3.0281644194244697  6163
3.0285712526925375  6554
3.028977705208778  6263
3.0293837776852097  6391
3.029789470831856  6341
3.030194785356751  6636
3.030599721965951  6469
3.0310042813635367  6436
3.031408464251624  6133
3.0318122713303706  6287
3.0322157032979815  6361
3.03261876085072  6537
3.0330214446829107  6499
3.03342375548695  6458
3.03382569395331  6475
3.0342272607705505  6176
3.0346284566253203  6258
3.0350292822023683  6116
3.0354297381845483  6096
3.035829825252828  5964
3.0362295440862948  6361
3.036628895362161  6467
3.037027879755775  6127
3.037426497940624  6017
3.037824750588342  6412
3.0382226383687185  6429
3.038620161949703  6499
3.039017321997412  6670
3.0394141191761372  6007
3.0398105541483504  6205
3.0402066275747113  6323
3.040602340114073  6398
3.0409976924234905  6212
3.041392685158225  6108
3.041787318971752  6454
3.042181594515766  5848
3.0425755124401905  6397
3.0429690733931802  6315
3.0433622780211294  6521
3.0437551269686796  6408
3.044147620878723  6521
3.044539760392411  6435
3.04493154614916  6226
3.0453229787866576  6347
3.0457140589408676  6239
3.0461047872460387  6434
3.0464951643347082  6048
3.04688519083771  6523
3.0472748673841794  6164
3.04766419460156  6395
3.048053173115609  6180
3.0484418035504044  6281
3.04883008652835  6210
3.0492180226701815  6253
3.049605612594973  6560
3.0499928569201424  6044
3.050379756261458  6349
3.0507663112330423  6481
3.0511525224473814  6355
3.0515383905153275  6508
3.0519239160461065  6429
3.0523090996473234  6493
3.052693941924968  6062
3.0530784434834195  6167
3.053462604925455  6718
3.0538464268522527  6581
3.0542299098633974  6328
3.0546130545568877  6632
3.0549958615291417  6151
3.055378331375  6441
3.0557604646877348  6257
3.056142262059052  6434
3.0565237240791006  6469
3.0569048513364727  6371
3.0572856444182146  7000
3.0576661039098294  6282
3.0580462303952816  6283
3.058426024457005  5932
3.0588054866759067  6531
3.059184617631371  6634
3.0595634179012676  6629
3.059941888061955  6628
3.060320028688285  5966
3.060697840353612  6732
3.0610753236297916  6115
3.061452479087193  6762
3.061829307294699  5942
3.0622058088197126  6360
3.062581984228163  6372
3.0629578340845103  6534
3.0633333589517497  6278
3.0637085593914173  6109
3.064083435963596  6435
3.0644579892269186  6451
3.064832219738574  5822
3.065206128054312  6724
3.0655797147284485  6485
3.06595298031387  6215
3.0663259253620376  6339
3.0666985504229953  6387
3.0670708560453703  6537
3.0674428427763805  6182
3.0678145111618402  5979
3.0681858617461617  6234
3.068556895072363  6556
3.068927611682072  6336
3.0692980121155293  6393
3.0696680969115957  6338
3.070037866607755  6260
3.0704073217401198  6517
3.0707764628434346  6389
3.0711452904510828  6336
3.071513805095089  5949
3.0718820073061255  6392
3.072249897613515  6263
3.0726174765452368  6359
3.0729847446279304  6356
3.073351702386901  5956
3.0737183503461227  6872
3.074084689028244  6143
3.074450718954591  6428
3.074816440645175  6813
3.0751818546186915  6213
3.0755469613925306  5899
3.0759117614827773  6673
3.076276255404218  6537
3.076640443670342  6708
3.0770043267933502  6644
3.0773679052841563  6283
3.077731179652392  6548
3.0780941504064105  6211
3.0784568180532927  6394
3.0788191830988487  6153
3.0791812460476247  6168
3.079543007402906  6359
3.079904467666721  6693
3.0802656273398448  6052
3.0806264869218056  6399
3.080987046910887  6142
3.0813473078041325  6342
3.081707270097349  6433
3.082066934285113  6809
3.0824263008607717  5985
3.0827853703164503  6267
3.0831441431430524  6245
3.0835026198302673  6098
3.083860800866573  6629
3.0842186867392387  5762
3.084576277934331  6271
3.084933574936716  6369
3.085290578230065  6440
3.0856472882968564  6111
3.0860037056183818  6270
3.0863598306747484  6192
3.0867156639448825  6267
3.0870712059065353  5981
3.0874264570362855  6415
3.087781417809542  6597
3.0881360887005513  6774
3.0884904701823963  6293
3.088844562727004  6281
3.089198366805149  6476
3.089551882886454  6607
3.089905111439398  6282
3.090258052931316  6115
3.090610707828407  6511
3.0909630765957314  6625
3.091315159697223  6784
3.0916669575956846  6456
3.092018470752797  6428
3.0923696996291206  6390
3.0927206446840994  6659
3.0930713063760633  6551
3.093421685162235  5931
3.09377178149873  6155
3.0941215958405612  5826
3.094471128641645  6444
3.0948203803548  6608
3.095169351431755  6600
3.095518042323151  6551
3.0958664534785427  6142
3.0962145853464054  6398
3.0965624383741357  6486
3.0969100130080562  6665
3.09725730969342  6167
3.097604328874411  6608
3.09795107099415  6566
3.0982975364946976  5875
3.098643725817057  6605
3.0989896394011773  6010
3.0993352776859577  6404
3.09968064110925  6571
3.1000257301078626  6694
3.100370545117563  6176
3.1007150865730817  6369
3.1010593549081156  6619
3.101403350555331  6264
3.1017470739463664  6910
3.1020905255118367  6670
3.1024337056813365  6293
3.1027766148834415  6107
3.1031192535457137  6393
3.103461622094705  7064
3.103803720955957  6853
3.104145550554008  5998
3.104487111312395  6331
3.1048284036536553  6254
3.1051694279993316  6364
3.1055101847699738  5927
3.1058506743851435  6099
3.1061908972634154  6534
3.1065308538223815  6078
3.106870544478654  6604
3.1072099696478683  6061
3.1075491297446862  6574
3.1078880251827985  6853
3.1082266563749283  6485
3.1085650237328344  6191
3.1089031276673134  6234
3.109240968588203  6402
3.1095785469043866  6068
3.1099158630237933  6068
3.110252917353403  6233
3.110589710299249  6911
3.1109262422664203  6205
3.1112625136590655  6228
3.111598524880394  6203
3.1119342763326814  6124
3.1122697684172707  6444
3.1126050015345745  6791
3.11293997608408  6239
3.1132746924643504  6123
3.1136091510730277  6074
3.113943352306837  6111
3.1142772965615864  5947
3.114610984232173  6122
3.1149444157125847  6275
3.1152775913959014  6545
3.1156105116742996  5804
3.115943176939055  6451
3.116275587580544  5860
3.1166077439882485  6357
3.116939646550756  6479
3.1172712956557644  5874
3.117602691690084  6498
3.1179338350396413  5782
3.118264726089479  6370
3.118595365223762  6283
3.1189257528257768  6045
3.1192558892779365  6010
3.119585774961784  6217
3.119915410257991  6165
3.1202447955463652  6829
3.12057393120585  6378
3.1209028176145273  6326
3.1212314551496214  6483
3.1215598441875008  6720
3.121887985103681  6965
3.1222158782728267  5900
3.1225435240687545  6306
3.1228709228644354  5919
3.1231980750319988  6518
3.123524980942732  6205
3.123851640967086  6556
3.124178055474675  6563
3.1245042248342823  6673
3.1248301494138593  6395
3.12515582958053  6398
3.125481265700594  6172
3.125806458139527  6369
3.1261314072619846  7078
3.1264561134318045  6870
3.126780577012009  6480
3.1271047983648077  6227
3.127428777851599  6496
3.1277525158329733  6303
3.1280760126687155  6311
3.1283992687178066  6594
3.128722284338427  6176
3.1290450598879582  6680
3.1293675957229854  6426
3.129689892199301  6244
3.1300119496719043  6460
3.130333768495006  6383
3.130655349022031  6099
3.130976691605617  6383
3.131297796597623  6189
3.1316186643491255  6292
3.1319392952104246  6195
3.1322596895310446  6120
3.132579847659737  6125
3.132899769944483  6697
3.1332194567324945  6220
3.1335389083702174  6233
3.133858125203335  6220
3.1341771075767664  6463
3.1344958558346736  6054
3.13481437032046  6753
3.1351326513767748  6642
3.1354506993455136  5870
3.1357685145678222  6493
3.1360860973840974  6952
3.13640344813399  6505
3.1367205671564067  6604
3.1370374547895126  6500
3.137354111370733  6482
3.137670537236755  6301
3.137986732723532  6374
3.1383026981662816  6483
3.1386184338994925  5962
3.1389339402569236  6848
3.139249217571607  6323
3.13956426617585  6351
3.1398790864012365  6509
3.140193678578631  6265
3.1405080430381798  6874
3.1408221801093106  6639
3.141136090120739  6267
3.1414497734004674  6356
3.141763230275788  6356
3.1420764610732848  5963
3.142389466118836  6157
3.1427022457376155  6255
3.143014800254095  6178
3.143327129992046  6459
3.1436392352745433  6812
3.1439511164239633  6359
3.144262773761991  6183
3.144574207609616  6441
3.144885418287142  6627
3.1451964061141817  6295
3.1455071714096627  5953
3.1458177144918276  6312
3.146128035678238  6696
3.1464381352857744  5893
3.14674801363064  6089
3.1470576710283598  6072
3.1473671077937864  6250
3.1476763242410986  6206
3.147985320683805  6668
3.1482940974347455  6269
3.1486026548060932  6289
3.1489109931093564  6234
3.1492191126553797  5965
3.149527013754348  6365
3.149834696715785  6094
3.1501421618485588  6325
3.150449409460881  6343
3.150756439860309  6448
3.15106325335375  6204
3.1513698502474603  5991
3.151676230847048  6560
3.151982395457474  5985
3.1522883443830563  6288
3.15259407792747  6313
3.1528995963937474  6332
3.153204900084284  6337
3.1535099893008374  6245
3.153814864344529  6403
3.154119525515847  6337
3.154423973114647  6563
3.1547282074401557  6773
3.1550322287909704  6751
3.155336037465062  6718
3.1556396337597765  6623
3.1559430179718366  6644
3.1562461903973444  6506
3.1565491513317814  6261
3.156851901070011  6747
3.1571544399062814  5978
3.157456768134226  6164
3.1577588860468637  6496
3.158060793936605  6381
3.1583624920952498  6390
3.1586639808139894  6160
3.15896526038341  5817
3.159266331093494  6575
3.1595671932336202  6244
3.1598678470925665  6310
3.160168292958512  6238
3.1604685311190375  6622
3.1607685618611283  6340
3.1610683854711747  6051
3.161368002234975  6120
3.161667412437736  5789
3.161966616364075  6378
3.1622656142980214  6498
3.162564406523019  6275
3.162862993321926  6433
3.1631613749770184  6346
3.16345955176999  6234
3.163757523981956  6170
3.1640552918934515  6792
3.164352855784437  6161
3.1646502159342966  6272
3.1649473726218416  6777
3.1652443261253107  6555
3.165541076722373  5996
3.1658376246901283  6415
3.166133970305109  6449
3.166430113843283  6506
3.166726055580052  6122
3.1670217957902564  6263
3.167317334748176  6160
3.16761267272753  5951
3.16790781000148  6361
3.168202746842631  6193
3.1684974835230326  5830
3.1687920203141817  6414
3.1690863574870227  6352
3.1693804953119495  6420
3.1696744340588068  6181
3.1699681739968923  6339
3.1702617153949575  5783
3.1705550585212086  6621
3.170848203643309  6744
3.1711411510283822  6386
3.171433900943008  6758
3.171726453653231  6308
3.1720188094245563  6089
3.172310968521954  6252
3.17260293120986  6405
3.1728946977521764  6570
3.173186268412274  6320
3.1734776434529945  6089
3.17376882313665  6376
3.1740598077250253  6284
3.1743505974793798  6193
3.1746411926604483  6293
3.1749315935284423  6527
3.1752218003430523  6042
3.1755118133634475  6709
3.1758016328482794  6381
3.1760912590556813  6849
3.1763806922432702  6640
3.17666993266815  6648
3.176958980586908  6256
3.1772478362556233  6266
3.1775364999298623  6459
3.177824971864682  5899
3.1781132523146316  6875
3.178401341533755  6264
3.17868923977559  6318
3.1789769472931693  5876
3.1792644643390253  6897
3.1795517911651876  6519
3.179838928023187  6823
3.180125875164054  6701
3.180412632838324  6043
3.1806992012960347  6599
3.1809855807867304  6017
3.1812717715594614  6552
3.1815577738627865  6264
3.1818435879447726  6128
3.182129214052998  6079
3.182414652434554  6313
3.1826999033360424  6584
3.182984967003582  6359
3.1832698436828046  6496
3.1835545336188615  5895
3.1838390370564214  6078
3.184123354239671  6180
3.1844074854123203  6208
3.184691430817599  6422
3.184975190698261  6405
3.185258765296585  6171
3.185542154854375  6505
3.185825359612962  5968
3.1861083798132053  6382
3.186391215695493  6171
3.1866738674997452  6037
3.1869563354654122  6467
3.187238619831479  6737
3.187520720836463  6202
3.1878026387184195  6378
3.188084373714938  6438
3.188365926063148  6412
3.188647295999717  6521
3.1889284837608534  6626
3.189209489582306  6547
3.1894903136993675  6624
3.189770956346874  7081
3.190051417759206  6232
3.1903316981702914  6524
3.190611797813605  6296
3.1908917169221698  6394
3.1911714557285586  6220
3.1914510144648953  5791
3.1917303933628562  6386
3.1920095926536702  5701
3.1922886125681202  6296
3.1925674533365456  6437
3.192846115188842  6655
3.1931245983544616  6657
3.1934029030624176  6570
3.1936810295412816  6703
3.193958978019187  6899
3.1942367487238292  6351
3.194514341882467  6523
3.1947917577219247  6348
3.1950689964685903  6359
3.1953460583484197  6216
3.1956229435869368  6620
3.1958996524092336  6440
3.1961761850399735  6115
3.196452541703389  6733
3.196728722623287  6018
3.1970047280230456  6270
3.197280558125619  6280
3.1975562131535367  6530
3.197831693328903  5730
3.1981069988734014  6381
3.1983821300082944  6299
3.1986570869544226  6471
3.198931869932209  6038
3.1992064791616577  6496
3.199480914862356  6561
3.1997551772534747  6328
3.2000292665537704  5984
3.200303182981585  5909
3.2005769267548483  6610
3.2008504980910772  6360
3.2011238972073794  6377
3.2013971243204513  6606
3.2016701796465816  6380
3.20194306340165  6111
3.2022157758011316  6483
3.2024883170600935  6776
3.2027606873931997  6265
3.2030328870147105  6835
3.203304916138483  6197
3.2035767749779724  6082
3.2038484637462346  6223
3.2041199826559246  6780
3.2043913319193  6279
3.204662511748219  6603
3.204933522354145  5980
3.2052043639481447  6681
3.205475036740891  6111
3.205745540942662  6746
3.2060158767633444  6135
3.2062860444124324  6222
3.2065560440990297  6614
3.2068258760318495  6793
3.207095540419218  6000
3.2073650374690716  6206
3.2076343673889616  6341
3.2079035303860515  5961
3.2081725266671217  6371
3.208441356438567  6560
3.208710019906401  6049
3.2089785172762535  6592
3.2092468487533736  6177
3.2095150145426308  6136
3.209783014848515  6159
3.2100508498751372  6869
3.210318519826232  6361
3.2105860249051563  6427
3.210853365314893  6384
3.2111205412580492  6617
3.2113875529368587  5896
3.2116544005531824  6746
3.2119210843085093  6300
3.2121876044039577  6196
3.212453961040276  6248
3.2127201544178425  5832
3.212986184736668  6356
3.2132520521963968  6269
3.2135177569963047  6792
3.2137832993353044  6081
3.2140486794119414  6311
3.2143138974244  6133
3.214578953570499  6691
3.214843848047698  6407
3.215108581053093  6422
3.215373152783422  5967
3.215637563435062  6342
3.215901813204032  6473
3.216165902285993  6587
3.216429830876251  6765
3.2166935991697545  6817
3.216957207361097  6453
3.217220655644519  6602
3.2174839442139063  6619
3.2177470732627937  6142
3.218010042984363  6029
3.2182728535714475  6407
3.218535505216528  5974
3.2187979981117376  6284
3.219060332448861  6480
3.219322508419337  6468
3.2195845262142546  6277
3.219846386024361  6968
3.220108088040055  6409
3.2203696324513946  6329
3.220631019448092  6591
3.2208922492195193  5747
3.2211533219547053  6379
3.2214142378423385  6353
3.2216749970707688  7021
3.2219355998280053  6008
3.22219604630172  6412
3.222456336679247  6356
3.2227164711475833  6429
3.2229764498933915  6311
3.2232362731029975  6441
3.2234959409623944  6390
3.2237554536572413  6754
3.224014811372864  6152
3.2242740142942576  6028
3.2245330626060857  6575
3.2247919564926817  6222
3.225050696138049  6359
3.225309281725863  6021
3.225567713439471  6615
3.2258259914618934  6358
3.226084115975824  6324
3.226342087163631  6355
3.2265999052073573  6415
3.2268575702887237  5958
3.2271150825891253  6226
3.2273724422896364  6818
3.227629649571009  5927
3.2278867046136734  6437
3.2281436075977417  6552
3.228400358703005  6370
3.2286569581089353  6439
3.228913405994688  6728
3.229169702539101  6405
3.229425847920695  6062
3.229681842317676  6228
3.229937685907934  6062
3.230193378869046  6339
3.230448921378274  6711
3.230704313612569  6064
3.230959555748569  6063
3.231214647962601  6784
3.2314695904306814  6072
3.2317243833285163  6225
3.231979026831504  6357
3.2322335211147335  6359
3.232487866352986  6322
3.232742062720737  5972
3.2329961103921536  6275
3.2332500095411003  6302
3.2335037603411343  6622
3.2337573629655103  6025
3.2340108175871793  6349
3.2342641243787895  6589
3.2345172835126865  6645
3.2347702951609163  6503
3.2350231594952237  6322
3.2352758766870524  6427
3.2355284469075487  6814
3.2357808703275603  6490
3.236033147117636  6250
3.2362852774480286  6457
3.236537261488694  5939
3.2367890994092927  6499
3.237040791379191  5694
3.237292337567459  6444
3.2375437381428744  6090
3.2377949932739227  6375
3.2380461031287955  6678
3.238297067875394  6260
3.2385478876813276  5948
3.238798562713917  6760
3.2390490931401916  6811
3.2392994791268923  6163
3.239549720840473  6522
3.2397998184470986  6176
3.2400497721126476  6291
3.2402995820027125  6269
3.2405492482826  6289
3.240798771117331  6006
3.241048150671644  6282
3.2412973871099933  6443
3.2415464805965484  6568
3.241795431295199  6484
3.2420442393695508  6098
3.2422929049829308  6099
3.2425414282983844  6335
3.2427898094786767  6228
3.2430380486862944  6864
3.243286146083446  6087
3.243534101832062  6772
3.243781916093795  6209
3.244029589030022  6134
3.244277120801843  6390
3.244524511570084  6441
3.244771761495295  6414
3.245018870737753  6635
3.245265839457461  6065
3.24551266781415  6592
3.245759355967277  6028
3.246005904076029  6164
3.246252312299322  6271
3.246498580795801  6061
3.2467447097238415  6585
3.24699069924155  6712
3.247236549506764  6358
3.2474822606770544  6612
3.2477278329097232  6783
3.247973266361807  6522
3.248218561190075  6603
3.248463717551032  6727
3.2487087356009177  6323
3.2489536154957075  6137
3.249198357391113  6675
3.249442961442582  6068
3.2496874278053016  6504
3.249931756634195  5883
3.250175948083925  6351
3.250420002308894  6769
3.2506639194632436  6208
3.250907699700856  6366
3.2511513431753545  6225
3.2513948500401044  6671
3.251638220448212  5971
3.2518814545525276  6213
3.252124552505644  6121
3.2523675144598987  6359
3.252610340567373  6248
3.2528530309798933  6803
3.2530955858490316  5808
3.2533380053261065  6476
3.253580289562183  6668
3.2538224387080734  6158
3.254064452914338  6506
3.2543063323312857  6516
3.2545480771089736  6468
3.25478968739721  5889
3.2550311633455515  6429
3.255272505103306  6262
3.2555137128195333  6307
3.255754786643044  6165
3.255995726722402  6000
3.256236533205923  6289
3.256477206241677  6351
3.256717745977487  6458
3.256958152560932  5937
3.2571984261393445  6075
3.257438566859814  6608
3.2576785748691846  6236
3.2579184503140586  6392
3.2581581933407944  6447
3.258397804095509  6152
3.2586372827240764  6695
3.258876629372131  6197
3.2591158441850663  6397
3.2593549273080344  6298
3.2595938788859486  6186
3.2598326990634834  6601
3.2600713879850747  6248
3.26030994579492  6233
3.2605483726369795  6645
3.2607866686549762  6309
3.2610248339923973  6531
3.2612628687924934  6672
3.2615007731982804  6450
3.2617385473525378  6490
3.2619761913978125  6038
3.262213705476417  6227
3.2624510897304293  6144
3.2626883443016963  6349
3.2629254693318317  6426
3.2631624649622166  6301
3.263399331334002  6145
3.263636068588108  6379
3.2638726768652235  6237
3.2641091563058082  6244
3.2643455070500926  7039
3.2645817292380777  6067
3.2648178230095364  6395
3.2650537885040145  6976
3.26528962586083  6408
3.2655253352190736  6496
3.2657609167176105  6565
3.265996370495079  6385
3.266231696689893  6260
3.2664668954402414  6406
3.2667019668840878  5904
3.266936911159173  7045
3.2671717284030137  6158
3.267406418752904  6550
3.2676409823459154  6471
3.2678754193188975  6442
3.2681097298084785  6078
3.268343913951065  6118
3.268577971882843  6176
3.2688119037397803  6216
3.269045709657623  6405
3.2692793897718984  6419
3.2695129442179165  6074
3.269746373130767  6106
3.269979676645324  6301
3.2702128548962426  6627
3.2704459080179626  6615
3.2706788361447066  6490
3.2709116394104814  6359
3.2711443179490782  6195
3.2713768718940743  6138
3.271609301378832  6586
3.271841606536499  6112
3.27207378750001  5966
3.2723058444020863  6049
3.2725377773752373  6101
3.2727695865517594  6401
3.2730012720637376  6431
3.2732328340430454  6434
3.273464272621346  6326
3.273695587930092  6469
3.2739267801005254  5933
3.27415784926368  6911
3.274388795550379  6735
3.274619619091238  6651
3.274850320016665  6515
3.2750808984568587  6792
3.2753113545418118  5708
3.2755416884013098  6240
3.2757719001649312  6555
3.27600198996205  6261
3.2762319579218335  6637
3.2764618041732443  6534
3.27669152884504  6656
3.276921132065774  6171
3.277150613963797  6552
3.2773799746672547  6259
3.2776092143040914  6143
3.2778383330020473  6390
3.2780673308886628  6574
3.2782962080912736  6606
3.2785249647370174  6271
3.278753600952829  5985
3.278982116865443  6337
3.279210512601395  5873
3.2794387882870204  6336
3.2796669440484556  6389
3.279894980011638  6195
3.2801228963023075  6620
3.280350693046006  6511
3.2805783703680764  5978
3.280805928393667  6265
3.2810333672477277  6475
3.281260687055013  5927
3.2814878879400813  6597
3.281714970027296  6540
3.281941933440825  6486
3.2821687783046416  6277
3.2823955047425257  6275
3.2826221128780624  6415
3.282848602834645  6367
3.2830749747354715  6599
3.2833012287035497  6437
3.2835273648616936  6129
3.2837533833325265  6587
3.28397928423848  5794
3.284205067701794  6545
3.2844307338445193  6557
3.2846562827885157  6626
3.284881714655453  6748
3.285107029566812  5988
3.2853322276438846  6018
3.285557309007774  6180
3.285782273779395  6179
3.2860071220794747  6096
3.286231854028553  5665
3.286456469746983  6541
3.28668096935493  6346
3.286905352972375  6145
3.287129620719111  6270
3.2873537727147464  6578
3.2875778090787056  6090
3.287801729930226  6685
3.2880255353883627  6863
3.288249225571986  5971
3.2884728005997825  6008
3.288696260590256  5795
3.2889196056617265  6471
3.289142835932333  6535
3.2893659515200318  6512
3.2895889525425965  6752
3.2898118391176214  6292
3.290034611362518  6545
3.2902572693945182  6542
3.290479813330673  6429
3.2907022432878543  6367
3.2909245593827543  6040
3.2911467617318855  6265
3.291368850451583  5846
3.2915908256580013  6556
3.291812687467119  6451
3.2920344359947364  6195
3.292256071356476  6233
3.292477593667784  6612
3.29269900304393  6647
3.292920299600006  6064
3.2931414834509307  6015
3.2933625547114453  5790
3.2935835134961167  6613
3.2938043599193367  5818
3.2940250940953226  6604
3.2942457161381182  6085
3.294466226161593  6635
3.2946866242794433  6320
3.2949069106051923  6200
3.295127085252191  6347
3.295347148333618  6580
3.295567099962479  6525
3.295786940251609  6332
3.2960066693136723  7086
3.2962262872611605  6006
3.296445794206396  6649
3.296665190261531  6711
3.296884475538547  6369
3.2971036501492565  6308
3.2973227142053028  6276
3.2975416678181597  6309
3.297760511099134  6549
3.2979792441593623  6514
3.298197867109815  6432
3.2984163800612945  6732
3.2986347831244354  6177
3.298853076409707  5892
3.2990712600274095  6891
3.29928933408768  6089
3.2995072987004876  6260
3.2997251539756367  6668
3.299942900022767  6437
3.3001605369513523  6083
3.3003780648707024  6242
3.3005954838899636  6573
3.300812794118117  6345
3.3010299956639813  6110
3.3012470886362113  6348
3.3014640731433  6704
3.3016809492935764  6315
3.301897717195208  6637
3.302114376956201  6170
3.302330928684399  6353
3.3025473724874854  6226
3.3027637084729817  6051
3.3029799367482493  6435
3.303196057420489  5960
3.303412070596742  6604
3.30362797638389  6527
3.3038437748886547  6326
3.3040594662175993  6263
3.3042750504771283  6188
3.3044905277734875  6322
3.3047058982127653  6306
3.3049211619008916  6296
3.305136318943639  6310
3.305351369446624  6213
3.305566313515304  6385
3.3057811512549824  6282
3.3059958827708047  6305
3.3062105081677613  6236
3.3064250275506875  5616
3.3066394410242617  6100
3.3068537486930087  6411
3.3070679506612985  6086
3.307282047033346  6683
3.307496037913213  6469
3.307709923404807  6077
3.307923703611882  6182
3.3081373786380386  6495
3.308350948586726  6404
3.3085644135612386  6084
3.3087777736647213  5936
3.3089910290001643  6143
3.3092041796704077  6785
3.30941722577814  6765
3.3096301674258988  6054
3.3098430047160705  6206
3.3100557377508912  6241
3.3102683666324477  6306
3.3104808914626753  6612
3.3106933123433606  6151
3.3109056293761414  6586
3.311117842662506  5864
3.3113299523037933  5972
3.311541958401195  6372
3.311753861055754  6409
3.3119656603683665  6463
3.3121773564397787  6646
3.312388949370592  6934
3.3126004392612596  6246
3.312811826212088  6642
3.313023110323238  6435
3.313234291694724  6647
3.313445370426414  6475
3.3136563466180315  6627
3.3138672203691533  6544
3.3140779917792127  6158
3.3142886609474975  6358
3.3144992279731516  6363
3.314709692955174  6693
3.31492005599242  6379
3.315130317183602  6387
3.3153404766272883  6252
3.315550534421905  6442
3.3157604906657347  6479
3.315970345456918  6395
3.3161800988934527  6424
3.3163897510731952  6376
3.3165993020938607  6095
3.316808752053022  5982
3.3170181010481117  6430
3.31722734917642  6332
3.317436496535099  6196
3.3176455432211585  5732
3.317854489331469  6780
3.3180633349627615  5957
3.318272080211627  6714
3.3184807251745174  6584
3.318689269947746  6159
3.3188977146274867  5939
3.3191060593097763  6413
3.319314304090512  5924
3.3195224490654542  6477
3.3197304943302246  6087
3.3199384399803087  6741
3.3201462861110542  6227
3.3203540328176717  6504
3.3205616801952367  5922
3.3207692283386865  6021
3.3209766773428235  6854
3.3211840273023143  6611
3.321391278311689  6798
3.3215984304653436  6665
3.3218054838575393  6137
3.3220124385824006  6439
3.322219294733919  6088
3.3224260524059526  6126
3.3226327116922234  6233
3.322839272686321  6520
3.3230457354817013  6150
3.323252100171687  6166
3.3234583668494677  6187
3.3236645356081  6364
3.323870606540509  6858
3.3240765797394864  6453
3.3242824552976926  6385
3.3244882333076564  6664
3.3246939138617746  5976
3.3248994970523134  6312
3.3251049829714074  6336
3.325310371711061  6443
3.325515663363148  6504
3.325720858019412  6782
3.325925955771466  5924
3.3261309567107946  6301
3.326335860928751  6251
3.3265406685165617  6472
3.3267453795653217  6495
3.326949994165999  6333
3.3271545124094315  6274
3.3273589343863303  6294
3.327563260187278  6332
3.327767489902729  6455
3.3279716236230104  6310
3.3281756614383227  6129
3.3283796034387376  6100
3.328583449714202  6420
3.3287872003545345  6138
3.3289908554494287  6355
3.329194415088451  6039
3.329397879361043  6190
3.3296012483565187  6255
3.3298045221640695  6425
3.330007700872759  6020
3.330210784571528  6010
3.330413773349191  6196
3.3306166672944384  6145
3.330819466495837  6414
3.3310221710418286  6323
3.3312247810207323  6404
3.331427296520743  6200
3.3316297176299323  6214
3.331832044436249  5924
3.332034277027518  6533
3.3322364154914434  6577
3.3324384599156054  6350
3.3326404103874627  6044
3.3328422669943514  6953
3.3330440298234874  6148
3.3332456989619628  5765
3.3334472744967503  6583
3.3336487565147013  6097
3.333850145102545  6216
3.334051440346892  6552
3.334252642334231  6205
3.3344537511509307  6670
3.3346547668832414  6529
3.3348556896172914  6133
3.3350565194390915  5964
3.3352572564345317  5916
3.3354579006893843  6615
3.3356584522893016  6340
3.335858911319818  6248
3.336059277866349  6659
3.336259552014193  6649
3.3364597338485296  6205
3.3366598234544202  6401
3.336859820916809  6557
3.3370597263205246  6374
3.3372595397502756  6709
3.337459261290656  6421
3.3376588910261424  6190
3.3378584290410944  6081
3.3380578754197563  6622
3.3382572302462554  6514
3.3384564936046046  6640
3.3386556655787003  6474
3.338854746252323  6215
3.339053735709139  6689
3.3392526340327  5912
3.3394514413064407  6627
3.339650157613684  6310
3.339848783037637  6115
3.340047317661393  6397
3.3402457615679317  6256
3.3404441148401185  6822
3.3406423775607053  6923
3.3408405498123317  6750
3.341038631677523  6128
3.3412366232386925  6312
3.34143452457814  6326
3.3416323357780544  6217
3.3418300569205104  6296
3.3420276880874717  6335
3.3422252293607904  6524
3.342422680822206  6518
3.342620042553348  6332
3.342817314635733  6184
3.343014497150768  6615
3.3432115901797474  6432
3.3434085938038574  6315
3.343605508104172  6553
3.343802333161655  5935
3.3439990690571615  6387
3.344195715871435  6362
3.3443922736851106  6163
3.344588742578714  6238
3.344785122632661  6619
3.344981413927258  6560
3.345177616542704  6585
3.3453737305590883  6411
3.345569756056392  6398
3.345765693114488  6356
3.3459615418131414  6304
3.346157302232008  6409
3.346352974450639  6624
3.346548558548474  6296
3.346744054604849  6275
3.3469394626989906  6242
3.34713478291002  6470
3.3473300153169503  6528
3.3475251599986895  6163
3.347720217034038  5922
3.3479151865016914  6034
3.3481100684802376  6256
3.3483048630481607  6144
3.348499570283838  6430
3.348694190265541  6230
3.348888723071438  6342
3.34908316877959  6356
3.3492775274679554  6428
3.3494717992143856  5970
3.34966598409663  6264
3.3498600821923312  6169
3.3500540935790304  6104
3.3502480183341627  6340
3.350441856535061  6632
3.3506356082589543  6349
3.350829273582968  6504
3.3510228525841237  6535
3.351216345339342  6931
3.351409751925439  6271
3.351603072419129  6190
3.3517963068970236  6021
3.351989455435632  6288
3.3521825181113627  5951
3.35237549500052  6670
3.3525683861793087  6669
3.3527611917238307  6805
3.3529539117100877  6301
3.3531465462139796  6465
3.3533390953113047  6487
3.353531559077762  6369
3.353723937588949  6339
3.353916230920363  6213
3.3541084391474008  6038
3.35430056234536  6824
3.3544926005894364  6171
3.3546845539547285  6236
3.354876422516234  6253
3.3550682063488506  6131
3.3552599055273786  6188
3.3554515201265174  6041
3.355643050220869  6559
3.355834495884936  6441
3.3560258571931225  6351
3.3562171342197353  5766
3.3564083270389813  5880
3.356599435724971  6055
3.356790460351716  6610
3.3569814009931314  6225
3.3571722577230334  6258
3.3573630306151427  6317
3.3575537197430814  5840
3.3577443251803754  7046
3.357934847000454  6170
3.3581252852766488  5877
3.358315640082196  6453
3.3585059114902354  6331
3.3586960995738107  6168
3.358886204405869  6505
3.359076226059263  6858
3.3592661646067485  6213
3.3594560201209864  6416
3.359645792674543  6114
3.359835482339888  6582
3.3600250891893975  6143
3.3602146132953523  6597
3.3604040547299387  6606
3.360593413565249  6382
3.36078268987328  6658
3.3609718837259357  6559
3.361160995195026  6395
3.3613500243522663  6292
3.361538971269279  6602
3.361727836017593  6279
3.3619166186686433  5999
3.362105319293773  6424
3.362293937964231  5970
3.3624824747511743  6137
3.362670929725667  6411
3.36285930295868  6783
3.3630475945210936  5984
3.363235804483694  6321
3.3634239329171765  6143
3.3636119798921444  6359
3.3637999454791094  6473
3.3639878297484915  6117
3.3641756327706194  6471
3.3643633546157306  6285
3.364550995353972  6193
3.3647385550553985  6524
3.364926033789976  6571
3.3651134316275773  6925
3.3653007486379876  6489
3.3654879848909  6141
3.3656751404559175  6064
3.365862215402555  6377
3.3660492098002353  5587
3.366236123718293  6420
3.3664229572259727  6206
3.3666097103924297  6343
3.36679638328673  6267
3.3669829759778507  5914
3.367169488534681  6456
3.367355921026019  5976
3.3675422735205767  5947
3.3677285460869766  6076
3.3679147387937527  6379
3.3681008517093516  6356
3.368286884902131  6534
3.3684728384403617  6087
3.368658712392227  5981
3.3688445068258215  6045
3.3690302218091532  6568
3.369215857410143  6382
3.3694014136966244  6369
3.369586890736344  6358
3.369772288596963  6574
3.369957607346053  6046
3.370142847051102  6467
3.3703280077795106  6358
3.3705130895985924  6508
3.370698092575577  6120
3.370883016777606  6252
3.3710678622717363  6354
3.3712526291249394  6097
3.371437317404101  6615
3.3716219271760215  6506
3.371806458507416  6631
3.371990911464915  6696
3.372175286115064  6123
3.3723595825243238  6346
3.3725438007590705  6500
3.3727279408855955  6688
3.3729120029701067  6386
3.373095987078727  6505
3.373279893277496  6277
3.373463721632369  6390
3.3736474722092176  6147
3.3738311450738303  6100
3.3740147402919116  6292
3.374198257929083  6272
3.374381698050882  6554
3.374565060722765  6579
3.374748346010104  6347
3.3749315539781883  6100
3.375114684692225  6348
3.375297738217339  6468
3.3754807146185724  6325
3.3756636139608855  6372
3.375846436309156  6452
3.3760291817281805  6586
3.376211850282673  6154
3.3763944420372662  6603
3.376576957056512  6315
3.37675939540488  6707
3.3769417571467586  6616
3.377124042346456  6988
3.377306251068199  6286
3.3774883833761327  6345
3.377670439334323  6575
3.3778524190067545  6589
3.3780343224573315  6584
3.378216149749878  6396
3.3783979009481375  6405
3.378579576115775  6010
3.3787611753163733  6401
3.378942698613437  6036
3.379124146070392  6499
3.379305517750582  6523
3.3794868137172736  7084
3.379668034033654  6570
3.37984917876283  6140
3.380030247967831  6387
3.380211241711606  6027
3.3803921600570273  6148
3.3805730030668872  6117
3.3807537708039  6083
3.380934463330702  5970
3.3811150807098507  6460
3.381295623003826  6878
3.38147609027503  5760
3.381656482585787  6633
3.3818367999983434  6539
3.3820170425748683  6020
3.382197210377454  6351
3.3823773034681137  6360
3.3825573219087857  6329
3.3827372657613304  6460
3.382917135087531  6387
3.3830969299490943  6489
3.3832766504076504  6508
3.383456296524753  6327
3.3836358683618797  6553
3.383815365980431  6171
3.383994789441733  6817
3.3841741388070337  6650
3.384353414137506  6108
3.3845326154942486  6206
3.3847117429382823  6149
3.3848907965305544  6071
3.385069776331935  6165
3.38524868240322  6475
3.3854275148051305  6351
3.385606273598312  6421
3.3857849588433355  6272
3.385963570600697  6050
3.3861421089308186  6424
3.386320573894046  6720
3.386498965550653  6229
3.3866772839608377  6038
3.386855529184724  6538
3.387033701282363  6335
3.3872118003137306  5802
3.387389826338729  5984
3.387567779417189  6205
3.3877456596088638  6390
3.3879234669734366  6481
3.3881012015705165  6577
3.388278863459639  6086
3.3884564527002667  6344
3.388633969351789  6514
3.3888114134735234  6162
3.388988785124714  6453
3.3891660843645326  6327
3.389343311252078  6696
3.3895204658463776  6603
3.3896975482063856  6536
3.3898745583909853  6081
3.3900514964589874  6690
3.3902283624691303  6087
3.390405156480081  6457
3.390581878550435  6856
3.390758528738717  5694
3.3909351071033793  6253
3.3911116137028023  6702
3.3912880485952974  5959
3.3914644118391033  6294
3.3916407034923877  6178
3.391816923613249  6334
3.3919930722597127  5848
3.392169149489736  6906
3.392345155361204  6315
3.3925210899319325  6405
3.392696953259666  6340
3.3928727454020793  6041
3.3930484664167784  6618
3.3932241163612975  6914
3.393399695293102  6344
3.3935752032695876  6586
3.39375064034808  5929
3.3939260065858368  6796
3.3941013020400446  6299
3.3942765267678214  6398
3.3944516808262164  6329
3.394626764272209  6529
3.394801777162711  6258
3.394976719554564  6620
3.3951515915045425  6577
3.395326393069351  6563
3.395501124305626  5817
3.395675785269936  6305
3.3958503760187813  6740
3.3960248966085933  6529
3.3961993470957363  6498
3.3963737275365067  6094
3.396548037987132  6125
3.3967222785037734  6407
3.396896449142524  6211
3.397070549959409  6451
3.397244581010386  6434
3.397418542351348  6006
3.3975924340381165  6322
3.39776625612645  6283
3.3979400086720375  6315
3.3981136917305026  6132
3.398287305357401  6131
3.3984608496082234  6677
3.398634324538392  6828
3.3988077302032647  5962
3.398981066658131  6722
3.3991543339582164  6153
3.399327532158679  6303
3.3995006613146104  5870
3.399673721481038  6292
3.3998467127129226  6178
3.4000196350651586  6889
3.400192488592576  6094
3.400365273349939  6119
3.400537989391946  6325
3.400710636773231  5909
3.4008832155483626  6268
3.401055725771844  6475
3.401228167498113  6784
3.401400540781544  5987
3.401572845676446  6615
3.401745082237063  6259
3.4019172505175748  6507
3.402089350572097  6530
3.40226138245468  6265
3.402433346219312  6410
3.4026052419199146  6240
3.402777069610347  6876
3.4029488293444046  6748
3.403120521175818  6071
3.4032921451582543  6053
3.4034637013453173  6146
3.403635189790548  6247
3.4038066105474227  6484
3.403977963669355  6748
3.404149249209695  6517
3.404320467221731  6233
3.404491617758686  6271
3.4046627008737222  6531
3.404833716619938  6740
3.4050046650503694  6104
3.4051755462179893  6543
3.405346360175709  6770
3.4055171069763763  5875
3.4056877866727775  6310
3.4058583993176366  6430
3.406028944963615  6598
3.406199423663313  6694
3.4063698354692673  6373
3.406540180433955  5955
3.40671045860979  6114
3.4068806700491248  6164
3.40705081480425  6509
3.4072208929273966  6381
3.4073909044707316  6674
3.4075608494863627  6215
3.4077307280263356  6458
3.407900540142635  6296
3.4080702858871854  5871
3.4082399653118496  6064
3.40840957846843  6761
3.4085791254086675  6444
3.408748606184244  6228
3.4089180208467798  6334
3.409087369447835  6348
3.4092566520389096  6195
3.4094258686714434  6281
3.4095950193968156  6422
3.4097641042663462  6023
3.4099331233312946  6471
3.4101020766428607  6176
3.4102709642521845  6248
3.4104397862103464  6382
3.410608542568368  6607
3.41077723337721  6777
3.4109458586877746  6625
3.4111144185509046  6833
3.4112829130173843  5840
3.4114513421379375  6512
3.41161970596323  6464
3.411788004543869  6478
3.4119562379304016  6437
3.412124406173317  6548
3.4122925093230463  6355
3.412460547429961  6573
3.4126285205443754  6312
3.4127964287165433  6660
3.4129642719966626  6704
3.413132050434872  6048
3.413299764081252  6191
3.413467412985825  7020
3.413634997198556  5943
3.4138025167693513  5963
3.4139699717480614  6496
3.414137362184477  6042
3.4143046881283317  6513
3.4144719496293026  6460
3.414639146737009  6357
3.4148062795010126  6506
3.4149733479708178  6538
3.4151403521958725  6229
3.4153072922255676  6021
3.4154741681092355  6094
3.4156409798961542  6221
3.4158077276355434  5991
3.415974411376566  6263
3.416141031168329  6319
3.4163075870598827  6593
3.4164740791002206  6396
3.416640507338281  6518
3.4168068718229443  6008
3.4169731726030363  6325
3.4171394097273255  6021
3.4173055832445254  6189
3.417471693203293  6415
3.4176377396522297  6215
3.417803722639881  6240
3.417969642214737  6445
3.418135498425232  6125
3.4183012913197452  6674
3.4184670209466006  6491
3.4186326873540653  6042
3.4187982905903533  5919
3.4189638307036225  6640
3.4191293077419758  6071
3.4192947217534604  5900
3.4194600727860704  6452
3.419625360887743  6553
3.419790586106363  5976
3.419955748489758  6613
3.420120848085703  6618
3.4202858849419178  6666
3.4204508591060683  6329
3.420615770625765  6301
3.4207806195485655  6359
3.420945405921972  6052
3.4211101297934343  6300
3.4212747912103465  5837
3.4214393902200495  6557
3.4216039268698313  6067
3.421768401206924  6748
3.4219328132785085  6173
3.4220971631317103  5975
3.4222614508136027  6602
3.4224256763712044  5888
3.422589839851482  6631
3.422753941301348  6346
3.422917980767662  6051
3.423081958297231  6396
3.423245873936808  6866
3.4234097277330933  6386
3.4235735197327357  6210
3.423737249982329  6184
3.4239009185284166  6448
3.4240645254174877  6264
3.42422807069598  6310
3.4243915544102776  6488
3.4245549766067134  6325
3.424718337331567  6555
3.424881636631067  6592
3.425044874551389  5796
3.4252080511386565  7077
3.425371166438941  6663
3.4255342204982635  6463
3.425697213362591  6068
3.4258601450778405  6538
3.4260230156898763  6236
3.426185825244511  6615
3.4263485737875077  6060
3.4265112613645754  6084
3.426673888021373  6446
3.426836453803508  6219
3.426998958756537  6626
3.4271614029259654  6371
3.427323786357247  5952
3.4274861090957853  6545
3.4276483711869328  5990
3.42781057267599  6183
3.427972713608209  6399
3.428134794028789  6358
3.4282968139828798  5983
3.42845877351558  6305
3.428620672671939  6779
3.4287825114969546  6617
3.428944290035574  6547
3.4291060083326967  5809
3.4292676664331685  6296
3.429429264381788  6159
3.4295908022233017  5878
3.429752280002408  6928
3.4299136977637543  6654
3.430075055551939  6216
3.4302363534115106  6494
3.4303975913869666  6348
3.4305587695227575  6567
3.4307198878632823  6580
3.4308809464528913  6581
3.4310419453358856  6564
3.431202884556517  6297
3.4313637641589874  6465
3.431524584187451  6512
3.4316853446860116  6517
3.4318460456987254  6141
3.4320066872695985  5992
3.4321672694425884  6139
3.4323277922616042  5962
3.4324882557705063  6290
3.4326486600131068  6694
3.4328090050331683  6554
3.432969290874406  6320
3.4331295175804857  6068
3.433289685195026  6374
3.433449793761596  5821
3.433609843323718  6140
3.433769833924866  6092
3.433929765608464  6016
3.4340896384178907  6484
3.4342494523964757  6734
3.4344092075875  6247
3.4345689040341987  6186
3.4347285417797577  6148
3.434888120867316  5883
3.4350476413399647  6568
3.4352071032407476  6862
3.4353665066126613  6392
3.435525851498655  6846
3.43568513794163  6483
3.4358443659844413  6430
3.4360035356698964  6721
3.436162647040756  6379
3.4363217001397333  6196
3.436480695009495  6402
3.436639631692661  6162
3.4367985102318035  6482
3.4369573306694496  6204
3.4371160930480786  6174
3.4372747974101237  6502
3.437433443797971  6079
3.4375920322539613  6347
3.437750562820388  6686
3.4379090355394983  6263
3.438067450453494  6572
3.4382258076045296  6039
3.438384107034714  6132
3.4385423487861106  6456
3.4387005329007363  6066
3.438858659420562  6485
3.4390167283875126  6504
3.4391747398434687  6351
3.439332693830263  6950
3.4394905903896835  6465
3.4396484295634737  6612
3.4398062113933303  6413
3.439963935920905  6414
3.4401216031878037  6091
3.440279213235588  5705
3.4404367661057735  6367
3.440594261839831  6220
3.4407517004791854  6651
3.4409090820652177  6668
3.4410664066392633  6616
3.4412236742426123  6491
3.4413808849165113  6301
3.441538038702161  6312
3.441695135640717  5913
3.441852175773292  6244
3.442009159140952  6036
3.44216608578472  6044
3.4423229557455746  6107
3.4424797690644486  6452
3.442636525782232  6166
3.442793225939769  6413
3.4429498695778618  6671
3.443106456737266  5824
3.443262987458695  6779
3.4434194617828173  5776
3.4435758797502576  5937
3.4437322414015967  6000
3.443888546777372  6481
3.444044795918076  6385
3.4442009888641594  6613
3.4443571256560275  6166
3.444513206334043  6590
3.4446692309385245  6374
3.4448251995097476  6311
3.4449811120879446  6457
3.445136968713304  6135
3.4452927694259716  6792
3.44544851426605  6654
3.4456042032735974  5978
3.445759836488631  6433
3.4459154139511234  6644
3.446070935701005  6135
3.446226401778163  6322
3.446381812222442  6140
3.446537167073644  6272
3.4466924663715273  6019
3.446847710155809  6764
3.4470028984661623  6410
3.4471580313422194  6173
3.4473131088235682  6553
3.4474681309497557  5963
3.447623097760286  6413
3.447778009294621  6509
3.4479328655921804  6136
3.448087666692341  6448
3.448242412634439  6432
3.4483971034577676  6366
3.448551739201578  6293
3.44870631990508  6654
3.4488608456074408  6011
3.4490153163477864  6368
3.449169732165201  6489
3.449324093098727  6297
3.449478399187365  6105
3.4496326504700745  6489
3.4497868469857735  6235
3.4499409887733377  6481
3.4500950758716025  6181
3.450249108319361  5942
3.450403086155366  6494
3.450557009418329  6607
3.450710878146919  6395
3.450864692379766  6937
3.4510184521554574  6162
3.45117215751254  6784
3.4513258084895195  6449
3.4514794051248616  6085
3.4516329474569907  5969
3.45178643552429  6059
3.451939869365103  6363
3.4520932490177314  6339
3.452246574520437  6098
3.4523998459114416  6328
3.452553063228925  6152
3.452706226511029  6231
3.452859335795852  6419
3.4530123911214554  6521
3.4531653925258574  6697
3.4533183400470375  6843
3.453471233722936  6510
3.4536240735914507  6316
3.4537768596904423  6203
3.4539295920577286  6358
3.45408227073109  6510
3.4542348957482654  5900
3.454387467146955  6381
3.4545399849648186  6221
3.454692449239477  6511
3.45484486000851  6203
3.45499721730946  6705
3.4551495211798278  6689
3.4553017716570764  6251
3.4554539687786283  6260
3.455606112581867  6220
3.455758203104137  6158
3.455910240382743  6340
3.4560622244549513  6344
3.456214155357989  6302
3.456366033129043  6207
3.4565178578052627  6341
3.4566696294237578  5922
3.456821348021599  6598
3.456973013635818  5843
3.457124626303409  5778
3.4572761860613257  6375
3.4574276929464847  6371
3.4575791469957626  6558
3.4577305482459986  6283
3.4578818967339924  6463
3.458033192496506  6311
3.4581844355702627  6066
3.4583356259919475  6520
3.4584867637982066  6316
3.4586378490256493  5911
3.458788881710845  6286
3.458939861890326  5921
3.4590907896005865  6918
3.459241664878082  6304
3.459392487759231  6266
3.459543258280413  6708
3.4596939764779706  6682
3.459844642388208  6575
3.4599952560473914  5873
3.46014581749175  6365
3.4602963267574753  6809
3.4604467838807205  6080
3.4605971888976015  6840
3.460747541844197  6592
3.4608978427565478  5805
3.4610480916706576  6322
3.461198288622493  6393
3.461348433647983  6332
3.4614985267830187  6090
3.4616485680634552  6262
3.461798557525109  6247
3.461948495203762  6245
3.462098381135156  6200
3.4622482153549976  6584
3.462397997898956  6220
3.4625477288026643  6152
3.4626974081017172  5940
3.4628470358316736  6389
3.462996612028056  5840
3.4631461367263494  6375
3.4632956099620027  5928
3.4634450317704277  6061
3.463594402187  6305
3.463743721247059  6203
3.4638929889859074  6493
3.464042205438811  6412
3.4641913706409997  6460
3.4643404846276673  6219
3.4644895474339714  6247
3.464638559095033  6069
3.4647875196459372  6492
3.4649364291217326  6095
3.4650852875574327  6389
3.4652340949880145  6614
3.4653828514484184  5877
3.46553155697355  6565
3.465680211598278  6482
3.4658288153574364  6279
3.465977368285823  6215
3.466125870418199  6076
3.466274321789292  6350
3.466422722433792  6164
3.4665710723863543  6376
3.4667193716815987  6121
3.4668676203541096  5960
3.4670158184384356  6554
3.4671639659690903  5921
3.467312062980552  6309
3.4674601095072637  6464
3.467608105583633  5688
3.467756051244033  5785
3.4679039465228003  6171
3.4680517914542377  5988
3.4681995860726125  5967
3.4683473304121573  6539
3.468495024507069  6360
3.4686426683915115  6161
3.468790262099611  6440
3.4689378056654614  5989
3.4690852991231202  6208
3.469232742506612  6009
3.469380135849925  6180
3.469527479187014  5871
3.469674772551798  6036
3.469822015978163  6034
3.4699692094999595  6266
3.470116353151004  6475
3.4702634469650784  5825
3.470410490975931  6091
3.4705574852172743  6095
3.470704429722788  5835
3.4708513245261177  6339
3.4709981696608736  6068
3.471144965160633  6147
3.4712917110589387  5970
3.471438407389299  6176
3.47158505418519  6262
3.471731651480051  5915
3.4718781993072905  6157
3.4720246977002813  5711
3.472171146692363  5756
3.472317546316842  6104
3.4724638966069894  5823
3.472610197596045  6396
3.4727564493172123  5916
3.472902651803664  6208
3.4730488050885375  6128
3.473194909204938  6066
3.4733409641859354  6052
3.4734869700645685  5942
3.473632926873841  6080
3.473778834646725  5515
3.473924693416157  5974
3.4740705032150436  5979
3.4742162640762553  5842
3.4743619760326307  6334
3.474507639116976  5500
3.474653253362063  6194
3.474798818800631  5859
3.4749443354653877  6055
3.4750898033890065  5879
3.475235222604128  6275
3.475380593143361  5600
3.4755259150392805  5459
3.4756711883244296  5935
3.475816413031318  5969
3.4759615891924236  5735
3.4761067168401913  5907
3.4762517960070336  5500
3.4763968267253302  6018
3.4765418090274287  5726
3.476686742945645  5721
3.4768316285122607  5997
3.476976465759527  5939
3.4771212547196626  5836
3.477265995424853  5450
3.4774106879072515  6084
3.477555332198981  5484
3.4776999283321306  5703
3.4778444763387584  5492
3.4779889762508893  5909
3.4781334281005174  5829
3.4782778319196046  5661
3.4784221877400805  5733
3.4785664955938436  5551
3.4787107555127594  5888
3.478854967528663  5657
3.478999131673357  5389
3.479143247978613  5525
3.47928731647617  5568
3.4794313371977363  5697
3.4795753101749884  6072
3.479719235439571  5776
3.479863113023098  5343
3.4800069429571505  5425
3.4801507252732806  5463
3.4802944600030066  5592
3.480438147177817  5112
3.480581786829169  5372
3.4807253789884878  5616
3.4808689236871677  5590
3.481012420956573  5603
3.4811558708280352  5254
3.481299273332856  5357
3.481442628502305  5503
3.4815859363676225  5221
3.481729196960016  5415
3.4818724103106633  5087
3.4820155764507117  5368
3.482158695411276  4824
3.4823017672234426  5216
3.4824447919182653  5030
3.4825877695267677  5144
3.482730700079943  5363
3.482873583608754  5139
3.483016420144132  5156
3.4831592097169795  4958
3.483301952358167  4941
3.4834446480985353  5155
3.4835872969688944  4832
3.4837298990000236  4890
3.4838724542226736  4840
3.4840149626675627  5115
3.484157424365381  4795
3.484299839346786  4803
3.484442207642407  5057
3.484584529282843  4818
3.4847268042986617  4676
3.484869032720402  4979
3.485011214578573  4483
3.485153349903652  4727
3.485295438726089  4627
3.485437481076301  4755
3.485579476984679  4340
3.48572142648158  4657
3.4858633295973345  4605
3.486005186362242  4487
3.4861469968065726  4477
3.486288760960566  4457
3.486430478854434  4401
3.4865721505183562  4312
3.4867137759824853  4615
3.4868553552769432  4373
3.4869968884318228  4319
3.4871383754771865  4142
3.4872798164430687  4356
3.4874212113594742  4175
3.4875625602563782  4552
3.4877038631637265  4343
3.4878451201114355  4164
3.4879863311293935  3983
3.4881274962474587  3959
3.48826861549546  4004
3.488409688903198  3864
3.4885507165004443  3773
3.4886916983169405  3766
3.4888326343824003  4010
3.488973524726508  3801
3.4891143693789193  3730
3.4892551683692603  3810
3.4893959217271293  3817
3.4895366294820955  3658
3.4896772916636984  3596
3.4898179083014504  3718
3.4899584794248346  3548
3.4900990050633047  3429
3.4902394852462875  3460
3.490379920003179  3190
3.490520309363349  3501
3.490660653356137  3126
3.490800952010855  3405
3.490941205356787  3318
3.491081413423187  3074
3.491221576239283  3071
3.4913616938342726  3113
3.4915017662373264  2760
3.4916417934775863  3083
3.491781775584166  2971
3.491921712586151  2857
3.492061604512599  2876
3.49220145139254  2865
3.4923412532549745  2956
3.4924810101288766  2831
3.492620722043192  2731
3.4927603890268375  2680
3.4929000111087034  2720
3.4930395883176515  2684
3.493179120682515  2460
3.4933186082321015  2706
3.4934580509951885  2318
3.493597449000527  2431
3.49373680227684  2403
3.4938761108528227  2220
3.4940153747571436  2253
3.494154594018443  2145
3.4942937686653326  2154
3.494432898726399  2171
3.4945719842301988  2212
3.494711025205263  2064
3.494850021680094  2035
3.494988973683168  1992
3.4951278812429334  1874
3.4952667443878105  1976
3.495405563146193  2038
3.4955443375464483  1821
3.4956830676169153  1866
3.495821753385906  1702
3.4959603948817053  1633
3.496098992132571  1652
3.496237545166735  1694
3.496376054012401  1554
3.496514518697745  1611
3.496652939250918  1498
3.4967913157000425  1491
3.496929648073215  1533
3.497067936398505  1500
3.4972061807039547  1339
3.49734438101758  1363
3.4974825373673704  1403
3.497620649781288  1305
3.497758718287268  1213
3.49789674291322  1304
3.498034723687027  1157
3.498172660636544  1079
3.4983105537896004  1136
3.4984484031739997  1145
3.498586208817518  1049
3.4987239707479048  1030
3.498861688992884  1075
3.498999363580153  943
3.4991369945373827  908
3.4992745818922173  910
3.499412125672275  927
3.499549625905149  868
3.499687082618404  778
3.49982449583958  827
3.49996186559619  753
3.500099191915723  681
3.500236474825639  728
3.500373714353374  706
3.5005109105263372  746
3.500648063371912  546
3.500785172917456  628
3.5009222391903005  630
3.5010592622177517  525
3.501196242027089  512
3.501333178645566  524
3.501470072100412  527
3.5016069224188295  500
3.5017437296279943  476
3.5018804937550585  480
3.5020172148271476  416
3.5021538928713607  442
3.5022905279147727  429
3.5024271199844326  428
3.502563669107363  374
3.502700175310563  345
3.502836638621003  343
3.5029730590656314  310
3.503109436671369  328
3.503245771465113  261
3.5033820634737327  287
3.5035183127240748  284
3.5036545192429593  250
3.503790683057181  260
3.5039268041935103  266
3.5040628826786917  247
3.504198918539445  210
3.5043349118024643  195
3.504470862494419  201
3.5046067706419537  197
3.504742636271688  186
3.504878459410216  177
3.505014240084107  197
3.505149978319906  148
3.5052856741441323  133
3.505421327583281  145
3.5055569386638217  119
3.5056925074122  126
3.5058280338548364  123
3.505963518018126  117
3.5060989599284405  150
3.506234359612126  125
3.506369717095504  91
3.506505032404872  114
3.5066403055665023  71
3.5067755366066433  86
3.506910725551518  99
3.5070458724273257  76
3.5071809772602407  52
3.5073160400764136  61
3.50745106090197  53
3.5075860397630105  49
3.5077209766856137  48
3.507855871695831  45
3.5079907248196913  48
3.5081255360831993  49
3.5082603055123345  37
3.508395033133053  44
3.5085297189712867  34
3.508664363052943  32
3.508798965403905  32
3.5089335260500327  27
3.5090680450171616  38
3.509202522331103  22
3.509336958017644  28
3.5094713521025485  29
3.5096057046115563  24
3.509740015570382  27
3.5098742850047193  27
3.5100085129402347  32
3.5101426994025733  21
3.510276844417355  23
3.510410948010177  7
3.510545010206612  14
3.51067903103221  17
3.510813010512496  9
3.5109469486729727  15
3.5110808455391185  15
3.511214701136388  11
3.511348515490213  9
3.5114822886260013  11
3.5116160205691376  7
3.511749711344983  8
3.5118833609788744  7
3.5120169694961265  6
3.5121505369220305  6
3.5122840632818537  5
3.51241754860084  5
3.512550992904211  6
3.5126843962171637  11
3.512817758564873  7
3.5129510799724906  4
3.513084360465144  2
3.513217600067939  8
3.513350798805957  7
3.513483956704257  4
3.513617073787875  1
3.5137501500818233  1
3.5138831856110926  3
3.5140161804006493  2
3.514282047860378  1
3.514547752660286  1
3.5146805441249818  1
3.514813294999285  1
3.5149460053080044  2
3.5150786750759226  5
3.515211304327802  1
