0.3010299956639812  1109
0.47712125471966244  1078
0.6020599913279624  1091
0.6989700043360189  1069
0.7781512503836436  1084
0.8450980400142568  1078
0.9030899869919435  1106
0.9542425094393249  1086
1.0  1080
1.0413926851582251  1085
1.0791812460476249  1084
1.1139433523068367  1074
1.146128035678238  1096
1.1760912590556813  1096
1.2041199826559248  1095
1.2304489213782739  1076
1.255272505103306  1096
1.2787536009528289  1080
1.3010299956639813  1094
1.3222192947339193  1093
1.3424226808222062  1099
1.3617278360175928  1091
1.380211241711606  1069
1.3979400086720377  1068
1.414973347970818  1089
1.4313637641589874  1056
1.4471580313422192  1094
1.462397997898956  1075
1.4771212547196624  1086
1.4913616938342726  1076
1.505149978319906  1071
1.5185139398778875  1080
1.5314789170422551  1112
1.5440680443502757  1094
1.5563025007672873  1071
1.568201724066995  1096
1.5797835966168101  1079
1.591064607026499  1075
1.6020599913279623  1083
1.6127838567197355  1091
1.6232492903979006  1088
1.6334684555795864  1080
1.6434526764861874  1089
1.6532125137753437  1074
1.662757831681574  1077
1.6720978579357175  1087
1.6812412373755872  1085
1.6901960800285136  1084
1.6989700043360187  1087
1.7075701760979363  1081
1.7160033436347992  1089
1.724275869600789  1087
1.7323937598229686  1091
1.7403626894942439  1070
1.7481880270062005  1081
1.7558748556724915  1059
1.7634279935629373  1091
1.7708520116421442  1078
1.7781512503836436  1099
1.7853298350107671  1062
1.792391689498254  1077
1.7993405494535817  1065
1.806179973983887  1079
1.8129133566428555  1094
1.8195439355418688  1073
1.8260748027008264  1083
1.8325089127062364  1084
1.8388490907372552  1082
1.845098040014257  1083
1.8512583487190752  1092
1.8573324964312685  1096
1.863322860120456  1097
1.8692317197309762  1083
1.8750612633917  1110
1.8808135922807914  1076
1.8864907251724818  1078
1.8920946026904804  1075
1.8976270912904414  1091
1.9030899869919435  1076
1.9084850188786497  1078
1.9138138523837167  1094
1.919078092376074  1068
1.9242792860618816  1074
1.9294189257142926  1085
1.9344984512435677  1088
1.9395192526186185  1079
1.9444826721501687  1089
1.9493900066449128  1087
1.954242509439325  1081
1.9590413923210936  1087
1.9637878273455553  1087
1.968482948553935  1095
1.9731278535996986  1078
1.9777236052888478  1084
1.9822712330395684  1081
1.9867717342662448  1093
1.9912260756924949  1088
1.99563519459755  1099
2.0  1108
2.0043213737826426  1082
2.0086001717619175  1090
2.012837224705172  1083
2.0170333392987803  1090
2.0211892990699383  1106
2.0253058652647704  1088
2.0293837776852097  1096
2.03342375548695  1065
2.037426497940624  1082
2.041392685158225  1086
2.0453229787866576  1082
2.0492180226701815  1095
2.0530784434834195  1084
2.0569048513364727  1068
2.060697840353612  1077
2.0644579892269186  1086
2.0681858617461617  1082
2.0718820073061255  1088
2.0755469613925306  1104
2.0791812460476247  1075
2.0827853703164503  1096
2.0863598306747484  1099
2.089905111439398  1085
2.093421685162235  1085
2.0969100130080562  1075
2.100370545117563  1079
2.103803720955957  1078
2.1072099696478683  1082
2.110589710299249  1072
2.113943352306837  1088
2.1172712956557644  1086
2.12057393120585  1086
2.123851640967086  1104
2.1271047983648077  1095
2.130333768495006  1078
2.1335389083702174  1095
2.1367205671564067  1088
2.1398790864012365  1089
2.143014800254095  1093
2.146128035678238  1083
2.1492191126553797  1081
2.1522883443830563  1088
2.155336037465062  1075
2.1583624920952498  1098
2.161368002234975  1088
2.164352855784437  1064
2.167317334748176  1085
2.1702617153949575  1083
2.173186268412274  1074
2.1760912590556813  1098
2.1789769472931693  1082
2.1818435879447726  1094
2.184691430817599  1096
2.187520720836463  1077
2.1903316981702914  1099
2.1931245983544616  1078
2.1958996524092336  1092
2.1986570869544226  1091
2.2013971243204513  1083
2.2041199826559246  1104
2.2068258760318495  1094
2.2095150145426308  1070
2.2121876044039577  1085
2.214843848047698  1075
2.2174839442139063  1079
2.220108088040055  1105
2.2227164711475833  1087
2.225309281725863  1089
2.2278867046136734  1074
2.230448921378274  1091
2.2329961103921536  1092
2.2355284469075487  1081
2.2380461031287955  1088
2.2405492482826  1074
2.2430380486862944  1089
2.24551266781415  1082
2.247973266361807  1066
2.250420002308894  1087
2.2528530309798933  1089
2.255272505103306  1080
2.2576785748691846  1091
2.2600713879850747  1071
2.2624510897304293  1090
2.2648178230095364  1084
2.2671717284030137  1077
2.2695129442179165  1096
2.271841606536499  1086
2.27415784926368  1099
2.2764618041732443  1083
2.278753600952829  1075
2.2810333672477277  1082
2.2833012287035497  1081
2.285557309007774  1077
2.287801729930226  1084
2.290034611362518  1074
2.292256071356476  1074
2.294466226161593  1079
2.296665190261531  1076
2.298853076409707  1092
2.3010299956639813  1082
2.303196057420489  1085
2.305351369446624  1078
2.307496037913213  1086
2.3096301674258988  1091
2.311753861055754  1090
2.3138672203691533  1092
2.315970345456918  1100
2.3180633349627615  1071
2.3201462861110542  1101
2.322219294733919  1086
2.3242824552976926  1073
2.326335860928751  1088
2.3283796034387376  1087
2.330413773349191  1092
2.3324384599156054  1103
2.3344537511509307  1098
2.3364597338485296  1092
2.3384564936046046  1068
2.3404441148401185  1112
2.342422680822206  1087
2.3443922736851106  1082
2.346352974450639  1090
2.3483048630481607  1108
2.3502480183341627  1084
2.3521825181113627  1082
2.3541084391474008  1093
2.3560258571931225  1082
2.357934847000454  1094
2.359835482339888  1078
2.361727836017593  1078
2.3636119798921444  1056
2.3654879848909  1082
2.367355921026019  1100
2.369215857410143  1074
2.3710678622717363  1079
2.3729120029701067  1091
2.374748346010104  1077
2.376576957056512  1107
2.3783979009481375  1097
2.380211241711606  1110
2.3820170425748683  1084
2.383815365980431  1084
2.385606273598312  1075
2.387389826338729  1073
2.3891660843645326  1085
2.3909351071033793  1084
2.392696953259666  1097
2.3944516808262164  1091
2.3961993470957363  1083
2.3979400086720375  1067
2.399673721481038  1085
2.401400540781544  1073
2.403120521175818  1092
2.404833716619938  1077
2.406540180433955  1089
2.4082399653118496  1091
2.4099331233312946  1089
2.41161970596323  1070
2.413299764081252  1090
2.4149733479708178  1089
2.416640507338281  1093
2.4183012913197452  1088
2.419955748489758  1082
2.4216039268698313  1079
2.423245873936808  1081
2.424881636631067  1084
2.4265112613645754  1078
2.428134794028789  1090
2.429752280002408  1088
2.4313637641589874  1081
2.432969290874406  1079
2.4345689040341987  1073
2.436162647040756  1075
2.437750562820388  1082
2.439332693830263  1082
2.4409090820652177  1111
2.4424797690644486  1107
2.444044795918076  1086
2.4456042032735974  1070
2.4471580313422194  1074
2.44870631990508  1080
2.450249108319361  1096
2.45178643552429  1071
2.4533183400470375  1093
2.45484486000851  1087
2.456366033129043  1075
2.4578818967339924  1096
2.459392487759231  1089
2.4608978427565478  1068
2.462397997898956  1079
2.4638929889859074  1081
2.4653828514484184  1088
2.4668676203541096  1076
2.4683473304121573  1099
2.469822015978163  1096
2.4712917110589387  1087
2.4727564493172123  1091
2.4742162640762553  1073
2.4756711883244296  1085
2.4771212547196626  1094
2.4785664955938436  1091
2.4800069429571505  1100
2.481442628502305  1073
2.482873583608754  1085
2.484299839346786  1082
2.48572142648158  1083
2.4871383754771865  1089
2.4885507165004443  1079
2.4899584794248346  1091
2.4913616938342726  1071
2.4927603890268375  1069
2.494154594018443  1086
2.4955443375464483  1091
2.496929648073215  1080
2.4983105537896004  1083
2.499687082618404  1090
2.5010592622177517  1080
2.5024271199844326  1081
2.503790683057181  1068
2.505149978319906  1069
2.506505032404872  1069
2.507855871695831  1101
2.509202522331103  1074
2.510545010206612  1089
2.5118833609788744  1073
2.513217600067939  1095
2.514547752660286  1078
2.515873843711679  1064
2.5171958979499744  1073
2.5185139398778875  1096
2.519827993775719  1063
2.5211380837040362  1062
2.5224442335063197  1055
2.5237464668115646  1072
2.525044807036845  1063
2.526339277389844  1053
2.5276299008713385  1054
2.5289167002776547  1038
2.530199698203082  1041
2.531478917042255  1036
2.5327543789924976  1014
2.534026106056135  1007
2.5352941200427703  1020
2.53655844257153  996
2.537819095073274  986
2.5390760987927767  967
2.5403294747908736  968
2.5415792439465807  959
2.5428254269591797  919
2.5440680443502757  928
2.545307116465824  926
2.546542663478131  887
2.5477747053878224  885
2.5490032620257876  874
2.550228353055094  847
2.5514499979728753  863
2.552668216112193  836
2.5538830266438746  806
2.5550944485783194  801
2.5563025007672873  771
2.5575072019056577  753
2.558708570533166  726
2.5599066250361124  701
2.561101383649056  687
2.5622928644564746  657
2.5634810853944106  626
2.5646660642520893  593
2.5658478186735176  573
2.56702636615906  541
2.568201724066995  522
2.569373909615046  499
2.5705429398818973  479
2.571708831808688  440
2.5728716022004803  421
2.574031267727719  392
2.575187844927661  378
2.576341350205793  348
2.5774917998372255  325
2.578639209968072  299
2.57978359661681  294
2.5809249756756194  281
2.582063362911709  252
2.583198773968623  229
2.584331224367531  215
2.5854607295085006  193
2.586587304671755  189
2.5877109650189114  169
2.5888317255942073  151
2.5899496013257077  137
2.591064607026499  129
2.5921767573958667  121
2.593286067020457  101
2.5943925503754266  100
2.595496221825574  92
2.59659709562646  81
2.597695185925512  79
2.598790506763115  69
2.5998830720736876  59
2.6009728956867484  54
2.6020599913279625  49
2.603144372620182  41
2.60422605308447  35
2.6053050461411096  30
2.606381365110605  26
2.6074550232146687  20
2.6085260335771943  15
2.60959440922522  13
2.61066016308988  12
2.611723308007342  11
2.6127838567197355  11
2.6138418218760693  11
2.6148972160331345  9
2.615950051656401  8
2.617000341120899  7
2.6180480967120925  6
2.6190933306267428  3
2.6201360549737576  3
2.621176281775035  3
2.622214022966295  2
2.6232492903979003  2
2.6242820958356683  2
2.625312450961674  2
2.6263403673750423  2
2.6273658565927325  2
2.6283889300503116  2
2.629409599102719  2
2.630427875025024  1
2.6314437690131722  1
2.6324572921847245  1
2.6334684555795866  1
2.6344772701607315  1
2.635483746814912  1
2.6364878963533656  1
2.637489729512511  1
2.6384892569546374  1
2.639486489268586  1
2.640481436970422  1
2.6414741105040997  1
2.6424645202421213  1
