0.3010299956639812  30135
0.47712125471966244  31887
0.6020599913279624  28844
0.6989700043360189  30815
0.7781512503836436  30255
0.8450980400142568  30959
0.9030899869919435  28483
0.9542425094393249  29676
1.0  32568
1.0413926851582251  30147
1.0791812460476249  31098
1.1139433523068367  29190
1.146128035678238  30427
1.1760912590556813  30278
1.2041199826559248  30678
1.2304489213782739  28924
1.255272505103306  29025
1.2787536009528289  31983
1.3010299956639813  31536
1.3222192947339193  29871
1.3424226808222062  30489
1.3617278360175928  31018
1.380211241711606  30577
1.3979400086720377  29647
1.414973347970818  29661
1.4313637641589874  31884
1.4471580313422192  29844
1.462397997898956  29693
1.4771212547196624  28578
1.4913616938342726  31296
1.505149978319906  29309
1.5185139398778875  26827
1.5314789170422551  22699
1.5440680443502757  24473
1.5563025007672873  20321
1.568201724066995  16694
1.5797835966168101  15369
1.591064607026499  12839
1.6020599913279623  10837
1.6127838567197355  11388
1.6232492903979006  11156
1.6334684555795864  10548
1.6434526764861874  9174
1.6532125137753437  9190
1.662757831681574  10151
1.6720978579357175  10285
1.6812412373755872  10026
1.6901960800285136  9568
1.6989700043360187  8864
1.7075701760979363  11342
1.7160033436347992  9652
1.724275869600789  10249
1.7323937598229686  9589
1.7403626894942439  8453
1.7481880270062005  9343
1.7558748556724915  9475
1.7634279935629373  9082
1.7708520116421442  9650
1.7781512503836436  9076
1.7853298350107671  10113
1.792391689498254  10132
1.7993405494535817  10446
1.806179973983887  10725
1.8129133566428555  8511
1.8195439355418688  9594
1.8260748027008264  9839
1.8325089127062364  10435
1.8388490907372552  10003
1.845098040014257  10137
1.8512583487190752  9598
1.8573324964312685  8725
1.863322860120456  8767
1.8692317197309762  9321
1.8750612633917  9129
1.8808135922807914  9431
1.8864907251724818  9821
1.8920946026904804  9386
1.8976270912904414  10018
1.9030899869919435  10039
1.9084850188786497  10331
1.9138138523837167  10584
1.919078092376074  8717
1.9242792860618816  9386
1.9294189257142926  8591
1.9344984512435677  9046
1.9395192526186185  10021
1.9444826721501687  9235
1.9493900066449128  10180
1.954242509439325  9309
1.9590413923210936  11287
1.9637878273455553  10782
1.968482948553935  9002
1.9731278535996986  9168
1.9777236052888478  10458
1.9822712330395684  9464
1.9867717342662448  10098
1.9912260756924949  10698
1.99563519459755  9190
2.0  10121
2.0043213737826426  10325
2.0086001717619175  9874
2.012837224705172  9849
2.0170333392987803  10606
2.0211892990699383  9814
2.0253058652647704  10935
2.0293837776852097  10137
2.03342375548695  9636
2.037426497940624  9541
2.041392685158225  10191
2.0453229787866576  9206
2.0492180226701815  8555
2.0530784434834195  10083
2.0569048513364727  9643
2.060697840353612  10482
2.0644579892269186  10441
2.0681858617461617  9010
2.0718820073061255  9314
2.0755469613925306  10496
2.0791812460476247  10399
2.0827853703164503  9802
2.0863598306747484  10059
2.089905111439398  10544
2.093421685162235  9907
2.0969100130080562  10082
2.100370545117563  12198
2.103803720955957  10237
2.1072099696478683  9566
2.110589710299249  9961
2.113943352306837  10378
2.1172712956557644  9311
2.12057393120585  10001
2.123851640967086  9218
2.1271047983648077  10095
2.130333768495006  10018
2.1335389083702174  10401
2.1367205671564067  11846
2.1398790864012365  9331
2.143014800254095  8146
2.146128035678238  10643
2.1492191126553797  9433
2.1522883443830563  9651
2.155336037465062  10212
2.1583624920952498  10066
2.161368002234975  8648
2.164352855784437  10158
2.167317334748176  9840
2.1702617153949575  9448
2.173186268412274  9656
2.1760912590556813  9716
2.1789769472931693  10104
2.1818435879447726  9876
2.184691430817599  9463
2.187520720836463  9460
2.1903316981702914  8933
2.1931245983544616  9746
2.1958996524092336  8927
2.1986570869544226  9741
2.2013971243204513  9790
2.2041199826559246  10128
2.2068258760318495  9467
2.2095150145426308  8617
2.2121876044039577  9227
2.214843848047698  9600
2.2174839442139063  9512
2.220108088040055  10380
2.2227164711475833  9739
2.225309281725863  9204
2.2278867046136734  9119
2.230448921378274  9899
2.2329961103921536  10659
2.2355284469075487  9845
2.2380461031287955  10135
2.2405492482826  10128
2.2430380486862944  10146
2.24551266781415  10571
2.247973266361807  8893
2.250420002308894  9577
2.2528530309798933  9093
2.255272505103306  8296
2.2576785748691846  11211
2.2600713879850747  9763
2.2624510897304293  8909
2.2648178230095364  10575
2.2671717284030137  11022
2.2695129442179165  9111
2.271841606536499  9690
2.27415784926368  10471
2.2764618041732443  9999
2.278753600952829  10081
2.2810333672477277  11232
2.2833012287035497  8980
2.285557309007774  8691
2.287801729930226  8985
2.290034611362518  10119
2.292256071356476  9841
2.294466226161593  9635
2.296665190261531  9988
2.298853076409707  10022
2.3010299956639813  9834
2.303196057420489  8984
2.305351369446624  10575
2.307496037913213  9365
2.3096301674258988  9933
2.311753861055754  10754
2.3138672203691533  9759
2.315970345456918  10574
2.3180633349627615  10007
2.3201462861110542  9448
2.322219294733919  9939
2.3242824552976926  10114
2.326335860928751  8737
2.3283796034387376  10289
2.330413773349191  9105
2.3324384599156054  8881
2.3344537511509307  10196
2.3364597338485296  10293
2.3384564936046046  9514
2.3404441148401185  10591
2.342422680822206  8999
2.3443922736851106  9591
2.346352974450639  9173
2.3483048630481607  11363
2.3502480183341627  9717
2.3521825181113627  11195
2.3541084391474008  9222
2.3560258571931225  9174
2.357934847000454  9444
2.359835482339888  9814
2.361727836017593  9403
2.3636119798921444  9826
2.3654879848909  9384
2.367355921026019  9382
2.369215857410143  9868
2.3710678622717363  9213
2.3729120029701067  9495
2.374748346010104  10029
2.376576957056512  9756
2.3783979009481375  9534
2.380211241711606  9846
2.3820170425748683  10332
2.383815365980431  10712
2.385606273598312  10478
2.387389826338729  9504
2.3891660843645326  9589
2.3909351071033793  10567
2.392696953259666  8849
2.3944516808262164  9567
2.3961993470957363  9650
2.3979400086720375  9701
2.399673721481038  9718
2.401400540781544  10433
2.403120521175818  10584
2.404833716619938  8725
2.406540180433955  9737
2.4082399653118496  9799
2.4099331233312946  11709
2.41161970596323  9748
2.413299764081252  9642
2.4149733479708178  8872
2.416640507338281  9095
2.4183012913197452  9662
2.419955748489758  10078
2.4216039268698313  9417
2.423245873936808  10266
2.424881636631067  10847
2.4265112613645754  10266
2.428134794028789  8390
2.429752280002408  10058
2.4313637641589874  9356
2.432969290874406  9366
2.4345689040341987  10245
2.436162647040756  9686
2.437750562820388  10132
2.439332693830263  9757
2.4409090820652177  9476
2.4424797690644486  11410
2.444044795918076  9199
2.4456042032735974  10243
2.4471580313422194  9608
2.44870631990508  9595
2.450249108319361  10330
2.45178643552429  8926
2.4533183400470375  10215
2.45484486000851  10105
2.456366033129043  10737
2.4578818967339924  9533
2.459392487759231  9646
2.4608978427565478  10595
2.462397997898956  8637
2.4638929889859074  9215
2.4653828514484184  9809
2.4668676203541096  10509
2.4683473304121573  10038
2.469822015978163  8937
2.4712917110589387  10642
2.4727564493172123  9492
2.4742162640762553  10028
2.4756711883244296  10299
2.4771212547196626  9891
2.4785664955938436  9953
2.4800069429571505  9482
2.481442628502305  9814
2.482873583608754  10140
2.484299839346786  9416
2.48572142648158  10675
2.4871383754771865  9855
2.4885507165004443  10394
2.4899584794248346  9685
2.4913616938342726  10647
2.4927603890268375  11306
2.494154594018443  9882
2.4955443375464483  10578
2.496929648073215  9461
2.4983105537896004  10333
2.499687082618404  10017
2.5010592622177517  9772
2.5024271199844326  9938
2.503790683057181  10185
2.505149978319906  9324
2.506505032404872  9487
2.507855871695831  9995
2.509202522331103  10516
2.510545010206612  9927
2.5118833609788744  11197
2.513217600067939  9905
2.514547752660286  10091
2.515873843711679  9978
2.5171958979499744  9288
2.5185139398778875  10983
2.519827993775719  10212
2.5211380837040362  10779
2.5224442335063197  9303
2.5237464668115646  9290
2.525044807036845  10606
2.526339277389844  10372
2.5276299008713385  10063
2.5289167002776547  10471
2.530199698203082  9581
2.531478917042255  10332
2.5327543789924976  10703
2.534026106056135  9177
2.5352941200427703  9468
2.53655844257153  8689
2.537819095073274  9688
2.5390760987927767  9782
2.5403294747908736  10314
2.5415792439465807  9598
2.5428254269591797  9958
2.5440680443502757  9978
2.545307116465824  10410
2.546542663478131  8362
2.5477747053878224  9636
2.5490032620257876  9983
2.550228353055094  10053
2.5514499979728753  9064
2.552668216112193  10414
2.5538830266438746  9138
2.5550944485783194  9973
2.5563025007672873  9136
2.5575072019056577  9175
2.558708570533166  8772
2.5599066250361124  9649
2.561101383649056  9953
2.5622928644564746  9126
2.5634810853944106  9676
2.5646660642520893  10932
2.5658478186735176  9718
2.56702636615906  9143
2.568201724066995  9429
2.569373909615046  10011
2.5705429398818973  8536
2.571708831808688  9251
2.5728716022004803  9498
2.574031267727719  9795
2.575187844927661  9516
2.576341350205793  8857
2.5774917998372255  9843
2.578639209968072  10666
2.57978359661681  10771
2.5809249756756194  9842
2.582063362911709  9932
2.583198773968623  9804
2.584331224367531  10713
2.5854607295085006  8554
2.586587304671755  9383
2.5877109650189114  9449
2.5888317255942073  10108
2.5899496013257077  10232
2.591064607026499  10009
2.5921767573958667  9395
2.593286067020457  11194
2.5943925503754266  9328
2.595496221825574  10511
2.59659709562646  9368
2.597695185925512  10223
2.598790506763115  8863
2.5998830720736876  10086
2.6009728956867484  9860
2.6020599913279625  10098
2.603144372620182  10207
2.60422605308447  10047
2.6053050461411096  9991
2.606381365110605  9140
2.6074550232146687  9817
2.6085260335771943  9937
2.60959440922522  8638
2.61066016308988  10584
2.611723308007342  9745
2.6127838567197355  9514
2.6138418218760693  9980
2.6148972160331345  9274
2.615950051656401  9221
2.617000341120899  10506
2.6180480967120925  8264
2.6190933306267428  10753
2.6201360549737576  9400
2.621176281775035  11144
2.622214022966295  10193
2.6232492903979003  10612
2.6242820958356683  10704
2.625312450961674  10090
2.6263403673750423  9865
2.6273658565927325  8622
2.6283889300503116  10941
2.629409599102719  9477
2.630427875025024  9269
2.6314437690131722  9313
2.6324572921847245  9313
2.6334684555795866  9556
2.6344772701607315  9676
2.635483746814912  11212
2.6364878963533656  9557
2.637489729512511  9630
2.6384892569546374  8658
2.639486489268586  9988
2.640481436970422  10874
2.6414741105040997  9668
2.6424645202421213  9654
2.6434526764861874  9136
2.6444385894678386  10624
2.645422269349092  10546
2.6464037262230695  9326
2.6473829701146196  9837
2.6483600109809315  10804
2.649334858712142  9892
2.6503075231319366  8511
2.651278013998144  9807
2.6522463410033232  10756
2.6532125137753435  10871
2.6541765418779604  10787
2.655138434811382  10927
2.656098202012832  10142
2.6570558528571038  8785
2.6580113966571126  9716
2.658964842664435  11056
2.6599162000698504  10001
2.660865478003869  9582
2.661812685537261  9484
2.662757831681574  11148
2.663700925389648  9985
2.6646419755561257  10400
2.6655809910179533  10297
2.6665179805548807  10499
2.667452952889954  9617
2.66838591669  10559
2.6693168805661123  9584
2.670245853074124  10336
2.6711728427150834  10233
2.6720978579357175  10927
2.673020907128896  9414
2.673941998634088  9841
2.6748611407378116  9916
2.6757783416740852  9419
2.6766936096248664  9217
2.677606952720493  11277
2.678518379040114  8627
2.6794278966121188  9127
2.680335513414563  9477
2.681241237375587  8920
2.682145076373832  10621
2.6830470382388496  8999
2.683947130751512  10601
2.6848453616444123  10067
2.6857417386022635  10184
2.6866362692622934  10556
2.6875289612146345  9526
2.6884198220027105  10344
2.6893088591236203  10109
2.690196080028514  10128
2.6910814921229687  9807
2.69196510276736  9118
2.69284691927723  9311
2.693726948923647  8525
2.694605198933569  10120
2.6954816764901977  10023
2.696356388733332  8880
2.6972293427597176  9254
2.6981005456233897  10185
2.6989700043360187  9421
2.699837725867246  9897
2.7007037171450192  9857
2.7015679850559273  9780
2.7024305364455254  9879
2.7032913781186614  10118
2.7041505168397992  9729
2.705007959333336  10740
2.7058637122839193  9709
2.7067177823367587  10091
2.7075701760979363  10063
2.708420900134713  9302
2.709269960975831  9783
2.7101173651118162  10089
2.710963118995276  9698
2.711807229041191  8841
2.7126497016272113  9537
2.7134905430939424  9401
2.714329759745233  9408
2.7151673578484576  9777
2.716003343634799  10051
2.7168377232995247  10518
2.717670503002262  9888
2.718501688867274  9487
2.7193312869837265  9412
2.720159303405957  9576
2.7209857441537393  9982
2.7218106152125467  9281
2.722633922533812  9696
2.7234556720351857  9690
2.724275869600789  9691
2.725094521081469  8348
2.7259116322950483  9505
2.7267272090265724  9555
2.727541257028556  8944
2.7283537820212285  10043
2.72916478969277  9748
2.7299742856995555  9960
2.7307822756663893  9524
2.7315887651867388  10354
2.7323937598229686  10565
2.7331972651065692  8658
2.733999286538387  9146
2.734799829588847  9282
2.73559889969818  8867
2.7363965022766426  10982
2.7371926427047373  10597
2.737987326333431  11024
2.738780558484369  9652
2.739572344450092  9946
2.7403626894942437  10645
2.741151598851785  8837
2.741939077729199  10335
2.7427251313046983  9433
2.74350976472843  10086
2.7442929831226763  9715
2.7450747915820575  9452
2.745855195173729  9977
2.7466341989375787  10201
2.747411807886423  9956
2.7481880270062002  9391
2.7489628612561616  8998
2.749736315569061  9656
2.7505083948513462  9572
2.751279103983342  10608
2.7520484478194387  9443
2.7528164311882715  8638
2.7535830588929064  10095
2.754348335711019  10073
2.7551122663950713  10138
2.7558748556724915  9172
2.756636108245848  9544
2.7573960287930244  9992
2.75815462196739  8870
2.7589118923979736  8991
2.7596678446896306  10126
2.760422483423212  9447
2.7611758131557314  9435
2.761927838420529  10312
2.762678563727436  9775
2.7634279935629373  9788
2.7641761323903307  11060
2.7649229846498886  9726
2.765668554759014  9361
2.7664128471123997  10263
2.7671558660821804  9886
2.767897616018091  10411
2.7686381012476144  9749
2.7693773260761385  9736
2.7701152947871015  10037
2.7708520116421442  9047
2.7715874808812555  9213
2.77232170672292  10736
2.7730546933642626  9173
2.7737864449811935  8839
2.7745169657285498  9393
2.7752462597402365  9894
2.775974331129369  9590
2.776701183988411  10113
2.7774268223893115  10101
2.7781512503836434  9451
2.7788744720027396  9579
2.7795964912578244  9896
2.780317312140151  9319
2.7810369386211318  9315
2.781755374652469  10084
2.782472624166286  9919
2.7831886910752575  9734
2.783903579272735  9369
2.784617292632875  9378
2.785329835010767  9820
2.786041210242554  9982
2.7867514221455614  10118
2.787460474518415  8691
2.788168371141168  10363
2.788875115775417  10220
2.7895807121644256  9050
2.7902851640332416  9968
2.790988475088816  8744
2.791690649020118  11018
2.792391689498254  10598
2.79309160017658  10222
2.7937903846908188  9740
2.7944880466591697  10548
2.795184589682424  10047
2.7958800173440754  9010
2.7965743332104296  9230
2.7972675408307164  10332
2.797959643737196  9459
2.798650645445269  9198
2.7993405494535817  8962
2.8000293592441343  10006
2.800717078282385  9649
2.801403710017355  9954
2.802089257881733  9554
2.8027737252919755  10001
2.803457115648414  9833
2.8041394323353503  8966
2.8048206787211623  8836
2.8055008581584002  8602
2.806179973983887  10909
2.8068580295188172  10252
2.807535028068853  8181
2.808210972924222  9564
2.808885867359812  9710
2.8095597146352675  9481
2.8102325179950842  10279
2.8109042806687006  9515
2.8115750058705933  10291
2.812244696800369  9601
2.8129133566428557  9333
2.813580988568192  9791
2.81424759573192  10275
2.814913181275074  9386
2.815577748324267  9571
2.816241299991783  11294
2.8169038393756605  9779
2.8175653695597807  9220
2.8182258936139557  10305
2.8188854145940097  11127
2.8195439355418688  9907
2.82020145948564  10374
2.8208579894397  9343
2.821513528404773  9567
2.8221680793680175  9841
2.8228216453031045  9642
2.823474229170301  9702
2.824125833916549  9755
2.824776462475546  11261
2.8254261177678233  10264
2.8260748027008264  9684
2.826722520168992  9389
2.8273692730538253  9309
2.828015064223977  9517
2.82865989653532  9636
2.829303772831025  8436
2.829946695941636  10568
2.8305886686851442  10693
2.8312296938670634  10126
2.8318697742805017  10220
2.832508912706236  10224
2.833147111912785  8862
2.833784374656479  9695
2.8344207036815328  9531
2.835056101720116  9261
2.8356905714924254  9280
2.8363241157067516  9122
2.8369567370595505  10118
2.837588438235511  9592
2.8382192219076257  9732
2.838849090737255  9396
2.8394780473741985  10153
2.840106094456758  9728
2.8407332346118066  9569
2.841359470454855  9474
2.8419848045901137  8600
2.842609239610562  9177
2.8432327780980096  10223
2.843855422623161  9701
2.8444771757456815  9919
2.845098040014257  10587
2.8457180179666586  10222
2.846337112129805  10493
2.846955325019824  10477
2.847572659142112  10179
2.848189116991399  9023
2.8488047010518036  9972
2.8494194137968996  10015
2.850033257689769  8467
2.8506462351830666  9784
2.8512583487190755  10183
2.851869600729766  10827
2.8524799936368566  9786
2.8530895298518657  8671
2.8536982117761744  9837
2.8543060418010806  8937
2.8549130223078554  10152
2.8555191556678  9954
2.8561244442423  9252
2.8567288903828825  8971
2.8573324964312685  9789
2.857935264719429  9094
2.858537197569639  9636
2.859138297294531  9438
2.859738566197147  9786
2.8603380065709936  8475
2.8609366207000937  11099
2.8615344108590377  8315
2.862131379313037  9806
2.8627275283179747  9836
2.863322860120456  8552
2.8639173769578603  10646
2.864511081058392  9303
2.8651039746411278  11071
2.8656960599160706  9886
2.8662873390841948  10029
2.866877814337499  9342
2.8674674878590514  9627
2.8680563618230415  9761
2.8686444383948255  9513
2.8692317197309762  9909
2.869818207979328  11185
2.870403905279027  9949
2.8709888137605755  10143
2.8715729355458786  9635
2.8721562727482928  8520
2.8727388274726686  9865
2.873320601815399  10493
2.8739015978644615  10356
2.8744818176994666  9514
2.8750612633917  9445
2.8756399370041685  9760
2.876217840591642  9505
2.8767949762007006  8484
2.877371345869774  9648
2.8779469516291885  9663
2.8785217955012063  10091
2.8790958795000727  8961
2.8796692056320534  10118
2.88024177589548  10378
2.8808135922807914  10137
2.8813846567705728  10026
2.8819549713396007  11095
2.8825245379548803  9779
2.8830933585756897  8429
2.8836614351536176  10114
2.884228769632604  10413
2.884795363948981  9393
2.885361220031512  10395
2.885926339801431  10409
2.886490725172482  10763
2.8870543780509568  9241
2.887617300335736  9377
2.888179493918325  9700
2.8887409606828927  9541
2.88930170250631  10009
2.8898617212581885  9795
2.890421018800914  10201
2.890979596989689  10597
2.8915374576725643  9673
2.8920946026904804  10867
2.8926510338773004  9761
2.893206753059848  8741
2.8937617620579434  9992
2.8943160626844384  9727
2.8948696567452528  10133
2.895422546039408  8975
2.8959747323590648  9186
2.8965262174895554  9850
2.89707700320942  9504
2.8976270912904414  9673
2.8981764834976764  9170
2.8987251815894934  9820
2.8992731873176036  8291
2.8998205024270964  9782
2.9003671286564705  9176
2.900913067737669  10003
2.9014583213961123  9344
2.9020028913507296  8842
2.902546779313991  10612
2.9030899869919438  10026
2.9036325160842376  10494
2.9041743682841634  8714
2.904715545278681  10684
2.905256048748451  10365
2.9057958803678687  10417
2.906335041805091  9960
2.90687353472207  9630
2.907411360774586  9069
2.9079485216122722  9024
2.90848501887865  10270
2.909020854211156  9941
2.9095560292411755  9869
2.910090545594068  9617
2.910624404889201  9126
2.9111576087399764  9550
2.9116901587538613  9560
2.9122220565324155  9914
2.912753303671323  10010
2.9132839017604186  9310
2.9138138523837167  10223
2.9143431571194407  9872
2.9148718175400505  9683
2.91539983521227  9506
2.9159272116971158  9849
2.916453948549925  9021
2.9169800473203824  10472
2.9175055095525466  10436
2.9180303367848803  9221
2.9185545305502734  10470
2.9190780923760737  9849
2.919601023784111  10185
2.920123326290724  9354
2.9206450014067875  9637
2.921166050637739  10452
2.921686475483602  10017
2.9222062774390163  10207
2.92272545799326  9638
2.9232440186302764  10254
2.9237619608287004  10189
2.9242792860618816  10281
2.924795995797912  9776
2.9253120914996495  10068
2.9258275746247424  9242
2.926342446625655  9637
2.926856708949692  9523
2.9273703630390235  10014
2.9278834103307068  10388
2.9283958522567137  8596
2.928907690243953  9679
2.929418925714293  9788
2.929929560084588  9903
2.9304395947667  9715
2.930949031167523  9021
2.931457870689005  9793
2.931966114728173  9475
2.932473764677153  8723
2.932980821923198  10147
2.9334872878487053  9818
2.9339931638312424  9081
2.934498451243568  10285
2.935003151453655  9062
2.9355072658247128  9787
2.9360107957152097  10681
2.936513742478893  9506
2.9370161074648142  10070
2.937517892017347  10095
2.9380190974762104  8341
2.938519725176492  8747
2.9390197764486663  9178
2.9395192526186187  9301
2.9400181550076634  10971
2.940516484932567  10003
2.9410142437055695  10257
2.941511432634403  11257
2.942008053022313  10458
2.9425041061680806  9601
2.9429995933660407  8913
2.9434945159061026  9169
2.9439888750737717  8697
2.9444826721501687  10777
2.9449759084120477  9751
2.94546858513182  10595
2.9459607035775686  10724
2.946452265013073  9206
2.9469432706978256  9674
2.9474337218870508  9394
2.9479236198317262  10307
2.948412965778601  10389
2.9489017609702137  9528
2.949390006644913  9063
2.949877704036875  10515
2.950364854376123  10311
2.9508514588885464  9371
2.951337518795918  9252
2.951823035315912  9085
2.9523080096621253  9734
2.952792443044092  9417
2.9532763366673045  9911
2.9537596917332287  9960
2.9542425094393248  8848
2.954724790979063  9955
2.9552065375419416  11123
2.9556877503135057  10224
2.9561684304753633  9896
2.9566485792052033  9572
2.957128197676813  10324
2.957607287060095  10117
2.958085848521085  9820
2.9585638832219674  9776
2.9590413923210934  9703
2.9595183769729982  9714
2.959994838328416  9797
2.960470777534299  9046
2.960946195733831  9583
2.9614210940664485  10027
2.9618954736678504  9280
2.962369335670021  10063
2.9628426812012423  9911
2.9633155113861114  9392
2.963787827345555  9933
2.964259630196849  9418
2.9647309210536292  9969
2.965201701025912  8979
2.9656719712201065  9263
2.9661417327390325  9734
2.966610986681934  9617
2.967079734144497  9618
2.967547976218862  10409
2.968015713993642  9781
2.9684829485539352  9773
2.9689496809813427  10683
2.9694159123539814  9774
2.9698816437465  9969
2.9703468762300935  10236
2.9708116108725178  10075
2.971275848738105  11170
2.971739590887778  11223
2.9722028383790646  10517
2.972665592266111  9951
2.9731278535996988  9366
2.973589623427257  10250
2.9740509027928774  9096
2.9745116927373285  9991
2.974971994298069  9885
2.975431808509263  10228
2.975891136401793  9486
2.9763499790032735  9787
2.976808337338066  10545
2.977266212427293  10734
2.9777236052888476  10177
2.978180516937414  9295
2.9786369483844743  8985
2.979092900638326  8919
2.979548374704095  9593
2.9800033715837464  9660
2.9804578922761  9853
2.9809119377768436  9700
2.9813655090785445  9470
2.9818186071706636  10067
2.9822712330395684  10265
2.9827233876685453  10843
2.983175072037813  9437
2.9836262871245345  9150
2.984077033902831  10539
2.9845273133437926  9865
2.9849771264154934  9172
2.9854264740830017  9477
2.9858753573083936  9216
2.986323777050765  9542
2.9867717342662448  9875
2.9872192299080047  9630
2.9876662649262746  11120
2.988112840268352  9857
2.9885589568786157  9912
2.989004615698537  9548
2.9894498176666917  10176
2.989894563718773  9622
2.9903388547876015  9405
2.9907826918031377  10031
2.9912260756924947  11497
2.9916690073799486  8568
2.9921114877869495  9153
2.9925535178321354  10189
2.9929950984313414  9890
2.9934362304976116  9407
2.993876914941211  10210
2.9943171526696366  10290
2.9947569445876283  9486
2.9951962915971793  9446
2.99563519459755  9772
2.9960736544852753  9790
2.9965116721541785  9276
2.996949248495381  9035
2.997386384397313  8729
2.9978230807457256  9008
2.998259338423699  9843
2.998695158311656  8832
2.999130541287371  9767
2.9995654882259823  9571
3.0  10387
3.000434077479319  9111
3.0008677215312267  10150
3.0013009330204183  10315
3.0017337128090005  9161
3.002166061756508  11561
3.0025979807199086  8628
3.003029470553618  10470
3.0034605321095067  9494
3.0038911662369103  10188
3.0043213737826426  9930
3.004751155591001  11237
3.0051805125037805  10302
3.0056094453602804  9017
3.0060379549973173  9985
3.0064660422492318  10217
3.0068937079479006  9474
3.0073209529227447  9614
3.00774777800074  9551
3.0081741840064264  9355
3.0086001717619175  9533
3.0090257420869104  10447
3.009450895798694  10097
3.00987563371216  10254
3.010299956639812  9595
3.010723865391773  9070
3.0111473607757975  10824
3.0115704435972783  11110
3.011993114659257  10322
3.012415374762433  10492
3.012837224705172  10683
3.0132586652835167  10016
3.0136796972911926  10435
3.0141003215196207  9816
3.0145205387579237  10115
3.0149403497929366  10617
3.0153597554092144  9123
3.015778756389041  9752
3.016197353512439  9924
3.016615547557177  8939
3.0170333392987803  9761
3.017450729510536  9879
3.0178677189635055  10899
3.018284308426531  10068
3.0187004986662433  8964
3.019116290447073  10028
3.0195316845312554  10463
3.0199466816788423  8898
3.0203612826477078  9666
3.020775488193558  9202
3.0211892990699383  9071
3.021602716028242  9421
3.02201573981772  9439
3.0224283711854865  9389
3.022840610876528  10096
3.0232524596337114  10583
3.0236639181977933  9317
3.024074987307426  11024
3.024485667699167  9888
3.024895960107485  9241
3.0253058652647704  9656
3.025715383901341  8946
3.0261245167454502  10009
3.0265332645232967  9044
3.0269416279590295  9226
3.0273496077747564  8845
3.0277572046905536  10203
3.0281644194244697  9699
3.0285712526925375  9938
3.028977705208778  9059
3.0293837776852097  9863
3.029789470831856  10840
3.030194785356751  9482
3.030599721965951  8803
3.0310042813635367  9701
3.031408464251624  8802
3.0318122713303706  9893
3.0322157032979815  10186
3.03261876085072  10088
3.0330214446829107  9530
3.03342375548695  10198
3.03382569395331  10805
3.0342272607705505  9107
3.0346284566253203  10893
3.0350292822023683  9998
3.0354297381845483  10187
3.035829825252828  10542
3.0362295440862948  9650
3.036628895362161  9117
3.037027879755775  9424
3.037426497940624  10320
3.037824750588342  9596
3.0382226383687185  10392
3.038620161949703  8805
3.039017321997412  9353
3.0394141191761372  10340
3.0398105541483504  8839
3.0402066275747113  10110
3.040602340114073  10265
3.0409976924234905  9358
3.041392685158225  8970
3.041787318971752  9533
3.042181594515766  9960
3.0425755124401905  9937
3.0429690733931802  10271
3.0433622780211294  8765
3.0437551269686796  9448
3.044147620878723  8216
3.044539760392411  9256
3.04493154614916  10307
3.0453229787866576  11312
3.0457140589408676  9162
3.0461047872460387  8720
3.0464951643347082  10376
3.04688519083771  9498
3.0472748673841794  11380
3.04766419460156  9785
3.048053173115609  10051
3.0484418035504044  10047
3.04883008652835  9328
3.0492180226701815  9214
3.049605612594973  10409
3.0499928569201424  9494
3.050379756261458  9696
3.0507663112330423  10753
3.0511525224473814  10551
3.0515383905153275  10134
3.0519239160461065  10147
3.0523090996473234  9550
3.052693941924968  11574
3.0530784434834195  10747
3.053462604925455  10449
3.0538464268522527  10185
3.0542299098633974  11511
3.0546130545568877  9947
3.0549958615291417  10220
3.055378331375  10485
3.0557604646877348  9941
3.056142262059052  9927
3.0565237240791006  10281
3.0569048513364727  9793
3.0572856444182146  9553
3.0576661039098294  9971
3.0580462303952816  9964
3.058426024457005  8993
3.0588054866759067  9741
3.059184617631371  10080
3.0595634179012676  8967
3.059941888061955  9453
3.060320028688285  10352
3.060697840353612  10237
3.0610753236297916  10658
3.061452479087193  10775
3.061829307294699  9112
3.0622058088197126  10184
3.062581984228163  9100
3.0629578340845103  9716
3.0633333589517497  8717
3.0637085593914173  8550
3.064083435963596  9157
3.0644579892269186  9800
3.064832219738574  9482
3.065206128054312  9482
3.0655797147284485  11199
3.06595298031387  9706
3.0663259253620376  8744
3.0666985504229953  10146
3.0670708560453703  9535
3.0674428427763805  10108
3.0678145111618402  11049
3.0681858617461617  8910
3.068556895072363  10966
3.068927611682072  10055
3.0692980121155293  10093
3.0696680969115957  9056
3.070037866607755  10610
3.0704073217401198  8888
3.0707764628434346  10635
3.0711452904510828  9790
3.071513805095089  9910
3.0718820073061255  10948
3.072249897613515  9658
3.0726174765452368  11265
3.0729847446279304  9324
3.073351702386901  9965
3.0737183503461227  9735
3.074084689028244  10235
3.074450718954591  10105
3.074816440645175  9933
3.0751818546186915  9287
3.0755469613925306  8812
3.0759117614827773  10019
3.076276255404218  10048
3.076640443670342  9745
3.0770043267933502  9971
3.0773679052841563  9405
3.077731179652392  9332
3.0780941504064105  9439
3.0784568180532927  9665
3.0788191830988487  10163
3.0791812460476247  11721
3.079543007402906  10688
3.079904467666721  9834
3.0802656273398448  9514
3.0806264869218056  9393
3.080987046910887  10376
3.0813473078041325  10059
3.081707270097349  10200
3.082066934285113  9640
3.0824263008607717  10259
3.0827853703164503  8512
3.0831441431430524  9324
3.0835026198302673  9509
3.083860800866573  10373
3.0842186867392387  9900
3.084576277934331  10998
3.084933574936716  9937
3.085290578230065  9937
3.0856472882968564  9543
3.0860037056183818  9931
3.0863598306747484  9972
3.0867156639448825  10744
3.0870712059065353  9869
3.0874264570362855  10244
3.087781417809542  9341
3.0881360887005513  9892
3.0884904701823963  9105
3.088844562727004  8473
3.089198366805149  10587
3.089551882886454  10298
3.089905111439398  10038
3.090258052931316  8988
3.090610707828407  9852
3.0909630765957314  10762
3.091315159697223  8709
3.0916669575956846  9485
3.092018470752797  10208
3.0923696996291206  10181
3.0927206446840994  8888
3.0930713063760633  11417
3.093421685162235  10763
3.09377178149873  10059
3.0941215958405612  9619
3.094471128641645  10701
3.0948203803548  8911
3.095169351431755  8727
3.095518042323151  9004
3.0958664534785427  9373
3.0962145853464054  10763
3.0965624383741357  9903
3.0969100130080562  9644
3.09725730969342  9839
3.097604328874411  11164
3.09795107099415  9753
3.0982975364946976  8976
3.098643725817057  10558
3.0989896394011773  9697
3.0993352776859577  9136
3.09968064110925  9361
3.1000257301078626  9736
3.100370545117563  9138
3.1007150865730817  10301
3.1010593549081156  10625
3.101403350555331  10062
3.1017470739463664  9724
3.1020905255118367  8790
3.1024337056813365  10632
3.1027766148834415  9751
3.1031192535457137  10367
3.103461622094705  8748
3.103803720955957  9611
3.104145550554008  9247
3.104487111312395  9328
3.1048284036536553  10638
3.1051694279993316  9925
3.1055101847699738  10360
3.1058506743851435  8929
3.1061908972634154  10539
3.1065308538223815  9515
3.106870544478654  10357
3.1072099696478683  8429
3.1075491297446862  8986
3.1078880251827985  10149
3.1082266563749283  9908
3.1085650237328344  10112
3.1089031276673134  10001
3.109240968588203  9956
3.1095785469043866  9720
3.1099158630237933  8871
3.110252917353403  10013
3.110589710299249  10389
3.1109262422664203  10611
3.1112625136590655  8721
3.111598524880394  10398
3.1119342763326814  10121
3.1122697684172707  9930
3.1126050015345745  9967
3.11293997608408  9261
3.1132746924643504  10520
3.1136091510730277  9544
3.113943352306837  8827
3.1142772965615864  9812
3.114610984232173  9586
3.1149444157125847  9316
3.1152775913959014  10430
3.1156105116742996  10028
3.115943176939055  9804
3.116275587580544  9240
3.1166077439882485  9410
3.116939646550756  10642
3.1172712956557644  9556
3.117602691690084  9699
3.1179338350396413  8762
3.118264726089479  10044
3.118595365223762  9628
3.1189257528257768  10536
3.1192558892779365  10442
3.119585774961784  9701
3.119915410257991  9159
3.1202447955463652  9931
3.12057393120585  9955
3.1209028176145273  9474
3.1212314551496214  9296
3.1215598441875008  9285
3.121887985103681  9318
3.1222158782728267  9163
3.1225435240687545  9137
3.1228709228644354  9475
3.1231980750319988  10104
3.123524980942732  10891
3.123851640967086  9995
3.124178055474675  9795
3.1245042248342823  8785
3.1248301494138593  9814
3.12515582958053  9195
3.125481265700594  8848
3.125806458139527  8483
3.1261314072619846  10711
3.1264561134318045  10040
3.126780577012009  9985
3.1271047983648077  11044
3.127428777851599  9499
3.1277525158329733  10224
3.1280760126687155  10350
3.1283992687178066  8411
3.128722284338427  9685
3.1290450598879582  9810
3.1293675957229854  10267
3.129689892199301  9952
3.1300119496719043  9567
3.130333768495006  9559
3.130655349022031  9126
3.130976691605617  10249
3.131297796597623  11452
3.1316186643491255  9434
3.1319392952104246  11529
3.1322596895310446  10208
3.132579847659737  9966
3.132899769944483  10128
3.1332194567324945  10007
3.1335389083702174  12420
3.133858125203335  10978
3.1341771075767664  9653
3.1344958558346736  10190
3.13481437032046  10577
3.1351326513767748  10561
3.1354506993455136  8897
3.1357685145678222  10106
3.1360860973840974  9373
3.13640344813399  10702
3.1367205671564067  10076
3.1370374547895126  10659
3.137354111370733  10792
3.137670537236755  9068
3.137986732723532  9365
3.1383026981662816  11194
3.1386184338994925  9763
3.1389339402569236  10258
3.139249217571607  9742
3.13956426617585  9731
3.1398790864012365  9700
3.140193678578631  9513
3.1405080430381798  9454
3.1408221801093106  9433
3.141136090120739  9483
3.1414497734004674  10579
3.141763230275788  10967
3.1420764610732848  9945
3.142389466118836  9866
3.1427022457376155  10162
3.143014800254095  10446
3.143327129992046  10462
3.1436392352745433  9294
3.1439511164239633  10514
3.144262773761991  10132
3.144574207609616  10246
3.144885418287142  9349
3.1451964061141817  9683
3.1455071714096627  10631
3.1458177144918276  9208
3.146128035678238  10445
3.1464381352857744  9244
3.14674801363064  9476
3.1470576710283598  9838
3.1473671077937864  8468
3.1476763242410986  9443
3.147985320683805  10378
3.1482940974347455  10245
3.1486026548060932  8111
3.1489109931093564  10124
3.1492191126553797  9645
3.149527013754348  9546
3.149834696715785  10111
3.1501421618485588  9910
3.150449409460881  9298
3.150756439860309  9631
3.15106325335375  10948
3.1513698502474603  9374
3.151676230847048  9634
3.151982395457474  9410
3.1522883443830563  10090
3.15259407792747  9947
3.1528995963937474  9485
3.153204900084284  9857
3.1535099893008374  10405
3.153814864344529  10221
3.154119525515847  9760
3.154423973114647  9902
3.1547282074401557  9634
3.1550322287909704  10615
3.155336037465062  9892
3.1556396337597765  10452
3.1559430179718366  9293
3.1562461903973444  9912
3.1565491513317814  10325
3.156851901070011  10903
3.1571544399062814  9072
3.157456768134226  8128
3.1577588860468637  9612
3.158060793936605  9026
3.1583624920952498  10671
3.1586639808139894  8914
3.15896526038341  9645
3.159266331093494  9844
3.1595671932336202  9937
3.1598678470925665  10980
3.160168292958512  8951
3.1604685311190375  10587
3.1607685618611283  9184
3.1610683854711747  10314
3.161368002234975  9086
3.161667412437736  8685
3.161966616364075  9244
3.1622656142980214  10259
3.162564406523019  9989
3.162862993321926  10866
3.1631613749770184  9957
3.16345955176999  9652
3.163757523981956  11593
3.1640552918934515  8335
3.164352855784437  9276
3.1646502159342966  10301
3.1649473726218416  9412
3.1652443261253107  9980
3.165541076722373  9092
3.1658376246901283  10831
3.166133970305109  10101
3.166430113843283  10253
3.166726055580052  10089
3.1670217957902564  9981
3.167317334748176  9780
3.16761267272753  10549
3.16790781000148  9519
3.168202746842631  8871
3.1684974835230326  9414
3.1687920203141817  9711
3.1690863574870227  9491
3.1693804953119495  9288
3.1696744340588068  8899
3.1699681739968923  10020
3.1702617153949575  10708
3.1705550585212086  10611
3.170848203643309  9644
3.1711411510283822  9494
3.171433900943008  9927
3.171726453653231  10256
3.1720188094245563  10011
3.172310968521954  9148
3.17260293120986  8958
3.1728946977521764  9259
3.173186268412274  9387
3.1734776434529945  10460
3.17376882313665  9989
3.1740598077250253  9140
3.1743505974793798  10342
3.1746411926604483  10822
3.1749315935284423  9945
3.1752218003430523  10398
3.1755118133634475  10858
3.1758016328482794  8897
3.1760912590556813  9568
3.1763806922432702  10686
3.17666993266815  10995
3.176958980586908  9252
3.1772478362556233  10334
3.1775364999298623  10129
3.177824971864682  10275
3.1781132523146316  10250
3.178401341533755  9816
3.17868923977559  9720
3.1789769472931693  9146
3.1792644643390253  9976
3.1795517911651876  10212
3.179838928023187  9492
3.180125875164054  9677
3.180412632838324  9343
3.1806992012960347  9676
3.1809855807867304  8090
3.1812717715594614  9935
3.1815577738627865  8631
3.1818435879447726  9599
3.182129214052998  10355
3.182414652434554  10421
3.1826999033360424  10197
3.182984967003582  11037
3.1832698436828046  9877
3.1835545336188615  10799
3.1838390370564214  10306
3.184123354239671  8451
3.1844074854123203  9901
3.184691430817599  9800
3.184975190698261  10636
3.185258765296585  10299
3.185542154854375  9509
3.185825359612962  9680
3.1861083798132053  10146
3.186391215695493  8798
3.1866738674997452  8574
3.1869563354654122  9600
3.187238619831479  10588
3.187520720836463  9366
3.1878026387184195  10337
3.188084373714938  9631
3.188365926063148  8786
3.188647295999717  9906
3.1889284837608534  10855
3.189209489582306  9775
3.1894903136993675  9308
3.189770956346874  10572
3.190051417759206  9152
3.1903316981702914  9764
3.190611797813605  9748
3.1908917169221698  8879
3.1911714557285586  9668
3.1914510144648953  9140
3.1917303933628562  10859
3.1920095926536702  10164
3.1922886125681202  9731
3.1925674533365456  8951
3.192846115188842  9811
3.1931245983544616  9706
3.1934029030624176  8334
3.1936810295412816  9688
3.193958978019187  8998
3.1942367487238292  10011
3.194514341882467  9720
3.1947917577219247  8615
3.1950689964685903  10074
3.1953460583484197  9309
3.1956229435869368  9713
3.1958996524092336  10778
3.1961761850399735  9057
3.196452541703389  10451
3.196728722623287  9611
3.1970047280230456  9817
3.197280558125619  9593
3.1975562131535367  10149
3.197831693328903  9517
3.1981069988734014  10104
3.1983821300082944  10031
3.1986570869544226  8848
3.198931869932209  9046
3.1992064791616577  10741
3.199480914862356  9024
3.1997551772534747  9132
3.2000292665537704  9396
3.200303182981585  11030
3.2005769267548483  10100
3.2008504980910772  9318
3.2011238972073794  10609
3.2013971243204513  8685
3.2016701796465816  9644
3.20194306340165  9883
3.2022157758011316  9509
3.2024883170600935  9195
3.2027606873931997  10319
3.2030328870147105  9227
3.203304916138483  10544
3.2035767749779724  9119
3.2038484637462346  9134
3.2041199826559246  11519
3.2043913319193  9108
3.204662511748219  9761
3.204933522354145  9228
3.2052043639481447  9136
3.205475036740891  9788
3.205745540942662  9261
3.2060158767633444  9736
3.2062860444124324  10395
3.2065560440990297  9556
3.2068258760318495  9325
3.207095540419218  10539
3.2073650374690716  9467
3.2076343673889616  9656
3.2079035303860515  9775
3.2081725266671217  9293
3.208441356438567  9856
3.208710019906401  10887
3.2089785172762535  9457
3.2092468487533736  9299
3.2095150145426308  9607
3.209783014848515  10843
3.2100508498751372  9484
3.210318519826232  9131
3.2105860249051563  9342
3.210853365314893  9410
3.2111205412580492  9894
3.2113875529368587  10216
3.2116544005531824  8898
3.2119210843085093  10456
3.2121876044039577  10156
3.212453961040276  10512
3.2127201544178425  9288
3.212986184736668  9330
3.2132520521963968  9243
3.2135177569963047  9849
3.2137832993353044  8914
3.2140486794119414  10909
3.2143138974244  9405
3.214578953570499  9075
3.214843848047698  10025
3.215108581053093  8493
3.215373152783422  9777
3.215637563435062  9953
3.215901813204032  9458
3.216165902285993  9420
3.216429830876251  8529
3.2166935991697545  9186
3.216957207361097  8900
3.217220655644519  9863
3.2174839442139063  10404
3.2177470732627937  9872
3.218010042984363  10599
3.2182728535714475  9337
3.218535505216528  9877
3.2187979981117376  9297
3.219060332448861  9644
3.219322508419337  10644
3.2195845262142546  9440
3.219846386024361  9763
3.220108088040055  8893
3.2203696324513946  9706
3.220631019448092  8979
3.2208922492195193  9818
3.2211533219547053  9110
3.2214142378423385  9910
3.2216749970707688  10418
3.2219355998280053  9827
3.22219604630172  9978
3.222456336679247  9295
3.2227164711475833  9975
3.2229764498933915  10448
3.2232362731029975  9604
3.2234959409623944  9647
3.2237554536572413  9516
3.224014811372864  10069
3.2242740142942576  9560
3.2245330626060857  8572
3.2247919564926817  8740
3.225050696138049  9354
3.225309281725863  10279
3.225567713439471  10167
3.2258259914618934  8971
3.226084115975824  9838
3.226342087163631  9899
3.2265999052073573  8867
3.2268575702887237  8887
3.2271150825891253  9443
3.2273724422896364  9732
3.227629649571009  10145
3.2278867046136734  8908
3.2281436075977417  9966
3.228400358703005  11226
3.2286569581089353  8928
3.228913405994688  10339
3.229169702539101  8871
3.229425847920695  9902
3.229681842317676  9905
3.229937685907934  9749
3.230193378869046  9792
3.230448921378274  10735
3.230704313612569  10061
3.230959555748569  9311
3.231214647962601  9906
3.2314695904306814  10038
3.2317243833285163  8458
3.231979026831504  9862
3.2322335211147335  10270
3.232487866352986  10406
3.232742062720737  9455
3.2329961103921536  10950
3.2332500095411003  9272
3.2335037603411343  9109
3.2337573629655103  9871
3.2340108175871793  9855
3.2342641243787895  8762
3.2345172835126865  9554
3.2347702951609163  9556
3.2350231594952237  9709
3.2352758766870524  10434
3.2355284469075487  10331
3.2357808703275603  9688
3.236033147117636  9595
3.2362852774480286  9886
3.236537261488694  9533
3.2367890994092927  9758
3.237040791379191  10138
3.237292337567459  9793
3.2375437381428744  9764
3.2377949932739227  8808
3.2380461031287955  10656
3.238297067875394  9527
3.2385478876813276  9242
3.238798562713917  10344
3.2390490931401916  9813
3.2392994791268923  9435
3.239549720840473  10500
3.2397998184470986  9482
3.2400497721126476  9834
3.2402995820027125  9382
3.2405492482826  9990
3.240798771117331  9945
3.241048150671644  9490
3.2412973871099933  9146
3.2415464805965484  9773
3.241795431295199  9842
3.2420442393695508  9277
3.2422929049829308  8920
3.2425414282983844  9849
3.2427898094786767  10667
3.2430380486862944  9798
3.243286146083446  10095
3.243534101832062  11169
3.243781916093795  10954
3.244029589030022  10837
3.244277120801843  10261
3.244524511570084  9226
3.244771761495295  9033
3.245018870737753  9442
3.245265839457461  10617
3.24551266781415  9510
3.245759355967277  9402
3.246005904076029  9630
3.246252312299322  9631
3.246498580795801  9918
3.2467447097238415  9070
3.24699069924155  9067
3.247236549506764  10557
3.2474822606770544  10076
3.2477278329097232  11573
3.247973266361807  9815
3.248218561190075  9121
3.248463717551032  9457
3.2487087356009177  9774
3.2489536154957075  11096
3.249198357391113  9121
3.249442961442582  10079
3.2496874278053016  8478
3.249931756634195  9623
3.250175948083925  8843
3.250420002308894  9292
3.2506639194632436  9325
3.250907699700856  9417
3.2511513431753545  11133
3.2513948500401044  9799
3.251638220448212  9845
3.2518814545525276  9534
3.252124552505644  9705
3.2523675144598987  9059
3.252610340567373  10137
3.2528530309798933  10313
3.2530955858490316  9254
3.2533380053261065  10025
3.253580289562183  9591
3.2538224387080734  9250
3.254064452914338  9803
3.2543063323312857  9291
3.2545480771089736  9701
3.25478968739721  10274
3.2550311633455515  9333
3.255272505103306  11036
3.2555137128195333  10997
3.255754786643044  10767
3.255995726722402  10360
3.256236533205923  10589
3.256477206241677  11156
3.256717745977487  9918
3.256958152560932  9867
3.2571984261393445  8806
3.257438566859814  10430
3.2576785748691846  9960
3.2579184503140586  10160
3.2581581933407944  9229
3.258397804095509  9756
3.2586372827240764  9406
3.258876629372131  8683
3.2591158441850663  10978
3.2593549273080344  10782
3.2595938788859486  9542
3.2598326990634834  10495
3.2600713879850747  10510
3.26030994579492  9336
3.2605483726369795  9802
3.2607866686549762  9157
3.2610248339923973  9968
3.2612628687924934  9750
3.2615007731982804  10648
3.2617385473525378  9170
3.2619761913978125  11134
3.262213705476417  9841
3.2624510897304293  10452
3.2626883443016963  9230
3.2629254693318317  10294
3.2631624649622166  10645
3.263399331334002  9335
3.263636068588108  9288
3.2638726768652235  9785
3.2641091563058082  9009
3.2643455070500926  8732
3.2645817292380777  10115
3.2648178230095364  9447
3.2650537885040145  8599
3.26528962586083  9639
3.2655253352190736  10251
3.2657609167176105  9574
3.265996370495079  8964
3.266231696689893  10792
3.2664668954402414  9482
3.2667019668840878  10177
3.266936911159173  9879
3.2671717284030137  10232
3.267406418752904  9039
3.2676409823459154  9955
3.2678754193188975  10520
3.2681097298084785  9442
3.268343913951065  9679
3.268577971882843  9949
3.2688119037397803  9897
3.269045709657623  10467
3.2692793897718984  9321
3.2695129442179165  10886
3.269746373130767  10453
3.269979676645324  9180
3.2702128548962426  9283
3.2704459080179626  9202
3.2706788361447066  10347
3.2709116394104814  10268
3.2711443179490782  9481
3.2713768718940743  10273
3.271609301378832  9507
3.271841606536499  9665
3.27207378750001  9786
3.2723058444020863  9916
3.2725377773752373  9931
3.2727695865517594  9694
3.2730012720637376  9103
3.2732328340430454  9635
3.273464272621346  10234
3.273695587930092  9091
3.2739267801005254  10082
3.27415784926368  10084
3.274388795550379  9667
3.274619619091238  10119
3.274850320016665  9972
3.2750808984568587  9820
3.2753113545418118  10198
3.2755416884013098  9793
3.2757719001649312  9524
3.27600198996205  9168
3.2762319579218335  9204
3.2764618041732443  9878
3.27669152884504  9708
3.276921132065774  9790
3.277150613963797  9081
3.2773799746672547  8956
3.2776092143040914  9942
3.2778383330020473  10240
3.2780673308886628  10674
3.2782962080912736  9191
3.2785249647370174  8575
3.278753600952829  10414
3.278982116865443  10395
3.279210512601395  9760
3.2794387882870204  10765
3.2796669440484556  10558
3.279894980011638  10714
3.2801228963023075  10195
3.280350693046006  10084
3.2805783703680764  9562
3.280805928393667  9274
3.2810333672477277  10136
3.281260687055013  10501
3.2814878879400813  10359
3.281714970027296  10890
3.281941933440825  9379
3.2821687783046416  10118
3.2823955047425257  9842
3.2826221128780624  9687
3.282848602834645  9660
3.2830749747354715  9845
3.2833012287035497  9543
3.2835273648616936  10466
3.2837533833325265  9505
3.28397928423848  9711
3.284205067701794  10743
3.2844307338445193  10192
3.2846562827885157  9471
3.284881714655453  10047
3.285107029566812  9643
3.2853322276438846  9349
3.285557309007774  9521
3.285782273779395  9914
3.2860071220794747  9507
3.286231854028553  10537
3.286456469746983  9411
3.28668096935493  9852
3.286905352972375  8378
3.287129620719111  10798
3.2873537727147464  9845
3.2875778090787056  9420
3.287801729930226  9737
3.2880255353883627  9678
3.288249225571986  9811
3.2884728005997825  9806
3.288696260590256  9513
3.2889196056617265  9434
3.289142835932333  10875
3.2893659515200318  9651
3.2895889525425965  9321
3.2898118391176214  10510
3.290034611362518  9752
3.2902572693945182  10849
3.290479813330673  9346
3.2907022432878543  9225
3.2909245593827543  9236
3.2911467617318855  8141
3.291368850451583  8870
3.2915908256580013  10313
3.291812687467119  9604
3.2920344359947364  10122
3.292256071356476  9448
3.292477593667784  10196
3.29269900304393  9530
3.292920299600006  9586
3.2931414834509307  9020
3.2933625547114453  10363
3.2935835134961167  9596
3.2938043599193367  10425
3.2940250940953226  9465
3.2942457161381182  10165
3.294466226161593  10524
3.2946866242794433  9749
3.2949069106051923  9092
3.295127085252191  8481
3.295347148333618  10872
3.295567099962479  10838
3.295786940251609  9788
3.2960066693136723  9174
3.2962262872611605  9837
3.296445794206396  9932
3.296665190261531  9955
3.296884475538547  10804
3.2971036501492565  10281
3.2973227142053028  10544
3.2975416678181597  8007
3.297760511099134  10598
3.2979792441593623  9382
3.298197867109815  9504
3.2984163800612945  8824
3.2986347831244354  9725
3.298853076409707  8958
3.2990712600274095  9290
3.29928933408768  9216
3.2995072987004876  9301
3.2997251539756367  9906
3.299942900022767  10325
3.3001605369513523  9743
3.3003780648707024  9317
3.3005954838899636  9607
3.300812794118117  9834
3.3010299956639813  10173
3.3012470886362113  9799
3.3014640731433  9459
3.3016809492935764  9282
3.301897717195208  8801
3.302114376956201  9460
3.302330928684399  9019
3.3025473724874854  10058
3.3027637084729817  9540
3.3029799367482493  9748
3.303196057420489  9480
3.303412070596742  9255
3.30362797638389  9599
3.3038437748886547  10014
3.3040594662175993  8568
3.3042750504771283  9668
3.3044905277734875  10490
3.3047058982127653  10915
3.3049211619008916  9400
3.305136318943639  10019
3.305351369446624  9293
3.305566313515304  9883
3.3057811512549824  10338
3.3059958827708047  9354
3.3062105081677613  9197
3.3064250275506875  10034
3.3066394410242617  10627
3.3068537486930087  8561
3.3070679506612985  10063
3.307282047033346  11203
3.307496037913213  8885
3.307709923404807  9545
3.307923703611882  10736
3.3081373786380386  11123
3.308350948586726  9343
3.3085644135612386  9588
3.3087777736647213  9638
3.3089910290001643  9266
3.3092041796704077  9734
3.30941722577814  9525
3.3096301674258988  9736
3.3098430047160705  10104
3.3100557377508912  9335
3.3102683666324477  9241
3.3104808914626753  9403
3.3106933123433606  9620
3.3109056293761414  9916
3.311117842662506  10779
3.3113299523037933  9388
3.311541958401195  10252
3.311753861055754  8904
3.3119656603683665  9624
3.3121773564397787  9197
3.312388949370592  10347
3.3126004392612596  10269
3.312811826212088  9292
3.313023110323238  10414
3.313234291694724  9479
3.313445370426414  9755
3.3136563466180315  9242
3.3138672203691533  9196
3.3140779917792127  9728
3.3142886609474975  9650
3.3144992279731516  9901
3.314709692955174  9201
3.31492005599242  9002
3.315130317183602  9782
3.3153404766272883  9036
3.315550534421905  9835
3.3157604906657347  10202
3.315970345456918  9820
3.3161800988934527  9153
3.3163897510731952  8938
3.3165993020938607  9568
3.316808752053022  9429
3.3170181010481117  10417
3.31722734917642  9884
3.317436496535099  9910
3.3176455432211585  9903
3.317854489331469  9162
3.3180633349627615  11163
3.318272080211627  9288
3.3184807251745174  9208
3.318689269947746  9664
3.3188977146274867  10248
3.3191060593097763  9700
3.319314304090512  9813
3.3195224490654542  8932
3.3197304943302246  10270
3.3199384399803087  9966
3.3201462861110542  9956
3.3203540328176717  9101
3.3205616801952367  9011
3.3207692283386865  9209
3.3209766773428235  9489
3.3211840273023143  8849
3.321391278311689  9056
3.3215984304653436  9502
3.3218054838575393  8864
3.3220124385824006  10055
3.322219294733919  10622
3.3224260524059526  9567
3.3226327116922234  9771
3.322839272686321  9561
3.3230457354817013  8346
3.323252100171687  8953
3.3234583668494677  9255
3.3236645356081  9864
3.323870606540509  10010
3.3240765797394864  10093
3.3242824552976926  9065
3.3244882333076564  9016
3.3246939138617746  8586
3.3248994970523134  10634
3.3251049829714074  9765
3.325310371711061  9693
3.325515663363148  8912
3.325720858019412  8998
3.325925955771466  10186
3.3261309567107946  9821
3.326335860928751  9530
3.3265406685165617  9160
3.3267453795653217  9722
3.326949994165999  9567
3.3271545124094315  9486
3.3273589343863303  9034
3.327563260187278  9299
3.327767489902729  9786
3.3279716236230104  9524
3.3281756614383227  9772
3.3283796034387376  10340
3.328583449714202  8852
3.3287872003545345  10463
3.3289908554494287  8870
3.329194415088451  9559
3.329397879361043  9676
3.3296012483565187  10636
3.3298045221640695  10184
3.330007700872759  10485
3.330210784571528  9580
3.330413773349191  10308
3.3306166672944384  9867
3.330819466495837  11232
3.3310221710418286  10452
3.3312247810207323  10154
3.331427296520743  9946
3.3316297176299323  9040
3.331832044436249  11713
3.332034277027518  9671
3.3322364154914434  9778
3.3324384599156054  9616
3.3326404103874627  9458
3.3328422669943514  10249
3.3330440298234874  9694
3.3332456989619628  9802
3.3334472744967503  8793
3.3336487565147013  9189
3.333850145102545  9059
3.334051440346892  10250
3.334252642334231  9391
3.3344537511509307  9537
3.3346547668832414  9939
3.3348556896172914  9422
3.3350565194390915  10483
3.3352572564345317  8755
3.3354579006893843  8482
3.3356584522893016  9413
3.335858911319818  10278
3.336059277866349  9765
3.336259552014193  9501
3.3364597338485296  8887
3.3366598234544202  10623
3.336859820916809  9229
3.3370597263205246  8360
3.3372595397502756  9012
3.337459261290656  9161
3.3376588910261424  10440
3.3378584290410944  8556
3.3380578754197563  8986
3.3382572302462554  10340
3.3384564936046046  9475
3.3386556655787003  9399
3.338854746252323  9757
3.339053735709139  8947
3.3392526340327  8762
3.3394514413064407  9968
3.339650157613684  9418
3.339848783037637  9687
3.340047317661393  9819
3.3402457615679317  9009
3.3404441148401185  9616
3.3406423775607053  9623
3.3408405498123317  10172
3.341038631677523  9688
3.3412366232386925  9715
3.34143452457814  10281
3.3416323357780544  8837
3.3418300569205104  9716
3.3420276880874717  9877
3.3422252293607904  8705
3.342422680822206  9952
3.342620042553348  9217
3.342817314635733  8641
3.343014497150768  9865
3.3432115901797474  10297
3.3434085938038574  9022
3.343605508104172  10067
3.343802333161655  9890
3.3439990690571615  9341
3.344195715871435  9494
3.3443922736851106  9260
3.344588742578714  9807
3.344785122632661  8575
3.344981413927258  9651
3.345177616542704  9881
3.3453737305590883  8830
3.345569756056392  9970
3.345765693114488  9695
3.3459615418131414  10078
3.346157302232008  8449
3.346352974450639  9214
3.346548558548474  9251
3.346744054604849  9588
3.3469394626989906  8301
3.34713478291002  9090
3.3473300153169503  9203
3.3475251599986895  9327
3.347720217034038  8056
3.3479151865016914  8928
3.3481100684802376  9503
3.3483048630481607  9815
3.348499570283838  9685
3.348694190265541  8899
3.348888723071438  8811
3.34908316877959  9424
3.3492775274679554  10842
3.3494717992143856  10242
3.34966598409663  9020
3.3498600821923312  9040
3.3500540935790304  8857
3.3502480183341627  8801
3.350441856535061  8987
3.3506356082589543  8850
3.350829273582968  10006
3.3510228525841237  9611
3.351216345339342  9982
3.351409751925439  9643
3.351603072419129  10690
3.3517963068970236  8687
3.351989455435632  8964
3.3521825181113627  8739
3.35237549500052  9205
3.3525683861793087  9605
3.3527611917238307  9200
3.3529539117100877  9505
3.3531465462139796  9628
3.3533390953113047  9776
3.353531559077762  9619
3.353723937588949  8248
3.353916230920363  10118
3.3541084391474008  8795
3.35430056234536  9629
3.3544926005894364  9220
3.3546845539547285  9781
3.354876422516234  8743
3.3550682063488506  8736
3.3552599055273786  9025
3.3554515201265174  8616
3.355643050220869  9317
3.355834495884936  8679
3.3560258571931225  9350
3.3562171342197353  8254
3.3564083270389813  8686
3.356599435724971  8996
3.356790460351716  9371
3.3569814009931314  8482
3.3571722577230334  8568
3.3573630306151427  8743
3.3575537197430814  8908
3.3577443251803754  9144
3.357934847000454  9559
3.3581252852766488  10224
3.358315640082196  9001
3.3585059114902354  8816
3.3586960995738107  8757
3.358886204405869  8133
3.359076226059263  7977
3.3592661646067485  9293
3.3594560201209864  8288
3.359645792674543  8939
3.359835482339888  9652
3.3600250891893975  8227
3.3602146132953523  8721
3.3604040547299387  9030
3.360593413565249  8862
3.36078268987328  8562
3.3609718837259357  9144
3.361160995195026  9373
3.3613500243522663  9088
3.361538971269279  8554
3.361727836017593  8435
3.3619166186686433  8682
3.362105319293773  8655
3.362293937964231  8921
3.3624824747511743  9335
3.362670929725667  8004
3.36285930295868  8816
3.3630475945210936  8591
3.363235804483694  7857
3.3634239329171765  8967
3.3636119798921444  9435
3.3637999454791094  8692
3.3639878297484915  9299
3.3641756327706194  8759
3.3643633546157306  9196
3.364550995353972  8403
3.3647385550553985  9325
3.364926033789976  8896
3.3651134316275773  8997
3.3653007486379876  8382
3.3654879848909  8993
3.3656751404559175  8284
3.365862215402555  7566
3.3660492098002353  8261
3.366236123718293  7907
3.3664229572259727  9521
3.3666097103924297  8417
3.36679638328673  8201
3.3669829759778507  7627
3.367169488534681  8317
3.367355921026019  8558
3.3675422735205767  7518
3.3677285460869766  8464
3.3679147387937527  7778
3.3681008517093516  8646
3.368286884902131  8303
3.3684728384403617  8995
3.368658712392227  8027
3.3688445068258215  8553
3.3690302218091532  8709
3.369215857410143  8513
3.3694014136966244  8386
3.369586890736344  8176
3.369772288596963  8011
3.369957607346053  8225
3.370142847051102  7544
3.3703280077795106  7993
3.3705130895985924  8406
3.370698092575577  8563
3.370883016777606  8214
3.3710678622717363  7784
3.3712526291249394  8404
3.371437317404101  8550
3.3716219271760215  8245
3.371806458507416  8426
3.371990911464915  8626
3.372175286115064  8690
3.3723595825243238  8312
3.3725438007590705  8434
3.3727279408855955  8442
3.3729120029701067  7895
3.373095987078727  7856
3.373279893277496  8461
3.373463721632369  8213
3.3736474722092176  8516
3.3738311450738303  8313
3.3740147402919116  7872
3.374198257929083  8398
3.374381698050882  8535
3.374565060722765  7580
3.374748346010104  7180
3.3749315539781883  7839
3.375114684692225  7261
3.375297738217339  8121
3.3754807146185724  8500
3.3756636139608855  7402
3.375846436309156  7898
3.3760291817281805  7548
3.376211850282673  8275
3.3763944420372662  7134
3.376576957056512  7439
3.37675939540488  8207
3.3769417571467586  7633
3.377124042346456  7491
3.377306251068199  7862
3.3774883833761327  7645
3.377670439334323  7743
3.3778524190067545  7625
3.3780343224573315  7252
3.378216149749878  7400
3.3783979009481375  7224
3.378579576115775  7231
3.3787611753163733  7650
3.378942698613437  7916
3.379124146070392  6767
3.379305517750582  7039
3.3794868137172736  7489
3.379668034033654  7275
3.37984917876283  7507
3.380030247967831  7514
3.380211241711606  7783
3.3803921600570273  7226
3.3805730030668872  7485
3.3807537708039  6791
3.380934463330702  7412
3.3811150807098507  7007
3.381295623003826  7087
3.38147609027503  7205
3.381656482585787  7066
3.3818367999983434  7228
3.3820170425748683  7369
3.382197210377454  6633
3.3823773034681137  7258
3.3825573219087857  6889
3.3827372657613304  7197
3.382917135087531  6999
3.3830969299490943  6437
3.3832766504076504  7327
3.383456296524753  7514
3.3836358683618797  6373
3.383815365980431  6459
3.383994789441733  6702
3.3841741388070337  6424
3.384353414137506  7069
3.3845326154942486  6385
3.3847117429382823  6645
3.3848907965305544  6807
3.385069776331935  6831
3.38524868240322  7273
3.3854275148051305  6739
3.385606273598312  6488
3.3857849588433355  6524
3.385963570600697  6831
3.3861421089308186  6767
3.386320573894046  6297
3.386498965550653  6417
3.3866772839608377  6245
3.386855529184724  6365
3.387033701282363  6062
3.3872118003137306  6340
3.387389826338729  6264
3.387567779417189  6757
3.3877456596088638  5763
3.3879234669734366  6338
3.3881012015705165  6421
3.388278863459639  6111
3.3884564527002667  6451
3.388633969351789  6294
3.3888114134735234  6321
3.388988785124714  5847
3.3891660843645326  5580
3.389343311252078  5876
3.3895204658463776  5367
3.3896975482063856  5288
3.3898745583909853  5527
3.3900514964589874  5316
3.3902283624691303  6101
3.390405156480081  5652
3.390581878550435  5788
3.390758528738717  5333
3.3909351071033793  5452
3.3911116137028023  5567
3.3912880485952974  5437
3.3914644118391033  5066
3.3916407034923877  5364
3.391816923613249  5338
3.3919930722597127  5031
3.392169149489736  5317
3.392345155361204  5375
3.3925210899319325  5197
3.392696953259666  4913
3.3928727454020793  5231
3.3930484664167784  5033
3.3932241163612975  5047
3.393399695293102  4753
3.3935752032695876  5062
3.39375064034808  4489
3.3939260065858368  4967
3.3941013020400446  4880
3.3942765267678214  4488
3.3944516808262164  4633
3.394626764272209  4393
3.394801777162711  4558
3.394976719554564  4484
3.3951515915045425  4304
3.395326393069351  4389
3.395501124305626  4641
3.395675785269936  4426
3.3958503760187813  4519
3.3960248966085933  4126
3.3961993470957363  3883
3.3963737275365067  4078
3.396548037987132  3848
3.3967222785037734  3923
3.396896449142524  4183
3.397070549959409  3867
3.397244581010386  4071
3.397418542351348  3861
3.3975924340381165  3687
3.39776625612645  3975
3.3979400086720375  3679
3.3981136917305026  3583
3.398287305357401  3580
3.3984608496082234  3693
3.398634324538392  3350
3.3988077302032647  3344
3.398981066658131  3525
3.3991543339582164  3404
3.399327532158679  3210
3.3995006613146104  3449
3.399673721481038  3246
3.3998467127129226  3202
3.4000196350651586  3115
3.400192488592576  3299
3.400365273349939  3077
3.400537989391946  2985
3.400710636773231  2924
3.4008832155483626  2913
3.401055725771844  2957
3.401228167498113  2945
3.401400540781544  2668
3.401572845676446  2748
3.401745082237063  2753
3.4019172505175748  2374
3.402089350572097  2809
3.40226138245468  2358
3.402433346219312  2534
3.4026052419199146  2537
3.402777069610347  2526
3.4029488293444046  2383
3.403120521175818  2261
3.4032921451582543  2271
3.4034637013453173  2444
3.403635189790548  2308
3.4038066105474227  2255
3.403977963669355  2065
3.404149249209695  2225
3.404320467221731  2086
3.404491617758686  1940
3.4046627008737222  2068
3.404833716619938  2005
3.4050046650503694  1736
3.4051755462179893  1680
3.405346360175709  1685
3.4055171069763763  1605
3.4056877866727775  1596
3.4058583993176366  1549
3.406028944963615  1493
3.406199423663313  1535
3.4063698354692673  1517
3.406540180433955  1414
3.40671045860979  1433
3.4068806700491248  1278
3.40705081480425  1448
3.4072208929273966  1271
3.4073909044707316  1416
3.4075608494863627  1358
3.4077307280263356  1129
3.407900540142635  1242
3.4080702858871854  1123
3.4082399653118496  1110
3.40840957846843  1236
3.4085791254086675  1166
3.408748606184244  1041
3.4089180208467798  964
3.409087369447835  1037
3.4092566520389096  895
3.4094258686714434  945
3.4095950193968156  964
3.4097641042663462  835
3.4099331233312946  895
3.4101020766428607  878
3.4102709642521845  793
3.4104397862103464  821
3.410608542568368  728
3.41077723337721  652
3.4109458586877746  714
3.4111144185509046  725
3.4112829130173843  627
3.4114513421379375  602
3.41161970596323  565
3.411788004543869  585
3.4119562379304016  500
3.412124406173317  539
3.4122925093230463  472
3.412460547429961  402
3.4126285205443754  516
3.4127964287165433  466
3.4129642719966626  477
3.413132050434872  386
3.413299764081252  409
3.413467412985825  372
3.413634997198556  395
3.4138025167693513  368
3.4139699717480614  335
3.414137362184477  327
3.4143046881283317  338
3.4144719496293026  289
3.414639146737009  262
3.4148062795010126  292
3.4149733479708178  310
3.4151403521958725  290
3.4153072922255676  213
3.4154741681092355  230
3.4156409798961542  207
3.4158077276355434  187
3.415974411376566  191
3.416141031168329  171
3.4163075870598827  174
3.4164740791002206  199
3.416640507338281  198
3.4168068718229443  172
3.4169731726030363  130
3.4171394097273255  154
3.4173055832445254  122
3.417471693203293  103
3.4176377396522297  134
3.417803722639881  135
3.417969642214737  137
3.418135498425232  123
3.4183012913197452  113
3.4184670209466006  86
3.4186326873540653  109
3.4187982905903533  92
3.4189638307036225  73
3.4191293077419758  101
3.4192947217534604  76
3.4194600727860704  72
3.419625360887743  59
3.419790586106363  56
3.419955748489758  63
3.420120848085703  74
3.4202858849419178  55
3.4204508591060683  76
3.420615770625765  50
3.4207806195485655  40
3.420945405921972  33
3.4211101297934343  39
3.4212747912103465  55
3.4214393902200495  40
3.4216039268698313  27
3.421768401206924  36
3.4219328132785085  18
3.4220971631317103  29
3.4222614508136027  27
3.4224256763712044  25
3.422589839851482  23
3.422753941301348  21
3.422917980767662  34
3.423081958297231  22
3.423245873936808  19
3.4234097277330933  14
3.4235735197327357  36
3.423737249982329  10
3.4239009185284166  9
3.4240645254174877  14
3.42422807069598  6
3.4243915544102776  5
3.4245549766067134  7
3.424718337331567  8
3.424881636631067  7
3.425044874551389  15
3.425371166438941  1
3.4255342204982635  5
3.425697213362591  2
3.4258601450778405  4
3.4260230156898763  2
3.426185825244511  4
3.4263485737875077  4
3.4265112613645754  1
3.426673888021373  2
3.426836453803508  6
3.426998958756537  4
3.427323786357247  4
3.4274861090957853  2
3.4276483711869328  3
3.42781057267599  7
3.427972713608209  1
3.4282968139828798  2
3.42845877351558  2
3.4287825114969546  1
3.428944290035574  1
3.4291060083326967  1
3.4292676664331685  1
3.429429264381788  1
3.4295908022233017  1
3.429752280002408  1
3.430075055551939  1
