0.3010299956639812  494877
0.47712125471966244  121028
0.6020599913279624  101707
0.6989700043360189  88005
0.7781512503836436  71583
0.8450980400142568  55645
0.9030899869919435  40987
0.9542425094393249  30304
1.0  19901
1.0413926851582251  18674
1.0791812460476249  15003
1.1139433523068367  12705
1.146128035678238  15034
1.1760912590556813  14578
1.2041199826559248  11667
1.2304489213782739  13134
1.255272505103306  11315
1.2787536009528289  11019
1.3010299956639813  14947
1.3222192947339193  15916
1.3424226808222062  13338
1.3617278360175928  16003
1.380211241711606  9245
1.3979400086720377  10868
1.414973347970818  12529
1.4313637641589874  9763
1.4471580313422192  10497
1.462397997898956  12546
1.4771212547196624  7603
1.4913616938342726  10180
1.505149978319906  6119
1.5185139398778875  8490
1.5314789170422551  8145
1.5440680443502757  10725
1.5563025007672873  11120
1.568201724066995  9527
1.5797835966168101  12149
1.591064607026499  8547
1.6020599913279623  7173
1.6127838567197355  9210
1.6232492903979006  10171
1.6334684555795864  9455
1.6434526764861874  10521
1.6532125137753437  8189
1.662757831681574  9296
1.6720978579357175  8329
1.6812412373755872  7179
1.6901960800285136  9698
1.6989700043360187  6833
1.7075701760979363  7290
1.7160033436347992  8785
1.724275869600789  7753
1.7323937598229686  7086
1.7403626894942439  7643
1.7481880270062005  8307
1.7558748556724915  8370
1.7634279935629373  8603
1.7708520116421442  7940
1.7781512503836436  5920
1.7853298350107671  5443
1.792391689498254  9836
1.7993405494535817  8537
1.806179973983887  6620
1.8129133566428555  6045
1.8195439355418688  6387
1.8260748027008264  5657
1.8325089127062364  7890
1.8388490907372552  6005
1.845098040014257  5269
1.8512583487190752  5341
1.8573324964312685  3420
1.863322860120456  4521
1.8692317197309762  5600
1.8750612633917  4054
1.8808135922807914  6738
1.8864907251724818  6037
1.8920946026904804  4162
1.8976270912904414  5410
1.9030899869919435  5422
1.9084850188786497  5358
1.9138138523837167  5110
1.919078092376074  3619
1.9242792860618816  5433
1.9294189257142926  3912
1.9344984512435677  4483
1.9395192526186185  4489
1.9444826721501687  4278
1.9493900066449128  3119
1.954242509439325  2778
1.9590413923210936  4160
1.9637878273455553  3166
1.968482948553935  2901
1.9731278535996986  3773
1.9777236052888478  2271
1.9822712330395684  3539
1.9867717342662448  3107
1.9912260756924949  2910
1.99563519459755  2768
2.0  2909
2.0043213737826426  3236
2.0086001717619175  3443
2.012837224705172  2832
2.0170333392987803  1917
2.0211892990699383  1886
2.0253058652647704  2046
2.0293837776852097  2701
2.03342375548695  1983
2.037426497940624  2660
2.041392685158225  2283
2.0453229787866576  3022
2.0492180226701815  2147
2.0530784434834195  1772
2.0569048513364727  1983
2.060697840353612  1705
2.0644579892269186  1700
2.0681858617461617  1848
2.0718820073061255  1361
2.0755469613925306  1518
2.0791812460476247  1571
2.0827853703164503  993
2.0863598306747484  1344
2.089905111439398  959
2.093421685162235  1296
2.0969100130080562  1574
2.100370545117563  929
2.103803720955957  981
2.1072099696478683  1092
2.110589710299249  703
2.113943352306837  693
2.1172712956557644  979
2.12057393120585  826
2.123851640967086  622
2.1271047983648077  495
2.130333768495006  777
2.1335389083702174  625
2.1367205671564067  372
2.1398790864012365  321
2.143014800254095  427
2.146128035678238  489
2.1492191126553797  478
2.1522883443830563  345
2.155336037465062  408
2.1583624920952498  209
2.161368002234975  247
2.164352855784437  231
2.167317334748176  161
2.1702617153949575  326
2.173186268412274  253
2.1760912590556813  233
2.1789769472931693  281
2.1818435879447726  146
2.184691430817599  132
2.187520720836463  136
2.1903316981702914  133
2.1931245983544616  105
2.1958996524092336  71
2.1986570869544226  58
2.2013971243204513  52
2.2041199826559246  49
2.2068258760318495  67
2.2095150145426308  63
2.2121876044039577  77
2.214843848047698  37
2.2174839442139063  30
2.220108088040055  30
2.2227164711475833  68
2.225309281725863  21
2.2278867046136734  43
2.230448921378274  11
2.2329961103921536  30
2.2355284469075487  5
2.2380461031287955  6
2.2405492482826  4
2.2430380486862944  14
2.24551266781415  10
2.247973266361807  5
2.250420002308894  6
2.2528530309798933  7
2.255272505103306  2
2.2576785748691846  3
2.2600713879850747  1
2.2624510897304293  1
2.27415784926368  1
2.2764618041732443  2
