0.3010299956639812  3511909
0.47712125471966244  1222777
0.6020599913279624  553371
0.6989700043360189  459596
0.7781512503836436  351778
0.8450980400142568  299925
0.9030899869919435  282163
0.9542425094393249  238346
1.0  234680
1.0413926851582251  233746
1.0791812460476249  221120
1.1139433523068367  194183
1.146128035678238  181738
1.1760912590556813  154576
1.2041199826559248  148330
1.2304489213782739  134700
1.255272505103306  116019
1.2787536009528289  110841
1.3010299956639813  84502
1.3222192947339193  84007
1.3424226808222062  62850
1.3617278360175928  57957
1.380211241711606  48707
1.3979400086720377  40341
1.414973347970818  27548
1.4313637641589874  24032
1.4471580313422192  24386
1.462397997898956  31183
1.4771212547196624  17957
1.4913616938342726  34125
1.505149978319906  14529
1.5185139398778875  13740
1.5314789170422551  8840
1.5440680443502757  12608
1.5563025007672873  6533
1.568201724066995  10940
1.5797835966168101  10025
1.591064607026499  5604
1.6020599913279623  7588
1.6127838567197355  12719
1.6232492903979006  9437
1.6334684555795864  13636
1.6434526764861874  11793
1.6532125137753437  14308
1.662757831681574  12179
1.6720978579357175  7762
1.6812412373755872  14505
1.6901960800285136  16763
1.6989700043360187  12224
1.7075701760979363  15954
1.7160033436347992  10468
1.724275869600789  16228
1.7323937598229686  9744
1.7403626894942439  19678
1.7481880270062005  17961
1.7558748556724915  12074
1.7634279935629373  15991
1.7708520116421442  8244
1.7781512503836436  10678
1.7853298350107671  9978
1.792391689498254  17639
1.7993405494535817  15462
1.806179973983887  11692
1.8129133566428555  15909
1.8195439355418688  11954
1.8260748027008264  5046
1.8325089127062364  4957
1.8388490907372552  13594
1.845098040014257  19711
1.8512583487190752  7332
1.8573324964312685  6537
1.863322860120456  10167
1.8692317197309762  8817
1.8750612633917  7838
1.8808135922807914  10139
1.8864907251724818  16137
1.8920946026904804  13889
1.8976270912904414  11793
1.9030899869919435  10922
1.9084850188786497  13733
1.9138138523837167  14120
1.919078092376074  7344
1.9242792860618816  15250
1.9294189257142926  2207
1.9344984512435677  10627
1.9395192526186185  11920
1.9444826721501687  13434
1.9493900066449128  11024
1.954242509439325  11009
1.9590413923210936  10594
1.9637878273455553  10516
1.968482948553935  6702
1.9731278535996986  16158
1.9777236052888478  11508
1.9822712330395684  7598
1.9867717342662448  17261
1.9912260756924949  10673
1.99563519459755  8379
2.0  10138
2.0043213737826426  5792
2.0086001717619175  10197
2.012837224705172  6921
2.0170333392987803  11375
2.0211892990699383  7078
2.0253058652647704  9816
2.0293837776852097  7385
2.03342375548695  6540
2.037426497940624  6682
2.041392685158225  14353
2.0453229787866576  18765
2.0492180226701815  10191
2.0530784434834195  7430
2.0569048513364727  15592
2.060697840353612  3709
2.0644579892269186  2205
2.0681858617461617  10422
2.0718820073061255  8369
2.0755469613925306  8339
2.0791812460476247  10742
2.0827853703164503  16613
2.0863598306747484  6633
2.089905111439398  9759
2.093421685162235  13067
2.0969100130080562  10657
2.100370545117563  4855
2.103803720955957  8406
2.1072099696478683  10319
2.110589710299249  11297
2.113943352306837  12295
2.1172712956557644  5343
2.12057393120585  9063
2.123851640967086  13866
2.1271047983648077  5047
2.130333768495006  7062
2.1335389083702174  17169
2.1367205671564067  9684
2.1398790864012365  7816
2.143014800254095  10166
2.146128035678238  10564
2.1492191126553797  12005
2.1522883443830563  14777
2.155336037465062  9623
2.1583624920952498  7160
2.161368002234975  10274
2.164352855784437  10742
2.167317334748176  7274
2.1702617153949575  10650
2.173186268412274  11550
2.1760912590556813  11026
2.1789769472931693  4380
2.1818435879447726  17078
2.184691430817599  11860
2.187520720836463  4857
2.1903316981702914  9528
2.1931245983544616  12385
2.1958996524092336  6424
2.1986570869544226  11314
2.2013971243204513  9222
2.2041199826559246  13915
2.2068258760318495  6824
2.2095150145426308  5462
2.2121876044039577  14692
2.214843848047698  11960
2.2174839442139063  9833
2.220108088040055  7760
2.2227164711475833  16544
2.225309281725863  11066
2.2278867046136734  11169
2.230448921378274  11341
2.2329961103921536  15382
2.2355284469075487  8990
2.2380461031287955  12783
2.2405492482826  9376
2.2430380486862944  7730
2.24551266781415  14765
2.247973266361807  11088
2.250420002308894  8740
2.2528530309798933  7326
2.255272505103306  12544
2.2576785748691846  5146
2.2600713879850747  8862
2.2624510897304293  9795
2.2648178230095364  15714
2.2671717284030137  9132
2.2695129442179165  9513
2.271841606536499  9545
2.27415784926368  7914
2.2764618041732443  6421
2.278753600952829  17866
2.2810333672477277  4217
2.2833012287035497  3919
2.285557309007774  6041
2.287801729930226  12838
2.290034611362518  11738
2.292256071356476  9729
2.294466226161593  7836
2.296665190261531  9166
2.298853076409707  9939
2.3010299956639813  9600
2.303196057420489  6554
2.305351369446624  10345
2.307496037913213  12759
2.3096301674258988  8140
2.311753861055754  12894
2.3138672203691533  8415
2.315970345456918  7158
2.3180633349627615  8217
2.3201462861110542  11079
2.322219294733919  8672
2.3242824552976926  8123
2.326335860928751  7824
2.3283796034387376  12876
2.330413773349191  6835
2.3324384599156054  5460
2.3344537511509307  7880
2.3364597338485296  12794
2.3384564936046046  7395
2.3404441148401185  11719
2.342422680822206  10011
2.3443922736851106  10071
2.346352974450639  8959
2.3483048630481607  14163
2.3502480183341627  8666
2.3521825181113627  4763
2.3541084391474008  9200
2.3560258571931225  6310
2.357934847000454  7410
2.359835482339888  9846
2.361727836017593  5393
2.3636119798921444  10100
2.3654879848909  5286
2.367355921026019  8648
2.369215857410143  7477
2.3710678622717363  7284
2.3729120029701067  9332
2.374748346010104  6461
2.376576957056512  12439
2.3783979009481375  12630
2.380211241711606  7727
2.3820170425748683  4732
2.383815365980431  8724
2.385606273598312  5109
2.387389826338729  8105
2.3891660843645326  10124
2.3909351071033793  11146
2.392696953259666  8251
2.3944516808262164  4401
2.3961993470957363  11848
2.3979400086720375  7025
2.399673721481038  10252
2.401400540781544  6304
2.403120521175818  12167
2.404833716619938  3955
2.406540180433955  6704
2.4082399653118496  9692
2.4099331233312946  5357
2.41161970596323  5272
2.413299764081252  6749
2.4149733479708178  9761
2.416640507338281  6428
2.4183012913197452  9728
2.419955748489758  9352
2.4216039268698313  2123
2.423245873936808  8189
2.424881636631067  8732
2.4265112613645754  6850
2.428134794028789  9710
2.429752280002408  5169
2.4313637641589874  13105
2.432969290874406  5832
2.4345689040341987  12867
2.436162647040756  8814
2.437750562820388  12172
2.439332693830263  6365
2.4409090820652177  7744
2.4424797690644486  4549
2.444044795918076  9492
2.4456042032735974  6188
2.4471580313422194  7003
2.44870631990508  10479
2.450249108319361  11204
2.45178643552429  3868
2.4533183400470375  11680
2.45484486000851  8042
2.456366033129043  7695
2.4578818967339924  9046
2.459392487759231  9742
2.4608978427565478  8533
2.462397997898956  9380
2.4638929889859074  10970
2.4653828514484184  1909
2.4668676203541096  3116
2.4683473304121573  8986
2.469822015978163  7672
2.4712917110589387  5758
2.4727564493172123  8572
2.4742162640762553  8915
2.4756711883244296  7543
2.4771212547196626  10916
2.4785664955938436  8677
2.4800069429571505  13797
2.481442628502305  10599
2.482873583608754  12426
2.484299839346786  6250
2.48572142648158  8424
2.4871383754771865  7891
2.4885507165004443  5332
2.4899584794248346  12242
2.4913616938342726  6557
2.4927603890268375  8028
2.494154594018443  5334
2.4955443375464483  7571
2.496929648073215  8919
2.4983105537896004  10621
2.499687082618404  6884
2.5010592622177517  10083
2.5024271199844326  6719
2.503790683057181  9368
2.505149978319906  7492
2.506505032404872  4876
2.507855871695831  7342
2.509202522331103  8538
2.510545010206612  6403
2.5118833609788744  6728
2.513217600067939  10350
2.514547752660286  3951
2.515873843711679  7831
2.5171958979499744  11622
2.5185139398778875  7324
2.519827993775719  5428
2.5211380837040362  8249
2.5224442335063197  9141
2.5237464668115646  5908
2.525044807036845  10010
2.526339277389844  10378
2.5276299008713385  7759
2.5289167002776547  7843
2.530199698203082  11321
2.531478917042255  10543
2.5327543789924976  6683
2.534026106056135  7261
2.5352941200427703  6108
2.53655844257153  9167
2.537819095073274  5402
2.5390760987927767  6720
2.5403294747908736  8563
2.5415792439465807  8348
2.5428254269591797  4669
2.5440680443502757  7994
2.545307116465824  15391
2.546542663478131  4371
2.5477747053878224  3177
2.5490032620257876  6087
2.550228353055094  7351
2.5514499979728753  8440
2.552668216112193  5131
2.5538830266438746  4920
2.5550944485783194  8920
2.5563025007672873  7025
2.5575072019056577  8213
2.558708570533166  5677
2.5599066250361124  13203
2.561101383649056  6140
2.5622928644564746  6399
2.5634810853944106  7136
2.5646660642520893  5226
2.5658478186735176  7915
2.56702636615906  7173
2.568201724066995  6430
2.569373909615046  9180
2.5705429398818973  8103
2.571708831808688  7937
2.5728716022004803  3773
2.574031267727719  6367
2.575187844927661  4603
2.576341350205793  4271
2.5774917998372255  10241
2.578639209968072  5557
2.57978359661681  6183
2.5809249756756194  6951
2.582063362911709  12148
2.583198773968623  9076
2.584331224367531  5293
2.5854607295085006  7869
2.586587304671755  9290
2.5877109650189114  7185
2.5888317255942073  8350
2.5899496013257077  7138
2.591064607026499  10443
2.5921767573958667  7360
2.593286067020457  3961
2.5943925503754266  6673
2.595496221825574  3488
2.59659709562646  3868
2.597695185925512  7499
2.598790506763115  6157
2.5998830720736876  5715
2.6009728956867484  7606
2.6020599913279625  6859
2.603144372620182  6560
2.60422605308447  7952
2.6053050461411096  5822
2.606381365110605  3659
2.6074550232146687  7156
2.6085260335771943  5522
2.60959440922522  4527
2.61066016308988  7878
2.611723308007342  7259
2.6127838567197355  5892
2.6138418218760693  10190
2.6148972160331345  3656
2.615950051656401  9669
2.617000341120899  4852
2.6180480967120925  6173
2.6190933306267428  6796
2.6201360549737576  3655
2.621176281775035  5222
2.622214022966295  7417
2.6232492903979003  7685
2.6242820958356683  4212
2.625312450961674  7173
2.6263403673750423  3404
2.6273658565927325  11389
2.6283889300503116  6544
2.629409599102719  5436
2.630427875025024  7616
2.6314437690131722  4104
2.6324572921847245  10143
2.6334684555795866  8546
2.6344772701607315  9952
2.635483746814912  4828
2.6364878963533656  11942
2.637489729512511  5040
2.6384892569546374  5534
2.639486489268586  6392
2.640481436970422  5097
2.6414741105040997  5898
2.6424645202421213  8971
2.6434526764861874  4688
2.6444385894678386  6923
2.645422269349092  8098
2.6464037262230695  8396
2.6473829701146196  3859
2.6483600109809315  7347
2.649334858712142  3813
2.6503075231319366  4790
2.651278013998144  4472
2.6522463410033232  6127
2.6532125137753435  1867
2.6541765418779604  6521
2.655138434811382  4707
2.656098202012832  3273
2.6570558528571038  4511
2.6580113966571126  8722
2.658964842664435  5985
2.6599162000698504  7203
2.660865478003869  6569
2.661812685537261  7767
2.662757831681574  3300
2.663700925389648  3694
2.6646419755561257  4977
2.6655809910179533  8272
2.6665179805548807  5496
2.667452952889954  4017
2.66838591669  4054
2.6693168805661123  7000
2.670245853074124  6478
2.6711728427150834  8548
2.6720978579357175  7457
2.673020907128896  6724
2.673941998634088  4561
2.6748611407378116  2951
2.6757783416740852  7539
2.6766936096248664  5147
2.677606952720493  6261
2.678518379040114  5873
2.6794278966121188  6167
2.680335513414563  6154
2.681241237375587  4654
2.682145076373832  3816
2.6830470382388496  5601
2.683947130751512  3654
2.6848453616444123  7050
2.6857417386022635  5686
2.6866362692622934  7272
2.6875289612146345  6184
2.6884198220027105  8083
2.6893088591236203  7747
2.690196080028514  3724
2.6910814921229687  9609
2.69196510276736  3212
2.69284691927723  5349
2.693726948923647  5951
2.694605198933569  4551
2.6954816764901977  7990
2.696356388733332  3941
2.6972293427597176  6566
2.6981005456233897  5470
2.6989700043360187  4444
2.699837725867246  8360
2.7007037171450192  7781
2.7015679850559273  6988
2.7024305364455254  7195
2.7032913781186614  3383
2.7041505168397992  4568
2.705007959333336  6315
2.7058637122839193  5485
2.7067177823367587  6764
2.7075701760979363  6266
2.708420900134713  6286
2.709269960975831  7596
2.7101173651118162  4310
2.710963118995276  7153
2.711807229041191  5840
2.7126497016272113  6691
2.7134905430939424  5201
2.714329759745233  5122
2.7151673578484576  6836
2.716003343634799  6697
2.7168377232995247  3766
2.717670503002262  7097
2.718501688867274  4538
2.7193312869837265  3517
2.720159303405957  3010
2.7209857441537393  5561
2.7218106152125467  6709
2.722633922533812  6184
2.7234556720351857  7152
2.724275869600789  6558
2.725094521081469  6349
2.7259116322950483  3332
2.7267272090265724  3981
2.727541257028556  3763
2.7283537820212285  5489
2.72916478969277  6703
2.7299742856995555  8192
2.7307822756663893  5595
2.7315887651867388  6434
2.7323937598229686  6527
2.7331972651065692  7072
2.733999286538387  4481
2.734799829588847  5313
2.73559889969818  5486
2.7363965022766426  5839
2.7371926427047373  5728
2.737987326333431  6811
2.738780558484369  6485
2.739572344450092  6713
2.7403626894942437  5336
2.741151598851785  8843
2.741939077729199  5392
2.7427251313046983  6196
2.74350976472843  4814
2.7442929831226763  4237
2.7450747915820575  4408
2.745855195173729  6388
2.7466341989375787  4274
2.747411807886423  2580
2.7481880270062002  6651
2.7489628612561616  6794
2.749736315569061  6422
2.7505083948513462  3374
2.751279103983342  5497
2.7520484478194387  5575
2.7528164311882715  7547
2.7535830588929064  7579
2.754348335711019  4808
2.7551122663950713  7813
2.7558748556724915  4807
2.756636108245848  4752
2.7573960287930244  4569
2.75815462196739  6463
2.7589118923979736  5101
2.7596678446896306  3975
2.760422483423212  5325
2.7611758131557314  3968
2.761927838420529  7498
2.762678563727436  5885
2.7634279935629373  6164
2.7641761323903307  3806
2.7649229846498886  6273
2.765668554759014  4381
2.7664128471123997  3772
2.7671558660821804  5551
2.767897616018091  5101
2.7686381012476144  5156
2.7693773260761385  5376
2.7701152947871015  6714
2.7708520116421442  6153
2.7715874808812555  3776
2.77232170672292  6752
2.7730546933642626  4802
2.7737864449811935  4553
2.7745169657285498  4849
2.7752462597402365  4487
2.775974331129369  5039
2.776701183988411  3613
2.7774268223893115  5977
2.7781512503836434  3991
2.7788744720027396  2359
2.7795964912578244  5301
2.780317312140151  4680
2.7810369386211318  4196
2.781755374652469  4600
2.782472624166286  5104
2.7831886910752575  4215
2.783903579272735  5668
2.784617292632875  2724
2.785329835010767  6378
2.786041210242554  5171
2.7867514221455614  3914
2.787460474518415  3117
2.788168371141168  6538
2.788875115775417  3374
2.7895807121644256  4992
2.7902851640332416  7379
2.790988475088816  4674
2.791690649020118  5309
2.792391689498254  3406
2.79309160017658  3922
2.7937903846908188  5714
2.7944880466591697  4611
2.795184589682424  5055
2.7958800173440754  3420
2.7965743332104296  4709
2.7972675408307164  3884
2.797959643737196  3941
2.798650645445269  2759
2.7993405494535817  3461
2.8000293592441343  5897
2.800717078282385  3614
2.801403710017355  3186
2.802089257881733  5537
2.8027737252919755  4407
2.803457115648414  3374
2.8041394323353503  7170
2.8048206787211623  3675
2.8055008581584002  4141
2.806179973983887  3684
2.8068580295188172  4705
2.807535028068853  4879
2.808210972924222  3727
2.808885867359812  2632
2.8095597146352675  5442
2.8102325179950842  2984
2.8109042806687006  6176
2.8115750058705933  6157
2.812244696800369  4409
2.8129133566428557  2501
2.813580988568192  3297
2.81424759573192  5158
2.814913181275074  4486
2.815577748324267  6307
2.816241299991783  3761
2.8169038393756605  5111
2.8175653695597807  4273
2.8182258936139557  4896
2.8188854145940097  3292
2.8195439355418688  4991
2.82020145948564  4442
2.8208579894397  5646
2.821513528404773  3084
2.8221680793680175  3459
2.8228216453031045  5334
2.823474229170301  3169
2.824125833916549  3542
2.824776462475546  5799
2.8254261177678233  3889
2.8260748027008264  6027
2.826722520168992  3656
2.8273692730538253  5865
2.828015064223977  4693
2.82865989653532  4104
2.829303772831025  3692
2.829946695941636  3305
2.8305886686851442  3088
2.8312296938670634  5264
2.8318697742805017  4679
2.832508912706236  3004
2.833147111912785  4312
2.833784374656479  4176
2.8344207036815328  2580
2.835056101720116  2122
2.8356905714924254  5841
2.8363241157067516  2799
2.8369567370595505  3248
2.837588438235511  3474
2.8382192219076257  4545
2.838849090737255  3475
2.8394780473741985  5906
2.840106094456758  3964
2.8407332346118066  4428
2.841359470454855  3539
2.8419848045901137  3341
2.842609239610562  3700
2.8432327780980096  2667
2.843855422623161  4507
2.8444771757456815  3292
2.845098040014257  3137
2.8457180179666586  3840
2.846337112129805  3728
2.846955325019824  2371
2.847572659142112  4233
2.848189116991399  2952
2.8488047010518036  4686
2.8494194137968996  2984
2.850033257689769  3257
2.8506462351830666  4359
2.8512583487190755  5750
2.851869600729766  2614
2.8524799936368566  6604
2.8530895298518657  5431
2.8536982117761744  3232
2.8543060418010806  4633
2.8549130223078554  3404
2.8555191556678  3830
2.8561244442423  3557
2.8567288903828825  3120
2.8573324964312685  3962
2.857935264719429  2657
2.858537197569639  3795
2.859138297294531  2733
2.859738566197147  2799
2.8603380065709936  3125
2.8609366207000937  4747
2.8615344108590377  3697
2.862131379313037  3191
2.8627275283179747  3223
2.863322860120456  4301
2.8639173769578603  3521
2.864511081058392  3048
2.8651039746411278  3223
2.8656960599160706  3713
2.8662873390841948  5550
2.866877814337499  4289
2.8674674878590514  2847
2.8680563618230415  4061
2.8686444383948255  3220
2.8692317197309762  3768
2.869818207979328  4124
2.870403905279027  2970
2.8709888137605755  4651
2.8715729355458786  3272
2.8721562727482928  3872
2.8727388274726686  3135
2.873320601815399  3440
2.8739015978644615  3100
2.8744818176994666  4170
2.8750612633917  3217
2.8756399370041685  3085
2.876217840591642  3686
2.8767949762007006  3686
2.877371345869774  3660
2.8779469516291885  3630
2.8785217955012063  2255
2.8790958795000727  3489
2.8796692056320534  3515
2.88024177589548  3840
2.8808135922807914  3541
2.8813846567705728  2909
2.8819549713396007  3232
2.8825245379548803  3127
2.8830933585756897  3687
2.8836614351536176  3370
2.884228769632604  2356
2.884795363948981  2629
2.885361220031512  2593
2.885926339801431  2740
2.886490725172482  3569
2.8870543780509568  2161
2.887617300335736  2678
2.888179493918325  2582
2.8887409606828927  3121
2.88930170250631  2665
2.8898617212581885  4063
2.890421018800914  3264
2.890979596989689  3025
2.8915374576725643  1860
2.8920946026904804  3080
2.8926510338773004  3301
2.893206753059848  3600
2.8937617620579434  2764
2.8943160626844384  3270
2.8948696567452528  2700
2.895422546039408  3428
2.8959747323590648  3432
2.8965262174895554  2929
2.89707700320942  2852
2.8976270912904414  3055
2.8981764834976764  2668
2.8987251815894934  2354
2.8992731873176036  3002
2.8998205024270964  3184
2.9003671286564705  2241
2.900913067737669  1858
2.9014583213961123  2223
2.9020028913507296  2420
2.902546779313991  2711
2.9030899869919438  2684
2.9036325160842376  3230
2.9041743682841634  3548
2.904715545278681  2465
2.905256048748451  2666
2.9057958803678687  2503
2.906335041805091  2720
2.90687353472207  2248
2.907411360774586  2760
2.9079485216122722  2222
2.90848501887865  2301
2.909020854211156  3278
2.9095560292411755  3002
2.910090545594068  2632
2.910624404889201  1901
2.9111576087399764  3957
2.9116901587538613  3454
2.9122220565324155  2166
2.912753303671323  3720
2.9132839017604186  3119
2.9138138523837167  2573
2.9143431571194407  2743
2.9148718175400505  2490
2.91539983521227  3486
2.9159272116971158  2819
2.916453948549925  2830
2.9169800473203824  3840
2.9175055095525466  2349
2.9180303367848803  2744
2.9185545305502734  3109
2.9190780923760737  2199
2.919601023784111  3150
2.920123326290724  2558
2.9206450014067875  2449
2.921166050637739  2251
2.921686475483602  2536
2.9222062774390163  2460
2.92272545799326  2732
2.9232440186302764  2692
2.9237619608287004  2849
2.9242792860618816  3042
2.924795995797912  2264
2.9253120914996495  2614
2.9258275746247424  2508
2.926342446625655  2592
2.926856708949692  2250
2.9273703630390235  2395
2.9278834103307068  2505
2.9283958522567137  2324
2.928907690243953  2886
2.929418925714293  2142
2.929929560084588  2611
2.9304395947667  2197
2.930949031167523  2741
2.931457870689005  2736
2.931966114728173  3872
2.932473764677153  2083
2.932980821923198  2268
2.9334872878487053  2008
2.9339931638312424  3635
2.934498451243568  1824
2.935003151453655  2460
2.9355072658247128  2839
2.9360107957152097  2365
2.936513742478893  2014
2.9370161074648142  2320
2.937517892017347  2276
2.9380190974762104  2280
2.938519725176492  1997
2.9390197764486663  2118
2.9395192526186187  2883
2.9400181550076634  2329
2.940516484932567  2297
2.9410142437055695  1749
2.941511432634403  2091
2.942008053022313  2163
2.9425041061680806  1355
2.9429995933660407  2114
2.9434945159061026  1950
2.9439888750737717  2604
2.9444826721501687  2318
2.9449759084120477  2089
2.94546858513182  2975
2.9459607035775686  1890
2.946452265013073  1591
2.9469432706978256  2010
2.9474337218870508  1353
2.9479236198317262  2177
2.948412965778601  2454
2.9489017609702137  1898
2.949390006644913  1764
2.949877704036875  2292
2.950364854376123  2257
2.9508514588885464  2338
2.951337518795918  2450
2.951823035315912  1996
2.9523080096621253  2032
2.952792443044092  2045
2.9532763366673045  1865
2.9537596917332287  1717
2.9542425094393248  1896
2.954724790979063  1938
2.9552065375419416  2277
2.9556877503135057  1869
2.9561684304753633  1955
2.9566485792052033  1553
2.957128197676813  1137
2.957607287060095  2282
2.958085848521085  1772
2.9585638832219674  1904
2.9590413923210934  1666
2.9595183769729982  2604
2.959994838328416  1870
2.960470777534299  1380
2.960946195733831  2117
2.9614210940664485  1700
2.9618954736678504  1811
2.962369335670021  1705
2.9628426812012423  2223
2.9633155113861114  1863
2.963787827345555  1780
2.964259630196849  1869
2.9647309210536292  2101
2.965201701025912  1996
2.9656719712201065  2341
2.9661417327390325  1968
2.966610986681934  1872
2.967079734144497  1562
2.967547976218862  2182
2.968015713993642  2235
2.9684829485539352  1892
2.9689496809813427  1355
2.9694159123539814  1354
2.9698816437465  1773
2.9703468762300935  2115
2.9708116108725178  1880
2.971275848738105  1833
2.971739590887778  1834
2.9722028383790646  1464
2.972665592266111  1706
2.9731278535996988  1782
2.973589623427257  1907
2.9740509027928774  1822
2.9745116927373285  1720
2.974971994298069  1601
2.975431808509263  2234
2.975891136401793  1985
2.9763499790032735  1407
2.976808337338066  1647
2.977266212427293  1916
2.9777236052888476  1942
2.978180516937414  1845
2.9786369483844743  1822
2.979092900638326  1762
2.979548374704095  1724
2.9800033715837464  1864
2.9804578922761  1526
2.9809119377768436  1843
2.9813655090785445  2028
2.9818186071706636  1503
2.9822712330395684  1767
2.9827233876685453  1491
2.983175072037813  1831
2.9836262871245345  1900
2.984077033902831  1701
2.9845273133437926  2196
2.9849771264154934  1625
2.9854264740830017  1543
2.9858753573083936  1463
2.986323777050765  1406
2.9867717342662448  1620
2.9872192299080047  1449
2.9876662649262746  1615
2.988112840268352  1563
2.9885589568786157  1499
2.989004615698537  1213
2.9894498176666917  1552
2.989894563718773  2072
2.9903388547876015  1488
2.9907826918031377  1618
2.9912260756924947  1600
2.9916690073799486  1507
2.9921114877869495  1512
2.9925535178321354  1527
2.9929950984313414  1445
2.9934362304976116  1292
2.993876914941211  1530
2.9943171526696366  1595
2.9947569445876283  1815
2.9951962915971793  1440
2.99563519459755  1357
2.9960736544852753  1729
2.9965116721541785  1351
2.996949248495381  1138
2.997386384397313  1515
2.9978230807457256  1598
2.998259338423699  1438
2.998695158311656  1291
2.999130541287371  1318
2.9995654882259823  1337
3.0  1449
3.000434077479319  1495
3.0008677215312267  1224
3.0013009330204183  1252
3.0017337128090005  1484
3.002166061756508  1935
3.0025979807199086  1256
3.003029470553618  1411
3.0034605321095067  1380
3.0038911662369103  1250
3.0043213737826426  1176
3.004751155591001  1324
3.0051805125037805  1126
3.0056094453602804  1097
3.0060379549973173  1403
3.0064660422492318  1454
3.0068937079479006  1372
3.0073209529227447  1333
3.00774777800074  1215
3.0081741840064264  1105
3.0086001717619175  1412
3.0090257420869104  1223
3.009450895798694  1241
3.00987563371216  1247
3.010299956639812  1359
3.010723865391773  1119
3.0111473607757975  1089
3.0115704435972783  1159
3.011993114659257  1479
3.012415374762433  1136
3.012837224705172  1470
3.0132586652835167  1155
3.0136796972911926  1318
3.0141003215196207  1110
3.0145205387579237  1387
3.0149403497929366  1086
3.0153597554092144  1196
3.015778756389041  1223
3.016197353512439  1020
3.016615547557177  980
3.0170333392987803  1262
3.017450729510536  1195
3.0178677189635055  1084
3.018284308426531  1178
3.0187004986662433  1059
3.019116290447073  1140
3.0195316845312554  1098
3.0199466816788423  1134
3.0203612826477078  986
3.020775488193558  974
3.0211892990699383  1106
3.021602716028242  1086
3.02201573981772  949
3.0224283711854865  1153
3.022840610876528  1033
3.0232524596337114  985
3.0236639181977933  819
3.024074987307426  1021
3.024485667699167  999
3.024895960107485  885
3.0253058652647704  1104
3.025715383901341  932
3.0261245167454502  943
3.0265332645232967  1047
3.0269416279590295  1034
3.0273496077747564  1040
3.0277572046905536  886
3.0281644194244697  1112
3.0285712526925375  893
3.028977705208778  852
3.0293837776852097  976
3.029789470831856  897
3.030194785356751  906
3.030599721965951  840
3.0310042813635367  820
3.031408464251624  826
3.0318122713303706  870
3.0322157032979815  945
3.03261876085072  736
3.0330214446829107  768
3.03342375548695  763
3.03382569395331  728
3.0342272607705505  856
3.0346284566253203  681
3.0350292822023683  781
3.0354297381845483  590
3.035829825252828  819
3.0362295440862948  666
3.036628895362161  659
3.037027879755775  674
3.037426497940624  508
3.037824750588342  619
3.0382226383687185  587
3.038620161949703  630
3.039017321997412  564
3.0394141191761372  542
3.0398105541483504  519
3.0402066275747113  532
3.040602340114073  471
3.0409976924234905  516
3.041392685158225  407
3.041787318971752  360
3.042181594515766  533
3.0425755124401905  431
3.0429690733931802  452
3.0433622780211294  427
3.0437551269686796  412
3.044147620878723  381
3.044539760392411  397
3.04493154614916  345
3.0453229787866576  361
3.0457140589408676  301
3.0461047872460387  285
3.0464951643347082  360
3.04688519083771  282
3.0472748673841794  313
3.04766419460156  305
3.048053173115609  283
3.0484418035504044  294
3.04883008652835  237
3.0492180226701815  268
3.049605612594973  249
3.0499928569201424  176
3.050379756261458  192
3.0507663112330423  214
3.0511525224473814  175
3.0515383905153275  170
3.0519239160461065  201
3.0523090996473234  227
3.052693941924968  166
3.0530784434834195  145
3.053462604925455  153
3.0538464268522527  148
3.0542299098633974  136
3.0546130545568877  151
3.0549958615291417  122
3.055378331375  110
3.0557604646877348  128
3.056142262059052  105
3.0565237240791006  145
3.0569048513364727  133
3.0572856444182146  118
3.0576661039098294  89
3.0580462303952816  73
3.058426024457005  114
3.0588054866759067  121
3.059184617631371  113
3.0595634179012676  88
3.059941888061955  120
3.060320028688285  87
3.060697840353612  63
3.0610753236297916  70
3.061452479087193  58
3.061829307294699  54
3.0622058088197126  58
3.062581984228163  40
3.0629578340845103  41
3.0633333589517497  69
3.0637085593914173  43
3.064083435963596  42
3.0644579892269186  45
3.064832219738574  25
3.065206128054312  44
3.0655797147284485  35
3.06595298031387  38
3.0663259253620376  26
3.0666985504229953  21
3.0670708560453703  41
3.0674428427763805  19
3.0678145111618402  19
3.0681858617461617  14
3.068556895072363  8
3.068927611682072  14
3.0692980121155293  25
3.0696680969115957  15
3.070037866607755  7
3.0704073217401198  4
3.0707764628434346  11
3.0711452904510828  10
3.071513805095089  1
3.0718820073061255  7
3.072249897613515  4
3.0726174765452368  3
3.0729847446279304  1
3.073351702386901  7
3.0737183503461227  5
3.074450718954591  1
3.074816440645175  3
3.0751818546186915  3
3.0755469613925306  3
3.0759117614827773  4
3.076276255404218  1
3.076640443670342  1
3.0770043267933502  2
3.0773679052841563  3
3.077731179652392  2
3.0780941504064105  6
3.0784568180532927  1
3.0788191830988487  1
3.0791812460476247  4
3.079543007402906  3
3.079904467666721  1
