0.3010299956639812  397035
0.47712125471966244  103534
0.6020599913279624  92705
0.6989700043360189  66320
0.7781512503836436  57200
0.8450980400142568  41374
0.9030899869919435  31616
0.9542425094393249  21498
1.0  16679
1.0413926851582251  17847
1.0791812460476249  10809
1.1139433523068367  12605
1.146128035678238  11295
1.1760912590556813  13828
1.2041199826559248  9617
1.2304489213782739  7496
1.255272505103306  9493
1.2787536009528289  15220
1.3010299956639813  10361
1.3222192947339193  13431
1.3424226808222062  10140
1.3617278360175928  11791
1.380211241711606  10453
1.3979400086720377  10940
1.414973347970818  9781
1.4313637641589874  12676
1.4471580313422192  10834
1.462397997898956  10108
1.4771212547196624  6642
1.4913616938342726  11954
1.505149978319906  9024
1.5185139398778875  12265
1.5314789170422551  9810
1.5440680443502757  9894
1.5563025007672873  7313
1.568201724066995  7143
1.5797835966168101  10330
1.591064607026499  7117
1.6020599913279623  8294
1.6127838567197355  9578
1.6232492903979006  6256
1.6334684555795864  8257
1.6434526764861874  7602
1.6532125137753437  6874
1.662757831681574  8602
1.6720978579357175  8462
1.6812412373755872  7412
1.6901960800285136  7231
1.6989700043360187  4933
1.7075701760979363  5603
1.7160033436347992  5712
1.724275869600789  6924
1.7323937598229686  7828
1.7403626894942439  4378
1.7481880270062005  6233
1.7558748556724915  6235
1.7634279935629373  4834
1.7708520116421442  4442
1.7781512503836436  5280
1.7853298350107671  4826
1.792391689498254  5628
1.7993405494535817  5199
1.806179973983887  4510
1.8129133566428555  4976
1.8195439355418688  3484
1.8260748027008264  5295
1.8325089127062364  5507
1.8388490907372552  4727
1.845098040014257  4557
1.8512583487190752  4264
1.8573324964312685  4364
1.863322860120456  3402
1.8692317197309762  3461
1.8750612633917  2685
1.8808135922807914  3602
1.8864907251724818  2644
1.8920946026904804  3150
1.8976270912904414  3679
1.9030899869919435  3092
1.9084850188786497  3766
1.9138138523837167  2936
1.919078092376074  2716
1.9242792860618816  2986
1.9294189257142926  2559
1.9344984512435677  2378
1.9395192526186185  2036
1.9444826721501687  2106
1.9493900066449128  1906
1.954242509439325  2253
1.9590413923210936  1270
1.9637878273455553  1474
1.968482948553935  1274
1.9731278535996986  1163
1.9777236052888478  1508
1.9822712330395684  1083
1.9867717342662448  1369
1.9912260756924949  1522
1.99563519459755  1278
2.0  1049
2.0043213737826426  830
2.0086001717619175  1301
2.012837224705172  710
2.0170333392987803  890
2.0211892990699383  695
2.0253058652647704  834
2.0293837776852097  685
2.03342375548695  494
2.037426497940624  281
2.041392685158225  468
2.0453229787866576  290
2.0492180226701815  374
2.0530784434834195  402
2.0569048513364727  175
2.060697840353612  351
2.0644579892269186  208
2.0681858617461617  279
2.0718820073061255  174
2.0755469613925306  352
2.0791812460476247  206
2.0827853703164503  202
2.0863598306747484  99
2.089905111439398  158
2.093421685162235  88
2.0969100130080562  90
2.100370545117563  79
2.103803720955957  68
2.1072099696478683  42
2.110589710299249  75
2.113943352306837  85
2.1172712956557644  12
2.12057393120585  47
2.123851640967086  16
2.1271047983648077  14
2.130333768495006  19
2.1335389083702174  19
2.1367205671564067  5
2.1398790864012365  10
2.143014800254095  7
2.146128035678238  21
2.1492191126553797  1
2.1522883443830563  3
2.155336037465062  3
2.1583624920952498  2
2.164352855784437  1
2.167317334748176  10
2.1702617153949575  1
