0.3010299956639812  1769070
0.47712125471966244  346744
0.6020599913279624  204005
0.6989700043360189  204459
0.7781512503836436  200084
0.8450980400142568  160901
0.9030899869919435  151019
0.9542425094393249  152229
1.0  116397
1.0413926851582251  118317
1.0791812460476249  95345
1.1139433523068367  84978
1.146128035678238  71882
1.1760912590556813  67845
1.2041199826559248  53302
1.2304489213782739  42176
1.255272505103306  31998
1.2787536009528289  30290
1.3010299956639813  22970
1.3222192947339193  20994
1.3424226808222062  16473
1.3617278360175928  13839
1.380211241711606  17400
1.3979400086720377  12242
1.414973347970818  11893
1.4313637641589874  11963
1.4471580313422192  9783
1.462397997898956  11864
1.4771212547196624  9627
1.4913616938342726  5309
1.505149978319906  7790
1.5185139398778875  6316
1.5314789170422551  10210
1.5440680443502757  8124
1.5563025007672873  9899
1.568201724066995  12621
1.5797835966168101  9884
1.591064607026499  8655
1.6020599913279623  8706
1.6127838567197355  9162
1.6232492903979006  9691
1.6334684555795864  9278
1.6434526764861874  8747
1.6532125137753437  9454
1.662757831681574  13689
1.6720978579357175  7786
1.6812412373755872  11675
1.6901960800285136  11277
1.6989700043360187  13523
1.7075701760979363  11279
1.7160033436347992  9964
1.724275869600789  6565
1.7323937598229686  9052
1.7403626894942439  9684
1.7481880270062005  9916
1.7558748556724915  7408
1.7634279935629373  13339
1.7708520116421442  7919
1.7781512503836436  9349
1.7853298350107671  9622
1.792391689498254  9416
1.7993405494535817  9367
1.806179973983887  6476
1.8129133566428555  15025
1.8195439355418688  9712
1.8260748027008264  7107
1.8325089127062364  10834
1.8388490907372552  8683
1.845098040014257  9516
1.8512583487190752  9311
1.8573324964312685  15930
1.863322860120456  9552
1.8692317197309762  8619
1.8750612633917  9292
1.8808135922807914  6555
1.8864907251724818  4843
1.8920946026904804  10537
1.8976270912904414  10241
1.9030899869919435  4041
1.9084850188786497  3533
1.9138138523837167  6160
1.919078092376074  9668
1.9242792860618816  12268
1.9294189257142926  7420
1.9344984512435677  10764
1.9395192526186185  7298
1.9444826721501687  8246
1.9493900066449128  6533
1.954242509439325  10281
1.9590413923210936  3771
1.9637878273455553  8205
1.968482948553935  8903
1.9731278535996986  12596
1.9777236052888478  5651
1.9822712330395684  7013
1.9867717342662448  5801
1.9912260756924949  8439
1.99563519459755  9519
2.0  4236
2.0043213737826426  7606
2.0086001717619175  9788
2.012837224705172  9755
2.0170333392987803  5607
2.0211892990699383  9781
2.0253058652647704  8224
2.0293837776852097  8961
2.03342375548695  10346
2.037426497940624  14890
2.041392685158225  7162
2.0453229787866576  10339
2.0492180226701815  11537
2.0530784434834195  14419
2.0569048513364727  6041
2.060697840353612  11191
2.0644579892269186  7122
2.0681858617461617  7996
2.0718820073061255  8961
2.0755469613925306  12285
2.0791812460476247  10090
2.0827853703164503  9956
2.0863598306747484  11739
2.089905111439398  6868
2.093421685162235  9249
2.0969100130080562  6739
2.100370545117563  5966
2.103803720955957  7975
2.1072099696478683  8946
2.110589710299249  4878
2.113943352306837  4374
2.1172712956557644  8263
2.12057393120585  6785
2.123851640967086  7549
2.1271047983648077  9862
2.130333768495006  8840
2.1335389083702174  8452
2.1367205671564067  4048
2.1398790864012365  7560
2.143014800254095  11183
2.146128035678238  11005
2.1492191126553797  7336
2.1522883443830563  4414
2.155336037465062  5286
2.1583624920952498  7857
2.161368002234975  4635
2.164352855784437  9638
2.167317334748176  5613
2.1702617153949575  10268
2.173186268412274  6599
2.1760912590556813  6352
2.1789769472931693  9421
2.1818435879447726  7487
2.184691430817599  3191
2.187520720836463  4374
2.1903316981702914  8009
2.1931245983544616  4518
2.1958996524092336  7752
2.1986570869544226  8424
2.2013971243204513  8047
2.2041199826559246  6658
2.2068258760318495  5219
2.2095150145426308  7507
2.2121876044039577  6981
2.214843848047698  6816
2.2174839442139063  3612
2.220108088040055  8251
2.2227164711475833  5640
2.225309281725863  5911
2.2278867046136734  7638
2.230448921378274  5018
2.2329961103921536  10764
2.2355284469075487  7477
2.2380461031287955  7136
2.2405492482826  4666
2.2430380486862944  9173
2.24551266781415  9877
2.247973266361807  9189
2.250420002308894  7268
2.2528530309798933  8478
2.255272505103306  10679
2.2576785748691846  6692
2.2600713879850747  3500
2.2624510897304293  5920
2.2648178230095364  7680
2.2671717284030137  6153
2.2695129442179165  7566
2.271841606536499  7075
2.27415784926368  8899
2.2764618041732443  5062
2.278753600952829  7113
2.2810333672477277  4829
2.2833012287035497  5177
2.285557309007774  7116
2.287801729930226  7167
2.290034611362518  8174
2.292256071356476  7941
2.294466226161593  7913
2.296665190261531  5899
2.298853076409707  5215
2.3010299956639813  4725
2.303196057420489  5423
2.305351369446624  5843
2.307496037913213  4365
2.3096301674258988  5269
2.311753861055754  3722
2.3138672203691533  8314
2.315970345456918  5695
2.3180633349627615  8159
2.3201462861110542  4907
2.322219294733919  3528
2.3242824552976926  5674
2.326335860928751  5779
2.3283796034387376  3729
2.330413773349191  9927
2.3324384599156054  4350
2.3344537511509307  5437
2.3364597338485296  4580
2.3384564936046046  8468
2.3404441148401185  4839
2.342422680822206  5001
2.3443922736851106  4100
2.346352974450639  8863
2.3483048630481607  6507
2.3502480183341627  5125
2.3521825181113627  3347
2.3541084391474008  7440
2.3560258571931225  7760
2.357934847000454  6060
2.359835482339888  4651
2.361727836017593  3526
2.3636119798921444  8699
2.3654879848909  7081
2.367355921026019  5038
2.369215857410143  4877
2.3710678622717363  5426
2.3729120029701067  5065
2.374748346010104  5185
2.376576957056512  6580
2.3783979009481375  3802
2.380211241711606  4798
2.3820170425748683  6940
2.383815365980431  4737
2.385606273598312  4148
2.387389826338729  5628
2.3891660843645326  4347
2.3909351071033793  3952
2.392696953259666  7564
2.3944516808262164  4398
2.3961993470957363  7723
2.3979400086720375  3970
2.399673721481038  4278
2.401400540781544  4038
2.403120521175818  2711
2.404833716619938  4791
2.406540180433955  5032
2.4082399653118496  4908
2.4099331233312946  6722
2.41161970596323  5988
2.413299764081252  4517
2.4149733479708178  4167
2.416640507338281  6697
2.4183012913197452  3156
2.419955748489758  5282
2.4216039268698313  5631
2.423245873936808  5388
2.424881636631067  2796
2.4265112613645754  4169
2.428134794028789  4098
2.429752280002408  4175
2.4313637641589874  6461
2.432969290874406  7149
2.4345689040341987  3617
2.436162647040756  4945
2.437750562820388  4200
2.439332693830263  2502
2.4409090820652177  4312
2.4424797690644486  5000
2.444044795918076  2803
2.4456042032735974  4327
2.4471580313422194  5592
2.44870631990508  3768
2.450249108319361  3516
2.45178643552429  5497
2.4533183400470375  5023
2.45484486000851  4701
2.456366033129043  7784
2.4578818967339924  3405
2.459392487759231  2659
2.4608978427565478  3722
2.462397997898956  4190
2.4638929889859074  3461
2.4653828514484184  3893
2.4668676203541096  5021
2.4683473304121573  1690
2.469822015978163  3576
2.4712917110589387  5497
2.4727564493172123  4679
2.4742162640762553  3788
2.4756711883244296  2563
2.4771212547196626  4654
2.4785664955938436  3758
2.4800069429571505  2356
2.481442628502305  4309
2.482873583608754  3122
2.484299839346786  4966
2.48572142648158  4176
2.4871383754771865  4410
2.4885507165004443  3060
2.4899584794248346  4849
2.4913616938342726  2875
2.4927603890268375  3812
2.494154594018443  3585
2.4955443375464483  4943
2.496929648073215  6013
2.4983105537896004  3928
2.499687082618404  2448
2.5010592622177517  5107
2.5024271199844326  5288
2.503790683057181  3620
2.505149978319906  2875
2.506505032404872  4440
2.507855871695831  3290
2.509202522331103  3267
2.510545010206612  2579
2.5118833609788744  4035
2.513217600067939  4537
2.514547752660286  2529
2.515873843711679  3572
2.5171958979499744  3474
2.5185139398778875  2593
2.519827993775719  3589
2.5211380837040362  3565
2.5224442335063197  4550
2.5237464668115646  1526
2.525044807036845  4831
2.526339277389844  4298
2.5276299008713385  4941
2.5289167002776547  4019
2.530199698203082  3440
2.531478917042255  3757
2.5327543789924976  3429
2.534026106056135  3849
2.5352941200427703  3268
2.53655844257153  3229
2.537819095073274  3562
2.5390760987927767  2864
2.5403294747908736  3249
2.5415792439465807  3248
2.5428254269591797  5507
2.5440680443502757  3316
2.545307116465824  3707
2.546542663478131  4382
2.5477747053878224  2903
2.5490032620257876  1519
2.550228353055094  2470
2.5514499979728753  2978
2.552668216112193  2839
2.5538830266438746  2521
2.5550944485783194  2352
2.5563025007672873  2143
2.5575072019056577  2796
2.558708570533166  2135
2.5599066250361124  3954
2.561101383649056  2516
2.5622928644564746  2596
2.5634810853944106  2732
2.5646660642520893  2696
2.5658478186735176  2720
2.56702636615906  3882
2.568201724066995  1880
2.569373909615046  3799
2.5705429398818973  2413
2.571708831808688  4108
2.5728716022004803  2517
2.574031267727719  2360
2.575187844927661  2476
2.576341350205793  2361
2.5774917998372255  1655
2.578639209968072  2640
2.57978359661681  3116
2.5809249756756194  2585
2.582063362911709  1855
2.583198773968623  2538
2.584331224367531  2638
2.5854607295085006  2542
2.586587304671755  2517
2.5877109650189114  2105
2.5888317255942073  2136
2.5899496013257077  1728
2.591064607026499  1981
2.5921767573958667  2713
2.593286067020457  1797
2.5943925503754266  3125
2.595496221825574  2059
2.59659709562646  2465
2.597695185925512  2479
2.598790506763115  3099
2.5998830720736876  2294
2.6009728956867484  3169
2.6020599913279625  3160
2.603144372620182  2376
2.60422605308447  2130
2.6053050461411096  2094
2.606381365110605  2279
2.6074550232146687  2381
2.6085260335771943  2282
2.60959440922522  1918
2.61066016308988  2481
2.611723308007342  1868
2.6127838567197355  1692
2.6138418218760693  1598
2.6148972160331345  1562
2.615950051656401  2210
2.617000341120899  2003
2.6180480967120925  1995
2.6190933306267428  1948
2.6201360549737576  983
2.621176281775035  2086
2.622214022966295  2197
2.6232492903979003  2261
2.6242820958356683  2171
2.625312450961674  2242
2.6263403673750423  1798
2.6273658565927325  1807
2.6283889300503116  2288
2.629409599102719  1496
2.630427875025024  2118
2.6314437690131722  1949
2.6324572921847245  1434
2.6334684555795866  2073
2.6344772701607315  2207
2.635483746814912  1602
2.6364878963533656  1443
2.637489729512511  1625
2.6384892569546374  2044
2.639486489268586  2233
2.640481436970422  1770
2.6414741105040997  1529
2.6424645202421213  1532
2.6434526764861874  1197
2.6444385894678386  1451
2.645422269349092  1679
2.6464037262230695  1176
2.6473829701146196  1738
2.6483600109809315  1702
2.649334858712142  1380
2.6503075231319366  1116
2.651278013998144  2024
2.6522463410033232  1225
2.6532125137753435  1415
2.6541765418779604  1913
2.655138434811382  1400
2.656098202012832  1105
2.6570558528571038  858
2.6580113966571126  1351
2.658964842664435  1346
2.6599162000698504  1615
2.660865478003869  1498
2.661812685537261  1670
2.662757831681574  1145
2.663700925389648  1854
2.6646419755561257  1419
2.6655809910179533  1327
2.6665179805548807  951
2.667452952889954  786
2.66838591669  726
2.6693168805661123  1237
2.670245853074124  1131
2.6711728427150834  1237
2.6720978579357175  1149
2.673020907128896  1487
2.673941998634088  1097
2.6748611407378116  1302
2.6757783416740852  1086
2.6766936096248664  966
2.677606952720493  1437
2.678518379040114  1067
2.6794278966121188  1232
2.680335513414563  840
2.681241237375587  1193
2.682145076373832  935
2.6830470382388496  1232
2.683947130751512  1116
2.6848453616444123  731
2.6857417386022635  729
2.6866362692622934  901
2.6875289612146345  807
2.6884198220027105  793
2.6893088591236203  906
2.690196080028514  806
2.6910814921229687  936
2.69196510276736  717
2.69284691927723  974
2.693726948923647  886
2.694605198933569  1015
2.6954816764901977  557
2.696356388733332  1154
2.6972293427597176  853
2.6981005456233897  683
2.6989700043360187  897
2.699837725867246  696
2.7007037171450192  911
2.7015679850559273  948
2.7024305364455254  607
2.7032913781186614  903
2.7041505168397992  720
2.705007959333336  564
2.7058637122839193  753
2.7067177823367587  796
2.7075701760979363  732
2.708420900134713  825
2.709269960975831  788
2.7101173651118162  654
2.710963118995276  734
2.711807229041191  823
2.7126497016272113  544
2.7134905430939424  515
2.714329759745233  756
2.7151673578484576  516
2.716003343634799  554
2.7168377232995247  527
2.717670503002262  599
2.718501688867274  462
2.7193312869837265  610
2.720159303405957  630
2.7209857441537393  478
2.7218106152125467  534
2.722633922533812  711
2.7234556720351857  541
2.724275869600789  747
2.725094521081469  520
2.7259116322950483  518
2.7267272090265724  383
2.727541257028556  536
2.7283537820212285  495
2.72916478969277  433
2.7299742856995555  413
2.7307822756663893  461
2.7315887651867388  382
2.7323937598229686  365
2.7331972651065692  490
2.733999286538387  447
2.734799829588847  373
2.73559889969818  509
2.7363965022766426  330
2.7371926427047373  313
2.737987326333431  391
2.738780558484369  402
2.739572344450092  301
2.7403626894942437  259
2.741151598851785  389
2.741939077729199  313
2.7427251313046983  387
2.74350976472843  417
2.7442929831226763  247
2.7450747915820575  390
2.745855195173729  315
2.7466341989375787  324
2.747411807886423  319
2.7481880270062002  260
2.7489628612561616  327
2.749736315569061  360
2.7505083948513462  333
2.751279103983342  381
2.7520484478194387  284
2.7528164311882715  237
2.7535830588929064  291
2.754348335711019  290
2.7551122663950713  286
2.7558748556724915  215
2.756636108245848  295
2.7573960287930244  242
2.75815462196739  235
2.7589118923979736  240
2.7596678446896306  253
2.760422483423212  190
2.7611758131557314  148
2.761927838420529  157
2.762678563727436  170
2.7634279935629373  162
2.7641761323903307  155
2.7649229846498886  148
2.765668554759014  198
2.7664128471123997  168
2.7671558660821804  193
2.767897616018091  146
2.7686381012476144  120
2.7693773260761385  160
2.7701152947871015  142
2.7708520116421442  91
2.7715874808812555  137
2.77232170672292  89
2.7730546933642626  119
2.7737864449811935  102
2.7745169657285498  111
2.7752462597402365  113
2.775974331129369  114
2.776701183988411  69
2.7774268223893115  59
2.7781512503836434  73
2.7788744720027396  102
2.7795964912578244  82
2.780317312140151  68
2.7810369386211318  67
2.781755374652469  52
2.782472624166286  66
2.7831886910752575  55
2.783903579272735  58
2.784617292632875  29
2.785329835010767  32
2.786041210242554  26
2.7867514221455614  50
2.787460474518415  34
2.788168371141168  29
2.788875115775417  33
2.7895807121644256  32
2.7902851640332416  33
2.790988475088816  27
2.791690649020118  24
2.792391689498254  18
2.79309160017658  2
2.7937903846908188  15
2.7944880466591697  9
2.795184589682424  8
2.7958800173440754  12
2.7965743332104296  2
2.7972675408307164  12
2.797959643737196  17
2.798650645445269  4
2.7993405494535817  10
2.8000293592441343  15
2.800717078282385  7
2.801403710017355  6
2.802089257881733  11
2.8027737252919755  1
2.803457115648414  2
2.8041394323353503  4
2.8048206787211623  18
2.8055008581584002  3
2.808210972924222  2
2.8102325179950842  1
2.8115750058705933  1
2.8129133566428557  1
2.8169038393756605  2
2.8208579894397  1
