0.3010299956639812  3780
0.47712125471966244  3654
0.6020599913279624  3702
0.6989700043360189  3731
0.7781512503836436  3802
0.8450980400142568  3692
0.9030899869919435  3666
0.9542425094393249  3652
1.0  3636
1.0413926851582251  3646
1.0791812460476249  3703
1.1139433523068367  3806
1.146128035678238  3637
1.1760912590556813  3627
1.2041199826559248  3726
1.2304489213782739  3755
1.255272505103306  3642
1.2787536009528289  3647
1.3010299956639813  3629
1.3222192947339193  3629
1.3424226808222062  3555
1.3617278360175928  3657
1.380211241711606  3669
1.3979400086720377  3571
1.414973347970818  3558
1.4313637641589874  3507
1.4471580313422192  3294
1.462397997898956  3391
1.4771212547196624  3429
1.4913616938342726  3348
1.505149978319906  3398
1.5185139398778875  3218
1.5314789170422551  3339
1.5440680443502757  3315
1.5563025007672873  3287
1.568201724066995  3357
1.5797835966168101  3263
1.591064607026499  3389
1.6020599913279623  3143
1.6127838567197355  3319
1.6232492903979006  3226
1.6334684555795864  3267
1.6434526764861874  3368
1.6532125137753437  3164
1.662757831681574  3398
1.6720978579357175  3295
1.6812412373755872  3259
1.6901960800285136  3408
1.6989700043360187  3212
1.7075701760979363  3294
1.7160033436347992  3318
1.724275869600789  3332
1.7323937598229686  3337
1.7403626894942439  3158
1.7481880270062005  3328
1.7558748556724915  3278
1.7634279935629373  3356
1.7708520116421442  3385
1.7781512503836436  3340
1.7853298350107671  3296
1.792391689498254  3300
1.7993405494535817  3297
1.806179973983887  3256
1.8129133566428555  3340
1.8195439355418688  3314
1.8260748027008264  3107
1.8325089127062364  3269
1.8388490907372552  3353
1.845098040014257  3235
1.8512583487190752  3242
1.8573324964312685  3258
1.863322860120456  3212
1.8692317197309762  3357
1.8750612633917  3342
1.8808135922807914  3369
1.8864907251724818  3175
1.8920946026904804  3280
1.8976270912904414  3366
1.9030899869919435  3345
1.9084850188786497  3321
1.9138138523837167  3262
1.919078092376074  3244
1.9242792860618816  3282
1.9294189257142926  3267
1.9344984512435677  3258
1.9395192526186185  3205
1.9444826721501687  3270
1.9493900066449128  3327
1.954242509439325  3321
1.9590413923210936  3373
1.9637878273455553  3341
1.968482948553935  3248
1.9731278535996986  3297
1.9777236052888478  3264
1.9822712330395684  3324
1.9867717342662448  3272
1.9912260756924949  3179
1.99563519459755  3280
2.0  3203
2.0043213737826426  3359
2.0086001717619175  3267
2.012837224705172  3346
2.0170333392987803  3272
2.0211892990699383  3232
2.0253058652647704  3413
2.0293837776852097  3286
2.03342375548695  3187
2.037426497940624  3260
2.041392685158225  3302
2.0453229787866576  3305
2.0492180226701815  3273
2.0530784434834195  3167
2.0569048513364727  3165
2.060697840353612  3295
2.0644579892269186  3292
2.0681858617461617  3174
2.0718820073061255  3263
2.0755469613925306  3260
2.0791812460476247  3308
2.0827853703164503  3198
2.0863598306747484  3352
2.089905111439398  3266
2.093421685162235  3228
2.0969100130080562  3333
2.100370545117563  3326
2.103803720955957  3341
2.1072099696478683  3283
2.110589710299249  3242
2.113943352306837  3287
2.1172712956557644  3245
2.12057393120585  3357
2.123851640967086  3300
2.1271047983648077  3323
2.130333768495006  3277
2.1335389083702174  3324
2.1367205671564067  3291
2.1398790864012365  3238
2.143014800254095  3160
2.146128035678238  3283
2.1492191126553797  3234
2.1522883443830563  3321
2.155336037465062  3182
2.1583624920952498  3366
2.161368002234975  3335
2.164352855784437  3297
2.167317334748176  3334
2.1702617153949575  3224
2.173186268412274  3219
2.1760912590556813  3386
2.1789769472931693  3322
2.1818435879447726  3247
2.184691430817599  3306
2.187520720836463  3319
2.1903316981702914  3266
2.1931245983544616  3400
2.1958996524092336  3285
2.1986570869544226  3331
2.2013971243204513  3307
2.2041199826559246  3298
2.2068258760318495  3294
2.2095150145426308  3475
2.2121876044039577  3195
2.214843848047698  3316
2.2174839442139063  3297
2.220108088040055  3219
2.2227164711475833  3302
2.225309281725863  3240
2.2278867046136734  3293
2.230448921378274  3334
2.2329961103921536  3346
2.2355284469075487  3245
2.2380461031287955  3216
2.2405492482826  3260
2.2430380486862944  3275
2.24551266781415  3168
2.247973266361807  3303
2.250420002308894  3283
2.2528530309798933  3286
2.255272505103306  3311
2.2576785748691846  3324
2.2600713879850747  3285
2.2624510897304293  3295
2.2648178230095364  3256
2.2671717284030137  3277
2.2695129442179165  3294
2.271841606536499  3281
2.27415784926368  3180
2.2764618041732443  3304
2.278753600952829  3236
2.2810333672477277  3345
2.2833012287035497  3208
2.285557309007774  3305
2.287801729930226  3131
2.290034611362518  3257
2.292256071356476  3199
2.294466226161593  3250
2.296665190261531  3304
2.298853076409707  3312
2.3010299956639813  3328
2.303196057420489  3244
2.305351369446624  3328
2.307496037913213  3265
2.3096301674258988  3290
2.311753861055754  3231
2.3138672203691533  3318
2.315970345456918  3383
2.3180633349627615  3194
2.3201462861110542  3243
2.322219294733919  3180
2.3242824552976926  3235
2.326335860928751  3266
2.3283796034387376  3163
2.330413773349191  3312
2.3324384599156054  3182
2.3344537511509307  3330
2.3364597338485296  3287
2.3384564936046046  3363
2.3404441148401185  3347
2.342422680822206  3302
2.3443922736851106  3238
2.346352974450639  3350
2.3483048630481607  3375
2.3502480183341627  3311
2.3521825181113627  3342
2.3541084391474008  3380
2.3560258571931225  3317
2.357934847000454  3333
2.359835482339888  3187
2.361727836017593  3198
2.3636119798921444  3319
2.3654879848909  3257
2.367355921026019  3239
2.369215857410143  3295
2.3710678622717363  3432
2.3729120029701067  3167
2.374748346010104  3243
2.376576957056512  3258
2.3783979009481375  3235
2.380211241711606  3248
2.3820170425748683  3294
2.383815365980431  3240
2.385606273598312  3306
2.387389826338729  3281
2.3891660843645326  3307
2.3909351071033793  3318
2.392696953259666  3246
2.3944516808262164  3246
2.3961993470957363  3238
2.3979400086720375  3318
2.399673721481038  3221
2.401400540781544  3303
2.403120521175818  3445
2.404833716619938  3200
2.406540180433955  3293
2.4082399653118496  3293
2.4099331233312946  3288
2.41161970596323  3316
2.413299764081252  3265
2.4149733479708178  3273
2.416640507338281  3259
2.4183012913197452  3222
2.419955748489758  3183
2.4216039268698313  3262
2.423245873936808  3167
2.424881636631067  3289
2.4265112613645754  3334
2.428134794028789  3288
2.429752280002408  3364
2.4313637641589874  3207
2.432969290874406  3260
2.4345689040341987  3357
2.436162647040756  3320
2.437750562820388  3370
2.439332693830263  3358
2.4409090820652177  3371
2.4424797690644486  3220
2.444044795918076  3291
2.4456042032735974  3293
2.4471580313422194  3332
2.44870631990508  3304
2.450249108319361  3279
2.45178643552429  3340
2.4533183400470375  3316
2.45484486000851  3226
2.456366033129043  3213
2.4578818967339924  3262
2.459392487759231  3270
2.4608978427565478  3298
2.462397997898956  3285
2.4638929889859074  3244
2.4653828514484184  3334
2.4668676203541096  3281
2.4683473304121573  3323
2.469822015978163  3307
2.4712917110589387  3322
2.4727564493172123  3344
2.4742162640762553  3351
2.4756711883244296  3219
2.4771212547196626  3266
2.4785664955938436  3317
2.4800069429571505  3292
2.481442628502305  3300
2.482873583608754  3293
2.484299839346786  3264
2.48572142648158  3203
2.4871383754771865  3291
2.4885507165004443  3311
2.4899584794248346  3280
2.4913616938342726  3427
2.4927603890268375  3213
2.494154594018443  3341
2.4955443375464483  3244
2.496929648073215  3280
2.4983105537896004  3167
2.499687082618404  3340
2.5010592622177517  3154
2.5024271199844326  3219
2.503790683057181  3258
2.505149978319906  3391
2.506505032404872  3282
2.507855871695831  3347
2.509202522331103  3139
2.510545010206612  3291
2.5118833609788744  3331
2.513217600067939  3535
2.514547752660286  3226
2.515873843711679  3185
2.5171958979499744  3275
2.5185139398778875  3283
2.519827993775719  3339
2.5211380837040362  3372
2.5224442335063197  3324
2.5237464668115646  3328
2.525044807036845  3262
2.526339277389844  3291
2.5276299008713385  3382
2.5289167002776547  3381
2.530199698203082  3359
2.531478917042255  3382
2.5327543789924976  3439
2.534026106056135  3328
2.5352941200427703  3247
2.53655844257153  3232
2.537819095073274  3252
2.5390760987927767  3328
2.5403294747908736  3181
2.5415792439465807  3365
2.5428254269591797  3286
2.5440680443502757  3282
2.545307116465824  3361
2.546542663478131  3298
2.5477747053878224  3199
2.5490032620257876  3268
2.550228353055094  3347
2.5514499979728753  3442
2.552668216112193  3235
2.5538830266438746  3404
2.5550944485783194  3256
2.5563025007672873  3386
2.5575072019056577  3323
2.558708570533166  3294
2.5599066250361124  3206
2.561101383649056  3224
2.5622928644564746  3285
2.5634810853944106  3367
2.5646660642520893  3380
2.5658478186735176  3223
2.56702636615906  3249
2.568201724066995  3182
2.569373909615046  3420
2.5705429398818973  3349
2.571708831808688  3263
2.5728716022004803  3219
2.574031267727719  3374
2.575187844927661  3497
2.576341350205793  3225
2.5774917998372255  3182
2.578639209968072  3311
2.57978359661681  3442
2.5809249756756194  3300
2.582063362911709  3321
2.583198773968623  3202
2.584331224367531  3225
2.5854607295085006  3233
2.586587304671755  3306
2.5877109650189114  3401
2.5888317255942073  3173
2.5899496013257077  3391
2.591064607026499  3282
2.5921767573958667  3316
2.593286067020457  3226
2.5943925503754266  3233
2.595496221825574  3368
2.59659709562646  3216
2.597695185925512  3274
2.598790506763115  3175
2.5998830720736876  3231
2.6009728956867484  3286
2.6020599913279625  3430
2.603144372620182  3348
2.60422605308447  3223
2.6053050461411096  3342
2.606381365110605  3324
2.6074550232146687  3415
2.6085260335771943  3410
2.60959440922522  3247
2.61066016308988  3285
2.611723308007342  3263
2.6127838567197355  3324
2.6138418218760693  3228
2.6148972160331345  3259
2.615950051656401  3232
2.617000341120899  3268
2.6180480967120925  3328
2.6190933306267428  3233
2.6201360549737576  3318
2.621176281775035  3263
2.622214022966295  3190
2.6232492903979003  3345
2.6242820958356683  3300
2.625312450961674  3312
2.6263403673750423  3241
2.6273658565927325  3343
2.6283889300503116  3225
2.629409599102719  3242
2.630427875025024  3151
2.6314437690131722  3211
2.6324572921847245  3168
2.6334684555795866  3388
2.6344772701607315  3330
2.635483746814912  3125
2.6364878963533656  3294
2.637489729512511  3350
2.6384892569546374  3229
2.639486489268586  3300
2.640481436970422  3417
2.6414741105040997  3299
2.6424645202421213  3336
2.6434526764861874  3318
2.6444385894678386  3231
2.645422269349092  3308
2.6464037262230695  3123
2.6473829701146196  3159
2.6483600109809315  3268
2.649334858712142  3197
2.6503075231319366  3257
2.651278013998144  3189
2.6522463410033232  3268
2.6532125137753435  3284
2.6541765418779604  3252
2.655138434811382  3326
2.656098202012832  3300
2.6570558528571038  3213
2.6580113966571126  3194
2.658964842664435  3241
2.6599162000698504  3301
2.660865478003869  3311
2.661812685537261  3196
2.662757831681574  3159
2.663700925389648  3249
2.6646419755561257  3318
2.6655809910179533  3349
2.6665179805548807  3240
2.667452952889954  3199
2.66838591669  3346
2.6693168805661123  3262
2.670245853074124  3384
2.6711728427150834  3333
2.6720978579357175  3292
2.673020907128896  3334
2.673941998634088  3334
2.6748611407378116  3279
2.6757783416740852  3253
2.6766936096248664  3308
2.677606952720493  3191
2.678518379040114  3398
2.6794278966121188  3250
2.680335513414563  3320
2.681241237375587  3239
2.682145076373832  3305
2.6830470382388496  3378
2.683947130751512  3263
2.6848453616444123  3280
2.6857417386022635  3318
2.6866362692622934  3287
2.6875289612146345  3236
2.6884198220027105  3352
2.6893088591236203  3220
2.690196080028514  3239
2.6910814921229687  3119
2.69196510276736  3244
2.69284691927723  3402
2.693726948923647  3275
2.694605198933569  3192
2.6954816764901977  3243
2.696356388733332  3251
2.6972293427597176  3194
2.6981005456233897  3312
2.6989700043360187  3198
2.699837725867246  3402
2.7007037171450192  3250
2.7015679850559273  3272
2.7024305364455254  3254
2.7032913781186614  3208
2.7041505168397992  3212
2.705007959333336  3263
2.7058637122839193  3333
2.7067177823367587  3270
2.7075701760979363  3280
2.708420900134713  3336
2.709269960975831  3311
2.7101173651118162  3290
2.710963118995276  3278
2.711807229041191  3233
2.7126497016272113  3231
2.7134905430939424  3269
2.714329759745233  3327
2.7151673578484576  3264
2.716003343634799  3368
2.7168377232995247  3228
2.717670503002262  3295
2.718501688867274  3200
2.7193312869837265  3315
2.720159303405957  3295
2.7209857441537393  3326
2.7218106152125467  3247
2.722633922533812  3155
2.7234556720351857  3219
2.724275869600789  3334
2.725094521081469  3286
2.7259116322950483  3274
2.7267272090265724  3306
2.727541257028556  3308
2.7283537820212285  3191
2.72916478969277  3347
2.7299742856995555  3298
2.7307822756663893  3189
2.7315887651867388  3394
2.7323937598229686  3264
2.7331972651065692  3332
2.733999286538387  3330
2.734799829588847  3315
2.73559889969818  3266
2.7363965022766426  3329
2.7371926427047373  3160
2.737987326333431  3261
2.738780558484369  3276
2.739572344450092  3322
2.7403626894942437  3348
2.741151598851785  3324
2.741939077729199  3306
2.7427251313046983  3290
2.74350976472843  3263
2.7442929831226763  3292
2.7450747915820575  3247
2.745855195173729  3421
2.7466341989375787  3324
2.747411807886423  3205
2.7481880270062002  3308
2.7489628612561616  3220
2.749736315569061  3308
2.7505083948513462  3204
2.751279103983342  3366
2.7520484478194387  3341
2.7528164311882715  3284
2.7535830588929064  3289
2.754348335711019  3217
2.7551122663950713  3261
2.7558748556724915  3272
2.756636108245848  3265
2.7573960287930244  3311
2.75815462196739  3233
2.7589118923979736  3304
2.7596678446896306  3306
2.760422483423212  3270
2.7611758131557314  3313
2.761927838420529  3257
2.762678563727436  3238
2.7634279935629373  3244
2.7641761323903307  3355
2.7649229846498886  3277
2.765668554759014  3262
2.7664128471123997  3407
2.7671558660821804  3365
2.767897616018091  3264
2.7686381012476144  3252
2.7693773260761385  3226
2.7701152947871015  3318
2.7708520116421442  3328
2.7715874808812555  3242
2.77232170672292  3256
2.7730546933642626  3265
2.7737864449811935  3186
2.7745169657285498  3319
2.7752462597402365  3333
2.775974331129369  3323
2.776701183988411  3171
2.7774268223893115  3151
2.7781512503836434  3363
2.7788744720027396  3223
2.7795964912578244  3356
2.780317312140151  3326
2.7810369386211318  3304
2.781755374652469  3241
2.782472624166286  3195
2.7831886910752575  3324
2.783903579272735  3190
2.784617292632875  3182
2.785329835010767  3384
2.786041210242554  3295
2.7867514221455614  3411
2.787460474518415  3300
2.788168371141168  3266
2.788875115775417  3377
2.7895807121644256  3222
2.7902851640332416  3380
2.790988475088816  3261
2.791690649020118  3318
2.792391689498254  3159
2.79309160017658  3226
2.7937903846908188  3295
2.7944880466591697  3343
2.795184589682424  3309
2.7958800173440754  3256
2.7965743332104296  3328
2.7972675408307164  3252
2.797959643737196  3287
2.798650645445269  3222
2.7993405494535817  3402
2.8000293592441343  3235
2.800717078282385  3299
2.801403710017355  3347
2.802089257881733  3369
2.8027737252919755  3326
2.803457115648414  3296
2.8041394323353503  3194
2.8048206787211623  3345
2.8055008581584002  3245
2.806179973983887  3295
2.8068580295188172  3246
2.807535028068853  3324
2.808210972924222  3279
2.808885867359812  3312
2.8095597146352675  3213
2.8102325179950842  3297
2.8109042806687006  3303
2.8115750058705933  3336
2.812244696800369  3234
2.8129133566428557  3297
2.813580988568192  3242
2.81424759573192  3286
2.814913181275074  3285
2.815577748324267  3232
2.816241299991783  3229
2.8169038393756605  3288
2.8175653695597807  3315
2.8182258936139557  3296
2.8188854145940097  3345
2.8195439355418688  3405
2.82020145948564  3270
2.8208579894397  3298
2.821513528404773  3256
2.8221680793680175  3193
2.8228216453031045  3304
2.823474229170301  3272
2.824125833916549  3270
2.824776462475546  3378
2.8254261177678233  3380
2.8260748027008264  3284
2.826722520168992  3313
2.8273692730538253  3276
2.828015064223977  3188
2.82865989653532  3323
2.829303772831025  3349
2.829946695941636  3219
2.8305886686851442  3281
2.8312296938670634  3286
2.8318697742805017  3320
2.832508912706236  3275
2.833147111912785  3325
2.833784374656479  3262
2.8344207036815328  3306
2.835056101720116  3315
2.8356905714924254  3265
2.8363241157067516  3251
2.8369567370595505  3145
2.837588438235511  3132
2.8382192219076257  3257
2.838849090737255  3259
2.8394780473741985  3334
2.840106094456758  3284
2.8407332346118066  3205
2.841359470454855  3303
2.8419848045901137  3273
2.842609239610562  3332
2.8432327780980096  3304
2.843855422623161  3242
2.8444771757456815  3296
2.845098040014257  3250
2.8457180179666586  3177
2.846337112129805  3267
2.846955325019824  3293
2.847572659142112  3229
2.848189116991399  3354
2.8488047010518036  3236
2.8494194137968996  3230
2.850033257689769  3390
2.8506462351830666  3190
2.8512583487190755  3323
2.851869600729766  3361
2.8524799936368566  3308
2.8530895298518657  3379
2.8536982117761744  3292
2.8543060418010806  3233
2.8549130223078554  3499
2.8555191556678  3300
2.8561244442423  3177
2.8567288903828825  3179
2.8573324964312685  3333
2.857935264719429  3352
2.858537197569639  3203
2.859138297294531  3290
2.859738566197147  3240
2.8603380065709936  3249
2.8609366207000937  3262
2.8615344108590377  3148
2.862131379313037  3350
2.8627275283179747  3225
2.863322860120456  3358
2.8639173769578603  3390
2.864511081058392  3182
2.8651039746411278  3253
2.8656960599160706  3252
2.8662873390841948  3296
2.866877814337499  3303
2.8674674878590514  3258
2.8680563618230415  3294
2.8686444383948255  3242
2.8692317197309762  3172
2.869818207979328  3196
2.870403905279027  3282
2.8709888137605755  3211
2.8715729355458786  3151
2.8721562727482928  3354
2.8727388274726686  3155
2.873320601815399  3372
2.8739015978644615  3287
2.8744818176994666  3240
2.8750612633917  3268
2.8756399370041685  3366
2.876217840591642  3249
2.8767949762007006  3283
2.877371345869774  3209
2.8779469516291885  3204
2.8785217955012063  3197
2.8790958795000727  3321
2.8796692056320534  3251
2.88024177589548  3204
2.8808135922807914  3382
2.8813846567705728  3382
2.8819549713396007  3376
2.8825245379548803  3356
2.8830933585756897  3184
2.8836614351536176  3325
2.884228769632604  3284
2.884795363948981  3359
2.885361220031512  3151
2.885926339801431  3260
2.886490725172482  3186
2.8870543780509568  3249
2.887617300335736  3293
2.888179493918325  3229
2.8887409606828927  3232
2.88930170250631  3289
2.8898617212581885  3348
2.890421018800914  3345
2.890979596989689  3244
2.8915374576725643  3339
2.8920946026904804  3266
2.8926510338773004  3307
2.893206753059848  3317
2.8937617620579434  3251
2.8943160626844384  3246
2.8948696567452528  3226
2.895422546039408  3269
2.8959747323590648  3273
2.8965262174895554  3296
2.89707700320942  3437
2.8976270912904414  3326
2.8981764834976764  3362
2.8987251815894934  3257
2.8992731873176036  3319
2.8998205024270964  3297
2.9003671286564705  3224
2.900913067737669  3283
2.9014583213961123  3305
2.9020028913507296  3324
2.902546779313991  3299
2.9030899869919438  3319
2.9036325160842376  3271
2.9041743682841634  3215
2.904715545278681  3351
2.905256048748451  3223
2.9057958803678687  3167
2.906335041805091  3327
2.90687353472207  3211
2.907411360774586  3367
2.9079485216122722  3287
2.90848501887865  3234
2.909020854211156  3312
2.9095560292411755  3221
2.910090545594068  3270
2.910624404889201  3295
2.9111576087399764  3430
2.9116901587538613  3188
2.9122220565324155  3204
2.912753303671323  3250
2.9132839017604186  3248
2.9138138523837167  3321
2.9143431571194407  3234
2.9148718175400505  3296
2.91539983521227  3235
2.9159272116971158  3240
2.916453948549925  3270
2.9169800473203824  3350
2.9175055095525466  3352
2.9180303367848803  3120
2.9185545305502734  3211
2.9190780923760737  3274
2.919601023784111  3165
2.920123326290724  3236
2.9206450014067875  3302
2.921166050637739  3251
2.921686475483602  3291
2.9222062774390163  3174
2.92272545799326  3213
2.9232440186302764  3303
2.9237619608287004  3333
2.9242792860618816  3229
2.924795995797912  3288
2.9253120914996495  3237
2.9258275746247424  3247
2.926342446625655  3229
2.926856708949692  3259
2.9273703630390235  3316
2.9278834103307068  3230
2.9283958522567137  3202
2.928907690243953  3289
2.929418925714293  3227
2.929929560084588  3406
2.9304395947667  3215
2.930949031167523  3308
2.931457870689005  3306
2.931966114728173  3292
2.932473764677153  3365
2.932980821923198  3263
2.9334872878487053  3392
2.9339931638312424  3201
2.934498451243568  3304
2.935003151453655  3431
2.9355072658247128  3293
2.9360107957152097  3238
2.936513742478893  3317
2.9370161074648142  3283
2.937517892017347  3370
2.9380190974762104  3250
2.938519725176492  3140
2.9390197764486663  3238
2.9395192526186187  3303
2.9400181550076634  3351
2.940516484932567  3200
2.9410142437055695  3282
2.941511432634403  3305
2.942008053022313  3257
2.9425041061680806  3210
2.9429995933660407  3224
2.9434945159061026  3242
2.9439888750737717  3228
2.9444826721501687  3271
2.9449759084120477  3221
2.94546858513182  3153
2.9459607035775686  3281
2.946452265013073  3226
2.9469432706978256  3276
2.9474337218870508  3321
2.9479236198317262  3324
2.948412965778601  3275
2.9489017609702137  3242
2.949390006644913  3230
2.949877704036875  3259
2.950364854376123  3207
2.9508514588885464  3253
2.951337518795918  3202
2.951823035315912  3295
2.9523080096621253  3292
2.952792443044092  3376
2.9532763366673045  3130
2.9537596917332287  3326
2.9542425094393248  3231
2.954724790979063  3299
2.9552065375419416  3242
2.9556877503135057  3303
2.9561684304753633  3338
2.9566485792052033  3339
2.957128197676813  3289
2.957607287060095  3284
2.958085848521085  3233
2.9585638832219674  3184
2.9590413923210934  3325
2.9595183769729982  3327
2.959994838328416  3188
2.960470777534299  3307
2.960946195733831  3125
2.9614210940664485  3371
2.9618954736678504  3269
2.962369335670021  3274
2.9628426812012423  3235
2.9633155113861114  3313
2.963787827345555  3275
2.964259630196849  3280
2.9647309210536292  3293
2.965201701025912  3197
2.9656719712201065  3311
2.9661417327390325  3192
2.966610986681934  3285
2.967079734144497  3322
2.967547976218862  3339
2.968015713993642  3230
2.9684829485539352  3295
2.9689496809813427  3234
2.9694159123539814  3354
2.9698816437465  3345
2.9703468762300935  3181
2.9708116108725178  3397
2.971275848738105  3236
2.971739590887778  3231
2.9722028383790646  3262
2.972665592266111  3269
2.9731278535996988  3397
2.973589623427257  3259
2.9740509027928774  3301
2.9745116927373285  3378
2.974971994298069  3252
2.975431808509263  3366
2.975891136401793  3344
2.9763499790032735  3226
2.976808337338066  3187
2.977266212427293  3313
2.9777236052888476  3255
2.978180516937414  3206
2.9786369483844743  3270
2.979092900638326  3308
2.979548374704095  3304
2.9800033715837464  3272
2.9804578922761  3364
2.9809119377768436  3197
2.9813655090785445  3316
2.9818186071706636  3345
2.9822712330395684  3220
2.9827233876685453  3232
2.983175072037813  3202
2.9836262871245345  3360
2.984077033902831  3363
2.9845273133437926  3280
2.9849771264154934  3207
2.9854264740830017  3268
2.9858753573083936  3323
2.986323777050765  3378
2.9867717342662448  3258
2.9872192299080047  3318
2.9876662649262746  3381
2.988112840268352  3187
2.9885589568786157  3243
2.989004615698537  3319
2.9894498176666917  3407
2.989894563718773  3314
2.9903388547876015  3419
2.9907826918031377  3243
2.9912260756924947  3289
2.9916690073799486  3309
2.9921114877869495  3314
2.9925535178321354  3270
2.9929950984313414  3217
2.9934362304976116  3259
2.993876914941211  3243
2.9943171526696366  3266
2.9947569445876283  3245
2.9951962915971793  3205
2.99563519459755  3221
2.9960736544852753  3121
2.9965116721541785  3243
2.996949248495381  3245
2.997386384397313  3279
2.9978230807457256  3216
2.998259338423699  3284
2.998695158311656  3402
2.999130541287371  3268
2.9995654882259823  3174
3.0  3259
3.000434077479319  3235
3.0008677215312267  3352
3.0013009330204183  3182
3.0017337128090005  3263
3.002166061756508  3246
3.0025979807199086  3340
3.003029470553618  3277
3.0034605321095067  3365
3.0038911662369103  3356
3.0043213737826426  3263
3.004751155591001  3343
3.0051805125037805  3274
3.0056094453602804  3174
3.0060379549973173  3206
3.0064660422492318  3233
3.0068937079479006  3271
3.0073209529227447  3277
3.00774777800074  3338
3.0081741840064264  3311
3.0086001717619175  3176
3.0090257420869104  3313
3.009450895798694  3328
3.00987563371216  3274
3.010299956639812  3287
3.010723865391773  3203
3.0111473607757975  3241
3.0115704435972783  3213
3.011993114659257  3361
3.012415374762433  3282
3.012837224705172  3330
3.0132586652835167  3336
3.0136796972911926  3310
3.0141003215196207  3220
3.0145205387579237  3250
3.0149403497929366  3329
3.0153597554092144  3210
3.015778756389041  3355
3.016197353512439  3371
3.016615547557177  3313
3.0170333392987803  3214
3.017450729510536  3278
3.0178677189635055  3233
3.018284308426531  3294
3.0187004986662433  3209
3.019116290447073  3390
3.0195316845312554  3307
3.0199466816788423  3346
3.0203612826477078  3155
3.020775488193558  3314
3.0211892990699383  3305
3.021602716028242  3295
3.02201573981772  3286
3.0224283711854865  3328
3.022840610876528  3218
3.0232524596337114  3252
3.0236639181977933  3244
3.024074987307426  3289
3.024485667699167  3279
3.024895960107485  3352
3.0253058652647704  3210
3.025715383901341  3209
3.0261245167454502  3280
3.0265332645232967  3251
3.0269416279590295  3382
3.0273496077747564  3314
3.0277572046905536  3281
3.0281644194244697  3231
3.0285712526925375  3404
3.028977705208778  3302
3.0293837776852097  3240
3.029789470831856  3376
3.030194785356751  3242
3.030599721965951  3271
3.0310042813635367  3375
3.031408464251624  3292
3.0318122713303706  3281
3.0322157032979815  3385
3.03261876085072  3365
3.0330214446829107  3265
3.03342375548695  3292
3.03382569395331  3234
3.0342272607705505  3260
3.0346284566253203  3250
3.0350292822023683  3325
3.0354297381845483  3369
3.035829825252828  3326
3.0362295440862948  3275
3.036628895362161  3304
3.037027879755775  3222
3.037426497940624  3290
3.037824750588342  3206
3.0382226383687185  3241
3.038620161949703  3220
3.039017321997412  3348
3.0394141191761372  3287
3.0398105541483504  3267
3.0402066275747113  3306
3.040602340114073  3264
3.0409976924234905  3215
3.041392685158225  3291
3.041787318971752  3331
3.042181594515766  3343
3.0425755124401905  3218
3.0429690733931802  3299
3.0433622780211294  3167
3.0437551269686796  3216
3.044147620878723  3266
3.044539760392411  3199
3.04493154614916  3287
3.0453229787866576  3287
3.0457140589408676  3467
3.0461047872460387  3262
3.0464951643347082  3256
3.04688519083771  3222
3.0472748673841794  3272
3.04766419460156  3264
3.048053173115609  3302
3.0484418035504044  3273
3.04883008652835  3430
3.0492180226701815  3286
3.049605612594973  3290
3.0499928569201424  3181
3.050379756261458  3177
3.0507663112330423  3227
3.0511525224473814  3351
3.0515383905153275  3235
3.0519239160461065  3273
3.0523090996473234  3241
3.052693941924968  3229
3.0530784434834195  3256
3.053462604925455  3299
3.0538464268522527  3280
3.0542299098633974  3336
3.0546130545568877  3290
3.0549958615291417  3269
3.055378331375  3153
3.0557604646877348  3364
3.056142262059052  3308
3.0565237240791006  3290
3.0569048513364727  3433
3.0572856444182146  3340
3.0576661039098294  3224
3.0580462303952816  3328
3.058426024457005  3257
3.0588054866759067  3390
3.059184617631371  3376
3.0595634179012676  3317
3.059941888061955  3299
3.060320028688285  3249
3.060697840353612  3294
3.0610753236297916  3210
3.061452479087193  3257
3.061829307294699  3304
3.0622058088197126  3247
3.062581984228163  3277
3.0629578340845103  3204
3.0633333589517497  3391
3.0637085593914173  3237
3.064083435963596  3346
3.0644579892269186  3251
3.064832219738574  3312
3.065206128054312  3245
3.0655797147284485  3295
3.06595298031387  3217
3.0663259253620376  3268
3.0666985504229953  3345
3.0670708560453703  3181
3.0674428427763805  3314
3.0678145111618402  3347
3.0681858617461617  3352
3.068556895072363  3222
3.068927611682072  3246
3.0692980121155293  3297
3.0696680969115957  3328
3.070037866607755  3290
3.0704073217401198  3273
3.0707764628434346  3207
3.0711452904510828  3223
3.071513805095089  3283
3.0718820073061255  3274
3.072249897613515  3204
3.0726174765452368  3387
3.0729847446279304  3306
3.073351702386901  3230
3.0737183503461227  3398
3.074084689028244  3282
3.074450718954591  3412
3.074816440645175  3251
3.0751818546186915  3316
3.0755469613925306  3305
3.0759117614827773  3275
3.076276255404218  3180
3.076640443670342  3270
3.0770043267933502  3270
3.0773679052841563  3160
3.077731179652392  3330
3.0780941504064105  3294
3.0784568180532927  3236
3.0788191830988487  3347
3.0791812460476247  3265
3.079543007402906  3296
3.079904467666721  3258
3.0802656273398448  3326
3.0806264869218056  3244
3.080987046910887  3301
3.0813473078041325  3304
3.081707270097349  3266
3.082066934285113  3232
3.0824263008607717  3230
3.0827853703164503  3191
3.0831441431430524  3281
3.0835026198302673  3203
3.083860800866573  3286
3.0842186867392387  3257
3.084576277934331  3301
3.084933574936716  3282
3.085290578230065  3284
3.0856472882968564  3365
3.0860037056183818  3154
3.0863598306747484  3235
3.0867156639448825  3249
3.0870712059065353  3298
3.0874264570362855  3341
3.087781417809542  3152
3.0881360887005513  3309
3.0884904701823963  3336
3.088844562727004  3331
3.089198366805149  3312
3.089551882886454  3284
3.089905111439398  3214
3.090258052931316  3280
3.090610707828407  3289
3.0909630765957314  3371
3.091315159697223  3357
3.0916669575956846  3278
3.092018470752797  3289
3.0923696996291206  3235
3.0927206446840994  3326
3.0930713063760633  3193
3.093421685162235  3165
3.09377178149873  3181
3.0941215958405612  3337
3.094471128641645  3243
3.0948203803548  3182
3.095169351431755  3272
3.095518042323151  3361
3.0958664534785427  3252
3.0962145853464054  3302
3.0965624383741357  3173
3.0969100130080562  3278
3.09725730969342  3323
3.097604328874411  3285
3.09795107099415  3265
3.0982975364946976  3190
3.098643725817057  3341
3.0989896394011773  3270
3.0993352776859577  3364
3.09968064110925  3369
3.1000257301078626  3214
3.100370545117563  3325
3.1007150865730817  3292
3.1010593549081156  3253
3.101403350555331  3282
3.1017470739463664  3371
3.1020905255118367  3381
3.1024337056813365  3274
3.1027766148834415  3296
3.1031192535457137  3394
3.103461622094705  3269
3.103803720955957  3242
3.104145550554008  3237
3.104487111312395  3232
3.1048284036536553  3297
3.1051694279993316  3320
3.1055101847699738  3250
3.1058506743851435  3251
3.1061908972634154  3265
3.1065308538223815  3239
3.106870544478654  3295
3.1072099696478683  3098
3.1075491297446862  3401
3.1078880251827985  3300
3.1082266563749283  3210
3.1085650237328344  3330
3.1089031276673134  3227
3.109240968588203  3231
3.1095785469043866  3312
3.1099158630237933  3247
3.110252917353403  3188
3.110589710299249  3283
3.1109262422664203  3259
3.1112625136590655  3220
3.111598524880394  3305
3.1119342763326814  3291
3.1122697684172707  3279
3.1126050015345745  3281
3.11293997608408  3278
3.1132746924643504  3188
3.1136091510730277  3344
3.113943352306837  3223
3.1142772965615864  3254
3.114610984232173  3282
3.1149444157125847  3285
3.1152775913959014  3415
3.1156105116742996  3255
3.115943176939055  3309
3.116275587580544  3275
3.1166077439882485  3368
3.116939646550756  3373
3.1172712956557644  3228
3.117602691690084  3412
3.1179338350396413  3347
3.118264726089479  3166
3.118595365223762  3358
3.1189257528257768  3183
3.1192558892779365  3349
3.119585774961784  3283
3.119915410257991  3217
3.1202447955463652  3344
3.12057393120585  3338
3.1209028176145273  3318
3.1212314551496214  3286
3.1215598441875008  3350
3.121887985103681  3352
3.1222158782728267  3375
3.1225435240687545  3281
3.1228709228644354  3232
3.1231980750319988  3317
3.123524980942732  3196
3.123851640967086  3294
3.124178055474675  3287
3.1245042248342823  3265
3.1248301494138593  3328
3.12515582958053  3110
3.125481265700594  3309
3.125806458139527  3165
3.1261314072619846  3163
3.1264561134318045  3405
3.126780577012009  3221
3.1271047983648077  3280
3.127428777851599  3231
3.1277525158329733  3236
3.1280760126687155  3362
3.1283992687178066  3313
3.128722284338427  3231
3.1290450598879582  3296
3.1293675957229854  3304
3.129689892199301  3332
3.1300119496719043  3297
3.130333768495006  3241
3.130655349022031  3259
3.130976691605617  3233
3.131297796597623  3212
3.1316186643491255  3183
3.1319392952104246  3275
3.1322596895310446  3295
3.132579847659737  3338
3.132899769944483  3237
3.1332194567324945  3291
3.1335389083702174  3314
3.133858125203335  3179
3.1341771075767664  3338
3.1344958558346736  3326
3.13481437032046  3337
3.1351326513767748  3213
3.1354506993455136  3174
3.1357685145678222  3273
3.1360860973840974  3226
3.13640344813399  3240
3.1367205671564067  3188
3.1370374547895126  3262
3.137354111370733  3348
3.137670537236755  3355
3.137986732723532  3263
3.1383026981662816  3273
3.1386184338994925  3243
3.1389339402569236  3389
3.139249217571607  3216
3.13956426617585  3330
3.1398790864012365  3285
3.140193678578631  3332
3.1405080430381798  3261
3.1408221801093106  3333
3.141136090120739  3342
3.1414497734004674  3275
3.141763230275788  3278
3.1420764610732848  3310
3.142389466118836  3331
3.1427022457376155  3306
3.143014800254095  3243
3.143327129992046  3318
3.1436392352745433  3310
3.1439511164239633  3383
3.144262773761991  3275
3.144574207609616  3230
3.144885418287142  3281
3.1451964061141817  3172
3.1455071714096627  3348
3.1458177144918276  3359
3.146128035678238  3296
3.1464381352857744  3224
3.14674801363064  3292
3.1470576710283598  3247
3.1473671077937864  3210
3.1476763242410986  3241
3.147985320683805  3303
3.1482940974347455  3334
3.1486026548060932  3322
3.1489109931093564  3190
3.1492191126553797  3292
3.149527013754348  3357
3.149834696715785  3436
3.1501421618485588  3174
3.150449409460881  3263
3.150756439860309  3267
3.15106325335375  3296
3.1513698502474603  3319
3.151676230847048  3402
3.151982395457474  3270
3.1522883443830563  3375
3.15259407792747  3228
3.1528995963937474  3112
3.153204900084284  3266
3.1535099893008374  3214
3.153814864344529  3275
3.154119525515847  3285
3.154423973114647  3450
3.1547282074401557  3281
3.1550322287909704  3321
3.155336037465062  3343
3.1556396337597765  3290
3.1559430179718366  3214
3.1562461903973444  3256
3.1565491513317814  3214
3.156851901070011  3214
3.1571544399062814  3387
3.157456768134226  3309
3.1577588860468637  3339
3.158060793936605  3377
3.1583624920952498  3168
3.1586639808139894  3136
3.15896526038341  3329
3.159266331093494  3291
3.1595671932336202  3293
3.1598678470925665  3353
3.160168292958512  3299
3.1604685311190375  3267
3.1607685618611283  3336
3.1610683854711747  3344
3.161368002234975  3259
3.161667412437736  3273
3.161966616364075  3180
3.1622656142980214  3306
3.162564406523019  3268
3.162862993321926  3302
3.1631613749770184  3236
3.16345955176999  3316
3.163757523981956  3272
3.1640552918934515  3238
3.164352855784437  3143
3.1646502159342966  3317
3.1649473726218416  3367
3.1652443261253107  3222
3.165541076722373  3421
3.1658376246901283  3322
3.166133970305109  3256
3.166430113843283  3241
3.166726055580052  3354
3.1670217957902564  3227
3.167317334748176  3322
3.16761267272753  3274
3.16790781000148  3160
3.168202746842631  3272
3.1684974835230326  3287
3.1687920203141817  3299
3.1690863574870227  3275
3.1693804953119495  3321
3.1696744340588068  3334
3.1699681739968923  3352
3.1702617153949575  3265
3.1705550585212086  3277
3.170848203643309  3203
3.1711411510283822  3135
3.171433900943008  3228
3.171726453653231  3188
3.1720188094245563  3237
3.172310968521954  3331
3.17260293120986  3341
3.1728946977521764  3178
3.173186268412274  3295
3.1734776434529945  3357
3.17376882313665  3253
3.1740598077250253  3256
3.1743505974793798  3249
3.1746411926604483  3318
3.1749315935284423  3272
3.1752218003430523  3207
3.1755118133634475  3352
3.1758016328482794  3271
3.1760912590556813  3282
3.1763806922432702  3338
3.17666993266815  3214
3.176958980586908  3396
3.1772478362556233  3262
3.1775364999298623  3227
3.177824971864682  3283
3.1781132523146316  3300
3.178401341533755  3251
3.17868923977559  3309
3.1789769472931693  3234
3.1792644643390253  3223
3.1795517911651876  3386
3.179838928023187  3246
3.180125875164054  3156
3.180412632838324  3290
3.1806992012960347  3288
3.1809855807867304  3223
3.1812717715594614  3189
3.1815577738627865  3327
3.1818435879447726  3161
3.182129214052998  3299
3.182414652434554  3260
3.1826999033360424  3238
3.182984967003582  3237
3.1832698436828046  3336
3.1835545336188615  3283
3.1838390370564214  3412
3.184123354239671  3429
3.1844074854123203  3246
3.184691430817599  3210
3.184975190698261  3181
3.185258765296585  3322
3.185542154854375  3277
3.185825359612962  3344
3.1861083798132053  3405
3.186391215695493  3284
3.1866738674997452  3466
3.1869563354654122  3199
3.187238619831479  3248
3.187520720836463  3398
3.1878026387184195  3377
3.188084373714938  3230
3.188365926063148  3291
3.188647295999717  3255
3.1889284837608534  3232
3.189209489582306  3294
3.1894903136993675  3313
3.189770956346874  3260
3.190051417759206  3284
3.1903316981702914  3276
3.190611797813605  3176
3.1908917169221698  3191
3.1911714557285586  3194
3.1914510144648953  3372
3.1917303933628562  3168
3.1920095926536702  3230
3.1922886125681202  3304
3.1925674533365456  3207
3.192846115188842  3318
3.1931245983544616  3376
3.1934029030624176  3227
3.1936810295412816  3209
3.193958978019187  3196
3.1942367487238292  3298
3.194514341882467  3216
3.1947917577219247  3252
3.1950689964685903  3373
3.1953460583484197  3257
3.1956229435869368  3378
3.1958996524092336  3350
3.1961761850399735  3258
3.196452541703389  3267
3.196728722623287  3199
3.1970047280230456  3345
3.197280558125619  3293
3.1975562131535367  3235
3.197831693328903  3327
3.1981069988734014  3319
3.1983821300082944  3204
3.1986570869544226  3200
3.198931869932209  3274
3.1992064791616577  3284
3.199480914862356  3291
3.1997551772534747  3321
3.2000292665537704  3245
3.200303182981585  3349
3.2005769267548483  3286
3.2008504980910772  3218
3.2011238972073794  3309
3.2013971243204513  3315
3.2016701796465816  3272
3.20194306340165  3280
3.2022157758011316  3259
3.2024883170600935  3311
3.2027606873931997  3286
3.2030328870147105  3266
3.203304916138483  3215
3.2035767749779724  3348
3.2038484637462346  3237
3.2041199826559246  3398
3.2043913319193  3300
3.204662511748219  3369
3.204933522354145  3271
3.2052043639481447  3241
3.205475036740891  3258
3.205745540942662  3280
3.2060158767633444  3341
3.2062860444124324  3295
3.2065560440990297  3284
3.2068258760318495  3270
3.207095540419218  3282
3.2073650374690716  3247
3.2076343673889616  3277
3.2079035303860515  3346
3.2081725266671217  3211
3.208441356438567  3309
3.208710019906401  3309
3.2089785172762535  3417
3.2092468487533736  3222
3.2095150145426308  3204
3.209783014848515  3309
3.2100508498751372  3260
3.210318519826232  3155
3.2105860249051563  3264
3.210853365314893  3260
3.2111205412580492  3319
3.2113875529368587  3363
3.2116544005531824  3326
3.2119210843085093  3233
3.2121876044039577  3352
3.212453961040276  3256
3.2127201544178425  3265
3.212986184736668  3304
3.2132520521963968  3257
3.2135177569963047  3402
3.2137832993353044  3208
3.2140486794119414  3281
3.2143138974244  3287
3.214578953570499  3344
3.214843848047698  3345
3.215108581053093  3284
3.215373152783422  3250
3.215637563435062  3348
3.215901813204032  3377
3.216165902285993  3245
3.216429830876251  3252
3.2166935991697545  3345
3.216957207361097  3279
3.217220655644519  3236
3.2174839442139063  3430
3.2177470732627937  3299
3.218010042984363  3337
3.2182728535714475  3372
3.218535505216528  3363
3.2187979981117376  3289
3.219060332448861  3297
3.219322508419337  3338
3.2195845262142546  3390
3.219846386024361  3244
3.220108088040055  3313
3.2203696324513946  3287
3.220631019448092  3163
3.2208922492195193  3166
3.2211533219547053  3228
3.2214142378423385  3203
3.2216749970707688  3324
3.2219355998280053  3278
3.22219604630172  3217
3.222456336679247  3264
3.2227164711475833  3173
3.2229764498933915  3221
3.2232362731029975  3313
3.2234959409623944  3374
3.2237554536572413  3239
3.224014811372864  3231
3.2242740142942576  3346
3.2245330626060857  3288
3.2247919564926817  3313
3.225050696138049  3247
3.225309281725863  3291
3.225567713439471  3305
3.2258259914618934  3315
3.226084115975824  3250
3.226342087163631  3259
3.2265999052073573  3339
3.2268575702887237  3307
3.2271150825891253  3163
3.2273724422896364  3305
3.227629649571009  3153
3.2278867046136734  3272
3.2281436075977417  3310
3.228400358703005  3366
3.2286569581089353  3201
3.228913405994688  3180
3.229169702539101  3245
3.229425847920695  3242
3.229681842317676  3246
3.229937685907934  3229
3.230193378869046  3311
3.230448921378274  3262
3.230704313612569  3238
3.230959555748569  3222
3.231214647962601  3331
3.2314695904306814  3333
3.2317243833285163  3263
3.231979026831504  3253
3.2322335211147335  3332
3.232487866352986  3329
3.232742062720737  3217
3.2329961103921536  3346
3.2332500095411003  3306
3.2335037603411343  3247
3.2337573629655103  3264
3.2340108175871793  3302
3.2342641243787895  3250
3.2345172835126865  3357
3.2347702951609163  3312
3.2350231594952237  3210
3.2352758766870524  3321
3.2355284469075487  3293
3.2357808703275603  3306
3.236033147117636  3431
3.2362852774480286  3249
3.236537261488694  3272
3.2367890994092927  3257
3.237040791379191  3346
3.237292337567459  3237
3.2375437381428744  3233
3.2377949932739227  3374
3.2380461031287955  3117
3.238297067875394  3264
3.2385478876813276  3275
3.238798562713917  3292
3.2390490931401916  3209
3.2392994791268923  3253
3.239549720840473  3334
3.2397998184470986  3347
3.2400497721126476  3266
3.2402995820027125  3299
3.2405492482826  3261
3.240798771117331  3411
3.241048150671644  3279
3.2412973871099933  3209
3.2415464805965484  3269
3.241795431295199  3252
3.2420442393695508  3320
3.2422929049829308  3185
3.2425414282983844  3343
3.2427898094786767  3322
3.2430380486862944  3230
3.243286146083446  3262
3.243534101832062  3333
3.243781916093795  3356
3.244029589030022  3299
3.244277120801843  3374
3.244524511570084  3304
3.244771761495295  3290
3.245018870737753  3214
3.245265839457461  3299
3.24551266781415  3375
3.245759355967277  3337
3.246005904076029  3216
3.246252312299322  3253
3.246498580795801  3144
3.2467447097238415  3250
3.24699069924155  3374
3.247236549506764  3343
3.2474822606770544  3390
3.2477278329097232  3357
3.247973266361807  3253
3.248218561190075  3278
3.248463717551032  3341
3.2487087356009177  3378
3.2489536154957075  3267
3.249198357391113  3198
3.249442961442582  3304
3.2496874278053016  3226
3.249931756634195  3351
3.250175948083925  3335
3.250420002308894  3292
3.2506639194632436  3239
3.250907699700856  3256
3.2511513431753545  3349
3.2513948500401044  3230
3.251638220448212  3315
3.2518814545525276  3283
3.252124552505644  3273
3.2523675144598987  3273
3.252610340567373  3324
3.2528530309798933  3228
3.2530955858490316  3350
3.2533380053261065  3354
3.253580289562183  3281
3.2538224387080734  3296
3.254064452914338  3397
3.2543063323312857  3312
3.2545480771089736  3357
3.25478968739721  3332
3.2550311633455515  3267
3.255272505103306  3224
3.2555137128195333  3238
3.255754786643044  3248
3.255995726722402  3399
3.256236533205923  3113
3.256477206241677  3245
3.256717745977487  3371
3.256958152560932  3328
3.2571984261393445  3278
3.257438566859814  3359
3.2576785748691846  3335
3.2579184503140586  3309
3.2581581933407944  3338
3.258397804095509  3266
3.2586372827240764  3234
3.258876629372131  3262
3.2591158441850663  3186
3.2593549273080344  3241
3.2595938788859486  3207
3.2598326990634834  3243
3.2600713879850747  3293
3.26030994579492  3292
3.2605483726369795  3329
3.2607866686549762  3298
3.2610248339923973  3302
3.2612628687924934  3301
3.2615007731982804  3205
3.2617385473525378  3217
3.2619761913978125  3208
3.262213705476417  3219
3.2624510897304293  3168
3.2626883443016963  3222
3.2629254693318317  3297
3.2631624649622166  3243
3.263399331334002  3248
3.263636068588108  3434
3.2638726768652235  3191
3.2641091563058082  3312
3.2643455070500926  3183
3.2645817292380777  3304
3.2648178230095364  3212
3.2650537885040145  3211
3.26528962586083  3320
3.2655253352190736  3235
3.2657609167176105  3323
3.265996370495079  3274
3.266231696689893  3415
3.2664668954402414  3288
3.2667019668840878  3250
3.266936911159173  3276
3.2671717284030137  3242
3.267406418752904  3315
3.2676409823459154  3393
3.2678754193188975  3361
3.2681097298084785  3298
3.268343913951065  3247
3.268577971882843  3377
3.2688119037397803  3210
3.269045709657623  3355
3.2692793897718984  3181
3.2695129442179165  3257
3.269746373130767  3232
3.269979676645324  3399
3.2702128548962426  3216
3.2704459080179626  3375
3.2706788361447066  3343
3.2709116394104814  3242
3.2711443179490782  3236
3.2713768718940743  3281
3.271609301378832  3218
3.271841606536499  3282
3.27207378750001  3324
3.2723058444020863  3261
3.2725377773752373  3181
3.2727695865517594  3275
3.2730012720637376  3247
3.2732328340430454  3340
3.273464272621346  3400
3.273695587930092  3316
3.2739267801005254  3338
3.27415784926368  3295
3.274388795550379  3261
3.274619619091238  3287
3.274850320016665  3305
3.2750808984568587  3323
3.2753113545418118  3250
3.2755416884013098  3256
3.2757719001649312  3209
3.27600198996205  3218
3.2762319579218335  3333
3.2764618041732443  3212
3.27669152884504  3235
3.276921132065774  3185
3.277150613963797  3370
3.2773799746672547  3265
3.2776092143040914  3226
3.2778383330020473  3377
3.2780673308886628  3222
3.2782962080912736  3177
3.2785249647370174  3268
3.278753600952829  3258
3.278982116865443  3213
3.279210512601395  3343
3.2794387882870204  3297
3.2796669440484556  3315
3.279894980011638  3315
3.2801228963023075  3260
3.280350693046006  3207
3.2805783703680764  3270
3.280805928393667  3318
3.2810333672477277  3353
3.281260687055013  3288
3.2814878879400813  3268
3.281714970027296  3231
3.281941933440825  3351
3.2821687783046416  3251
3.2823955047425257  3310
3.2826221128780624  3355
3.282848602834645  3264
3.2830749747354715  3340
3.2833012287035497  3317
3.2835273648616936  3250
3.2837533833325265  3343
3.28397928423848  3239
3.284205067701794  3165
3.2844307338445193  3273
3.2846562827885157  3215
3.284881714655453  3235
3.285107029566812  3345
3.2853322276438846  3202
3.285557309007774  3291
3.285782273779395  3173
3.2860071220794747  3350
3.286231854028553  3376
3.286456469746983  3211
3.28668096935493  3324
3.286905352972375  3347
3.287129620719111  3186
3.2873537727147464  3197
3.2875778090787056  3315
3.287801729930226  3211
3.2880255353883627  3274
3.288249225571986  3311
3.2884728005997825  3254
3.288696260590256  3251
3.2889196056617265  3273
3.289142835932333  3198
3.2893659515200318  3309
3.2895889525425965  3324
3.2898118391176214  3481
3.290034611362518  3307
3.2902572693945182  3166
3.290479813330673  3266
3.2907022432878543  3321
3.2909245593827543  3301
3.2911467617318855  3226
3.291368850451583  3345
3.2915908256580013  3314
3.291812687467119  3192
3.2920344359947364  3356
3.292256071356476  3335
3.292477593667784  3203
3.29269900304393  3167
3.292920299600006  3250
3.2931414834509307  3275
3.2933625547114453  3233
3.2935835134961167  3262
3.2938043599193367  3272
3.2940250940953226  3368
3.2942457161381182  3365
3.294466226161593  3225
3.2946866242794433  3299
3.2949069106051923  3258
3.295127085252191  3339
3.295347148333618  3247
3.295567099962479  3320
3.295786940251609  3200
3.2960066693136723  3324
3.2962262872611605  3309
3.296445794206396  3274
3.296665190261531  3301
3.296884475538547  3282
3.2971036501492565  3348
3.2973227142053028  3330
3.2975416678181597  3233
3.297760511099134  3213
3.2979792441593623  3288
3.298197867109815  3399
3.2984163800612945  3259
3.2986347831244354  3259
3.298853076409707  3316
3.2990712600274095  3278
3.29928933408768  3324
3.2995072987004876  3326
3.2997251539756367  3262
3.299942900022767  3366
3.3001605369513523  3243
3.3003780648707024  3273
3.3005954838899636  3196
3.300812794118117  3180
3.3010299956639813  3334
3.3012470886362113  3307
3.3014640731433  3206
3.3016809492935764  3320
3.301897717195208  3260
3.302114376956201  3233
3.302330928684399  3352
3.3025473724874854  3186
3.3027637084729817  3362
3.3029799367482493  3259
3.303196057420489  3273
3.303412070596742  3301
3.30362797638389  3309
3.3038437748886547  3247
3.3040594662175993  3250
3.3042750504771283  3341
3.3044905277734875  3184
3.3047058982127653  3212
3.3049211619008916  3218
3.305136318943639  3288
3.305351369446624  3252
3.305566313515304  3279
3.3057811512549824  3227
3.3059958827708047  3301
3.3062105081677613  3280
3.3064250275506875  3375
3.3066394410242617  3352
3.3068537486930087  3234
3.3070679506612985  3242
3.307282047033346  3279
3.307496037913213  3220
3.307709923404807  3179
3.307923703611882  3378
3.3081373786380386  3283
3.308350948586726  3289
3.3085644135612386  3239
3.3087777736647213  3147
3.3089910290001643  3202
3.3092041796704077  3244
3.30941722577814  3335
3.3096301674258988  3336
3.3098430047160705  3155
3.3100557377508912  3229
3.3102683666324477  3205
3.3104808914626753  3274
3.3106933123433606  3227
3.3109056293761414  3275
3.311117842662506  3312
3.3113299523037933  3301
3.311541958401195  3363
3.311753861055754  3411
3.3119656603683665  3274
3.3121773564397787  3328
3.312388949370592  3311
3.3126004392612596  3209
3.312811826212088  3336
3.313023110323238  3198
3.313234291694724  3286
3.313445370426414  3281
3.3136563466180315  3317
3.3138672203691533  3309
3.3140779917792127  3419
3.3142886609474975  3311
3.3144992279731516  3327
3.314709692955174  3279
3.31492005599242  3349
3.315130317183602  3262
3.3153404766272883  3295
3.315550534421905  3319
3.3157604906657347  3274
3.315970345456918  3237
3.3161800988934527  3346
3.3163897510731952  3408
3.3165993020938607  3324
3.316808752053022  3346
3.3170181010481117  3229
3.31722734917642  3235
3.317436496535099  3356
3.3176455432211585  3259
3.317854489331469  3272
3.3180633349627615  3285
3.318272080211627  3246
3.3184807251745174  3179
3.318689269947746  3399
3.3188977146274867  3194
3.3191060593097763  3329
3.319314304090512  3272
3.3195224490654542  3332
3.3197304943302246  3123
3.3199384399803087  3261
3.3201462861110542  3405
3.3203540328176717  3261
3.3205616801952367  3277
3.3207692283386865  3299
3.3209766773428235  3321
3.3211840273023143  3225
3.321391278311689  3223
3.3215984304653436  3283
3.3218054838575393  3300
3.3220124385824006  3277
3.322219294733919  3267
3.3224260524059526  3337
3.3226327116922234  3176
3.322839272686321  3226
3.3230457354817013  3298
3.323252100171687  3253
3.3234583668494677  3220
3.3236645356081  3336
3.323870606540509  3267
3.3240765797394864  3268
3.3242824552976926  3157
3.3244882333076564  3314
3.3246939138617746  3227
3.3248994970523134  3221
3.3251049829714074  3339
3.325310371711061  3229
3.325515663363148  3355
3.325720858019412  3298
3.325925955771466  3251
3.3261309567107946  3390
3.326335860928751  3277
3.3265406685165617  3350
3.3267453795653217  3298
3.326949994165999  3337
3.3271545124094315  3262
3.3273589343863303  3247
3.327563260187278  3331
3.327767489902729  3264
3.3279716236230104  3333
3.3281756614383227  3220
3.3283796034387376  3164
3.328583449714202  3248
3.3287872003545345  3220
3.3289908554494287  3296
3.329194415088451  3314
3.329397879361043  3192
3.3296012483565187  3349
3.3298045221640695  3352
3.330007700872759  3328
3.330210784571528  3280
3.330413773349191  3241
3.3306166672944384  3283
3.330819466495837  3370
3.3310221710418286  3264
3.3312247810207323  3423
3.331427296520743  3251
3.3316297176299323  3235
3.331832044436249  3245
3.332034277027518  3320
3.3322364154914434  3267
3.3324384599156054  3176
3.3326404103874627  3238
3.3328422669943514  3279
3.3330440298234874  3233
3.3332456989619628  3295
3.3334472744967503  3293
3.3336487565147013  3298
3.333850145102545  3280
3.334051440346892  3197
3.334252642334231  3259
3.3344537511509307  3289
3.3346547668832414  3167
3.3348556896172914  3281
3.3350565194390915  3263
3.3352572564345317  3345
3.3354579006893843  3320
3.3356584522893016  3352
3.335858911319818  3362
3.336059277866349  3336
3.336259552014193  3192
3.3364597338485296  3353
3.3366598234544202  3350
3.336859820916809  3326
3.3370597263205246  3260
3.3372595397502756  3316
3.337459261290656  3364
3.3376588910261424  3255
3.3378584290410944  3246
3.3380578754197563  3181
3.3382572302462554  3242
3.3384564936046046  3308
3.3386556655787003  3376
3.338854746252323  3171
3.339053735709139  3331
3.3392526340327  3164
3.3394514413064407  3300
3.339650157613684  3252
3.339848783037637  3243
3.340047317661393  3348
3.3402457615679317  3307
3.3404441148401185  3328
3.3406423775607053  3191
3.3408405498123317  3223
3.341038631677523  3258
3.3412366232386925  3225
3.34143452457814  3257
3.3416323357780544  3277
3.3418300569205104  3328
3.3420276880874717  3319
3.3422252293607904  3168
3.342422680822206  3321
3.342620042553348  3348
3.342817314635733  3254
3.343014497150768  3325
3.3432115901797474  3383
3.3434085938038574  3299
3.343605508104172  3096
3.343802333161655  3337
3.3439990690571615  3230
3.344195715871435  3288
3.3443922736851106  3272
3.344588742578714  3328
3.344785122632661  3303
3.344981413927258  3286
3.345177616542704  3331
3.3453737305590883  3257
3.345569756056392  3191
3.345765693114488  3323
3.3459615418131414  3363
3.346157302232008  3352
3.346352974450639  3337
3.346548558548474  3303
3.346744054604849  3261
3.3469394626989906  3312
3.34713478291002  3341
3.3473300153169503  3380
3.3475251599986895  3324
3.347720217034038  3190
3.3479151865016914  3295
3.3481100684802376  3229
3.3483048630481607  3334
3.348499570283838  3381
3.348694190265541  3185
3.348888723071438  3360
3.34908316877959  3332
3.3492775274679554  3218
3.3494717992143856  3313
3.34966598409663  3246
3.3498600821923312  3201
3.3500540935790304  3192
3.3502480183341627  3334
3.350441856535061  3267
3.3506356082589543  3209
3.350829273582968  3330
3.3510228525841237  3375
3.351216345339342  3261
3.351409751925439  3258
3.351603072419129  3285
3.3517963068970236  3330
3.351989455435632  3279
3.3521825181113627  3387
3.35237549500052  3277
3.3525683861793087  3272
3.3527611917238307  3158
3.3529539117100877  3102
3.3531465462139796  3316
3.3533390953113047  3299
3.353531559077762  3313
3.353723937588949  3352
3.353916230920363  3280
3.3541084391474008  3199
3.35430056234536  3323
3.3544926005894364  3378
3.3546845539547285  3458
3.354876422516234  3436
3.3550682063488506  3283
3.3552599055273786  3296
3.3554515201265174  3307
3.355643050220869  3332
3.355834495884936  3298
3.3560258571931225  3370
3.3562171342197353  3357
3.3564083270389813  3160
3.356599435724971  3332
3.356790460351716  3275
3.3569814009931314  3320
3.3571722577230334  3152
3.3573630306151427  3183
3.3575537197430814  3287
3.3577443251803754  3323
3.357934847000454  3407
3.3581252852766488  3339
3.358315640082196  3345
3.3585059114902354  3261
3.3586960995738107  3382
3.358886204405869  3234
3.359076226059263  3213
3.3592661646067485  3305
3.3594560201209864  3183
3.359645792674543  3313
3.359835482339888  3270
3.3600250891893975  3257
3.3602146132953523  3346
3.3604040547299387  3347
3.360593413565249  3342
3.36078268987328  3218
3.3609718837259357  3332
3.361160995195026  3310
3.3613500243522663  3191
3.361538971269279  3155
3.361727836017593  3262
3.3619166186686433  3248
3.362105319293773  3371
3.362293937964231  3269
3.3624824747511743  3265
3.362670929725667  3234
3.36285930295868  3358
3.3630475945210936  3299
3.363235804483694  3396
3.3634239329171765  3275
3.3636119798921444  3449
3.3637999454791094  3149
3.3639878297484915  3319
3.3641756327706194  3238
3.3643633546157306  3311
3.364550995353972  3096
3.3647385550553985  3295
3.364926033789976  3326
3.3651134316275773  3355
3.3653007486379876  3459
3.3654879848909  3245
3.3656751404559175  3255
3.365862215402555  3191
3.3660492098002353  3368
3.366236123718293  3345
3.3664229572259727  3252
3.3666097103924297  3339
3.36679638328673  3395
3.3669829759778507  3275
3.367169488534681  3228
3.367355921026019  3285
3.3675422735205767  3221
3.3677285460869766  3352
3.3679147387937527  3225
3.3681008517093516  3275
3.368286884902131  3401
3.3684728384403617  3298
3.368658712392227  3282
3.3688445068258215  3196
3.3690302218091532  3227
3.369215857410143  3182
3.3694014136966244  3171
3.369586890736344  3226
3.369772288596963  3159
3.369957607346053  3156
3.370142847051102  3296
3.3703280077795106  3283
3.3705130895985924  3204
3.370698092575577  3300
3.370883016777606  3274
3.3710678622717363  3453
3.3712526291249394  3230
3.371437317404101  3331
3.3716219271760215  3387
3.371806458507416  3263
3.371990911464915  3334
3.372175286115064  3201
3.3723595825243238  3397
3.3725438007590705  3310
3.3727279408855955  3356
3.3729120029701067  3245
3.373095987078727  3184
3.373279893277496  3319
3.373463721632369  3433
3.3736474722092176  3261
3.3738311450738303  3224
3.3740147402919116  3173
3.374198257929083  3274
3.374381698050882  3317
3.374565060722765  3327
3.374748346010104  3216
3.3749315539781883  3354
3.375114684692225  3245
3.375297738217339  3351
3.3754807146185724  3212
3.3756636139608855  3370
3.375846436309156  3177
3.3760291817281805  3210
3.376211850282673  3224
3.3763944420372662  3355
3.376576957056512  3270
3.37675939540488  3314
3.3769417571467586  3377
3.377124042346456  3354
3.377306251068199  3369
3.3774883833761327  3216
3.377670439334323  3253
3.3778524190067545  3278
3.3780343224573315  3367
3.378216149749878  3383
3.3783979009481375  3195
3.378579576115775  3272
3.3787611753163733  3168
3.378942698613437  3290
3.379124146070392  3312
3.379305517750582  3366
3.3794868137172736  3219
3.379668034033654  3382
3.37984917876283  3284
3.380030247967831  3206
3.380211241711606  3151
3.3803921600570273  3370
3.3805730030668872  3230
3.3807537708039  3202
3.380934463330702  3296
3.3811150807098507  3204
3.381295623003826  3274
3.38147609027503  3292
3.381656482585787  3275
3.3818367999983434  3281
3.3820170425748683  3374
3.382197210377454  3209
3.3823773034681137  3217
3.3825573219087857  3180
3.3827372657613304  3305
3.382917135087531  3254
3.3830969299490943  3367
3.3832766504076504  3225
3.383456296524753  3291
3.3836358683618797  3286
3.383815365980431  3233
3.383994789441733  3330
3.3841741388070337  3326
3.384353414137506  3131
3.3845326154942486  3211
3.3847117429382823  3318
3.3848907965305544  3300
3.385069776331935  3327
3.38524868240322  3374
3.3854275148051305  3299
3.385606273598312  3275
3.3857849588433355  3244
3.385963570600697  3290
3.3861421089308186  3287
3.386320573894046  3190
3.386498965550653  3310
3.3866772839608377  3281
3.386855529184724  3220
3.387033701282363  3256
3.3872118003137306  3239
3.387389826338729  3312
3.387567779417189  3254
3.3877456596088638  3229
3.3879234669734366  3311
3.3881012015705165  3236
3.388278863459639  3263
3.3884564527002667  3268
3.388633969351789  3336
3.3888114134735234  3298
3.388988785124714  3255
3.3891660843645326  3246
3.389343311252078  3308
3.3895204658463776  3401
3.3896975482063856  3300
3.3898745583909853  3193
3.3900514964589874  3285
3.3902283624691303  3160
3.390405156480081  3315
3.390581878550435  3299
3.390758528738717  3206
3.3909351071033793  3360
3.3911116137028023  3435
3.3912880485952974  3257
3.3914644118391033  3263
3.3916407034923877  3251
3.391816923613249  3324
3.3919930722597127  3236
3.392169149489736  3407
3.392345155361204  3380
3.3925210899319325  3355
3.392696953259666  3300
3.3928727454020793  3262
3.3930484664167784  3393
3.3932241163612975  3231
3.393399695293102  3342
3.3935752032695876  3287
3.39375064034808  3208
3.3939260065858368  3246
3.3941013020400446  3345
3.3942765267678214  3230
3.3944516808262164  3250
3.394626764272209  3279
3.394801777162711  3324
3.394976719554564  3324
3.3951515915045425  3332
3.395326393069351  3321
3.395501124305626  3362
3.395675785269936  3216
3.3958503760187813  3254
3.3960248966085933  3346
3.3961993470957363  3271
3.3963737275365067  3306
3.396548037987132  3222
3.3967222785037734  3172
3.396896449142524  3235
3.397070549959409  3272
3.397244581010386  3292
3.397418542351348  3263
3.3975924340381165  3322
3.39776625612645  3308
3.3979400086720375  3354
3.3981136917305026  3208
3.398287305357401  3275
3.3984608496082234  3277
3.398634324538392  3272
3.3988077302032647  3098
3.398981066658131  3280
3.3991543339582164  3292
3.399327532158679  3183
3.3995006613146104  3378
3.399673721481038  3205
3.3998467127129226  3265
3.4000196350651586  3242
3.400192488592576  3231
3.400365273349939  3235
3.400537989391946  3337
3.400710636773231  3286
3.4008832155483626  3238
3.401055725771844  3196
3.401228167498113  3258
3.401400540781544  3271
3.401572845676446  3130
3.401745082237063  3203
3.4019172505175748  3272
3.402089350572097  3299
3.40226138245468  3264
3.402433346219312  3234
3.4026052419199146  3324
3.402777069610347  3238
3.4029488293444046  3402
3.403120521175818  3253
3.4032921451582543  3287
3.4034637013453173  3258
3.403635189790548  3212
3.4038066105474227  3192
3.403977963669355  3291
3.404149249209695  3342
3.404320467221731  3324
3.404491617758686  3233
3.4046627008737222  3310
3.404833716619938  3314
3.4050046650503694  3159
3.4051755462179893  3288
3.405346360175709  3319
3.4055171069763763  3253
3.4056877866727775  3342
3.4058583993176366  3291
3.406028944963615  3283
3.406199423663313  3297
3.4063698354692673  3223
3.406540180433955  3167
3.40671045860979  3379
3.4068806700491248  3220
3.40705081480425  3339
3.4072208929273966  3286
3.4073909044707316  3357
3.4075608494863627  3403
3.4077307280263356  3409
3.407900540142635  3359
3.4080702858871854  3212
3.4082399653118496  3313
3.40840957846843  3243
3.4085791254086675  3441
3.408748606184244  3273
3.4089180208467798  3263
3.409087369447835  3361
3.4092566520389096  3268
3.4094258686714434  3321
3.4095950193968156  3198
3.4097641042663462  3445
3.4099331233312946  3332
3.4101020766428607  3349
3.4102709642521845  3374
3.4104397862103464  3273
3.410608542568368  3283
3.41077723337721  3278
3.4109458586877746  3282
3.4111144185509046  3168
3.4112829130173843  3316
3.4114513421379375  3201
3.41161970596323  3280
3.411788004543869  3162
3.4119562379304016  3218
3.412124406173317  3319
3.4122925093230463  3305
3.412460547429961  3230
3.4126285205443754  3216
3.4127964287165433  3322
3.4129642719966626  3291
3.413132050434872  3204
3.413299764081252  3252
3.413467412985825  3245
3.413634997198556  3267
3.4138025167693513  3231
3.4139699717480614  3146
3.414137362184477  3180
3.4143046881283317  3323
3.4144719496293026  3200
3.414639146737009  3241
3.4148062795010126  3283
3.4149733479708178  3402
3.4151403521958725  3210
3.4153072922255676  3186
3.4154741681092355  3218
3.4156409798961542  3145
3.4158077276355434  3300
3.415974411376566  3257
3.416141031168329  3269
3.4163075870598827  3304
3.4164740791002206  3334
3.416640507338281  3149
3.4168068718229443  3186
3.4169731726030363  3254
3.4171394097273255  3245
3.4173055832445254  3287
3.417471693203293  3306
3.4176377396522297  3211
3.417803722639881  3269
3.417969642214737  3403
3.418135498425232  3335
3.4183012913197452  3186
3.4184670209466006  3256
3.4186326873540653  3312
3.4187982905903533  3172
3.4189638307036225  3226
3.4191293077419758  3295
3.4192947217534604  3387
3.4194600727860704  3249
3.419625360887743  3362
3.419790586106363  3189
3.419955748489758  3254
3.420120848085703  3251
3.4202858849419178  3229
3.4204508591060683  3351
3.420615770625765  3324
3.4207806195485655  3239
3.420945405921972  3330
3.4211101297934343  3318
3.4212747912103465  3285
3.4214393902200495  3226
3.4216039268698313  3332
3.421768401206924  3275
3.4219328132785085  3320
3.4220971631317103  3367
3.4222614508136027  3212
3.4224256763712044  3294
3.422589839851482  3239
3.422753941301348  3170
3.422917980767662  3268
3.423081958297231  3145
3.423245873936808  3227
3.4234097277330933  3280
3.4235735197327357  3313
3.423737249982329  3316
3.4239009185284166  3300
3.4240645254174877  3205
3.42422807069598  3210
3.4243915544102776  3286
3.4245549766067134  3331
3.424718337331567  3187
3.424881636631067  3190
3.425044874551389  3323
3.4252080511386565  3347
3.425371166438941  3238
3.4255342204982635  3166
3.425697213362591  3345
3.4258601450778405  3420
3.4260230156898763  3246
3.426185825244511  3282
3.4263485737875077  3405
3.4265112613645754  3222
3.426673888021373  3330
3.426836453803508  3282
3.426998958756537  3332
3.4271614029259654  3333
3.427323786357247  3337
3.4274861090957853  3277
3.4276483711869328  3269
3.42781057267599  3261
3.427972713608209  3288
3.428134794028789  3274
3.4282968139828798  3284
3.42845877351558  3232
3.428620672671939  3221
3.4287825114969546  3384
3.428944290035574  3275
3.4291060083326967  3124
3.4292676664331685  3313
3.429429264381788  3281
3.4295908022233017  3275
3.429752280002408  3291
3.4299136977637543  3371
3.430075055551939  3286
3.4302363534115106  3200
3.4303975913869666  3257
3.4305587695227575  3232
3.4307198878632823  3258
3.4308809464528913  3132
3.4310419453358856  3323
3.431202884556517  3237
3.4313637641589874  3373
3.431524584187451  3218
3.4316853446860116  3381
3.4318460456987254  3257
3.4320066872695985  3278
3.4321672694425884  3150
3.4323277922616042  3241
3.4324882557705063  3121
3.4326486600131068  3145
3.4328090050331683  3318
3.432969290874406  3399
3.4331295175804857  3352
3.433289685195026  3430
3.433449793761596  3199
3.433609843323718  3253
3.433769833924866  3221
3.433929765608464  3243
3.4340896384178907  3277
3.4342494523964757  3328
3.4344092075875  3215
3.4345689040341987  3326
3.4347285417797577  3284
3.434888120867316  3383
3.4350476413399647  3269
3.4352071032407476  3262
3.4353665066126613  3267
3.435525851498655  3320
3.43568513794163  3310
3.4358443659844413  3251
3.4360035356698964  3357
3.436162647040756  3356
3.4363217001397333  3205
3.436480695009495  3226
3.436639631692661  3323
3.4367985102318035  3250
3.4369573306694496  3262
3.4371160930480786  3254
3.4372747974101237  3252
3.437433443797971  3336
3.4375920322539613  3249
3.437750562820388  3383
3.4379090355394983  3308
3.438067450453494  3338
3.4382258076045296  3307
3.438384107034714  3208
3.4385423487861106  3231
3.4387005329007363  3280
3.438858659420562  3454
3.4390167283875126  3208
3.4391747398434687  3237
3.439332693830263  3412
3.4394905903896835  3347
3.4396484295634737  3409
3.4398062113933303  3362
3.439963935920905  3286
3.4401216031878037  3281
3.440279213235588  3307
3.4404367661057735  3444
3.440594261839831  3264
3.4407517004791854  3244
3.4409090820652177  3246
3.4410664066392633  3200
3.4412236742426123  3343
3.4413808849165113  3149
3.441538038702161  3238
3.441695135640717  3241
3.441852175773292  3331
3.442009159140952  3268
3.44216608578472  3282
3.4423229557455746  3299
3.4424797690644486  3397
3.442636525782232  3324
3.442793225939769  3267
3.4429498695778618  3199
3.443106456737266  3364
3.443262987458695  3267
3.4434194617828173  3213
3.4435758797502576  3270
3.4437322414015967  3270
3.443888546777372  3267
3.444044795918076  3224
3.4442009888641594  3301
3.4443571256560275  3234
3.444513206334043  3393
3.4446692309385245  3273
3.4448251995097476  3273
3.4449811120879446  3155
3.445136968713304  3332
3.4452927694259716  3153
3.44544851426605  3317
3.4456042032735974  3234
3.445759836488631  3235
3.4459154139511234  3223
3.446070935701005  3351
3.446226401778163  3286
3.446381812222442  3353
3.446537167073644  3347
3.4466924663715273  3234
3.446847710155809  3265
3.4470028984661623  3483
3.4471580313422194  3271
3.4473131088235682  3359
3.4474681309497557  3293
3.447623097760286  3310
3.447778009294621  3291
3.4479328655921804  3277
3.448087666692341  3214
3.448242412634439  3207
3.4483971034577676  3274
3.448551739201578  3255
3.44870631990508  3201
3.4488608456074408  3273
3.4490153163477864  3147
3.449169732165201  3334
3.449324093098727  3233
3.449478399187365  3314
3.4496326504700745  3311
3.4497868469857735  3280
3.4499409887733377  3158
3.4500950758716025  3174
3.450249108319361  3290
3.450403086155366  3234
3.450557009418329  3324
3.450710878146919  3171
3.450864692379766  3299
3.4510184521554574  3376
3.45117215751254  3239
3.4513258084895195  3289
3.4514794051248616  3232
3.4516329474569907  3229
3.45178643552429  3272
3.451939869365103  3226
3.4520932490177314  3300
3.452246574520437  3361
3.4523998459114416  3219
3.452553063228925  3365
3.452706226511029  3295
3.452859335795852  3264
3.4530123911214554  3197
3.4531653925258574  3300
3.4533183400470375  3319
3.453471233722936  3339
3.4536240735914507  3264
3.4537768596904423  3271
3.4539295920577286  3209
3.45408227073109  3351
3.4542348957482654  3218
3.454387467146955  3321
3.4545399849648186  3349
3.454692449239477  3348
3.45484486000851  3255
3.45499721730946  3407
3.4551495211798278  3368
3.4553017716570764  3181
3.4554539687786283  3342
3.455606112581867  3216
3.455758203104137  3221
3.455910240382743  3191
3.4560622244549513  3165
3.456214155357989  3258
3.456366033129043  3264
3.4565178578052627  3354
3.4566696294237578  3197
3.456821348021599  3345
3.456973013635818  3202
3.457124626303409  3279
3.4572761860613257  3232
3.4574276929464847  3363
3.4575791469957626  3367
3.4577305482459986  3216
3.4578818967339924  3260
3.458033192496506  3328
3.4581844355702627  3361
3.4583356259919475  3201
3.4584867637982066  3238
3.4586378490256493  3269
3.458788881710845  3291
3.458939861890326  3331
3.4590907896005865  3316
3.459241664878082  3383
3.459392487759231  3322
3.459543258280413  3327
3.4596939764779706  3260
3.459844642388208  3249
3.4599952560473914  3257
3.46014581749175  3195
3.4602963267574753  3281
3.4604467838807205  3141
3.4605971888976015  3304
3.460747541844197  3204
3.4608978427565478  3333
3.4610480916706576  3268
3.461198288622493  3235
3.461348433647983  3253
3.4614985267830187  3255
3.4616485680634552  3313
3.461798557525109  3284
3.461948495203762  3281
3.462098381135156  3227
3.4622482153549976  3191
3.462397997898956  3357
3.4625477288026643  3217
3.4626974081017172  3302
3.4628470358316736  3246
3.462996612028056  3307
3.4631461367263494  3367
3.4632956099620027  3371
3.4634450317704277  3308
3.463594402187  3222
3.463743721247059  3293
3.4638929889859074  3300
3.464042205438811  3273
3.4641913706409997  3238
3.4643404846276673  3226
3.4644895474339714  3234
3.464638559095033  3151
3.4647875196459372  3135
3.4649364291217326  3216
3.4650852875574327  3285
3.4652340949880145  3212
3.4653828514484184  3183
3.46553155697355  3270
3.465680211598278  3256
3.4658288153574364  3162
3.465977368285823  3208
3.466125870418199  3334
3.466274321789292  3153
3.466422722433792  3236
3.4665710723863543  3193
3.4667193716815987  3204
3.4668676203541096  3293
3.4670158184384356  3253
3.4671639659690903  3199
3.467312062980552  3295
3.4674601095072637  3181
3.467608105583633  3166
3.467756051244033  3135
3.4679039465228003  3233
3.4680517914542377  3177
3.4681995860726125  3123
3.4683473304121573  3088
3.468495024507069  3203
3.4686426683915115  3157
3.468790262099611  3207
3.4689378056654614  3175
3.4690852991231202  3034
3.469232742506612  3210
3.469380135849925  3176
3.469527479187014  3130
3.469674772551798  3078
3.469822015978163  3109
3.4699692094999595  3136
3.470116353151004  3099
3.4702634469650784  3140
3.470410490975931  3041
3.4705574852172743  3273
3.470704429722788  2998
3.4708513245261177  3075
3.4709981696608736  3096
3.471144965160633  3105
3.4712917110589387  3033
3.471438407389299  3008
3.47158505418519  2985
3.471731651480051  3029
3.4718781993072905  2989
3.4720246977002813  2812
3.472171146692363  2948
3.472317546316842  2854
3.4724638966069894  2880
3.472610197596045  2807
3.4727564493172123  2841
3.472902651803664  2817
3.4730488050885375  2841
3.473194909204938  2850
3.4733409641859354  2882
3.4734869700645685  2807
3.473632926873841  2616
3.473778834646725  2808
3.473924693416157  2766
3.4740705032150436  2703
3.4742162640762553  2648
3.4743619760326307  2645
3.474507639116976  2610
3.474653253362063  2604
3.474798818800631  2604
3.4749443354653877  2567
3.4750898033890065  2466
3.475235222604128  2580
3.475380593143361  2459
3.4755259150392805  2496
3.4756711883244296  2427
3.475816413031318  2397
3.4759615891924236  2413
3.4761067168401913  2394
3.4762517960070336  2258
3.4763968267253302  2299
3.4765418090274287  2267
3.476686742945645  2225
3.4768316285122607  2245
3.476976465759527  2129
3.4771212547196626  2131
3.477265995424853  2111
3.4774106879072515  2174
3.477555332198981  2018
3.4776999283321306  2050
3.4778444763387584  2034
3.4779889762508893  1957
3.4781334281005174  1952
3.4782778319196046  1973
3.4784221877400805  1895
3.4785664955938436  1873
3.4787107555127594  1806
3.478854967528663  1731
3.478999131673357  1761
3.479143247978613  1719
3.47928731647617  1696
3.4794313371977363  1605
3.4795753101749884  1583
3.479719235439571  1576
3.479863113023098  1490
3.4800069429571505  1446
3.4801507252732806  1378
3.4802944600030066  1394
3.480438147177817  1417
3.480581786829169  1351
3.4807253789884878  1324
3.4808689236871677  1310
3.481012420956573  1225
3.4811558708280352  1249
3.481299273332856  1220
3.481442628502305  1183
3.4815859363676225  1138
3.481729196960016  1095
3.4818724103106633  1048
3.4820155764507117  1057
3.482158695411276  1051
3.4823017672234426  990
3.4824447919182653  930
3.4825877695267677  911
3.482730700079943  896
3.482873583608754  832
3.483016420144132  812
3.4831592097169795  811
3.483301952358167  787
3.4834446480985353  749
3.4835872969688944  720
3.4837298990000236  710
3.4838724542226736  664
3.4840149626675627  651
3.484157424365381  596
3.484299839346786  605
3.484442207642407  541
3.484584529282843  542
3.4847268042986617  537
3.484869032720402  481
3.485011214578573  456
3.485153349903652  439
3.485295438726089  446
3.485437481076301  431
3.485579476984679  428
3.48572142648158  402
3.4858633295973345  391
3.486005186362242  377
3.4861469968065726  349
3.486288760960566  367
3.486430478854434  325
3.4865721505183562  294
3.4867137759824853  289
3.4868553552769432  268
3.4869968884318228  241
3.4871383754771865  238
3.4872798164430687  245
3.4874212113594742  232
3.4875625602563782  210
3.4877038631637265  178
3.4878451201114355  182
3.4879863311293935  185
3.4881274962474587  180
3.48826861549546  170
3.488409688903198  159
3.4885507165004443  146
3.4886916983169405  143
3.4888326343824003  122
3.488973524726508  124
3.4891143693789193  121
3.4892551683692603  111
3.4893959217271293  94
3.4895366294820955  77
3.4896772916636984  87
3.4898179083014504  99
3.4899584794248346  87
3.4900990050633047  85
3.4902394852462875  80
3.490379920003179  69
3.490520309363349  78
3.490660653356137  54
3.490800952010855  57
3.490941205356787  45
3.491081413423187  46
3.491221576239283  40
3.4913616938342726  47
3.4915017662373264  39
3.4916417934775863  32
3.491781775584166  37
3.491921712586151  28
3.492061604512599  25
3.49220145139254  25
3.4923412532549745  20
3.4924810101288766  16
3.492620722043192  20
3.4927603890268375  18
3.4929000111087034  18
3.4930395883176515  16
3.493179120682515  21
3.4933186082321015  21
3.4934580509951885  19
3.493597449000527  14
3.49373680227684  12
3.4938761108528227  14
3.4940153747571436  11
3.494154594018443  9
3.4942937686653326  9
3.494432898726399  7
3.4945719842301988  5
3.494711025205263  4
3.494850021680094  6
3.494988973683168  3
3.4951278812429334  1
3.4952667443878105  2
3.495405563146193  1
3.4955443375464483  2
3.4956830676169153  2
3.495821753385906  2
3.4959603948817053  1
3.496098992132571  2
3.496237545166735  2
3.496376054012401  3
3.496514518697745  1
3.496652939250918  1
3.4967913157000425  1
3.496929648073215  1
3.497067936398505  1
