0.3010299956639812  2284
0.47712125471966244  2378
0.6020599913279624  2331
0.6989700043360189  2357
0.7781512503836436  2337
0.8450980400142568  2307
0.9030899869919435  2327
0.9542425094393249  2312
1.0  2303
1.0413926851582251  2304
1.0791812460476249  2340
1.1139433523068367  2319
1.146128035678238  2309
1.1760912590556813  2304
1.2041199826559248  2295
1.2304489213782739  2267
1.255272505103306  2342
1.2787536009528289  2300
1.3010299956639813  2335
1.3222192947339193  2272
1.3424226808222062  2285
1.3617278360175928  2293
1.380211241711606  2349
1.3979400086720377  2331
1.414973347970818  2324
1.4313637641589874  2306
1.4471580313422192  2342
1.462397997898956  2332
1.4771212547196624  2331
1.4913616938342726  2295
1.505149978319906  2298
1.5185139398778875  2304
1.5314789170422551  2304
1.5440680443502757  2308
1.5563025007672873  2294
1.568201724066995  2324
1.5797835966168101  2286
1.591064607026499  2287
1.6020599913279623  2342
1.6127838567197355  2328
1.6232492903979006  2326
1.6334684555795864  2307
1.6434526764861874  2326
1.6532125137753437  2315
1.662757831681574  2315
1.6720978579357175  2347
1.6812412373755872  2297
1.6901960800285136  2300
1.6989700043360187  2287
1.7075701760979363  2295
1.7160033436347992  2336
1.724275869600789  2301
1.7323937598229686  2308
1.7403626894942439  2279
1.7481880270062005  2317
1.7558748556724915  2339
1.7634279935629373  2318
1.7708520116421442  2325
1.7781512503836436  2311
1.7853298350107671  2313
1.792391689498254  2262
1.7993405494535817  2265
1.806179973983887  2315
1.8129133566428555  2293
1.8195439355418688  2308
1.8260748027008264  2277
1.8325089127062364  2293
1.8388490907372552  2322
1.845098040014257  2296
1.8512583487190752  2312
1.8573324964312685  2336
1.863322860120456  2350
1.8692317197309762  2344
1.8750612633917  2311
1.8808135922807914  2314
1.8864907251724818  2299
1.8920946026904804  2340
1.8976270912904414  2311
1.9030899869919435  2313
1.9084850188786497  2335
1.9138138523837167  2327
1.919078092376074  2340
1.9242792860618816  2323
1.9294189257142926  2293
1.9344984512435677  2277
1.9395192526186185  2315
1.9444826721501687  2312
1.9493900066449128  2362
1.954242509439325  2319
1.9590413923210936  2301
1.9637878273455553  2286
1.968482948553935  2313
1.9731278535996986  2282
1.9777236052888478  2303
1.9822712330395684  2325
1.9867717342662448  2298
1.9912260756924949  2296
1.99563519459755  2324
2.0  2344
2.0043213737826426  2304
2.0086001717619175  2329
2.012837224705172  2308
2.0170333392987803  2329
2.0211892990699383  2316
2.0253058652647704  2295
2.0293837776852097  2290
2.03342375548695  2323
2.037426497940624  2310
2.041392685158225  2284
2.0453229787866576  2286
2.0492180226701815  2331
2.0530784434834195  2355
2.0569048513364727  2287
2.060697840353612  2289
2.0644579892269186  2319
2.0681858617461617  2294
2.0718820073061255  2332
2.0755469613925306  2290
2.0791812460476247  2321
2.0827853703164503  2319
2.0863598306747484  2329
2.089905111439398  2336
2.093421685162235  2329
2.0969100130080562  2309
2.100370545117563  2289
2.103803720955957  2313
2.1072099696478683  2311
2.110589710299249  2287
2.113943352306837  2308
2.1172712956557644  2317
2.12057393120585  2315
2.123851640967086  2291
2.1271047983648077  2327
2.130333768495006  2280
2.1335389083702174  2305
2.1367205671564067  2309
2.1398790864012365  2285
2.143014800254095  2308
2.146128035678238  2306
2.1492191126553797  2289
2.1522883443830563  2316
2.155336037465062  2320
2.1583624920952498  2327
2.161368002234975  2305
2.164352855784437  2302
2.167317334748176  2308
2.1702617153949575  2293
2.173186268412274  2323
2.1760912590556813  2323
2.1789769472931693  2331
2.1818435879447726  2278
2.184691430817599  2309
2.187520720836463  2343
2.1903316981702914  2297
2.1931245983544616  2261
2.1958996524092336  2322
2.1986570869544226  2278
2.2013971243204513  2278
2.2041199826559246  2317
2.2068258760318495  2316
2.2095150145426308  2298
2.2121876044039577  2322
2.214843848047698  2326
2.2174839442139063  2309
2.220108088040055  2356
2.2227164711475833  2330
2.225309281725863  2310
2.2278867046136734  2290
2.230448921378274  2314
2.2329961103921536  2293
2.2355284469075487  2319
2.2380461031287955  2308
2.2405492482826  2293
2.2430380486862944  2296
2.24551266781415  2317
2.247973266361807  2314
2.250420002308894  2296
2.2528530309798933  2303
2.255272505103306  2319
2.2576785748691846  2300
2.2600713879850747  2297
2.2624510897304293  2290
2.2648178230095364  2304
2.2671717284030137  2341
2.2695129442179165  2289
2.271841606536499  2333
2.27415784926368  2311
2.2764618041732443  2331
2.278753600952829  2299
2.2810333672477277  2314
2.2833012287035497  2330
2.285557309007774  2305
2.287801729930226  2314
2.290034611362518  2337
2.292256071356476  2351
2.294466226161593  2375
2.296665190261531  2297
2.298853076409707  2312
2.3010299956639813  2330
2.303196057420489  2359
2.305351369446624  2283
2.307496037913213  2308
2.3096301674258988  2343
2.311753861055754  2343
2.3138672203691533  2318
2.315970345456918  2305
2.3180633349627615  2317
2.3201462861110542  2313
2.322219294733919  2333
2.3242824552976926  2311
2.326335860928751  2328
2.3283796034387376  2300
2.330413773349191  2302
2.3324384599156054  2307
2.3344537511509307  2332
2.3364597338485296  2317
2.3384564936046046  2318
2.3404441148401185  2311
2.342422680822206  2301
2.3443922736851106  2342
2.346352974450639  2294
2.3483048630481607  2312
2.3502480183341627  2295
2.3521825181113627  2294
2.3541084391474008  2293
2.3560258571931225  2345
2.357934847000454  2315
2.359835482339888  2293
2.361727836017593  2314
2.3636119798921444  2353
2.3654879848909  2342
2.367355921026019  2341
2.369215857410143  2361
2.3710678622717363  2312
2.3729120029701067  2299
2.374748346010104  2302
2.376576957056512  2307
2.3783979009481375  2319
2.380211241711606  2320
2.3820170425748683  2321
2.383815365980431  2304
2.385606273598312  2307
2.387389826338729  2327
2.3891660843645326  2280
2.3909351071033793  2284
2.392696953259666  2268
2.3944516808262164  2331
2.3961993470957363  2322
2.3979400086720375  2311
2.399673721481038  2325
2.401400540781544  2303
2.403120521175818  2340
2.404833716619938  2317
2.406540180433955  2335
2.4082399653118496  2306
2.4099331233312946  2332
2.41161970596323  2285
2.413299764081252  2310
2.4149733479708178  2275
2.416640507338281  2306
2.4183012913197452  2333
2.419955748489758  2314
2.4216039268698313  2280
2.423245873936808  2358
2.424881636631067  2324
2.4265112613645754  2344
2.428134794028789  2283
2.429752280002408  2287
2.4313637641589874  2311
2.432969290874406  2308
2.4345689040341987  2309
2.436162647040756  2324
2.437750562820388  2316
2.439332693830263  2350
2.4409090820652177  2322
2.4424797690644486  2341
2.444044795918076  2302
2.4456042032735974  2314
2.4471580313422194  2316
2.44870631990508  2314
2.450249108319361  2306
2.45178643552429  2292
2.4533183400470375  2295
2.45484486000851  2265
2.456366033129043  2269
2.4578818967339924  2291
2.459392487759231  2307
2.4608978427565478  2320
2.462397997898956  2333
2.4638929889859074  2325
2.4653828514484184  2274
2.4668676203541096  2307
2.4683473304121573  2315
2.469822015978163  2332
2.4712917110589387  2308
2.4727564493172123  2349
2.4742162640762553  2327
2.4756711883244296  2285
2.4771212547196626  2341
2.4785664955938436  2304
2.4800069429571505  2292
2.481442628502305  2307
2.482873583608754  2299
2.484299839346786  2354
2.48572142648158  2295
2.4871383754771865  2309
2.4885507165004443  2305
2.4899584794248346  2293
2.4913616938342726  2320
2.4927603890268375  2330
2.494154594018443  2329
2.4955443375464483  2298
2.496929648073215  2345
2.4983105537896004  2291
2.499687082618404  2316
2.5010592622177517  2310
2.5024271199844326  2312
2.503790683057181  2284
2.505149978319906  2308
2.506505032404872  2307
2.507855871695831  2335
2.509202522331103  2366
2.510545010206612  2294
2.5118833609788744  2304
2.513217600067939  2309
2.514547752660286  2329
2.515873843711679  2298
2.5171958979499744  2360
2.5185139398778875  2289
2.519827993775719  2316
2.5211380837040362  2320
2.5224442335063197  2361
2.5237464668115646  2277
2.525044807036845  2299
2.526339277389844  2291
2.5276299008713385  2270
2.5289167002776547  2350
2.530199698203082  2301
2.531478917042255  2317
2.5327543789924976  2289
2.534026106056135  2288
2.5352941200427703  2296
2.53655844257153  2294
2.537819095073274  2336
2.5390760987927767  2290
2.5403294747908736  2334
2.5415792439465807  2315
2.5428254269591797  2294
2.5440680443502757  2329
2.545307116465824  2321
2.546542663478131  2308
2.5477747053878224  2313
2.5490032620257876  2318
2.550228353055094  2309
2.5514499979728753  2303
2.552668216112193  2304
2.5538830266438746  2291
2.5550944485783194  2301
2.5563025007672873  2303
2.5575072019056577  2303
2.558708570533166  2349
2.5599066250361124  2320
2.561101383649056  2332
2.5622928644564746  2286
2.5634810853944106  2269
2.5646660642520893  2309
2.5658478186735176  2261
2.56702636615906  2325
2.568201724066995  2294
2.569373909615046  2323
2.5705429398818973  2282
2.571708831808688  2291
2.5728716022004803  2318
2.574031267727719  2283
2.575187844927661  2333
2.576341350205793  2317
2.5774917998372255  2316
2.578639209968072  2293
2.57978359661681  2300
2.5809249756756194  2358
2.582063362911709  2309
2.583198773968623  2306
2.584331224367531  2302
2.5854607295085006  2295
2.586587304671755  2275
2.5877109650189114  2337
2.5888317255942073  2321
2.5899496013257077  2285
2.591064607026499  2334
2.5921767573958667  2319
2.593286067020457  2324
2.5943925503754266  2312
2.595496221825574  2280
2.59659709562646  2322
2.597695185925512  2316
2.598790506763115  2313
2.5998830720736876  2306
2.6009728956867484  2331
2.6020599913279625  2289
2.603144372620182  2351
2.60422605308447  2301
2.6053050461411096  2348
2.606381365110605  2316
2.6074550232146687  2309
2.6085260335771943  2322
2.60959440922522  2298
2.61066016308988  2300
2.611723308007342  2307
2.6127838567197355  2299
2.6138418218760693  2307
2.6148972160331345  2330
2.615950051656401  2310
2.617000341120899  2330
2.6180480967120925  2323
2.6190933306267428  2268
2.6201360549737576  2337
2.621176281775035  2289
2.622214022966295  2299
2.6232492903979003  2353
2.6242820958356683  2302
2.625312450961674  2263
2.6263403673750423  2305
2.6273658565927325  2341
2.6283889300503116  2290
2.629409599102719  2321
2.630427875025024  2307
2.6314437690131722  2302
2.6324572921847245  2288
2.6334684555795866  2286
2.6344772701607315  2277
2.635483746814912  2290
2.6364878963533656  2270
2.637489729512511  2301
2.6384892569546374  2318
2.639486489268586  2320
2.640481436970422  2304
2.6414741105040997  2348
2.6424645202421213  2367
2.6434526764861874  2349
2.6444385894678386  2298
2.645422269349092  2345
2.6464037262230695  2293
2.6473829701146196  2326
2.6483600109809315  2297
2.649334858712142  2319
2.6503075231319366  2329
2.651278013998144  2280
2.6522463410033232  2335
2.6532125137753435  2319
2.6541765418779604  2301
2.655138434811382  2332
2.656098202012832  2329
2.6570558528571038  2363
2.6580113966571126  2305
2.658964842664435  2314
2.6599162000698504  2311
2.660865478003869  2290
2.661812685537261  2333
2.662757831681574  2310
2.663700925389648  2288
2.6646419755561257  2301
2.6655809910179533  2280
2.6665179805548807  2325
2.667452952889954  2293
2.66838591669  2319
2.6693168805661123  2346
2.670245853074124  2322
2.6711728427150834  2274
2.6720978579357175  2305
2.673020907128896  2269
2.673941998634088  2317
2.6748611407378116  2286
2.6757783416740852  2329
2.6766936096248664  2308
2.677606952720493  2290
2.678518379040114  2284
2.6794278966121188  2295
2.680335513414563  2294
2.681241237375587  2320
2.682145076373832  2311
2.6830470382388496  2288
2.683947130751512  2290
2.6848453616444123  2307
2.6857417386022635  2344
2.6866362692622934  2335
2.6875289612146345  2325
2.6884198220027105  2291
2.6893088591236203  2303
2.690196080028514  2291
2.6910814921229687  2292
2.69196510276736  2324
2.69284691927723  2308
2.693726948923647  2320
2.694605198933569  2307
2.6954816764901977  2320
2.696356388733332  2275
2.6972293427597176  2297
2.6981005456233897  2312
2.6989700043360187  2291
2.699837725867246  2306
2.7007037171450192  2332
2.7015679850559273  2285
2.7024305364455254  2314
2.7032913781186614  2305
2.7041505168397992  2285
2.705007959333336  2285
2.7058637122839193  2248
2.7067177823367587  2306
2.7075701760979363  2313
2.708420900134713  2317
2.709269960975831  2354
2.7101173651118162  2298
2.710963118995276  2306
2.711807229041191  2320
2.7126497016272113  2381
2.7134905430939424  2333
2.714329759745233  2299
2.7151673578484576  2296
2.716003343634799  2311
2.7168377232995247  2318
2.717670503002262  2283
2.718501688867274  2321
2.7193312869837265  2307
2.720159303405957  2296
2.7209857441537393  2299
2.7218106152125467  2306
2.722633922533812  2314
2.7234556720351857  2297
2.724275869600789  2331
2.725094521081469  2286
2.7259116322950483  2323
2.7267272090265724  2331
2.727541257028556  2288
2.7283537820212285  2320
2.72916478969277  2286
2.7299742856995555  2274
2.7307822756663893  2352
2.7315887651867388  2309
2.7323937598229686  2291
2.7331972651065692  2327
2.733999286538387  2345
2.734799829588847  2307
2.73559889969818  2310
2.7363965022766426  2306
2.7371926427047373  2313
2.737987326333431  2299
2.738780558484369  2315
2.739572344450092  2312
2.7403626894942437  2320
2.741151598851785  2298
2.741939077729199  2312
2.7427251313046983  2283
2.74350976472843  2310
2.7442929831226763  2319
2.7450747915820575  2296
2.745855195173729  2331
2.7466341989375787  2354
2.747411807886423  2320
2.7481880270062002  2275
2.7489628612561616  2331
2.749736315569061  2291
2.7505083948513462  2319
2.751279103983342  2300
2.7520484478194387  2332
2.7528164311882715  2298
2.7535830588929064  2284
2.754348335711019  2287
2.7551122663950713  2302
2.7558748556724915  2320
2.756636108245848  2343
2.7573960287930244  2301
2.75815462196739  2328
2.7589118923979736  2303
2.7596678446896306  2320
2.760422483423212  2328
2.7611758131557314  2328
2.761927838420529  2300
2.762678563727436  2288
2.7634279935629373  2281
2.7641761323903307  2287
2.7649229846498886  2294
2.765668554759014  2316
2.7664128471123997  2343
2.7671558660821804  2291
2.767897616018091  2331
2.7686381012476144  2302
2.7693773260761385  2310
2.7701152947871015  2339
2.7708520116421442  2320
2.7715874808812555  2317
2.77232170672292  2344
2.7730546933642626  2334
2.7737864449811935  2336
2.7745169657285498  2349
2.7752462597402365  2312
2.775974331129369  2300
2.776701183988411  2271
2.7774268223893115  2331
2.7781512503836434  2306
2.7788744720027396  2296
2.7795964912578244  2292
2.780317312140151  2280
2.7810369386211318  2325
2.781755374652469  2304
2.782472624166286  2300
2.7831886910752575  2373
2.783903579272735  2297
2.784617292632875  2322
2.785329835010767  2339
2.786041210242554  2314
2.7867514221455614  2325
2.787460474518415  2330
2.788168371141168  2325
2.788875115775417  2310
2.7895807121644256  2338
2.7902851640332416  2328
2.790988475088816  2313
2.791690649020118  2323
2.792391689498254  2323
2.79309160017658  2328
2.7937903846908188  2297
2.7944880466591697  2349
2.795184589682424  2321
2.7958800173440754  2305
2.7965743332104296  2302
2.7972675408307164  2306
2.797959643737196  2305
2.798650645445269  2323
2.7993405494535817  2283
2.8000293592441343  2281
2.800717078282385  2292
2.801403710017355  2320
2.802089257881733  2310
2.8027737252919755  2356
2.803457115648414  2338
2.8041394323353503  2355
2.8048206787211623  2311
2.8055008581584002  2311
2.806179973983887  2303
2.8068580295188172  2278
2.807535028068853  2310
2.808210972924222  2299
2.808885867359812  2309
2.8095597146352675  2300
2.8102325179950842  2286
2.8109042806687006  2337
2.8115750058705933  2369
2.812244696800369  2325
2.8129133566428557  2320
2.813580988568192  2299
2.81424759573192  2313
2.814913181275074  2293
2.815577748324267  2305
2.816241299991783  2326
2.8169038393756605  2294
2.8175653695597807  2323
2.8182258936139557  2284
2.8188854145940097  2294
2.8195439355418688  2292
2.82020145948564  2341
2.8208579894397  2346
2.821513528404773  2294
2.8221680793680175  2311
2.8228216453031045  2316
2.823474229170301  2319
2.824125833916549  2303
2.824776462475546  2321
2.8254261177678233  2292
2.8260748027008264  2316
2.826722520168992  2327
2.8273692730538253  2318
2.828015064223977  2318
2.82865989653532  2335
2.829303772831025  2304
2.829946695941636  2306
2.8305886686851442  2288
2.8312296938670634  2309
2.8318697742805017  2334
2.832508912706236  2276
2.833147111912785  2290
2.833784374656479  2278
2.8344207036815328  2303
2.835056101720116  2348
2.8356905714924254  2301
2.8363241157067516  2316
2.8369567370595505  2331
2.837588438235511  2317
2.8382192219076257  2284
2.838849090737255  2343
2.8394780473741985  2321
2.840106094456758  2327
2.8407332346118066  2292
2.841359470454855  2327
2.8419848045901137  2287
2.842609239610562  2326
2.8432327780980096  2327
2.843855422623161  2261
2.8444771757456815  2348
2.845098040014257  2307
2.8457180179666586  2375
2.846337112129805  2323
2.846955325019824  2309
2.847572659142112  2314
2.848189116991399  2304
2.8488047010518036  2332
2.8494194137968996  2299
2.850033257689769  2311
2.8506462351830666  2330
2.8512583487190755  2320
2.851869600729766  2307
2.8524799936368566  2290
2.8530895298518657  2321
2.8536982117761744  2261
2.8543060418010806  2320
2.8549130223078554  2332
2.8555191556678  2292
2.8561244442423  2326
2.8567288903828825  2327
2.8573324964312685  2345
2.857935264719429  2346
2.858537197569639  2323
2.859138297294531  2353
2.859738566197147  2308
2.8603380065709936  2316
2.8609366207000937  2319
2.8615344108590377  2254
2.862131379313037  2314
2.8627275283179747  2348
2.863322860120456  2294
2.8639173769578603  2330
2.864511081058392  2311
2.8651039746411278  2295
2.8656960599160706  2352
2.8662873390841948  2289
2.866877814337499  2289
2.8674674878590514  2275
2.8680563618230415  2303
2.8686444383948255  2335
2.8692317197309762  2347
2.869818207979328  2290
2.870403905279027  2285
2.8709888137605755  2307
2.8715729355458786  2311
2.8721562727482928  2332
2.8727388274726686  2309
2.873320601815399  2357
2.8739015978644615  2343
2.8744818176994666  2328
2.8750612633917  2333
2.8756399370041685  2274
2.876217840591642  2330
2.8767949762007006  2290
2.877371345869774  2335
2.8779469516291885  2301
2.8785217955012063  2293
2.8790958795000727  2342
2.8796692056320534  2343
2.88024177589548  2295
2.8808135922807914  2270
2.8813846567705728  2295
2.8819549713396007  2297
2.8825245379548803  2307
2.8830933585756897  2309
2.8836614351536176  2313
2.884228769632604  2288
2.884795363948981  2292
2.885361220031512  2287
2.885926339801431  2314
2.886490725172482  2329
2.8870543780509568  2317
2.887617300335736  2310
2.888179493918325  2300
2.8887409606828927  2355
2.88930170250631  2301
2.8898617212581885  2316
2.890421018800914  2363
2.890979596989689  2287
2.8915374576725643  2300
2.8920946026904804  2284
2.8926510338773004  2306
2.893206753059848  2322
2.8937617620579434  2321
2.8943160626844384  2317
2.8948696567452528  2301
2.895422546039408  2274
2.8959747323590648  2298
2.8965262174895554  2293
2.89707700320942  2321
2.8976270912904414  2334
2.8981764834976764  2296
2.8987251815894934  2322
2.8992731873176036  2310
2.8998205024270964  2351
2.9003671286564705  2276
2.900913067737669  2323
2.9014583213961123  2301
2.9020028913507296  2296
2.902546779313991  2269
2.9030899869919438  2312
2.9036325160842376  2305
2.9041743682841634  2304
2.904715545278681  2304
2.905256048748451  2291
2.9057958803678687  2317
2.906335041805091  2315
2.90687353472207  2285
2.907411360774586  2337
2.9079485216122722  2324
2.90848501887865  2351
2.909020854211156  2312
2.9095560292411755  2301
2.910090545594068  2277
2.910624404889201  2345
2.9111576087399764  2312
2.9116901587538613  2257
2.9122220565324155  2307
2.912753303671323  2331
2.9132839017604186  2302
2.9138138523837167  2304
2.9143431571194407  2300
2.9148718175400505  2334
2.91539983521227  2338
2.9159272116971158  2363
2.916453948549925  2291
2.9169800473203824  2307
2.9175055095525466  2315
2.9180303367848803  2332
2.9185545305502734  2308
2.9190780923760737  2280
2.919601023784111  2301
2.920123326290724  2321
2.9206450014067875  2318
2.921166050637739  2286
2.921686475483602  2282
2.9222062774390163  2317
2.92272545799326  2317
2.9232440186302764  2314
2.9237619608287004  2336
2.9242792860618816  2290
2.924795995797912  2293
2.9253120914996495  2300
2.9258275746247424  2320
2.926342446625655  2316
2.926856708949692  2332
2.9273703630390235  2285
2.9278834103307068  2294
2.9283958522567137  2310
2.928907690243953  2288
2.929418925714293  2336
2.929929560084588  2298
2.9304395947667  2308
2.930949031167523  2356
2.931457870689005  2306
2.931966114728173  2338
2.932473764677153  2340
2.932980821923198  2283
2.9334872878487053  2330
2.9339931638312424  2314
2.934498451243568  2299
2.935003151453655  2304
2.9355072658247128  2303
2.9360107957152097  2283
2.936513742478893  2300
2.9370161074648142  2291
2.937517892017347  2300
2.9380190974762104  2302
2.938519725176492  2308
2.9390197764486663  2298
2.9395192526186187  2318
2.9400181550076634  2317
2.940516484932567  2315
2.9410142437055695  2301
2.941511432634403  2309
2.942008053022313  2301
2.9425041061680806  2344
2.9429995933660407  2308
2.9434945159061026  2292
2.9439888750737717  2294
2.9444826721501687  2322
2.9449759084120477  2336
2.94546858513182  2303
2.9459607035775686  2340
2.946452265013073  2296
2.9469432706978256  2285
2.9474337218870508  2359
2.9479236198317262  2310
2.948412965778601  2289
2.9489017609702137  2292
2.949390006644913  2291
2.949877704036875  2306
2.950364854376123  2291
2.9508514588885464  2278
2.951337518795918  2325
2.951823035315912  2318
2.9523080096621253  2306
2.952792443044092  2298
2.9532763366673045  2307
2.9537596917332287  2313
2.9542425094393248  2322
2.954724790979063  2324
2.9552065375419416  2347
2.9556877503135057  2289
2.9561684304753633  2323
2.9566485792052033  2308
2.957128197676813  2331
2.957607287060095  2338
2.958085848521085  2281
2.9585638832219674  2333
2.9590413923210934  2316
2.9595183769729982  2273
2.959994838328416  2302
2.960470777534299  2294
2.960946195733831  2299
2.9614210940664485  2313
2.9618954736678504  2287
2.962369335670021  2307
2.9628426812012423  2314
2.9633155113861114  2308
2.963787827345555  2325
2.964259630196849  2371
2.9647309210536292  2323
2.965201701025912  2300
2.9656719712201065  2286
2.9661417327390325  2293
2.966610986681934  2295
2.967079734144497  2325
2.967547976218862  2310
2.968015713993642  2299
2.9684829485539352  2307
2.9689496809813427  2304
2.9694159123539814  2289
2.9698816437465  2346
2.9703468762300935  2276
2.9708116108725178  2320
2.971275848738105  2315
2.971739590887778  2282
2.9722028383790646  2341
2.972665592266111  2365
2.9731278535996988  2276
2.973589623427257  2293
2.9740509027928774  2334
2.9745116927373285  2344
2.974971994298069  2286
2.975431808509263  2285
2.975891136401793  2283
2.9763499790032735  2290
2.976808337338066  2296
2.977266212427293  2290
2.9777236052888476  2309
2.978180516937414  2309
2.9786369483844743  2312
2.979092900638326  2280
2.979548374704095  2283
2.9800033715837464  2315
2.9804578922761  2323
2.9809119377768436  2296
2.9813655090785445  2330
2.9818186071706636  2288
2.9822712330395684  2317
2.9827233876685453  2309
2.983175072037813  2310
2.9836262871245345  2294
2.984077033902831  2265
2.9845273133437926  2327
2.9849771264154934  2312
2.9854264740830017  2311
2.9858753573083936  2291
2.986323777050765  2326
2.9867717342662448  2314
2.9872192299080047  2357
2.9876662649262746  2310
2.988112840268352  2301
2.9885589568786157  2303
2.989004615698537  2314
2.9894498176666917  2334
2.989894563718773  2300
2.9903388547876015  2268
2.9907826918031377  2313
2.9912260756924947  2283
2.9916690073799486  2346
2.9921114877869495  2326
2.9925535178321354  2307
2.9929950984313414  2333
2.9934362304976116  2332
2.993876914941211  2318
2.9943171526696366  2338
2.9947569445876283  2330
2.9951962915971793  2309
2.99563519459755  2342
2.9960736544852753  2289
2.9965116721541785  2338
2.996949248495381  2302
2.997386384397313  2287
2.9978230807457256  2320
2.998259338423699  2301
2.998695158311656  2304
2.999130541287371  2309
2.9995654882259823  2288
3.0  2323
3.000434077479319  2288
3.0008677215312267  2304
3.0013009330204183  2298
3.0017337128090005  2301
3.002166061756508  2309
3.0025979807199086  2323
3.003029470553618  2294
3.0034605321095067  2335
3.0038911662369103  2323
3.0043213737826426  2322
3.004751155591001  2298
3.0051805125037805  2308
3.0056094453602804  2298
3.0060379549973173  2311
3.0064660422492318  2326
3.0068937079479006  2366
3.0073209529227447  2313
3.00774777800074  2315
3.0081741840064264  2311
3.0086001717619175  2295
3.0090257420869104  2335
3.009450895798694  2322
3.00987563371216  2294
3.010299956639812  2298
3.010723865391773  2326
3.0111473607757975  2315
3.0115704435972783  2290
3.011993114659257  2303
3.012415374762433  2296
3.012837224705172  2316
3.0132586652835167  2311
3.0136796972911926  2282
3.0141003215196207  2318
3.0145205387579237  2316
3.0149403497929366  2337
3.0153597554092144  2298
3.015778756389041  2275
3.016197353512439  2305
3.016615547557177  2310
3.0170333392987803  2303
3.017450729510536  2289
3.0178677189635055  2331
3.018284308426531  2304
3.0187004986662433  2340
3.019116290447073  2307
3.0195316845312554  2317
3.0199466816788423  2302
3.0203612826477078  2295
3.020775488193558  2303
3.0211892990699383  2289
3.021602716028242  2346
3.02201573981772  2313
3.0224283711854865  2302
3.022840610876528  2299
3.0232524596337114  2337
3.0236639181977933  2284
3.024074987307426  2292
3.024485667699167  2306
3.024895960107485  2313
3.0253058652647704  2304
3.025715383901341  2333
3.0261245167454502  2303
3.0265332645232967  2313
3.0269416279590295  2319
3.0273496077747564  2353
3.0277572046905536  2325
3.0281644194244697  2307
3.0285712526925375  2310
3.028977705208778  2297
3.0293837776852097  2330
3.029789470831856  2323
3.030194785356751  2294
3.030599721965951  2321
3.0310042813635367  2310
3.031408464251624  2329
3.0318122713303706  2327
3.0322157032979815  2320
3.03261876085072  2273
3.0330214446829107  2295
3.03342375548695  2298
3.03382569395331  2320
3.0342272607705505  2321
3.0346284566253203  2299
3.0350292822023683  2268
3.0354297381845483  2314
3.035829825252828  2315
3.0362295440862948  2307
3.036628895362161  2312
3.037027879755775  2339
3.037426497940624  2319
3.037824750588342  2330
3.0382226383687185  2292
3.038620161949703  2313
3.039017321997412  2320
3.0394141191761372  2310
3.0398105541483504  2285
3.0402066275747113  2350
3.040602340114073  2308
3.0409976924234905  2344
3.041392685158225  2319
3.041787318971752  2277
3.042181594515766  2319
3.0425755124401905  2360
3.0429690733931802  2323
3.0433622780211294  2301
3.0437551269686796  2303
3.044147620878723  2301
3.044539760392411  2310
3.04493154614916  2315
3.0453229787866576  2316
3.0457140589408676  2286
3.0461047872460387  2292
3.0464951643347082  2320
3.04688519083771  2300
3.0472748673841794  2347
3.04766419460156  2345
3.048053173115609  2300
3.0484418035504044  2357
3.04883008652835  2284
3.0492180226701815  2301
3.049605612594973  2316
3.0499928569201424  2320
3.050379756261458  2334
3.0507663112330423  2292
3.0511525224473814  2319
3.0515383905153275  2309
3.0519239160461065  2328
3.0523090996473234  2287
3.052693941924968  2312
3.0530784434834195  2285
3.053462604925455  2325
3.0538464268522527  2295
3.0542299098633974  2312
3.0546130545568877  2328
3.0549958615291417  2286
3.055378331375  2294
3.0557604646877348  2326
3.056142262059052  2270
3.0565237240791006  2322
3.0569048513364727  2345
3.0572856444182146  2332
3.0576661039098294  2358
3.0580462303952816  2309
3.058426024457005  2295
3.0588054866759067  2329
3.059184617631371  2318
3.0595634179012676  2311
3.059941888061955  2316
3.060320028688285  2318
3.060697840353612  2330
3.0610753236297916  2284
3.061452479087193  2327
3.061829307294699  2291
3.0622058088197126  2276
3.062581984228163  2299
3.0629578340845103  2311
3.0633333589517497  2322
3.0637085593914173  2310
3.064083435963596  2319
3.0644579892269186  2319
3.064832219738574  2315
3.065206128054312  2300
3.0655797147284485  2310
3.06595298031387  2294
3.0663259253620376  2325
3.0666985504229953  2291
3.0670708560453703  2289
3.0674428427763805  2318
3.0678145111618402  2328
3.0681858617461617  2318
3.068556895072363  2295
3.068927611682072  2298
3.0692980121155293  2327
3.0696680969115957  2296
3.070037866607755  2282
3.0704073217401198  2275
3.0707764628434346  2267
3.0711452904510828  2325
3.071513805095089  2318
3.0718820073061255  2310
3.072249897613515  2324
3.0726174765452368  2276
3.0729847446279304  2278
3.073351702386901  2327
3.0737183503461227  2341
3.074084689028244  2312
3.074450718954591  2262
3.074816440645175  2318
3.0751818546186915  2341
3.0755469613925306  2309
3.0759117614827773  2320
3.076276255404218  2329
3.076640443670342  2314
3.0770043267933502  2322
3.0773679052841563  2271
3.077731179652392  2311
3.0780941504064105  2289
3.0784568180532927  2320
3.0788191830988487  2305
3.0791812460476247  2307
3.079543007402906  2334
3.079904467666721  2333
3.0802656273398448  2302
3.0806264869218056  2315
3.080987046910887  2330
3.0813473078041325  2303
3.081707270097349  2337
3.082066934285113  2276
3.0824263008607717  2319
3.0827853703164503  2314
3.0831441431430524  2293
3.0835026198302673  2352
3.083860800866573  2307
3.0842186867392387  2317
3.084576277934331  2270
3.084933574936716  2316
3.085290578230065  2317
3.0856472882968564  2297
3.0860037056183818  2309
3.0863598306747484  2274
3.0867156639448825  2343
3.0870712059065353  2273
3.0874264570362855  2292
3.087781417809542  2338
3.0881360887005513  2330
3.0884904701823963  2324
3.088844562727004  2299
3.089198366805149  2300
3.089551882886454  2286
3.089905111439398  2302
3.090258052931316  2311
3.090610707828407  2326
3.0909630765957314  2301
3.091315159697223  2319
3.0916669575956846  2346
3.092018470752797  2316
3.0923696996291206  2340
3.0927206446840994  2354
3.0930713063760633  2320
3.093421685162235  2305
3.09377178149873  2301
3.0941215958405612  2305
3.094471128641645  2348
3.0948203803548  2306
3.095169351431755  2338
3.095518042323151  2292
3.0958664534785427  2269
3.0962145853464054  2322
3.0965624383741357  2352
3.0969100130080562  2267
3.09725730969342  2269
3.097604328874411  2279
3.09795107099415  2340
3.0982975364946976  2290
3.098643725817057  2303
3.0989896394011773  2362
3.0993352776859577  2309
3.09968064110925  2351
3.1000257301078626  2311
3.100370545117563  2331
3.1007150865730817  2304
3.1010593549081156  2330
3.101403350555331  2308
3.1017470739463664  2307
3.1020905255118367  2298
3.1024337056813365  2352
3.1027766148834415  2296
3.1031192535457137  2321
3.103461622094705  2282
3.103803720955957  2305
3.104145550554008  2305
3.104487111312395  2306
3.1048284036536553  2312
3.1051694279993316  2309
3.1055101847699738  2307
3.1058506743851435  2271
3.1061908972634154  2276
3.1065308538223815  2292
3.106870544478654  2292
3.1072099696478683  2316
3.1075491297446862  2274
3.1078880251827985  2298
3.1082266563749283  2278
3.1085650237328344  2325
3.1089031276673134  2281
3.109240968588203  2325
3.1095785469043866  2305
3.1099158630237933  2315
3.110252917353403  2283
3.110589710299249  2284
3.1109262422664203  2306
3.1112625136590655  2309
3.111598524880394  2248
3.1119342763326814  2303
3.1122697684172707  2261
3.1126050015345745  2257
3.11293997608408  2272
3.1132746924643504  2252
3.1136091510730277  2240
3.113943352306837  2299
3.1142772965615864  2258
3.114610984232173  2258
3.1149444157125847  2233
3.1152775913959014  2262
3.1156105116742996  2219
3.115943176939055  2233
3.116275587580544  2205
3.1166077439882485  2223
3.116939646550756  2247
3.1172712956557644  2225
3.117602691690084  2168
3.1179338350396413  2208
3.118264726089479  2220
3.118595365223762  2170
3.1189257528257768  2192
3.1192558892779365  2164
3.119585774961784  2148
3.119915410257991  2139
3.1202447955463652  2127
3.12057393120585  2135
3.1209028176145273  2103
3.1212314551496214  2058
3.1215598441875008  2078
3.121887985103681  2069
3.1222158782728267  2025
3.1225435240687545  2079
3.1228709228644354  2053
3.1231980750319988  2024
3.123524980942732  1988
3.123851640967086  1996
3.124178055474675  1956
3.1245042248342823  2009
3.1248301494138593  1970
3.12515582958053  1919
3.125481265700594  1909
3.125806458139527  1884
3.1261314072619846  1859
3.1264561134318045  1848
3.126780577012009  1833
3.1271047983648077  1789
3.127428777851599  1755
3.1277525158329733  1757
3.1280760126687155  1699
3.1283992687178066  1690
3.128722284338427  1688
3.1290450598879582  1671
3.1293675957229854  1643
3.129689892199301  1596
3.1300119496719043  1532
3.130333768495006  1567
3.130655349022031  1517
3.130976691605617  1495
3.131297796597623  1478
3.1316186643491255  1432
3.1319392952104246  1403
3.1322596895310446  1375
3.132579847659737  1349
3.132899769944483  1297
3.1332194567324945  1313
3.1335389083702174  1275
3.133858125203335  1239
3.1341771075767664  1222
3.1344958558346736  1194
3.13481437032046  1152
3.1351326513767748  1111
3.1354506993455136  1105
3.1357685145678222  1055
3.1360860973840974  1026
3.13640344813399  973
3.1367205671564067  985
3.1370374547895126  931
3.137354111370733  922
3.137670537236755  885
3.137986732723532  842
3.1383026981662816  819
3.1386184338994925  769
3.1389339402569236  747
3.139249217571607  747
3.13956426617585  692
3.1398790864012365  677
3.140193678578631  654
3.1405080430381798  638
3.1408221801093106  621
3.141136090120739  579
3.1414497734004674  554
3.141763230275788  548
3.1420764610732848  512
3.142389466118836  483
3.1427022457376155  472
3.143014800254095  444
3.143327129992046  432
3.1436392352745433  403
3.1439511164239633  406
3.144262773761991  369
3.144574207609616  357
3.144885418287142  348
3.1451964061141817  312
3.1455071714096627  290
3.1458177144918276  279
3.146128035678238  263
3.1464381352857744  256
3.14674801363064  235
3.1470576710283598  233
3.1473671077937864  225
3.1476763242410986  224
3.147985320683805  209
3.1482940974347455  199
3.1486026548060932  181
3.1489109931093564  179
3.1492191126553797  168
3.149527013754348  161
3.149834696715785  155
3.1501421618485588  147
3.150449409460881  137
3.150756439860309  128
3.15106325335375  120
3.1513698502474603  116
3.151676230847048  104
3.151982395457474  100
3.1522883443830563  85
3.15259407792747  85
3.1528995963937474  75
3.153204900084284  78
3.1535099893008374  67
3.153814864344529  63
3.154119525515847  61
3.154423973114647  60
3.1547282074401557  49
3.1550322287909704  49
3.155336037465062  44
3.1556396337597765  38
3.1559430179718366  33
3.1562461903973444  34
3.1565491513317814  33
3.156851901070011  30
3.1571544399062814  25
3.157456768134226  21
3.1577588860468637  22
3.158060793936605  16
3.1583624920952498  18
3.1586639808139894  14
3.15896526038341  12
3.159266331093494  12
3.1595671932336202  14
3.1598678470925665  10
3.160168292958512  9
3.1604685311190375  10
3.1607685618611283  7
3.1610683854711747  6
3.161368002234975  6
3.161667412437736  5
3.161966616364075  5
3.1622656142980214  3
3.162564406523019  4
3.162862993321926  3
3.1631613749770184  3
3.16345955176999  3
3.163757523981956  3
3.1640552918934515  4
3.164352855784437  2
3.1646502159342966  2
3.1649473726218416  2
3.1652443261253107  1
3.165541076722373  1
