0.3010299956639812  16602
0.47712125471966244  15436
0.6020599913279624  15264
0.6989700043360189  15857
0.7781512503836436  15678
0.8450980400142568  14780
0.9030899869919435  17537
0.9542425094393249  15381
1.0  15148
1.0413926851582251  16598
1.0791812460476249  16122
1.1139433523068367  14415
1.146128035678238  15549
1.1760912590556813  13969
1.2041199826559248  17935
1.2304489213782739  14185
1.255272505103306  15642
1.2787536009528289  15770
1.3010299956639813  14509
1.3222192947339193  14276
1.3424226808222062  11702
1.3617278360175928  10447
1.380211241711606  9919
1.3979400086720377  8755
1.414973347970818  6990
1.4313637641589874  6122
1.4471580313422192  5406
1.462397997898956  5535
1.4771212547196624  4307
1.4913616938342726  4818
1.505149978319906  5125
1.5185139398778875  4903
1.5314789170422551  5658
1.5440680443502757  4655
1.5563025007672873  4652
1.568201724066995  4479
1.5797835966168101  5266
1.591064607026499  4148
1.6020599913279623  5422
1.6127838567197355  5344
1.6232492903979006  4555
1.6334684555795864  5022
1.6434526764861874  4566
1.6532125137753437  4305
1.662757831681574  4587
1.6720978579357175  5281
1.6812412373755872  5733
1.6901960800285136  5201
1.6989700043360187  4014
1.7075701760979363  4698
1.7160033436347992  5303
1.724275869600789  5016
1.7323937598229686  5080
1.7403626894942439  5130
1.7481880270062005  5162
1.7558748556724915  4238
1.7634279935629373  5250
1.7708520116421442  4166
1.7781512503836436  4518
1.7853298350107671  3742
1.792391689498254  5591
1.7993405494535817  4701
1.806179973983887  4550
1.8129133566428555  5865
1.8195439355418688  4771
1.8260748027008264  4722
1.8325089127062364  4843
1.8388490907372552  4785
1.845098040014257  4438
1.8512583487190752  4418
1.8573324964312685  5835
1.863322860120456  5419
1.8692317197309762  4800
1.8750612633917  5073
1.8808135922807914  4036
1.8864907251724818  5029
1.8920946026904804  5597
1.8976270912904414  4061
1.9030899869919435  5611
1.9084850188786497  5145
1.9138138523837167  4363
1.919078092376074  4428
1.9242792860618816  4667
1.9294189257142926  4473
1.9344984512435677  4749
1.9395192526186185  5735
1.9444826721501687  5244
1.9493900066449128  5202
1.954242509439325  5044
1.9590413923210936  4721
1.9637878273455553  5268
1.968482948553935  4563
1.9731278535996986  5106
1.9777236052888478  4062
1.9822712330395684  4750
1.9867717342662448  4997
1.9912260756924949  4625
1.99563519459755  4704
2.0  4288
2.0043213737826426  5302
2.0086001717619175  4682
2.012837224705172  4735
2.0170333392987803  5272
2.0211892990699383  5641
2.0253058652647704  5704
2.0293837776852097  4965
2.03342375548695  4679
2.037426497940624  5256
2.041392685158225  4543
2.0453229787866576  4575
2.0492180226701815  5100
2.0530784434834195  4599
2.0569048513364727  4261
2.060697840353612  4823
2.0644579892269186  4210
2.0681858617461617  4434
2.0718820073061255  4427
2.0755469613925306  4461
2.0791812460476247  5647
2.0827853703164503  4951
2.0863598306747484  4287
2.089905111439398  4690
2.093421685162235  4364
2.0969100130080562  4450
2.100370545117563  4757
2.103803720955957  5287
2.1072099696478683  5420
2.110589710299249  4764
2.113943352306837  4723
2.1172712956557644  5411
2.12057393120585  4487
2.123851640967086  4578
2.1271047983648077  4260
2.130333768495006  5414
2.1335389083702174  4188
2.1367205671564067  4406
2.1398790864012365  4813
2.143014800254095  5469
2.146128035678238  4417
2.1492191126553797  4723
2.1522883443830563  5130
2.155336037465062  4744
2.1583624920952498  4746
2.161368002234975  5196
2.164352855784437  5227
2.167317334748176  5094
2.1702617153949575  5495
2.173186268412274  5052
2.1760912590556813  5461
2.1789769472931693  5307
2.1818435879447726  4025
2.184691430817599  4704
2.187520720836463  4765
2.1903316981702914  4711
2.1931245983544616  3906
2.1958996524092336  5282
2.1986570869544226  5316
2.2013971243204513  3976
2.2041199826559246  4677
2.2068258760318495  5078
2.2095150145426308  5454
2.2121876044039577  4616
2.214843848047698  5230
2.2174839442139063  4590
2.220108088040055  4695
2.2227164711475833  5016
2.225309281725863  4651
2.2278867046136734  5185
2.230448921378274  3957
2.2329961103921536  4586
2.2355284469075487  5173
2.2380461031287955  3995
2.2405492482826  4051
2.2430380486862944  4788
2.24551266781415  5531
2.247973266361807  4866
2.250420002308894  4919
2.2528530309798933  4878
2.255272505103306  4464
2.2576785748691846  4350
2.2600713879850747  4579
2.2624510897304293  5054
2.2648178230095364  4938
2.2671717284030137  4331
2.2695129442179165  4126
2.271841606536499  5249
2.27415784926368  4473
2.2764618041732443  4256
2.278753600952829  5124
2.2810333672477277  5323
2.2833012287035497  5132
2.285557309007774  4117
2.287801729930226  4759
2.290034611362518  4370
2.292256071356476  5336
2.294466226161593  4429
2.296665190261531  5528
2.298853076409707  4546
2.3010299956639813  5828
2.303196057420489  4653
2.305351369446624  5180
2.307496037913213  5277
2.3096301674258988  4811
2.311753861055754  5257
2.3138672203691533  4821
2.315970345456918  4359
2.3180633349627615  4577
2.3201462861110542  4459
2.322219294733919  5010
2.3242824552976926  4736
2.326335860928751  4743
2.3283796034387376  5041
2.330413773349191  4777
2.3324384599156054  5010
2.3344537511509307  5087
2.3364597338485296  4463
2.3384564936046046  5872
2.3404441148401185  4823
2.342422680822206  4405
2.3443922736851106  5291
2.346352974450639  4766
2.3483048630481607  4777
2.3502480183341627  4646
2.3521825181113627  4472
2.3541084391474008  4419
2.3560258571931225  4713
2.357934847000454  5127
2.359835482339888  4030
2.361727836017593  5399
2.3636119798921444  4356
2.3654879848909  5253
2.367355921026019  4736
2.369215857410143  4801
2.3710678622717363  4786
2.3729120029701067  5337
2.374748346010104  5635
2.376576957056512  4634
2.3783979009481375  5087
2.380211241711606  4567
2.3820170425748683  4863
2.383815365980431  4507
2.385606273598312  4961
2.387389826338729  4767
2.3891660843645326  4132
2.3909351071033793  4617
2.392696953259666  4879
2.3944516808262164  4763
2.3961993470957363  4593
2.3979400086720375  5276
2.399673721481038  4401
2.401400540781544  5336
2.403120521175818  5148
2.404833716619938  5093
2.406540180433955  4789
2.4082399653118496  5765
2.4099331233312946  4692
2.41161970596323  5350
2.413299764081252  4855
2.4149733479708178  4945
2.416640507338281  5204
2.4183012913197452  4559
2.419955748489758  4503
2.4216039268698313  5172
2.423245873936808  5308
2.424881636631067  5057
2.4265112613645754  5123
2.428134794028789  5167
2.429752280002408  4422
2.4313637641589874  4087
2.432969290874406  5474
2.4345689040341987  4509
2.436162647040756  4833
2.437750562820388  5355
2.439332693830263  5333
2.4409090820652177  5510
2.4424797690644486  4506
2.444044795918076  4540
2.4456042032735974  5817
2.4471580313422194  4604
2.44870631990508  5691
2.450249108319361  4422
2.45178643552429  4415
2.4533183400470375  5434
2.45484486000851  5435
2.456366033129043  5204
2.4578818967339924  4648
2.459392487759231  4793
2.4608978427565478  4786
2.462397997898956  5516
2.4638929889859074  4632
2.4653828514484184  4835
2.4668676203541096  4422
2.4683473304121573  5633
2.469822015978163  4757
2.4712917110589387  4921
2.4727564493172123  4678
2.4742162640762553  4849
2.4756711883244296  3915
2.4771212547196626  5243
2.4785664955938436  6001
2.4800069429571505  4611
2.481442628502305  4952
2.482873583608754  5520
2.484299839346786  4266
2.48572142648158  4933
2.4871383754771865  5027
2.4885507165004443  4631
2.4899584794248346  4908
2.4913616938342726  5045
2.4927603890268375  5249
2.494154594018443  4323
2.4955443375464483  4838
2.496929648073215  4381
2.4983105537896004  5432
2.499687082618404  4739
2.5010592622177517  4634
2.5024271199844326  5418
2.503790683057181  5638
2.505149978319906  4041
2.506505032404872  4851
2.507855871695831  5256
2.509202522331103  5319
2.510545010206612  4678
2.5118833609788744  4064
2.513217600067939  5775
2.514547752660286  4517
2.515873843711679  4586
2.5171958979499744  5292
2.5185139398778875  4854
2.519827993775719  5125
2.5211380837040362  4935
2.5224442335063197  4395
2.5237464668115646  5401
2.525044807036845  5023
2.526339277389844  4585
2.5276299008713385  4814
2.5289167002776547  5700
2.530199698203082  4329
2.531478917042255  4935
2.5327543789924976  4928
2.534026106056135  5174
2.5352941200427703  4671
2.53655844257153  3970
2.537819095073274  4349
2.5390760987927767  5237
2.5403294747908736  4076
2.5415792439465807  5226
2.5428254269591797  4576
2.5440680443502757  5534
2.545307116465824  4941
2.546542663478131  5284
2.5477747053878224  4921
2.5490032620257876  5162
2.550228353055094  5858
2.5514499979728753  4210
2.552668216112193  4773
2.5538830266438746  4393
2.5550944485783194  5430
2.5563025007672873  5380
2.5575072019056577  4812
2.558708570533166  5328
2.5599066250361124  4895
2.561101383649056  5054
2.5622928644564746  5283
2.5634810853944106  3572
2.5646660642520893  4245
2.5658478186735176  5109
2.56702636615906  4231
2.568201724066995  5074
2.569373909615046  5046
2.5705429398818973  5211
2.571708831808688  5168
2.5728716022004803  5452
2.574031267727719  4694
2.575187844927661  5108
2.576341350205793  4739
2.5774917998372255  5427
2.578639209968072  4162
2.57978359661681  4612
2.5809249756756194  4366
2.582063362911709  5336
2.583198773968623  5967
2.584331224367531  4763
2.5854607295085006  4414
2.586587304671755  5195
2.5877109650189114  5270
2.5888317255942073  4577
2.5899496013257077  4389
2.591064607026499  4282
2.5921767573958667  5195
2.593286067020457  5672
2.5943925503754266  4452
2.595496221825574  5586
2.59659709562646  4767
2.597695185925512  4714
2.598790506763115  5005
2.5998830720736876  5545
2.6009728956867484  4548
2.6020599913279625  5142
2.603144372620182  5058
2.60422605308447  4937
2.6053050461411096  4549
2.606381365110605  4602
2.6074550232146687  5000
2.6085260335771943  4856
2.60959440922522  5922
2.61066016308988  5304
2.611723308007342  5191
2.6127838567197355  4878
2.6138418218760693  4818
2.6148972160331345  5269
2.615950051656401  4481
2.617000341120899  4355
2.6180480967120925  4833
2.6190933306267428  4630
2.6201360549737576  4477
2.621176281775035  4959
2.622214022966295  5379
2.6232492903979003  3888
2.6242820958356683  4212
2.625312450961674  4152
2.6263403673750423  4574
2.6273658565927325  4756
2.6283889300503116  4847
2.629409599102719  4695
2.630427875025024  4931
2.6314437690131722  5050
2.6324572921847245  4276
2.6334684555795866  5290
2.6344772701607315  4787
2.635483746814912  5164
2.6364878963533656  4756
2.637489729512511  5106
2.6384892569546374  4606
2.639486489268586  5146
2.640481436970422  4114
2.6414741105040997  4599
2.6424645202421213  4893
2.6434526764861874  5740
2.6444385894678386  4594
2.645422269349092  4540
2.6464037262230695  4976
2.6473829701146196  4654
2.6483600109809315  5201
2.649334858712142  4423
2.6503075231319366  5783
2.651278013998144  4327
2.6522463410033232  4335
2.6532125137753435  4500
2.6541765418779604  5722
2.655138434811382  5874
2.656098202012832  4651
2.6570558528571038  4828
2.6580113966571126  5095
2.658964842664435  4468
2.6599162000698504  4992
2.660865478003869  4328
2.661812685537261  5023
2.662757831681574  4659
2.663700925389648  5159
2.6646419755561257  5357
2.6655809910179533  5450
2.6665179805548807  5178
2.667452952889954  4926
2.66838591669  4832
2.6693168805661123  4037
2.670245853074124  4495
2.6711728427150834  4797
2.6720978579357175  4788
2.673020907128896  4019
2.673941998634088  4867
2.6748611407378116  5298
2.6757783416740852  5101
2.6766936096248664  5330
2.677606952720493  4674
2.678518379040114  4686
2.6794278966121188  4252
2.680335513414563  4341
2.681241237375587  4753
2.682145076373832  4083
2.6830470382388496  4751
2.683947130751512  4820
2.6848453616444123  4975
2.6857417386022635  4066
2.6866362692622934  4869
2.6875289612146345  4161
2.6884198220027105  5044
2.6893088591236203  4651
2.690196080028514  5446
2.6910814921229687  4657
2.69196510276736  5170
2.69284691927723  4795
2.693726948923647  5705
2.694605198933569  5710
2.6954816764901977  4925
2.696356388733332  4019
2.6972293427597176  4974
2.6981005456233897  5001
2.6989700043360187  5017
2.699837725867246  4778
2.7007037171450192  4840
2.7015679850559273  4497
2.7024305364455254  5117
2.7032913781186614  5175
2.7041505168397992  4716
2.705007959333336  5111
2.7058637122839193  5119
2.7067177823367587  5109
2.7075701760979363  4457
2.708420900134713  4070
2.709269960975831  5954
2.7101173651118162  4851
2.710963118995276  4941
2.711807229041191  5432
2.7126497016272113  4891
2.7134905430939424  5912
2.714329759745233  4828
2.7151673578484576  4120
2.716003343634799  4562
2.7168377232995247  4483
2.717670503002262  4897
2.718501688867274  4206
2.7193312869837265  4683
2.720159303405957  5152
2.7209857441537393  4162
2.7218106152125467  4738
2.722633922533812  4007
2.7234556720351857  4939
2.724275869600789  5365
2.725094521081469  4531
2.7259116322950483  5491
2.7267272090265724  5113
2.727541257028556  5505
2.7283537820212285  5155
2.72916478969277  4185
2.7299742856995555  4657
2.7307822756663893  5117
2.7315887651867388  5090
2.7323937598229686  5051
2.7331972651065692  4826
2.733999286538387  4800
2.734799829588847  4928
2.73559889969818  4506
2.7363965022766426  5192
2.7371926427047373  5387
2.737987326333431  4678
2.738780558484369  5304
2.739572344450092  4503
2.7403626894942437  4699
2.741151598851785  4788
2.741939077729199  4857
2.7427251313046983  4771
2.74350976472843  4187
2.7442929831226763  5082
2.7450747915820575  5375
2.745855195173729  5165
2.7466341989375787  4684
2.747411807886423  5703
2.7481880270062002  4505
2.7489628612561616  4792
2.749736315569061  4126
2.7505083948513462  4505
2.751279103983342  5309
2.7520484478194387  5002
2.7528164311882715  4820
2.7535830588929064  5474
2.754348335711019  5608
2.7551122663950713  5209
2.7558748556724915  5300
2.756636108245848  3902
2.7573960287930244  4830
2.75815462196739  4147
2.7589118923979736  4196
2.7596678446896306  4448
2.760422483423212  3748
2.7611758131557314  3585
2.761927838420529  5258
2.762678563727436  5466
2.7634279935629373  4917
2.7641761323903307  5093
2.7649229846498886  4280
2.765668554759014  4697
2.7664128471123997  4748
2.7671558660821804  4886
2.767897616018091  5196
2.7686381012476144  4957
2.7693773260761385  5104
2.7701152947871015  4560
2.7708520116421442  4838
2.7715874808812555  5258
2.77232170672292  5702
2.7730546933642626  5659
2.7737864449811935  5212
2.7745169657285498  4966
2.7752462597402365  4231
2.775974331129369  4622
2.776701183988411  5382
2.7774268223893115  4800
2.7781512503836434  5357
2.7788744720027396  4867
2.7795964912578244  4131
2.780317312140151  5094
2.7810369386211318  4782
2.781755374652469  5739
2.782472624166286  5615
2.7831886910752575  4599
2.783903579272735  5124
2.784617292632875  5255
2.785329835010767  4800
2.786041210242554  5265
2.7867514221455614  4692
2.787460474518415  5370
2.788168371141168  5737
2.788875115775417  5205
2.7895807121644256  4679
2.7902851640332416  5507
2.790988475088816  4471
2.791690649020118  5173
2.792391689498254  5004
2.79309160017658  4616
2.7937903846908188  4987
2.7944880466591697  4740
2.795184589682424  4338
2.7958800173440754  4663
2.7965743332104296  5405
2.7972675408307164  4600
2.797959643737196  3845
2.798650645445269  5087
2.7993405494535817  4498
2.8000293592441343  5658
2.800717078282385  5319
2.801403710017355  5323
2.802089257881733  4778
2.8027737252919755  4519
2.803457115648414  5473
2.8041394323353503  4701
2.8048206787211623  4523
2.8055008581584002  5095
2.806179973983887  4829
2.8068580295188172  5022
2.807535028068853  4285
2.808210972924222  4820
2.808885867359812  5138
2.8095597146352675  4953
2.8102325179950842  4690
2.8109042806687006  5617
2.8115750058705933  5100
2.812244696800369  4899
2.8129133566428557  4880
2.813580988568192  4635
2.81424759573192  4743
2.814913181275074  5078
2.815577748324267  5899
2.816241299991783  5048
2.8169038393756605  4683
2.8175653695597807  4311
2.8182258936139557  4168
2.8188854145940097  3681
2.8195439355418688  4658
2.82020145948564  5092
2.8208579894397  4565
2.821513528404773  5141
2.8221680793680175  4757
2.8228216453031045  4150
2.823474229170301  4423
2.824125833916549  5085
2.824776462475546  5118
2.8254261177678233  5154
2.8260748027008264  3993
2.826722520168992  5032
2.8273692730538253  4894
2.828015064223977  5110
2.82865989653532  4436
2.829303772831025  5214
2.829946695941636  5795
2.8305886686851442  5772
2.8312296938670634  4922
2.8318697742805017  4523
2.832508912706236  5304
2.833147111912785  4401
2.833784374656479  4286
2.8344207036815328  6622
2.835056101720116  4649
2.8356905714924254  4781
2.8363241157067516  4401
2.8369567370595505  4661
2.837588438235511  5169
2.8382192219076257  5381
2.838849090737255  5138
2.8394780473741985  3856
2.840106094456758  4654
2.8407332346118066  4631
2.841359470454855  4412
2.8419848045901137  4020
2.842609239610562  4673
2.8432327780980096  5179
2.843855422623161  5834
2.8444771757456815  4615
2.845098040014257  4846
2.8457180179666586  5468
2.846337112129805  4950
2.846955325019824  5733
2.847572659142112  4205
2.848189116991399  4913
2.8488047010518036  5130
2.8494194137968996  4736
2.850033257689769  5739
2.8506462351830666  5010
2.8512583487190755  5319
2.851869600729766  5052
2.8524799936368566  4921
2.8530895298518657  4926
2.8536982117761744  5871
2.8543060418010806  5177
2.8549130223078554  5496
2.8555191556678  5256
2.8561244442423  4483
2.8567288903828825  4595
2.8573324964312685  4901
2.857935264719429  4603
2.858537197569639  4580
2.859138297294531  5139
2.859738566197147  6073
2.8603380065709936  4224
2.8609366207000937  4842
2.8615344108590377  4403
2.862131379313037  5063
2.8627275283179747  5021
2.863322860120456  4393
2.8639173769578603  4654
2.864511081058392  4823
2.8651039746411278  5138
2.8656960599160706  4678
2.8662873390841948  5274
2.866877814337499  4620
2.8674674878590514  4969
2.8680563618230415  5561
2.8686444383948255  5000
2.8692317197309762  5107
2.869818207979328  4698
2.870403905279027  4752
2.8709888137605755  5227
2.8715729355458786  6409
2.8721562727482928  4686
2.8727388274726686  4699
2.873320601815399  4996
2.8739015978644615  4831
2.8744818176994666  5283
2.8750612633917  5123
2.8756399370041685  5237
2.876217840591642  4505
2.8767949762007006  4207
2.877371345869774  4977
2.8779469516291885  4540
2.8785217955012063  4684
2.8790958795000727  4301
2.8796692056320534  4437
2.88024177589548  5086
2.8808135922807914  4935
2.8813846567705728  4413
2.8819549713396007  5181
2.8825245379548803  5673
2.8830933585756897  4049
2.8836614351536176  4829
2.884228769632604  4837
2.884795363948981  5545
2.885361220031512  4663
2.885926339801431  5169
2.886490725172482  4751
2.8870543780509568  5083
2.887617300335736  4714
2.888179493918325  4300
2.8887409606828927  4488
2.88930170250631  4641
2.8898617212581885  4436
2.890421018800914  4694
2.890979596989689  5321
2.8915374576725643  4717
2.8920946026904804  4861
2.8926510338773004  4570
2.893206753059848  4830
2.8937617620579434  5347
2.8943160626844384  4152
2.8948696567452528  4629
2.895422546039408  5123
2.8959747323590648  5608
2.8965262174895554  4996
2.89707700320942  3932
2.8976270912904414  5708
2.8981764834976764  5238
2.8987251815894934  4936
2.8992731873176036  4344
2.8998205024270964  5003
2.9003671286564705  4135
2.900913067737669  4384
2.9014583213961123  5215
2.9020028913507296  4244
2.902546779313991  4544
2.9030899869919438  5119
2.9036325160842376  4362
2.9041743682841634  4379
2.904715545278681  5470
2.905256048748451  4211
2.9057958803678687  4437
2.906335041805091  4718
2.90687353472207  4995
2.907411360774586  4467
2.9079485216122722  5009
2.90848501887865  5260
2.909020854211156  5278
2.9095560292411755  4439
2.910090545594068  4682
2.910624404889201  4811
2.9111576087399764  4789
2.9116901587538613  5023
2.9122220565324155  4569
2.912753303671323  4597
2.9132839017604186  5441
2.9138138523837167  5213
2.9143431571194407  5736
2.9148718175400505  3979
2.91539983521227  4318
2.9159272116971158  4723
2.916453948549925  5355
2.9169800473203824  5362
2.9175055095525466  4751
2.9180303367848803  4092
2.9185545305502734  4439
2.9190780923760737  4735
2.919601023784111  4894
2.920123326290724  4868
2.9206450014067875  4588
2.921166050637739  5239
2.921686475483602  4819
2.9222062774390163  5196
2.92272545799326  5217
2.9232440186302764  4717
2.9237619608287004  4503
2.9242792860618816  4229
2.924795995797912  4569
2.9253120914996495  5696
2.9258275746247424  4690
2.926342446625655  4999
2.926856708949692  4141
2.9273703630390235  4605
2.9278834103307068  4945
2.9283958522567137  4542
2.928907690243953  5149
2.929418925714293  5004
2.929929560084588  4521
2.9304395947667  4429
2.930949031167523  4844
2.931457870689005  4644
2.931966114728173  4707
2.932473764677153  4176
2.932980821923198  4763
2.9334872878487053  4349
2.9339931638312424  4980
2.934498451243568  4763
2.935003151453655  4689
2.9355072658247128  5047
2.9360107957152097  5176
2.936513742478893  5068
2.9370161074648142  4753
2.937517892017347  3472
2.9380190974762104  4580
2.938519725176492  4368
2.9390197764486663  4821
2.9395192526186187  5009
2.9400181550076634  4662
2.940516484932567  5588
2.9410142437055695  5378
2.941511432634403  5000
2.942008053022313  4507
2.9425041061680806  4128
2.9429995933660407  4543
2.9434945159061026  4786
2.9439888750737717  6270
2.9444826721501687  4374
2.9449759084120477  4575
2.94546858513182  4604
2.9459607035775686  4500
2.946452265013073  4715
2.9469432706978256  4501
2.9474337218870508  4811
2.9479236198317262  5323
2.948412965778601  4234
2.9489017609702137  4606
2.949390006644913  4728
2.949877704036875  4179
2.950364854376123  5444
2.9508514588885464  3883
2.951337518795918  4555
2.951823035315912  5085
2.9523080096621253  4779
2.952792443044092  5353
2.9532763366673045  4287
2.9537596917332287  4429
2.9542425094393248  4666
2.954724790979063  4921
2.9552065375419416  5333
2.9556877503135057  4471
2.9561684304753633  4784
2.9566485792052033  4041
2.957128197676813  4745
2.957607287060095  4205
2.958085848521085  4983
2.9585638832219674  5359
2.9590413923210934  5216
2.9595183769729982  4606
2.959994838328416  4338
2.960470777534299  4657
2.960946195733831  4599
2.9614210940664485  4619
2.9618954736678504  4836
2.962369335670021  5375
2.9628426812012423  4273
2.9633155113861114  5223
2.963787827345555  4108
2.964259630196849  4859
2.9647309210536292  4508
2.965201701025912  5533
2.9656719712201065  4873
2.9661417327390325  4988
2.966610986681934  4310
2.967079734144497  4665
2.967547976218862  4491
2.968015713993642  4930
2.9684829485539352  4534
2.9689496809813427  3917
2.9694159123539814  5105
2.9698816437465  4482
2.9703468762300935  3695
2.9708116108725178  4551
2.971275848738105  5149
2.971739590887778  4996
2.9722028383790646  5568
2.972665592266111  4831
2.9731278535996988  4794
2.973589623427257  4680
2.9740509027928774  5463
2.9745116927373285  4675
2.974971994298069  3867
2.975431808509263  4576
2.975891136401793  4840
2.9763499790032735  4540
2.976808337338066  4363
2.977266212427293  4696
2.9777236052888476  5447
2.978180516937414  4527
2.9786369483844743  4263
2.979092900638326  4648
2.979548374704095  5383
2.9800033715837464  4440
2.9804578922761  4043
2.9809119377768436  5073
2.9813655090785445  4920
2.9818186071706636  4618
2.9822712330395684  4711
2.9827233876685453  4128
2.983175072037813  4469
2.9836262871245345  3810
2.984077033902831  4305
2.9845273133437926  3972
2.9849771264154934  5431
2.9854264740830017  3923
2.9858753573083936  4702
2.986323777050765  4189
2.9867717342662448  4450
2.9872192299080047  4053
2.9876662649262746  4888
2.988112840268352  4349
2.9885589568786157  4441
2.989004615698537  3860
2.9894498176666917  5041
2.989894563718773  4077
2.9903388547876015  4198
2.9907826918031377  4801
2.9912260756924947  4208
2.9916690073799486  4917
2.9921114877869495  4373
2.9925535178321354  4416
2.9929950984313414  4784
2.9934362304976116  3757
2.993876914941211  4787
2.9943171526696366  3668
2.9947569445876283  4168
2.9951962915971793  4550
2.99563519459755  4206
2.9960736544852753  4740
2.9965116721541785  4736
2.996949248495381  3567
2.997386384397313  4205
2.9978230807457256  4457
2.998259338423699  4287
2.998695158311656  4795
2.999130541287371  4326
2.9995654882259823  4131
3.0  4312
3.000434077479319  3722
3.0008677215312267  3811
3.0013009330204183  3993
3.0017337128090005  3886
3.002166061756508  4182
3.0025979807199086  4123
3.003029470553618  3828
3.0034605321095067  3707
3.0038911662369103  3806
3.0043213737826426  3925
3.004751155591001  4254
3.0051805125037805  4610
3.0056094453602804  4061
3.0060379549973173  4188
3.0064660422492318  4133
3.0068937079479006  4412
3.0073209529227447  3847
3.00774777800074  3741
3.0081741840064264  3643
3.0086001717619175  4305
3.0090257420869104  4428
3.009450895798694  4041
3.00987563371216  4019
3.010299956639812  4215
3.010723865391773  3829
3.0111473607757975  4284
3.0115704435972783  3393
3.011993114659257  4092
3.012415374762433  3891
3.012837224705172  3556
3.0132586652835167  4067
3.0136796972911926  4203
3.0141003215196207  3642
3.0145205387579237  3726
3.0149403497929366  4069
3.0153597554092144  3799
3.015778756389041  4013
3.016197353512439  3510
3.016615547557177  3780
3.0170333392987803  3918
3.017450729510536  3801
3.0178677189635055  3874
3.018284308426531  3827
3.0187004986662433  3670
3.019116290447073  3534
3.0195316845312554  3305
3.0199466816788423  3142
3.0203612826477078  3843
3.020775488193558  3430
3.0211892990699383  3155
3.021602716028242  3430
3.02201573981772  3446
3.0224283711854865  3540
3.022840610876528  3425
3.0232524596337114  3588
3.0236639181977933  3298
3.024074987307426  3272
3.024485667699167  3147
3.024895960107485  3596
3.0253058652647704  3525
3.025715383901341  3096
3.0261245167454502  3511
3.0265332645232967  3152
3.0269416279590295  3154
3.0273496077747564  3312
3.0277572046905536  2916
3.0281644194244697  2970
3.0285712526925375  3299
3.028977705208778  3078
3.0293837776852097  3214
3.029789470831856  2774
3.030194785356751  3211
3.030599721965951  2625
3.0310042813635367  2643
3.031408464251624  2718
3.0318122713303706  2956
3.0322157032979815  3080
3.03261876085072  2848
3.0330214446829107  2603
3.03342375548695  2930
3.03382569395331  2544
3.0342272607705505  2763
3.0346284566253203  2889
3.0350292822023683  2629
3.0354297381845483  2640
3.035829825252828  2734
3.0362295440862948  2596
3.036628895362161  2419
3.037027879755775  2553
3.037426497940624  2527
3.037824750588342  2139
3.0382226383687185  2356
3.038620161949703  2200
3.039017321997412  2134
3.0394141191761372  2055
3.0398105541483504  2518
3.0402066275747113  2290
3.040602340114073  2097
3.0409976924234905  2181
3.041392685158225  2245
3.041787318971752  2059
3.042181594515766  2031
3.0425755124401905  2164
3.0429690733931802  2137
3.0433622780211294  1905
3.0437551269686796  2122
3.044147620878723  1984
3.044539760392411  1985
3.04493154614916  1760
3.0453229787866576  1697
3.0457140589408676  2032
3.0461047872460387  1700
3.0464951643347082  1713
3.04688519083771  1791
3.0472748673841794  1819
3.04766419460156  1476
3.048053173115609  1557
3.0484418035504044  1640
3.04883008652835  1625
3.0492180226701815  1486
3.049605612594973  1505
3.0499928569201424  1496
3.050379756261458  1419
3.0507663112330423  1414
3.0511525224473814  1341
3.0515383905153275  1309
3.0519239160461065  1179
3.0523090996473234  1174
3.052693941924968  1308
3.0530784434834195  1036
3.053462604925455  1225
3.0538464268522527  1146
3.0542299098633974  885
3.0546130545568877  962
3.0549958615291417  1010
3.055378331375  1001
3.0557604646877348  1002
3.056142262059052  900
3.0565237240791006  766
3.0569048513364727  757
3.0572856444182146  898
3.0576661039098294  712
3.0580462303952816  741
3.058426024457005  689
3.0588054866759067  657
3.059184617631371  659
3.0595634179012676  561
3.059941888061955  680
3.060320028688285  612
3.060697840353612  639
3.0610753236297916  552
3.061452479087193  560
3.061829307294699  457
3.0622058088197126  473
3.062581984228163  466
3.0629578340845103  499
3.0633333589517497  415
3.0637085593914173  421
3.064083435963596  404
3.0644579892269186  357
3.064832219738574  340
3.065206128054312  296
3.0655797147284485  331
3.06595298031387  293
3.0663259253620376  244
3.0666985504229953  242
3.0670708560453703  221
3.0674428427763805  245
3.0678145111618402  249
3.0681858617461617  190
3.068556895072363  172
3.068927611682072  167
3.0692980121155293  105
3.0696680969115957  132
3.070037866607755  159
3.0704073217401198  169
3.0707764628434346  131
3.0711452904510828  122
3.071513805095089  148
3.0718820073061255  147
3.072249897613515  99
3.0726174765452368  71
3.0729847446279304  108
3.073351702386901  62
3.0737183503461227  111
3.074084689028244  63
3.074450718954591  79
3.074816440645175  57
3.0751818546186915  47
3.0755469613925306  39
3.0759117614827773  55
3.076276255404218  27
3.076640443670342  57
3.0770043267933502  19
3.0773679052841563  22
3.077731179652392  22
3.0780941504064105  21
3.0784568180532927  25
3.0788191830988487  21
3.0791812460476247  25
3.079543007402906  24
3.079904467666721  19
3.0802656273398448  6
3.0806264869218056  9
3.080987046910887  11
3.0813473078041325  9
3.081707270097349  18
3.082066934285113  8
3.0824263008607717  7
3.0827853703164503  9
3.0831441431430524  11
3.0835026198302673  6
3.083860800866573  12
3.0842186867392387  4
3.084576277934331  7
3.084933574936716  2
3.085290578230065  5
3.0856472882968564  6
3.0860037056183818  3
3.0863598306747484  1
3.0870712059065353  4
3.0874264570362855  1
3.087781417809542  2
3.0881360887005513  1
3.0884904701823963  2
3.088844562727004  1
3.089198366805149  2
3.089551882886454  2
3.089905111439398  2
3.090610707828407  3
3.0909630765957314  1
3.091315159697223  1
3.0916669575956846  1
3.092018470752797  1
3.0923696996291206  1
3.0927206446840994  2
3.0930713063760633  1
