0.3010299956639812  2272
0.47712125471966244  2265
0.6020599913279624  2326
0.6989700043360189  2327
0.7781512503836436  2262
0.8450980400142568  2259
0.9030899869919435  2272
0.9542425094393249  2290
1.0  2290
1.0413926851582251  2253
1.0791812460476249  2263
1.1139433523068367  2278
1.146128035678238  2263
1.1760912590556813  2257
1.2041199826559248  2259
1.2304489213782739  2279
1.255272505103306  2245
1.2787536009528289  2261
1.3010299956639813  2265
1.3222192947339193  2246
1.3424226808222062  2245
1.3617278360175928  2259
1.380211241711606  2261
1.3979400086720377  2255
1.414973347970818  2321
1.4313637641589874  2283
1.4471580313422192  2260
1.462397997898956  2270
1.4771212547196624  2257
1.4913616938342726  2320
1.505149978319906  2279
1.5185139398778875  2256
1.5314789170422551  2274
1.5440680443502757  2242
1.5563025007672873  2259
1.568201724066995  2231
1.5797835966168101  2287
1.591064607026499  2229
1.6020599913279623  2283
1.6127838567197355  2256
1.6232492903979006  2273
1.6334684555795864  2251
1.6434526764861874  2259
1.6532125137753437  2231
1.662757831681574  2261
1.6720978579357175  2273
1.6812412373755872  2265
1.6901960800285136  2251
1.6989700043360187  2251
1.7075701760979363  2285
1.7160033436347992  2253
1.724275869600789  2254
1.7323937598229686  2275
1.7403626894942439  2291
1.7481880270062005  2266
1.7558748556724915  2255
1.7634279935629373  2259
1.7708520116421442  2269
1.7781512503836436  2272
1.7853298350107671  2253
1.792391689498254  2244
1.7993405494535817  2270
1.806179973983887  2242
1.8129133566428555  2273
1.8195439355418688  2289
1.8260748027008264  2247
1.8325089127062364  2268
1.8388490907372552  2293
1.845098040014257  2254
1.8512583487190752  2290
1.8573324964312685  2267
1.863322860120456  2251
1.8692317197309762  2259
1.8750612633917  2253
1.8808135922807914  2224
1.8864907251724818  2295
1.8920946026904804  2268
1.8976270912904414  2272
1.9030899869919435  2274
1.9084850188786497  2270
1.9138138523837167  2270
1.919078092376074  2240
1.9242792860618816  2255
1.9294189257142926  2284
1.9344984512435677  2280
1.9395192526186185  2251
1.9444826721501687  2271
1.9493900066449128  2287
1.954242509439325  2282
1.9590413923210936  2282
1.9637878273455553  2257
1.968482948553935  2255
1.9731278535996986  2263
1.9777236052888478  2284
1.9822712330395684  2242
1.9867717342662448  2267
1.9912260756924949  2237
1.99563519459755  2262
2.0  2249
2.0043213737826426  2270
2.0086001717619175  2291
2.012837224705172  2215
2.0170333392987803  2312
2.0211892990699383  2232
2.0253058652647704  2286
2.0293837776852097  2256
2.03342375548695  2270
2.037426497940624  2275
2.041392685158225  2266
2.0453229787866576  2285
2.0492180226701815  2256
2.0530784434834195  2274
2.0569048513364727  2247
2.060697840353612  2247
2.0644579892269186  2296
2.0681858617461617  2285
2.0718820073061255  2259
2.0755469613925306  2250
2.0791812460476247  2227
2.0827853703164503  2282
2.0863598306747484  2251
2.089905111439398  2269
2.093421685162235  2270
2.0969100130080562  2222
2.100370545117563  2264
2.103803720955957  2246
2.1072099696478683  2271
2.110589710299249  2230
2.113943352306837  2287
2.1172712956557644  2261
2.12057393120585  2270
2.123851640967086  2266
2.1271047983648077  2270
2.130333768495006  2258
2.1335389083702174  2226
2.1367205671564067  2264
2.1398790864012365  2255
2.143014800254095  2287
2.146128035678238  2293
2.1492191126553797  2263
2.1522883443830563  2246
2.155336037465062  2245
2.1583624920952498  2256
2.161368002234975  2244
2.164352855784437  2231
2.167317334748176  2259
2.1702617153949575  2242
2.173186268412274  2277
2.1760912590556813  2261
2.1789769472931693  2248
2.1818435879447726  2245
2.184691430817599  2243
2.187520720836463  2280
2.1903316981702914  2240
2.1931245983544616  2285
2.1958996524092336  2226
2.1986570869544226  2283
2.2013971243204513  2266
2.2041199826559246  2305
2.2068258760318495  2273
2.2095150145426308  2264
2.2121876044039577  2277
2.214843848047698  2266
2.2174839442139063  2226
2.220108088040055  2257
2.2227164711475833  2289
2.225309281725863  2238
2.2278867046136734  2263
2.230448921378274  2252
2.2329961103921536  2240
2.2355284469075487  2302
2.2380461031287955  2254
2.2405492482826  2260
2.2430380486862944  2257
2.24551266781415  2275
2.247973266361807  2263
2.250420002308894  2255
2.2528530309798933  2238
2.255272505103306  2281
2.2576785748691846  2297
2.2600713879850747  2266
2.2624510897304293  2253
2.2648178230095364  2251
2.2671717284030137  2275
2.2695129442179165  2260
2.271841606536499  2263
2.27415784926368  2237
2.2764618041732443  2253
2.278753600952829  2245
2.2810333672477277  2305
2.2833012287035497  2311
2.285557309007774  2257
2.287801729930226  2289
2.290034611362518  2278
2.292256071356476  2293
2.294466226161593  2259
2.296665190261531  2293
2.298853076409707  2284
2.3010299956639813  2246
2.303196057420489  2261
2.305351369446624  2257
2.307496037913213  2251
2.3096301674258988  2294
2.311753861055754  2274
2.3138672203691533  2243
2.315970345456918  2232
2.3180633349627615  2221
2.3201462861110542  2252
2.322219294733919  2243
2.3242824552976926  2286
2.326335860928751  2251
2.3283796034387376  2262
2.330413773349191  2256
2.3324384599156054  2229
2.3344537511509307  2261
2.3364597338485296  2313
2.3384564936046046  2301
2.3404441148401185  2290
2.342422680822206  2288
2.3443922736851106  2248
2.346352974450639  2269
2.3483048630481607  2281
2.3502480183341627  2272
2.3521825181113627  2275
2.3541084391474008  2275
2.3560258571931225  2253
2.357934847000454  2209
2.359835482339888  2265
2.361727836017593  2278
2.3636119798921444  2253
2.3654879848909  2242
2.367355921026019  2307
2.369215857410143  2273
2.3710678622717363  2280
2.3729120029701067  2253
2.374748346010104  2272
2.376576957056512  2278
2.3783979009481375  2276
2.380211241711606  2266
2.3820170425748683  2247
2.383815365980431  2293
2.385606273598312  2282
2.387389826338729  2262
2.3891660843645326  2282
2.3909351071033793  2302
2.392696953259666  2270
2.3944516808262164  2265
2.3961993470957363  2261
2.3979400086720375  2250
2.399673721481038  2247
2.401400540781544  2268
2.403120521175818  2277
2.404833716619938  2260
2.406540180433955  2264
2.4082399653118496  2256
2.4099331233312946  2251
2.41161970596323  2249
2.413299764081252  2263
2.4149733479708178  2276
2.416640507338281  2273
2.4183012913197452  2279
2.419955748489758  2269
2.4216039268698313  2207
2.423245873936808  2262
2.424881636631067  2258
2.4265112613645754  2227
2.428134794028789  2260
2.429752280002408  2264
2.4313637641589874  2276
2.432969290874406  2276
2.4345689040341987  2251
2.436162647040756  2217
2.437750562820388  2225
2.439332693830263  2259
2.4409090820652177  2247
2.4424797690644486  2271
2.444044795918076  2250
2.4456042032735974  2269
2.4471580313422194  2276
2.44870631990508  2293
2.450249108319361  2264
2.45178643552429  2273
2.4533183400470375  2275
2.45484486000851  2278
2.456366033129043  2266
2.4578818967339924  2243
2.459392487759231  2294
2.4608978427565478  2240
2.462397997898956  2249
2.4638929889859074  2250
2.4653828514484184  2266
2.4668676203541096  2274
2.4683473304121573  2236
2.469822015978163  2274
2.4712917110589387  2279
2.4727564493172123  2300
2.4742162640762553  2265
2.4756711883244296  2253
2.4771212547196626  2249
2.4785664955938436  2272
2.4800069429571505  2252
2.481442628502305  2279
2.482873583608754  2249
2.484299839346786  2254
2.48572142648158  2272
2.4871383754771865  2252
2.4885507165004443  2272
2.4899584794248346  2256
2.4913616938342726  2269
2.4927603890268375  2273
2.494154594018443  2267
2.4955443375464483  2270
2.496929648073215  2291
2.4983105537896004  2267
2.499687082618404  2265
2.5010592622177517  2292
2.5024271199844326  2222
2.503790683057181  2262
2.505149978319906  2249
2.506505032404872  2241
2.507855871695831  2249
2.509202522331103  2259
2.510545010206612  2265
2.5118833609788744  2239
2.513217600067939  2273
2.514547752660286  2286
2.515873843711679  2269
2.5171958979499744  2254
2.5185139398778875  2237
2.519827993775719  2295
2.5211380837040362  2293
2.5224442335063197  2241
2.5237464668115646  2257
2.525044807036845  2257
2.526339277389844  2259
2.5276299008713385  2276
2.5289167002776547  2236
2.530199698203082  2261
2.531478917042255  2262
2.5327543789924976  2274
2.534026106056135  2268
2.5352941200427703  2277
2.53655844257153  2263
2.537819095073274  2250
2.5390760987927767  2235
2.5403294747908736  2291
2.5415792439465807  2268
2.5428254269591797  2274
2.5440680443502757  2230
2.545307116465824  2216
2.546542663478131  2253
2.5477747053878224  2256
2.5490032620257876  2260
2.550228353055094  2270
2.5514499979728753  2264
2.552668216112193  2254
2.5538830266438746  2259
2.5550944485783194  2294
2.5563025007672873  2259
2.5575072019056577  2293
2.558708570533166  2268
2.5599066250361124  2260
2.561101383649056  2293
2.5622928644564746  2288
2.5634810853944106  2262
2.5646660642520893  2270
2.5658478186735176  2281
2.56702636615906  2285
2.568201724066995  2246
2.569373909615046  2282
2.5705429398818973  2241
2.571708831808688  2273
2.5728716022004803  2305
2.574031267727719  2287
2.575187844927661  2236
2.576341350205793  2240
2.5774917998372255  2271
2.578639209968072  2272
2.57978359661681  2248
2.5809249756756194  2258
2.582063362911709  2240
2.583198773968623  2276
2.584331224367531  2275
2.5854607295085006  2283
2.586587304671755  2218
2.5877109650189114  2240
2.5888317255942073  2235
2.5899496013257077  2234
2.591064607026499  2273
2.5921767573958667  2278
2.593286067020457  2271
2.5943925503754266  2274
2.595496221825574  2278
2.59659709562646  2235
2.597695185925512  2255
2.598790506763115  2256
2.5998830720736876  2293
2.6009728956867484  2239
2.6020599913279625  2257
2.603144372620182  2292
2.60422605308447  2258
2.6053050461411096  2241
2.606381365110605  2272
2.6074550232146687  2271
2.6085260335771943  2230
2.60959440922522  2288
2.61066016308988  2282
2.611723308007342  2263
2.6127838567197355  2239
2.6138418218760693  2280
2.6148972160331345  2269
2.615950051656401  2278
2.617000341120899  2251
2.6180480967120925  2261
2.6190933306267428  2251
2.6201360549737576  2252
2.621176281775035  2244
2.622214022966295  2257
2.6232492903979003  2258
2.6242820958356683  2245
2.625312450961674  2248
2.6263403673750423  2243
2.6273658565927325  2260
2.6283889300503116  2262
2.629409599102719  2282
2.630427875025024  2300
2.6314437690131722  2232
2.6324572921847245  2279
2.6334684555795866  2289
2.6344772701607315  2260
2.635483746814912  2252
2.6364878963533656  2281
2.637489729512511  2274
2.6384892569546374  2250
2.639486489268586  2262
2.640481436970422  2282
2.6414741105040997  2243
2.6424645202421213  2274
2.6434526764861874  2253
2.6444385894678386  2242
2.645422269349092  2286
2.6464037262230695  2256
2.6473829701146196  2280
2.6483600109809315  2259
2.649334858712142  2260
2.6503075231319366  2254
2.651278013998144  2261
2.6522463410033232  2263
2.6532125137753435  2270
2.6541765418779604  2226
2.655138434811382  2280
2.656098202012832  2256
2.6570558528571038  2257
2.6580113966571126  2256
2.658964842664435  2263
2.6599162000698504  2293
2.660865478003869  2268
2.661812685537261  2258
2.662757831681574  2253
2.663700925389648  2267
2.6646419755561257  2255
2.6655809910179533  2270
2.6665179805548807  2261
2.667452952889954  2268
2.66838591669  2243
2.6693168805661123  2230
2.670245853074124  2305
2.6711728427150834  2284
2.6720978579357175  2244
2.673020907128896  2272
2.673941998634088  2254
2.6748611407378116  2256
2.6757783416740852  2288
2.6766936096248664  2265
2.677606952720493  2293
2.678518379040114  2251
2.6794278966121188  2255
2.680335513414563  2286
2.681241237375587  2246
2.682145076373832  2261
2.6830470382388496  2280
2.683947130751512  2253
2.6848453616444123  2281
2.6857417386022635  2280
2.6866362692622934  2290
2.6875289612146345  2250
2.6884198220027105  2296
2.6893088591236203  2272
2.690196080028514  2296
2.6910814921229687  2246
2.69196510276736  2295
2.69284691927723  2246
2.693726948923647  2260
2.694605198933569  2227
2.6954816764901977  2266
2.696356388733332  2230
2.6972293427597176  2254
2.6981005456233897  2262
2.6989700043360187  2249
2.699837725867246  2231
2.7007037171450192  2274
2.7015679850559273  2262
2.7024305364455254  2282
2.7032913781186614  2262
2.7041505168397992  2272
2.705007959333336  2253
2.7058637122839193  2284
2.7067177823367587  2267
2.7075701760979363  2255
2.708420900134713  2278
2.709269960975831  2247
2.7101173651118162  2267
2.710963118995276  2270
2.711807229041191  2291
2.7126497016272113  2246
2.7134905430939424  2262
2.714329759745233  2280
2.7151673578484576  2251
2.716003343634799  2268
2.7168377232995247  2278
2.717670503002262  2245
2.718501688867274  2282
2.7193312869837265  2226
2.720159303405957  2236
2.7209857441537393  2262
2.7218106152125467  2242
2.722633922533812  2261
2.7234556720351857  2286
2.724275869600789  2229
2.725094521081469  2253
2.7259116322950483  2273
2.7267272090265724  2304
2.727541257028556  2286
2.7283537820212285  2280
2.72916478969277  2262
2.7299742856995555  2259
2.7307822756663893  2248
2.7315887651867388  2270
2.7323937598229686  2273
2.7331972651065692  2293
2.733999286538387  2274
2.734799829588847  2250
2.73559889969818  2256
2.7363965022766426  2251
2.7371926427047373  2245
2.737987326333431  2245
2.738780558484369  2279
2.739572344450092  2271
2.7403626894942437  2271
2.741151598851785  2280
2.741939077729199  2280
2.7427251313046983  2259
2.74350976472843  2272
2.7442929831226763  2262
2.7450747915820575  2272
2.745855195173729  2257
2.7466341989375787  2221
2.747411807886423  2287
2.7481880270062002  2257
2.7489628612561616  2247
2.749736315569061  2268
2.7505083948513462  2239
2.751279103983342  2233
2.7520484478194387  2267
2.7528164311882715  2273
2.7535830588929064  2277
2.754348335711019  2289
2.7551122663950713  2253
2.7558748556724915  2266
2.756636108245848  2277
2.7573960287930244  2245
2.75815462196739  2215
2.7589118923979736  2238
2.7596678446896306  2265
2.760422483423212  2281
2.7611758131557314  2265
2.761927838420529  2265
2.762678563727436  2245
2.7634279935629373  2247
2.7641761323903307  2279
2.7649229846498886  2294
2.765668554759014  2278
2.7664128471123997  2282
2.7671558660821804  2248
2.767897616018091  2246
2.7686381012476144  2273
2.7693773260761385  2266
2.7701152947871015  2288
2.7708520116421442  2259
2.7715874808812555  2238
2.77232170672292  2279
2.7730546933642626  2291
2.7737864449811935  2259
2.7745169657285498  2264
2.7752462597402365  2260
2.775974331129369  2278
2.776701183988411  2285
2.7774268223893115  2277
2.7781512503836434  2257
2.7788744720027396  2253
2.7795964912578244  2219
2.780317312140151  2299
2.7810369386211318  2277
2.781755374652469  2248
2.782472624166286  2260
2.7831886910752575  2215
2.783903579272735  2249
2.784617292632875  2273
2.785329835010767  2272
2.786041210242554  2280
2.7867514221455614  2279
2.787460474518415  2273
2.788168371141168  2273
2.788875115775417  2240
2.7895807121644256  2252
2.7902851640332416  2292
2.790988475088816  2264
2.791690649020118  2237
2.792391689498254  2264
2.79309160017658  2281
2.7937903846908188  2267
2.7944880466591697  2265
2.795184589682424  2261
2.7958800173440754  2278
2.7965743332104296  2303
2.7972675408307164  2248
2.797959643737196  2297
2.798650645445269  2242
2.7993405494535817  2265
2.8000293592441343  2284
2.800717078282385  2271
2.801403710017355  2253
2.802089257881733  2254
2.8027737252919755  2252
2.803457115648414  2257
2.8041394323353503  2236
2.8048206787211623  2247
2.8055008581584002  2274
2.806179973983887  2252
2.8068580295188172  2280
2.807535028068853  2288
2.808210972924222  2237
2.808885867359812  2273
2.8095597146352675  2251
2.8102325179950842  2248
2.8109042806687006  2267
2.8115750058705933  2242
2.812244696800369  2256
2.8129133566428557  2266
2.813580988568192  2267
2.81424759573192  2226
2.814913181275074  2273
2.815577748324267  2289
2.816241299991783  2254
2.8169038393756605  2244
2.8175653695597807  2296
2.8182258936139557  2256
2.8188854145940097  2263
2.8195439355418688  2263
2.82020145948564  2314
2.8208579894397  2249
2.821513528404773  2245
2.8221680793680175  2238
2.8228216453031045  2288
2.823474229170301  2222
2.824125833916549  2275
2.824776462475546  2259
2.8254261177678233  2239
2.8260748027008264  2247
2.826722520168992  2287
2.8273692730538253  2299
2.828015064223977  2267
2.82865989653532  2245
2.829303772831025  2262
2.829946695941636  2262
2.8305886686851442  2252
2.8312296938670634  2257
2.8318697742805017  2233
2.832508912706236  2238
2.833147111912785  2286
2.833784374656479  2244
2.8344207036815328  2274
2.835056101720116  2306
2.8356905714924254  2264
2.8363241157067516  2267
2.8369567370595505  2244
2.837588438235511  2259
2.8382192219076257  2244
2.838849090737255  2278
2.8394780473741985  2245
2.840106094456758  2254
2.8407332346118066  2321
2.841359470454855  2300
2.8419848045901137  2253
2.842609239610562  2261
2.8432327780980096  2280
2.843855422623161  2261
2.8444771757456815  2260
2.845098040014257  2242
2.8457180179666586  2269
2.846337112129805  2265
2.846955325019824  2270
2.847572659142112  2257
2.848189116991399  2238
2.8488047010518036  2260
2.8494194137968996  2294
2.850033257689769  2235
2.8506462351830666  2269
2.8512583487190755  2311
2.851869600729766  2260
2.8524799936368566  2294
2.8530895298518657  2243
2.8536982117761744  2281
2.8543060418010806  2249
2.8549130223078554  2259
2.8555191556678  2257
2.8561244442423  2268
2.8567288903828825  2245
2.8573324964312685  2246
2.857935264719429  2258
2.858537197569639  2261
2.859138297294531  2260
2.859738566197147  2235
2.8603380065709936  2255
2.8609366207000937  2254
2.8615344108590377  2252
2.862131379313037  2267
2.8627275283179747  2249
2.863322860120456  2260
2.8639173769578603  2271
2.864511081058392  2259
2.8651039746411278  2278
2.8656960599160706  2264
2.8662873390841948  2230
2.866877814337499  2264
2.8674674878590514  2280
2.8680563618230415  2260
2.8686444383948255  2246
2.8692317197309762  2303
2.869818207979328  2281
2.870403905279027  2221
2.8709888137605755  2285
2.8715729355458786  2279
2.8721562727482928  2259
2.8727388274726686  2246
2.873320601815399  2258
2.8739015978644615  2268
2.8744818176994666  2262
2.8750612633917  2259
2.8756399370041685  2269
2.876217840591642  2235
2.8767949762007006  2244
2.877371345869774  2262
2.8779469516291885  2267
2.8785217955012063  2275
2.8790958795000727  2293
2.8796692056320534  2242
2.88024177589548  2253
2.8808135922807914  2275
2.8813846567705728  2254
2.8819549713396007  2223
2.8825245379548803  2255
2.8830933585756897  2268
2.8836614351536176  2272
2.884228769632604  2276
2.884795363948981  2270
2.885361220031512  2282
2.885926339801431  2281
2.886490725172482  2247
2.8870543780509568  2285
2.887617300335736  2279
2.888179493918325  2277
2.8887409606828927  2235
2.88930170250631  2273
2.8898617212581885  2258
2.890421018800914  2254
2.890979596989689  2247
2.8915374576725643  2261
2.8920946026904804  2254
2.8926510338773004  2240
2.893206753059848  2306
2.8937617620579434  2254
2.8943160626844384  2227
2.8948696567452528  2271
2.895422546039408  2246
2.8959747323590648  2300
2.8965262174895554  2234
2.89707700320942  2238
2.8976270912904414  2241
2.8981764834976764  2302
2.8987251815894934  2248
2.8992731873176036  2231
2.8998205024270964  2255
2.9003671286564705  2281
2.900913067737669  2242
2.9014583213961123  2267
2.9020028913507296  2256
2.902546779313991  2286
2.9030899869919438  2267
2.9036325160842376  2249
2.9041743682841634  2257
2.904715545278681  2245
2.905256048748451  2258
2.9057958803678687  2268
2.906335041805091  2298
2.90687353472207  2303
2.907411360774586  2285
2.9079485216122722  2233
2.90848501887865  2259
2.909020854211156  2294
2.9095560292411755  2267
2.910090545594068  2271
2.910624404889201  2254
2.9111576087399764  2241
2.9116901587538613  2284
2.9122220565324155  2237
2.912753303671323  2270
2.9132839017604186  2244
2.9138138523837167  2240
2.9143431571194407  2276
2.9148718175400505  2270
2.91539983521227  2240
2.9159272116971158  2274
2.916453948549925  2231
2.9169800473203824  2263
2.9175055095525466  2273
2.9180303367848803  2298
2.9185545305502734  2252
2.9190780923760737  2240
2.919601023784111  2254
2.920123326290724  2250
2.9206450014067875  2278
2.921166050637739  2256
2.921686475483602  2278
2.9222062774390163  2292
2.92272545799326  2282
2.9232440186302764  2250
2.9237619608287004  2270
2.9242792860618816  2279
2.924795995797912  2250
2.9253120914996495  2269
2.9258275746247424  2265
2.926342446625655  2261
2.926856708949692  2267
2.9273703630390235  2274
2.9278834103307068  2242
2.9283958522567137  2264
2.928907690243953  2242
2.929418925714293  2253
2.929929560084588  2253
2.9304395947667  2269
2.930949031167523  2241
2.931457870689005  2239
2.931966114728173  2262
2.932473764677153  2283
2.932980821923198  2275
2.9334872878487053  2259
2.9339931638312424  2257
2.934498451243568  2249
2.935003151453655  2289
2.9355072658247128  2263
2.9360107957152097  2248
2.936513742478893  2232
2.9370161074648142  2232
2.937517892017347  2259
2.9380190974762104  2242
2.938519725176492  2277
2.9390197764486663  2238
2.9395192526186187  2243
2.9400181550076634  2275
2.940516484932567  2266
2.9410142437055695  2305
2.941511432634403  2280
2.942008053022313  2276
2.9425041061680806  2271
2.9429995933660407  2242
2.9434945159061026  2252
2.9439888750737717  2267
2.9444826721501687  2257
2.9449759084120477  2278
2.94546858513182  2282
2.9459607035775686  2249
2.946452265013073  2278
2.9469432706978256  2260
2.9474337218870508  2265
2.9479236198317262  2232
2.948412965778601  2247
2.9489017609702137  2294
2.949390006644913  2255
2.949877704036875  2231
2.950364854376123  2273
2.9508514588885464  2259
2.951337518795918  2289
2.951823035315912  2268
2.9523080096621253  2293
2.952792443044092  2257
2.9532763366673045  2258
2.9537596917332287  2278
2.9542425094393248  2253
2.954724790979063  2240
2.9552065375419416  2255
2.9556877503135057  2260
2.9561684304753633  2247
2.9566485792052033  2285
2.957128197676813  2234
2.957607287060095  2254
2.958085848521085  2250
2.9585638832219674  2272
2.9590413923210934  2268
2.9595183769729982  2260
2.959994838328416  2280
2.960470777534299  2281
2.960946195733831  2265
2.9614210940664485  2252
2.9618954736678504  2237
2.962369335670021  2285
2.9628426812012423  2270
2.9633155113861114  2342
2.963787827345555  2291
2.964259630196849  2266
2.9647309210536292  2249
2.965201701025912  2246
2.9656719712201065  2272
2.9661417327390325  2281
2.966610986681934  2273
2.967079734144497  2273
2.967547976218862  2284
2.968015713993642  2238
2.9684829485539352  2258
2.9689496809813427  2274
2.9694159123539814  2242
2.9698816437465  2273
2.9703468762300935  2248
2.9708116108725178  2241
2.971275848738105  2277
2.971739590887778  2272
2.9722028383790646  2282
2.972665592266111  2243
2.9731278535996988  2276
2.973589623427257  2268
2.9740509027928774  2258
2.9745116927373285  2290
2.974971994298069  2265
2.975431808509263  2259
2.975891136401793  2279
2.9763499790032735  2260
2.976808337338066  2258
2.977266212427293  2262
2.9777236052888476  2257
2.978180516937414  2237
2.9786369483844743  2226
2.979092900638326  2286
2.979548374704095  2283
2.9800033715837464  2282
2.9804578922761  2267
2.9809119377768436  2305
2.9813655090785445  2273
2.9818186071706636  2306
2.9822712330395684  2265
2.9827233876685453  2278
2.983175072037813  2232
2.9836262871245345  2235
2.984077033902831  2239
2.9845273133437926  2250
2.9849771264154934  2265
2.9854264740830017  2252
2.9858753573083936  2279
2.986323777050765  2259
2.9867717342662448  2227
2.9872192299080047  2283
2.9876662649262746  2268
2.988112840268352  2275
2.9885589568786157  2241
2.989004615698537  2241
2.9894498176666917  2232
2.989894563718773  2253
2.9903388547876015  2242
2.9907826918031377  2267
2.9912260756924947  2268
2.9916690073799486  2233
2.9921114877869495  2238
2.9925535178321354  2294
2.9929950984313414  2299
2.9934362304976116  2262
2.993876914941211  2297
2.9943171526696366  2267
2.9947569445876283  2215
2.9951962915971793  2275
2.99563519459755  2220
2.9960736544852753  2288
2.9965116721541785  2250
2.996949248495381  2270
2.997386384397313  2260
2.9978230807457256  2273
2.998259338423699  2287
2.998695158311656  2288
2.999130541287371  2279
2.9995654882259823  2224
3.0  2249
3.000434077479319  2247
3.0008677215312267  2288
3.0013009330204183  2261
3.0017337128090005  2281
3.002166061756508  2233
3.0025979807199086  2252
3.003029470553618  2261
3.0034605321095067  2278
3.0038911662369103  2291
3.0043213737826426  2292
3.004751155591001  2259
3.0051805125037805  2280
3.0056094453602804  2261
3.0060379549973173  2281
3.0064660422492318  2286
3.0068937079479006  2266
3.0073209529227447  2258
3.00774777800074  2255
3.0081741840064264  2256
3.0086001717619175  2256
3.0090257420869104  2267
3.009450895798694  2221
3.00987563371216  2286
3.010299956639812  2246
3.010723865391773  2283
3.0111473607757975  2255
3.0115704435972783  2289
3.011993114659257  2271
3.012415374762433  2280
3.012837224705172  2240
3.0132586652835167  2259
3.0136796972911926  2264
3.0141003215196207  2279
3.0145205387579237  2282
3.0149403497929366  2265
3.0153597554092144  2269
3.015778756389041  2267
3.016197353512439  2260
3.016615547557177  2280
3.0170333392987803  2253
3.017450729510536  2227
3.0178677189635055  2253
3.018284308426531  2269
3.0187004986662433  2274
3.019116290447073  2245
3.0195316845312554  2243
3.0199466816788423  2296
3.0203612826477078  2265
3.020775488193558  2247
3.0211892990699383  2285
3.021602716028242  2258
3.02201573981772  2265
3.0224283711854865  2245
3.022840610876528  2241
3.0232524596337114  2245
3.0236639181977933  2278
3.024074987307426  2262
3.024485667699167  2253
3.024895960107485  2214
3.0253058652647704  2246
3.025715383901341  2269
3.0261245167454502  2259
3.0265332645232967  2290
3.0269416279590295  2262
3.0273496077747564  2254
3.0277572046905536  2292
3.0281644194244697  2274
3.0285712526925375  2270
3.028977705208778  2261
3.0293837776852097  2266
3.029789470831856  2283
3.030194785356751  2281
3.030599721965951  2262
3.0310042813635367  2258
3.031408464251624  2255
3.0318122713303706  2228
3.0322157032979815  2280
3.03261876085072  2250
3.0330214446829107  2258
3.03342375548695  2255
3.03382569395331  2246
3.0342272607705505  2282
3.0346284566253203  2279
3.0350292822023683  2271
3.0354297381845483  2269
3.035829825252828  2283
3.0362295440862948  2270
3.036628895362161  2236
3.037027879755775  2261
3.037426497940624  2272
3.037824750588342  2255
3.0382226383687185  2257
3.038620161949703  2272
3.039017321997412  2264
3.0394141191761372  2254
3.0398105541483504  2265
3.0402066275747113  2233
3.040602340114073  2293
3.0409976924234905  2230
3.041392685158225  2253
3.041787318971752  2244
3.042181594515766  2265
3.0425755124401905  2245
3.0429690733931802  2259
3.0433622780211294  2294
3.0437551269686796  2233
3.044147620878723  2282
3.044539760392411  2269
3.04493154614916  2252
3.0453229787866576  2265
3.0457140589408676  2222
3.0461047872460387  2248
3.0464951643347082  2253
3.04688519083771  2246
3.0472748673841794  2247
3.04766419460156  2225
3.048053173115609  2237
3.0484418035504044  2231
3.04883008652835  2222
3.0492180226701815  2217
3.049605612594973  2231
3.0499928569201424  2226
3.050379756261458  2225
3.0507663112330423  2237
3.0511525224473814  2240
3.0515383905153275  2224
3.0519239160461065  2213
3.0523090996473234  2175
3.052693941924968  2205
3.0530784434834195  2192
3.053462604925455  2201
3.0538464268522527  2236
3.0542299098633974  2224
3.0546130545568877  2210
3.0549958615291417  2176
3.055378331375  2226
3.0557604646877348  2213
3.056142262059052  2187
3.0565237240791006  2173
3.0569048513364727  2186
3.0572856444182146  2152
3.0576661039098294  2175
3.0580462303952816  2173
3.058426024457005  2172
3.0588054866759067  2140
3.059184617631371  2121
3.0595634179012676  2133
3.059941888061955  2120
3.060320028688285  2110
3.060697840353612  2113
3.0610753236297916  2077
3.061452479087193  2078
3.061829307294699  2069
3.0622058088197126  2066
3.062581984228163  2028
3.0629578340845103  2031
3.0633333589517497  2036
3.0637085593914173  1995
3.064083435963596  1989
3.0644579892269186  1944
3.064832219738574  1933
3.065206128054312  1947
3.0655797147284485  1932
3.06595298031387  1879
3.0663259253620376  1885
3.0666985504229953  1872
3.0670708560453703  1839
3.0674428427763805  1809
3.0678145111618402  1846
3.0681858617461617  1781
3.068556895072363  1747
3.068927611682072  1771
3.0692980121155293  1725
3.0696680969115957  1705
3.070037866607755  1669
3.0704073217401198  1679
3.0707764628434346  1633
3.0711452904510828  1605
3.071513805095089  1573
3.0718820073061255  1549
3.072249897613515  1497
3.0726174765452368  1506
3.0729847446279304  1459
3.073351702386901  1445
3.0737183503461227  1400
3.074084689028244  1375
3.074450718954591  1353
3.074816440645175  1324
3.0751818546186915  1294
3.0755469613925306  1282
3.0759117614827773  1218
3.076276255404218  1201
3.076640443670342  1213
3.0770043267933502  1161
3.0773679052841563  1124
3.077731179652392  1087
3.0780941504064105  1041
3.0784568180532927  1039
3.0788191830988487  1007
3.0791812460476247  984
3.079543007402906  952
3.079904467666721  922
3.0802656273398448  905
3.0806264869218056  863
3.080987046910887  864
3.0813473078041325  829
3.081707270097349  789
3.082066934285113  788
3.0824263008607717  766
3.0827853703164503  719
3.0831441431430524  684
3.0835026198302673  662
3.083860800866573  617
3.0842186867392387  610
3.084576277934331  584
3.084933574936716  564
3.085290578230065  531
3.0856472882968564  503
3.0860037056183818  496
3.0863598306747484  481
3.0867156639448825  440
3.0870712059065353  409
3.0874264570362855  414
3.087781417809542  386
3.0881360887005513  375
3.0884904701823963  352
3.088844562727004  329
3.089198366805149  304
3.089551882886454  283
3.089905111439398  288
3.090258052931316  256
3.090610707828407  255
3.0909630765957314  228
3.091315159697223  219
3.0916669575956846  200
3.092018470752797  186
3.0923696996291206  180
3.0927206446840994  176
3.0930713063760633  166
3.093421685162235  162
3.09377178149873  154
3.0941215958405612  147
3.094471128641645  133
3.0948203803548  125
3.095169351431755  116
3.095518042323151  107
3.0958664534785427  108
3.0962145853464054  93
3.0965624383741357  98
3.0969100130080562  84
3.09725730969342  81
3.097604328874411  78
3.09795107099415  69
3.0982975364946976  64
3.098643725817057  58
3.0989896394011773  60
3.0993352776859577  53
3.09968064110925  58
3.1000257301078626  48
3.100370545117563  46
3.1007150865730817  38
3.1010593549081156  41
3.101403350555331  35
3.1017470739463664  33
3.1020905255118367  30
3.1024337056813365  22
3.1027766148834415  22
3.1031192535457137  18
3.103461622094705  14
3.103803720955957  12
3.104145550554008  14
3.104487111312395  11
3.1048284036536553  11
3.1051694279993316  9
3.1055101847699738  9
3.1058506743851435  8
3.1061908972634154  8
3.1065308538223815  7
3.106870544478654  7
3.1072099696478683  9
3.1075491297446862  5
3.1078880251827985  4
3.1082266563749283  4
3.1085650237328344  4
3.1089031276673134  2
3.109240968588203  2
3.1095785469043866  2
3.1099158630237933  2
3.110252917353403  2
3.110589710299249  2
3.1109262422664203  2
3.1112625136590655  2
3.111598524880394  2
3.1119342763326814  2
3.1122697684172707  2
3.1126050015345745  2
3.11293997608408  1
3.1132746924643504  1
3.1136091510730277  1
3.113943352306837  1
3.1142772965615864  1
3.114610984232173  1
3.1149444157125847  1
3.1152775913959014  1
3.1156105116742996  1
