0.3010299956639812  2948311
0.47712125471966244  934018
0.6020599913279624  490138
0.6989700043360189  332143
0.7781512503836436  271984
0.8450980400142568  261990
0.9030899869919435  258808
0.9542425094393249  208012
1.0  195767
1.0413926851582251  199916
1.0791812460476249  187198
1.1139433523068367  171342
1.146128035678238  147539
1.1760912590556813  129000
1.2041199826559248  126691
1.2304489213782739  101665
1.255272505103306  90917
1.2787536009528289  81635
1.3010299956639813  64814
1.3222192947339193  54536
1.3424226808222062  47369
1.3617278360175928  42439
1.380211241711606  34902
1.3979400086720377  28102
1.414973347970818  22448
1.4313637641589874  17394
1.4471580313422192  16739
1.462397997898956  12548
1.4771212547196624  12821
1.4913616938342726  18965
1.505149978319906  9552
1.5185139398778875  11037
1.5314789170422551  9298
1.5440680443502757  7538
1.5563025007672873  11506
1.568201724066995  13146
1.5797835966168101  19949
1.591064607026499  18436
1.6020599913279623  10304
1.6127838567197355  13003
1.6232492903979006  9367
1.6334684555795864  8528
1.6434526764861874  7307
1.6532125137753437  14811
1.662757831681574  12731
1.6720978579357175  9493
1.6812412373755872  9872
1.6901960800285136  8942
1.6989700043360187  13354
1.7075701760979363  8990
1.7160033436347992  12937
1.724275869600789  5734
1.7323937598229686  9516
1.7403626894942439  8249
1.7481880270062005  9564
1.7558748556724915  6500
1.7634279935629373  9576
1.7708520116421442  8312
1.7781512503836436  15082
1.7853298350107671  13164
1.792391689498254  8756
1.7993405494535817  4030
1.806179973983887  4648
1.8129133566428555  14023
1.8195439355418688  10927
1.8260748027008264  6223
1.8325089127062364  9280
1.8388490907372552  11994
1.845098040014257  8255
1.8512583487190752  12734
1.8573324964312685  7461
1.863322860120456  10959
1.8692317197309762  9842
1.8750612633917  9066
1.8808135922807914  12762
1.8864907251724818  13750
1.8920946026904804  11929
1.8976270912904414  7060
1.9030899869919435  10674
1.9084850188786497  5991
1.9138138523837167  12486
1.919078092376074  11768
1.9242792860618816  16393
1.9294189257142926  7477
1.9344984512435677  4411
1.9395192526186185  10398
1.9444826721501687  10864
1.9493900066449128  9957
1.954242509439325  9819
1.9590413923210936  11634
1.9637878273455553  11580
1.968482948553935  9556
1.9731278535996986  10895
1.9777236052888478  6532
1.9822712330395684  12624
1.9867717342662448  9397
1.9912260756924949  8642
1.99563519459755  10407
2.0  12157
2.0043213737826426  7703
2.0086001717619175  6739
2.012837224705172  9556
2.0170333392987803  8145
2.0211892990699383  13545
2.0253058652647704  8180
2.0293837776852097  8872
2.03342375548695  10006
2.037426497940624  10880
2.041392685158225  11472
2.0453229787866576  7510
2.0492180226701815  8357
2.0530784434834195  10593
2.0569048513364727  11381
2.060697840353612  8952
2.0644579892269186  6346
2.0681858617461617  7148
2.0718820073061255  11111
2.0755469613925306  6219
2.0791812460476247  10422
2.0827853703164503  6291
2.0863598306747484  14177
2.089905111439398  9897
2.093421685162235  11233
2.0969100130080562  12991
2.100370545117563  10904
2.103803720955957  14343
2.1072099696478683  6346
2.110589710299249  6106
2.113943352306837  7087
2.1172712956557644  4546
2.12057393120585  7523
2.123851640967086  11089
2.1271047983648077  14337
2.130333768495006  7289
2.1335389083702174  5285
2.1367205671564067  6141
2.1398790864012365  4953
2.143014800254095  11158
2.146128035678238  11800
2.1492191126553797  5815
2.1522883443830563  9367
2.155336037465062  4328
2.1583624920952498  10846
2.161368002234975  9002
2.164352855784437  8958
2.167317334748176  5658
2.1702617153949575  9336
2.173186268412274  7541
2.1760912590556813  4474
2.1789769472931693  8078
2.1818435879447726  3520
2.184691430817599  10021
2.187520720836463  7537
2.1903316981702914  9318
2.1931245983544616  7379
2.1958996524092336  10875
2.1986570869544226  11455
2.2013971243204513  11499
2.2041199826559246  8735
2.2068258760318495  8401
2.2095150145426308  8348
2.2121876044039577  7152
2.214843848047698  11272
2.2174839442139063  10574
2.220108088040055  5782
2.2227164711475833  7861
2.225309281725863  5800
2.2278867046136734  11356
2.230448921378274  7035
2.2329961103921536  7043
2.2355284469075487  9373
2.2380461031287955  6193
2.2405492482826  6573
2.2430380486862944  8159
2.24551266781415  4159
2.247973266361807  6983
2.250420002308894  10683
2.2528530309798933  15559
2.255272505103306  8751
2.2576785748691846  6483
2.2600713879850747  8155
2.2624510897304293  6027
2.2648178230095364  11697
2.2671717284030137  15228
2.2695129442179165  11154
2.271841606536499  7068
2.27415784926368  8596
2.2764618041732443  10573
2.278753600952829  10660
2.2810333672477277  8788
2.2833012287035497  5460
2.285557309007774  8310
2.287801729930226  7145
2.290034611362518  6756
2.292256071356476  10643
2.294466226161593  9548
2.296665190261531  7419
2.298853076409707  8676
2.3010299956639813  9442
2.303196057420489  10277
2.305351369446624  4484
2.307496037913213  4738
2.3096301674258988  15817
2.311753861055754  6262
2.3138672203691533  9057
2.315970345456918  11655
2.3180633349627615  8040
2.3201462861110542  10558
2.322219294733919  7273
2.3242824552976926  9461
2.326335860928751  12799
2.3283796034387376  9401
2.330413773349191  3934
2.3324384599156054  10209
2.3344537511509307  7279
2.3364597338485296  11024
2.3384564936046046  8859
2.3404441148401185  10858
2.342422680822206  8581
2.3443922736851106  8111
2.346352974450639  6316
2.3483048630481607  6835
2.3502480183341627  9982
2.3521825181113627  5236
2.3541084391474008  2394
2.3560258571931225  6966
2.357934847000454  4155
2.359835482339888  9018
2.361727836017593  5309
2.3636119798921444  10981
2.3654879848909  9017
2.367355921026019  15350
2.369215857410143  3348
2.3710678622717363  7583
2.3729120029701067  9798
2.374748346010104  5338
2.376576957056512  7850
2.3783979009481375  9538
2.380211241711606  7761
2.3820170425748683  7184
2.383815365980431  6539
2.385606273598312  11102
2.387389826338729  11006
2.3891660843645326  3696
2.3909351071033793  10670
2.392696953259666  8062
2.3944516808262164  6424
2.3961993470957363  7521
2.3979400086720375  7165
2.399673721481038  5065
2.401400540781544  4765
2.403120521175818  8959
2.404833716619938  5932
2.406540180433955  8610
2.4082399653118496  8937
2.4099331233312946  4162
2.41161970596323  7830
2.413299764081252  8180
2.4149733479708178  11714
2.416640507338281  12250
2.4183012913197452  11486
2.419955748489758  9048
2.4216039268698313  4091
2.423245873936808  8221
2.424881636631067  5909
2.4265112613645754  6079
2.428134794028789  6821
2.429752280002408  5928
2.4313637641589874  8207
2.432969290874406  7713
2.4345689040341987  8558
2.436162647040756  11301
2.437750562820388  6147
2.439332693830263  9192
2.4409090820652177  7645
2.4424797690644486  10640
2.444044795918076  3692
2.4456042032735974  3714
2.4471580313422194  9148
2.44870631990508  7492
2.450249108319361  5707
2.45178643552429  8346
2.4533183400470375  6325
2.45484486000851  7214
2.456366033129043  3157
2.4578818967339924  9304
2.459392487759231  9244
2.4608978427565478  7556
2.462397997898956  5010
2.4638929889859074  6878
2.4653828514484184  5879
2.4668676203541096  8007
2.4683473304121573  6296
2.469822015978163  6207
2.4712917110589387  6836
2.4727564493172123  4125
2.4742162640762553  9822
2.4756711883244296  4881
2.4771212547196626  6931
2.4785664955938436  12995
2.4800069429571505  4963
2.481442628502305  3953
2.482873583608754  6467
2.484299839346786  2871
2.48572142648158  5931
2.4871383754771865  7090
2.4885507165004443  9957
2.4899584794248346  10147
2.4913616938342726  5194
2.4927603890268375  8250
2.494154594018443  4396
2.4955443375464483  8201
2.496929648073215  7883
2.4983105537896004  5589
2.499687082618404  4420
2.5010592622177517  4160
2.5024271199844326  6809
2.503790683057181  6352
2.505149978319906  6806
2.506505032404872  7039
2.507855871695831  8153
2.509202522331103  7319
2.510545010206612  4904
2.5118833609788744  8176
2.513217600067939  4725
2.514547752660286  4500
2.515873843711679  6440
2.5171958979499744  3035
2.5185139398778875  11167
2.519827993775719  10264
2.5211380837040362  2386
2.5224442335063197  5290
2.5237464668115646  9483
2.525044807036845  9240
2.526339277389844  7434
2.5276299008713385  7422
2.5289167002776547  9602
2.530199698203082  6624
2.531478917042255  4600
2.5327543789924976  6415
2.534026106056135  8948
2.5352941200427703  7774
2.53655844257153  5088
2.537819095073274  6286
2.5390760987927767  7241
2.5403294747908736  6343
2.5415792439465807  8778
2.5428254269591797  4856
2.5440680443502757  6738
2.545307116465824  7273
2.546542663478131  4087
2.5477747053878224  6446
2.5490032620257876  6233
2.550228353055094  7522
2.5514499979728753  5861
2.552668216112193  8921
2.5538830266438746  3199
2.5550944485783194  5705
2.5563025007672873  3943
2.5575072019056577  7673
2.558708570533166  8296
2.5599066250361124  5034
2.561101383649056  3983
2.5622928644564746  5047
2.5634810853944106  4759
2.5646660642520893  9482
2.5658478186735176  6710
2.56702636615906  7888
2.568201724066995  5487
2.569373909615046  6300
2.5705429398818973  6255
2.571708831808688  5243
2.5728716022004803  7059
2.574031267727719  2493
2.575187844927661  6611
2.576341350205793  7528
2.5774917998372255  6988
2.578639209968072  3764
2.57978359661681  8019
2.5809249756756194  6288
2.582063362911709  5959
2.583198773968623  9542
2.584331224367531  4423
2.5854607295085006  5804
2.586587304671755  5965
2.5877109650189114  3435
2.5888317255942073  6182
2.5899496013257077  7273
2.591064607026499  7223
2.5921767573958667  3434
2.593286067020457  9207
2.5943925503754266  7114
2.595496221825574  4862
2.59659709562646  7275
2.597695185925512  7224
2.598790506763115  3315
2.5998830720736876  4126
2.6009728956867484  6134
2.6020599913279625  6890
2.603144372620182  6675
2.60422605308447  2649
2.6053050461411096  4696
2.606381365110605  9386
2.6074550232146687  7440
2.6085260335771943  6666
2.60959440922522  5570
2.61066016308988  8451
2.611723308007342  6736
2.6127838567197355  5530
2.6138418218760693  4115
2.6148972160331345  8488
2.615950051656401  4492
2.617000341120899  3581
2.6180480967120925  5433
2.6190933306267428  6155
2.6201360549737576  4893
2.621176281775035  5593
2.622214022966295  4656
2.6232492903979003  4705
2.6242820958356683  4925
2.625312450961674  4463
2.6263403673750423  5759
2.6273658565927325  7918
2.6283889300503116  6815
2.629409599102719  5102
2.630427875025024  5157
2.6314437690131722  6276
2.6324572921847245  6629
2.6334684555795866  6520
2.6344772701607315  4727
2.635483746814912  6297
2.6364878963533656  5271
2.637489729512511  4116
2.6384892569546374  3941
2.639486489268586  5808
2.640481436970422  6433
2.6414741105040997  6909
2.6424645202421213  3862
2.6434526764861874  6316
2.6444385894678386  3563
2.645422269349092  5308
2.6464037262230695  3496
2.6473829701146196  4202
2.6483600109809315  5302
2.649334858712142  4251
2.6503075231319366  4858
2.651278013998144  5555
2.6522463410033232  4518
2.6532125137753435  6295
2.6541765418779604  5329
2.655138434811382  5719
2.656098202012832  5916
2.6570558528571038  4716
2.6580113966571126  5242
2.658964842664435  5318
2.6599162000698504  6914
2.660865478003869  4882
2.661812685537261  5139
2.662757831681574  6878
2.663700925389648  5431
2.6646419755561257  2238
2.6655809910179533  6035
2.6665179805548807  4417
2.667452952889954  5965
2.66838591669  6384
2.6693168805661123  3308
2.670245853074124  4534
2.6711728427150834  3987
2.6720978579357175  4907
2.673020907128896  7297
2.673941998634088  6576
2.6748611407378116  4497
2.6757783416740852  5029
2.6766936096248664  5203
2.677606952720493  5542
2.678518379040114  5909
2.6794278966121188  4784
2.680335513414563  4196
2.681241237375587  3466
2.682145076373832  6084
2.6830470382388496  6310
2.683947130751512  4151
2.6848453616444123  3974
2.6857417386022635  4268
2.6866362692622934  6591
2.6875289612146345  3267
2.6884198220027105  3072
2.6893088591236203  3856
2.690196080028514  4105
2.6910814921229687  3747
2.69196510276736  4084
2.69284691927723  5196
2.693726948923647  3169
2.694605198933569  5330
2.6954816764901977  4931
2.696356388733332  6755
2.6972293427597176  4457
2.6981005456233897  4183
2.6989700043360187  4597
2.699837725867246  4577
2.7007037171450192  3669
2.7015679850559273  7213
2.7024305364455254  6046
2.7032913781186614  3111
2.7041505168397992  3544
2.705007959333336  4614
2.7058637122839193  5369
2.7067177823367587  2611
2.7075701760979363  2778
2.708420900134713  3725
2.709269960975831  6399
2.7101173651118162  3472
2.710963118995276  5426
2.711807229041191  7544
2.7126497016272113  4703
2.7134905430939424  4209
2.714329759745233  4866
2.7151673578484576  5559
2.716003343634799  5896
2.7168377232995247  5523
2.717670503002262  3072
2.718501688867274  3881
2.7193312869837265  3672
2.720159303405957  4243
2.7209857441537393  5149
2.7218106152125467  5547
2.722633922533812  3584
2.7234556720351857  4966
2.724275869600789  4395
2.725094521081469  3620
2.7259116322950483  3311
2.7267272090265724  4518
2.727541257028556  3368
2.7283537820212285  6392
2.72916478969277  3755
2.7299742856995555  3297
2.7307822756663893  5120
2.7315887651867388  6499
2.7323937598229686  4560
2.7331972651065692  3730
2.733999286538387  5356
2.734799829588847  5011
2.73559889969818  5546
2.7363965022766426  3867
2.7371926427047373  5867
2.737987326333431  2891
2.738780558484369  3119
2.739572344450092  3008
2.7403626894942437  1226
2.741151598851785  2920
2.741939077729199  3493
2.7427251313046983  4283
2.74350976472843  4615
2.7442929831226763  2993
2.7450747915820575  3594
2.745855195173729  2949
2.7466341989375787  3387
2.747411807886423  4885
2.7481880270062002  3115
2.7489628612561616  3849
2.749736315569061  3780
2.7505083948513462  4614
2.751279103983342  4157
2.7520484478194387  3784
2.7528164311882715  6176
2.7535830588929064  3698
2.754348335711019  2922
2.7551122663950713  2255
2.7558748556724915  2342
2.756636108245848  4110
2.7573960287930244  2968
2.75815462196739  2666
2.7589118923979736  4258
2.7596678446896306  4558
2.760422483423212  3607
2.7611758131557314  3554
2.761927838420529  3282
2.762678563727436  4131
2.7634279935629373  2493
2.7641761323903307  3410
2.7649229846498886  3753
2.765668554759014  2148
2.7664128471123997  4465
2.7671558660821804  5135
2.767897616018091  3830
2.7686381012476144  2265
2.7693773260761385  4424
2.7701152947871015  4344
2.7708520116421442  3480
2.7715874808812555  3781
2.77232170672292  3930
2.7730546933642626  1671
2.7737864449811935  3822
2.7745169657285498  3642
2.7752462597402365  5170
2.775974331129369  4923
2.776701183988411  2895
2.7774268223893115  3466
2.7781512503836434  4351
2.7788744720027396  2696
2.7795964912578244  3836
2.780317312140151  3603
2.7810369386211318  3059
2.781755374652469  2693
2.782472624166286  4267
2.7831886910752575  4134
2.783903579272735  3179
2.784617292632875  4673
2.785329835010767  2016
2.786041210242554  4257
2.7867514221455614  3233
2.787460474518415  3896
2.788168371141168  2754
2.788875115775417  3283
2.7895807121644256  1909
2.7902851640332416  3767
2.790988475088816  2899
2.791690649020118  2468
2.792391689498254  3855
2.79309160017658  3715
2.7937903846908188  3459
2.7944880466591697  1918
2.795184589682424  4836
2.7958800173440754  3019
2.7965743332104296  3281
2.7972675408307164  3938
2.797959643737196  3961
2.798650645445269  2465
2.7993405494535817  2660
2.8000293592441343  2698
2.800717078282385  2925
2.801403710017355  2554
2.802089257881733  2520
2.8027737252919755  4182
2.803457115648414  2261
2.8041394323353503  2882
2.8048206787211623  2989
2.8055008581584002  3018
2.806179973983887  3740
2.8068580295188172  3042
2.807535028068853  2031
2.808210972924222  3880
2.808885867359812  3944
2.8095597146352675  2961
2.8102325179950842  2086
2.8109042806687006  2356
2.8115750058705933  3527
2.812244696800369  3790
2.8129133566428557  2654
2.813580988568192  2519
2.81424759573192  3730
2.814913181275074  2237
2.815577748324267  2373
2.816241299991783  2656
2.8169038393756605  2353
2.8175653695597807  2728
2.8182258936139557  3353
2.8188854145940097  2528
2.8195439355418688  2366
2.82020145948564  2181
2.8208579894397  3442
2.821513528404773  2802
2.8221680793680175  2847
2.8228216453031045  2308
2.823474229170301  2241
2.824125833916549  2517
2.824776462475546  3491
2.8254261177678233  2312
2.8260748027008264  3886
2.826722520168992  2352
2.8273692730538253  2619
2.828015064223977  2226
2.82865989653532  1653
2.829303772831025  2516
2.829946695941636  2837
2.8305886686851442  2185
2.8312296938670634  2299
2.8318697742805017  2296
2.832508912706236  4035
2.833147111912785  3606
2.833784374656479  2890
2.8344207036815328  2341
2.835056101720116  2725
2.8356905714924254  3188
2.8363241157067516  2851
2.8369567370595505  3090
2.837588438235511  2117
2.8382192219076257  2239
2.838849090737255  3367
2.8394780473741985  3798
2.840106094456758  2711
2.8407332346118066  2801
2.841359470454855  3381
2.8419848045901137  1705
2.842609239610562  2587
2.8432327780980096  1939
2.843855422623161  2921
2.8444771757456815  1487
2.845098040014257  2192
2.8457180179666586  2440
2.846337112129805  2648
2.846955325019824  2339
2.847572659142112  1885
2.848189116991399  2232
2.8488047010518036  2199
2.8494194137968996  3684
2.850033257689769  2985
2.8506462351830666  2905
2.8512583487190755  1910
2.851869600729766  2773
2.8524799936368566  2353
2.8530895298518657  2607
2.8536982117761744  2011
2.8543060418010806  1643
2.8549130223078554  2355
2.8555191556678  2370
2.8561244442423  2080
2.8567288903828825  2949
2.8573324964312685  1337
2.857935264719429  1595
2.858537197569639  2026
2.859138297294531  1896
2.859738566197147  1646
2.8603380065709936  2243
2.8609366207000937  2755
2.8615344108590377  1400
2.862131379313037  1907
2.8627275283179747  2522
2.863322860120456  1895
2.8639173769578603  2627
2.864511081058392  2513
2.8651039746411278  1589
2.8656960599160706  1599
2.8662873390841948  2125
2.866877814337499  1700
2.8674674878590514  1582
2.8680563618230415  1700
2.8686444383948255  2266
2.8692317197309762  2177
2.869818207979328  1712
2.870403905279027  1859
2.8709888137605755  2167
2.8715729355458786  1904
2.8721562727482928  2315
2.8727388274726686  2077
2.873320601815399  2042
2.8739015978644615  1528
2.8744818176994666  1853
2.8750612633917  1880
2.8756399370041685  1902
2.876217840591642  2791
2.8767949762007006  2333
2.877371345869774  1904
2.8779469516291885  1980
2.8785217955012063  1623
2.8790958795000727  1689
2.8796692056320534  2153
2.88024177589548  1521
2.8808135922807914  2055
2.8813846567705728  2075
2.8819549713396007  1962
2.8825245379548803  1549
2.8830933585756897  1893
2.8836614351536176  1912
2.884228769632604  2009
2.884795363948981  1652
2.885361220031512  1938
2.885926339801431  1945
2.886490725172482  1763
2.8870543780509568  2359
2.887617300335736  2643
2.888179493918325  2047
2.8887409606828927  1574
2.88930170250631  1696
2.8898617212581885  2496
2.890421018800914  2143
2.890979596989689  1801
2.8915374576725643  1219
2.8920946026904804  1416
2.8926510338773004  1538
2.893206753059848  1537
2.8937617620579434  1910
2.8943160626844384  1389
2.8948696567452528  1434
2.895422546039408  1924
2.8959747323590648  1927
2.8965262174895554  1536
2.89707700320942  2485
2.8976270912904414  2134
2.8981764834976764  2022
2.8987251815894934  1524
2.8992731873176036  1492
2.8998205024270964  1827
2.9003671286564705  1659
2.900913067737669  1547
2.9014583213961123  1519
2.9020028913507296  1664
2.902546779313991  1633
2.9030899869919438  1717
2.9036325160842376  1712
2.9041743682841634  1354
2.904715545278681  1409
2.905256048748451  1441
2.9057958803678687  1897
2.906335041805091  1309
2.90687353472207  1367
2.907411360774586  1211
2.9079485216122722  1567
2.90848501887865  1293
2.909020854211156  1381
2.9095560292411755  1827
2.910090545594068  1761
2.910624404889201  1339
2.9111576087399764  1952
2.9116901587538613  1456
2.9122220565324155  1611
2.912753303671323  1104
2.9132839017604186  1700
2.9138138523837167  1589
2.9143431571194407  1310
2.9148718175400505  1424
2.91539983521227  1219
2.9159272116971158  1648
2.916453948549925  1152
2.9169800473203824  1356
2.9175055095525466  1594
2.9180303367848803  1450
2.9185545305502734  1083
2.9190780923760737  1380
2.919601023784111  1184
2.920123326290724  1152
2.9206450014067875  1509
2.921166050637739  1160
2.921686475483602  1106
2.9222062774390163  1094
2.92272545799326  1489
2.9232440186302764  1199
2.9237619608287004  1158
2.9242792860618816  1225
2.924795995797912  1329
2.9253120914996495  1407
2.9258275746247424  1388
2.926342446625655  1233
2.926856708949692  1084
2.9273703630390235  1186
2.9278834103307068  1258
2.9283958522567137  1382
2.928907690243953  1117
2.929418925714293  1185
2.929929560084588  1143
2.9304395947667  1163
2.930949031167523  1200
2.931457870689005  1059
2.931966114728173  951
2.932473764677153  1188
2.932980821923198  1126
2.9334872878487053  1205
2.9339931638312424  1325
2.934498451243568  1126
2.935003151453655  936
2.9355072658247128  978
2.9360107957152097  1059
2.936513742478893  864
2.9370161074648142  1020
2.937517892017347  834
2.9380190974762104  1210
2.938519725176492  967
2.9390197764486663  1025
2.9395192526186187  1229
2.9400181550076634  926
2.940516484932567  1019
2.9410142437055695  959
2.941511432634403  868
2.942008053022313  1156
2.9425041061680806  930
2.9429995933660407  1026
2.9434945159061026  1129
2.9439888750737717  938
2.9444826721501687  991
2.9449759084120477  914
2.94546858513182  1047
2.9459607035775686  1058
2.946452265013073  894
2.9469432706978256  1036
2.9474337218870508  874
2.9479236198317262  1127
2.948412965778601  946
2.9489017609702137  930
2.949390006644913  866
2.949877704036875  903
2.950364854376123  1051
2.9508514588885464  1115
2.951337518795918  730
2.951823035315912  1029
2.9523080096621253  940
2.952792443044092  958
2.9532763366673045  828
2.9537596917332287  825
2.9542425094393248  889
2.954724790979063  1280
2.9552065375419416  800
2.9556877503135057  986
2.9561684304753633  810
2.9566485792052033  817
2.957128197676813  834
2.957607287060095  997
2.958085848521085  1021
2.9585638832219674  824
2.9590413923210934  983
2.9595183769729982  758
2.959994838328416  851
2.960470777534299  890
2.960946195733831  964
2.9614210940664485  932
2.9618954736678504  856
2.962369335670021  844
2.9628426812012423  680
2.9633155113861114  894
2.963787827345555  858
2.964259630196849  842
2.9647309210536292  792
2.965201701025912  736
2.9656719712201065  793
2.9661417327390325  726
2.966610986681934  934
2.967079734144497  770
2.967547976218862  707
2.968015713993642  785
2.9684829485539352  701
2.9689496809813427  848
2.9694159123539814  600
2.9698816437465  698
2.9703468762300935  736
2.9708116108725178  751
2.971275848738105  755
2.971739590887778  689
2.9722028383790646  510
2.972665592266111  725
2.9731278535996988  549
2.973589623427257  703
2.9740509027928774  561
2.9745116927373285  524
2.974971994298069  528
2.975431808509263  678
2.975891136401793  606
2.9763499790032735  592
2.976808337338066  591
2.977266212427293  510
2.9777236052888476  564
2.978180516937414  580
2.9786369483844743  485
2.979092900638326  453
2.979548374704095  393
2.9800033715837464  401
2.9804578922761  429
2.9809119377768436  476
2.9813655090785445  428
2.9818186071706636  376
2.9822712330395684  453
2.9827233876685453  348
2.983175072037813  419
2.9836262871245345  394
2.984077033902831  364
2.9845273133437926  349
2.9849771264154934  351
2.9854264740830017  335
2.9858753573083936  306
2.986323777050765  233
2.9867717342662448  323
2.9872192299080047  338
2.9876662649262746  314
2.988112840268352  282
2.9885589568786157  217
2.989004615698537  219
2.9894498176666917  228
2.989894563718773  176
2.9903388547876015  280
2.9907826918031377  246
2.9912260756924947  184
2.9916690073799486  199
2.9921114877869495  188
2.9925535178321354  164
2.9929950984313414  132
2.9934362304976116  166
2.993876914941211  176
2.9943171526696366  138
2.9947569445876283  117
2.9951962915971793  111
2.99563519459755  155
2.9960736544852753  133
2.9965116721541785  142
2.996949248495381  125
2.997386384397313  94
2.9978230807457256  98
2.998259338423699  85
2.998695158311656  106
2.999130541287371  88
2.9995654882259823  60
3.0  59
3.000434077479319  78
3.0008677215312267  68
3.0013009330204183  48
3.0017337128090005  81
3.002166061756508  55
3.0025979807199086  48
3.003029470553618  46
3.0034605321095067  83
3.0038911662369103  55
3.0043213737826426  44
3.004751155591001  19
3.0051805125037805  20
3.0056094453602804  17
3.0060379549973173  28
3.0064660422492318  57
3.0068937079479006  36
3.0073209529227447  22
3.00774777800074  27
3.0081741840064264  28
3.0086001717619175  24
3.0090257420869104  13
3.009450895798694  18
3.00987563371216  17
3.010299956639812  20
3.010723865391773  22
3.0111473607757975  3
3.0115704435972783  9
3.011993114659257  4
3.012415374762433  14
3.012837224705172  6
3.0132586652835167  14
3.0136796972911926  6
3.0141003215196207  4
3.0145205387579237  7
3.0149403497929366  5
3.0153597554092144  3
3.015778756389041  4
3.016197353512439  10
3.016615547557177  2
3.0170333392987803  5
3.017450729510536  3
3.0178677189635055  7
3.018284308426531  3
3.0187004986662433  2
3.019116290447073  4
3.0195316845312554  5
3.0199466816788423  1
3.0203612826477078  3
3.020775488193558  4
3.0211892990699383  2
3.021602716028242  1
3.02201573981772  1
3.0224283711854865  2
3.0232524596337114  1
3.024074987307426  1
