0.3010299956639812  637306
0.47712125471966244  333445
0.6020599913279624  231085
0.6989700043360189  185436
0.7781512503836436  143381
0.8450980400142568  121649
0.9030899869919435  110126
0.9542425094393249  107388
1.0  95150
1.0413926851582251  75080
1.0791812460476249  66701
1.1139433523068367  48870
1.146128035678238  55790
1.1760912590556813  34092
1.2041199826559248  33258
1.2304489213782739  31160
1.255272505103306  21389
1.2787536009528289  21578
1.3010299956639813  10813
1.3222192947339193  10795
1.3424226808222062  11410
1.3617278360175928  4450
1.380211241711606  8575
1.3979400086720377  6219
1.414973347970818  4961
1.4313637641589874  10870
1.4471580313422192  3245
1.462397997898956  9107
1.4771212547196624  3430
1.4913616938342726  3174
1.505149978319906  8287
1.5185139398778875  6608
1.5314789170422551  4197
1.5440680443502757  3928
1.5563025007672873  5978
1.568201724066995  7836
1.5797835966168101  5757
1.591064607026499  6424
1.6020599913279623  4895
1.6127838567197355  3235
1.6232492903979006  6090
1.6334684555795864  6582
1.6434526764861874  7309
1.6532125137753437  7969
1.662757831681574  4723
1.6720978579357175  3819
1.6812412373755872  8557
1.6901960800285136  7057
1.6989700043360187  8493
1.7075701760979363  4911
1.7160033436347992  6372
1.724275869600789  10065
1.7323937598229686  11758
1.7403626894942439  6640
1.7481880270062005  10033
1.7558748556724915  7086
1.7634279935629373  8589
1.7708520116421442  5827
1.7781512503836436  3508
1.7853298350107671  4568
1.792391689498254  8205
1.7993405494535817  4763
1.806179973983887  2987
1.8129133566428555  5767
1.8195439355418688  9019
1.8260748027008264  7121
1.8325089127062364  5366
1.8388490907372552  5829
1.845098040014257  6537
1.8512583487190752  2131
1.8573324964312685  7370
1.863322860120456  4101
1.8692317197309762  6411
1.8750612633917  6714
1.8808135922807914  5948
1.8864907251724818  6668
1.8920946026904804  6269
1.8976270912904414  4726
1.9030899869919435  5702
1.9084850188786497  7829
1.9138138523837167  8309
1.919078092376074  6124
1.9242792860618816  3551
1.9294189257142926  5025
1.9344984512435677  6930
1.9395192526186185  9281
1.9444826721501687  4159
1.9493900066449128  8017
1.954242509439325  5227
1.9590413923210936  5938
1.9637878273455553  6051
1.968482948553935  5481
1.9731278535996986  9187
1.9777236052888478  2702
1.9822712330395684  5858
1.9867717342662448  5805
1.9912260756924949  11536
1.99563519459755  7210
2.0  6080
2.0043213737826426  5270
2.0086001717619175  8966
2.012837224705172  3705
2.0170333392987803  6382
2.0211892990699383  4932
2.0253058652647704  4343
2.0293837776852097  10594
2.03342375548695  6894
2.037426497940624  5431
2.041392685158225  3984
2.0453229787866576  7130
2.0492180226701815  5977
2.0530784434834195  7151
2.0569048513364727  3725
2.060697840353612  3703
2.0644579892269186  5203
2.0681858617461617  2587
2.0718820073061255  6159
2.0755469613925306  5544
2.0791812460476247  5950
2.0827853703164503  3414
2.0863598306747484  6164
2.089905111439398  8478
2.093421685162235  4937
2.0969100130080562  5155
2.100370545117563  2690
2.103803720955957  3088
2.1072099696478683  3719
2.110589710299249  4448
2.113943352306837  9565
2.1172712956557644  3998
2.12057393120585  7419
2.123851640967086  5441
2.1271047983648077  3500
2.130333768495006  7085
2.1335389083702174  8519
2.1367205671564067  5009
2.1398790864012365  6414
2.143014800254095  8976
2.146128035678238  6214
2.1492191126553797  5130
2.1522883443830563  6177
2.155336037465062  6409
2.1583624920952498  6446
2.161368002234975  1696
2.164352855784437  5405
2.167317334748176  5745
2.1702617153949575  3739
2.173186268412274  3348
2.1760912590556813  3652
2.1789769472931693  3666
2.1818435879447726  9847
2.184691430817599  7707
2.187520720836463  7207
2.1903316981702914  4337
2.1931245983544616  7471
2.1958996524092336  6815
2.1986570869544226  4764
2.2013971243204513  7036
2.2041199826559246  6656
2.2068258760318495  5855
2.2095150145426308  5679
2.2121876044039577  2276
2.214843848047698  5744
2.2174839442139063  4399
2.220108088040055  4655
2.2227164711475833  4220
2.225309281725863  5306
2.2278867046136734  5739
2.230448921378274  3110
2.2329961103921536  5192
2.2355284469075487  4219
2.2380461031287955  3735
2.2405492482826  4326
2.2430380486862944  3617
2.24551266781415  5935
2.247973266361807  3511
2.250420002308894  4837
2.2528530309798933  4727
2.255272505103306  4497
2.2576785748691846  5331
2.2600713879850747  6741
2.2624510897304293  7403
2.2648178230095364  3734
2.2671717284030137  5773
2.2695129442179165  6984
2.271841606536499  6594
2.27415784926368  4563
2.2764618041732443  4914
2.278753600952829  5563
2.2810333672477277  5339
2.2833012287035497  6710
2.285557309007774  3260
2.287801729930226  5893
2.290034611362518  5152
2.292256071356476  4868
2.294466226161593  5462
2.296665190261531  5997
2.298853076409707  5875
2.3010299956639813  6246
2.303196057420489  5796
2.305351369446624  4837
2.307496037913213  5416
2.3096301674258988  4621
2.311753861055754  3026
2.3138672203691533  7596
2.315970345456918  3426
2.3180633349627615  4633
2.3201462861110542  4013
2.322219294733919  2840
2.3242824552976926  2507
2.326335860928751  6872
2.3283796034387376  6396
2.330413773349191  4289
2.3324384599156054  5392
2.3344537511509307  4369
2.3364597338485296  3233
2.3384564936046046  4485
2.3404441148401185  5058
2.342422680822206  6852
2.3443922736851106  3386
2.346352974450639  6586
2.3483048630481607  3367
2.3502480183341627  4087
2.3521825181113627  3680
2.3541084391474008  4719
2.3560258571931225  2512
2.357934847000454  3987
2.359835482339888  4573
2.361727836017593  6421
2.3636119798921444  6452
2.3654879848909  3826
2.367355921026019  3785
2.369215857410143  3514
2.3710678622717363  7103
2.3729120029701067  4563
2.374748346010104  3605
2.376576957056512  4218
2.3783979009481375  4738
2.380211241711606  2988
2.3820170425748683  4300
2.383815365980431  3399
2.385606273598312  4971
2.387389826338729  3128
2.3891660843645326  3741
2.3909351071033793  4469
2.392696953259666  5037
2.3944516808262164  3834
2.3961993470957363  5162
2.3979400086720375  6116
2.399673721481038  3592
2.401400540781544  4258
2.403120521175818  4792
2.404833716619938  2870
2.406540180433955  3557
2.4082399653118496  4644
2.4099331233312946  3449
2.41161970596323  4379
2.413299764081252  5127
2.4149733479708178  3835
2.416640507338281  3324
2.4183012913197452  4124
2.419955748489758  3763
2.4216039268698313  3986
2.423245873936808  4981
2.424881636631067  3735
2.4265112613645754  4318
2.428134794028789  1905
2.429752280002408  3131
2.4313637641589874  5601
2.432969290874406  6871
2.4345689040341987  2208
2.436162647040756  4463
2.437750562820388  2762
2.439332693830263  2770
2.4409090820652177  1767
2.4424797690644486  3424
2.444044795918076  4402
2.4456042032735974  2717
2.4471580313422194  3069
2.44870631990508  2642
2.450249108319361  5085
2.45178643552429  2173
2.4533183400470375  3925
2.45484486000851  5184
2.456366033129043  4441
2.4578818967339924  6926
2.459392487759231  4253
2.4608978427565478  4958
2.462397997898956  3537
2.4638929889859074  3313
2.4653828514484184  4639
2.4668676203541096  2958
2.4683473304121573  3616
2.469822015978163  2447
2.4712917110589387  2469
2.4727564493172123  4067
2.4742162640762553  2533
2.4756711883244296  5182
2.4771212547196626  3414
2.4785664955938436  4022
2.4800069429571505  3683
2.481442628502305  2863
2.482873583608754  4351
2.484299839346786  1702
2.48572142648158  3672
2.4871383754771865  2444
2.4885507165004443  3566
2.4899584794248346  2233
2.4913616938342726  5143
2.4927603890268375  4579
2.494154594018443  3873
2.4955443375464483  4715
2.496929648073215  4862
2.4983105537896004  3712
2.499687082618404  4515
2.5010592622177517  2288
2.5024271199844326  2306
2.503790683057181  3070
2.505149978319906  4931
2.506505032404872  4205
2.507855871695831  4734
2.509202522331103  3061
2.510545010206612  4458
2.5118833609788744  4278
2.513217600067939  3858
2.514547752660286  3472
2.515873843711679  4626
2.5171958979499744  3371
2.5185139398778875  5204
2.519827993775719  4011
2.5211380837040362  2478
2.5224442335063197  2790
2.5237464668115646  2811
2.525044807036845  3913
2.526339277389844  3409
2.5276299008713385  3535
2.5289167002776547  4008
2.530199698203082  4146
2.531478917042255  3759
2.5327543789924976  2495
2.534026106056135  3536
2.5352941200427703  2243
2.53655844257153  2736
2.537819095073274  2947
2.5390760987927767  3493
2.5403294747908736  3608
2.5415792439465807  3755
2.5428254269591797  2975
2.5440680443502757  2215
2.545307116465824  2056
2.546542663478131  3087
2.5477747053878224  3647
2.5490032620257876  2476
2.550228353055094  2917
2.5514499979728753  3265
2.552668216112193  3803
2.5538830266438746  2400
2.5550944485783194  2766
2.5563025007672873  2780
2.5575072019056577  2536
2.558708570533166  3885
2.5599066250361124  4240
2.561101383649056  3800
2.5622928644564746  4067
2.5634810853944106  3357
2.5646660642520893  3119
2.5658478186735176  3085
2.56702636615906  3882
2.568201724066995  2535
2.569373909615046  3658
2.5705429398818973  3140
2.571708831808688  2790
2.5728716022004803  3125
2.574031267727719  2629
2.575187844927661  1978
2.576341350205793  2455
2.5774917998372255  2811
2.578639209968072  3078
2.57978359661681  3737
2.5809249756756194  2953
2.582063362911709  1793
2.583198773968623  3069
2.584331224367531  2453
2.5854607295085006  3064
2.586587304671755  2262
2.5877109650189114  4231
2.5888317255942073  2918
2.5899496013257077  3389
2.591064607026499  3650
2.5921767573958667  2235
2.593286067020457  2798
2.5943925503754266  3227
2.595496221825574  2885
2.59659709562646  3437
2.597695185925512  3824
2.598790506763115  2585
2.5998830720736876  2537
2.6009728956867484  2189
2.6020599913279625  1776
2.603144372620182  2926
2.60422605308447  2417
2.6053050461411096  2532
2.606381365110605  4691
2.6074550232146687  3919
2.6085260335771943  2525
2.60959440922522  2229
2.61066016308988  2920
2.611723308007342  2101
2.6127838567197355  2744
2.6138418218760693  3214
2.6148972160331345  2740
2.615950051656401  2125
2.617000341120899  2487
2.6180480967120925  2415
2.6190933306267428  2712
2.6201360549737576  3408
2.621176281775035  2463
2.622214022966295  2278
2.6232492903979003  2075
2.6242820958356683  2848
2.625312450961674  2585
2.6263403673750423  2302
2.6273658565927325  1510
2.6283889300503116  3123
2.629409599102719  2637
2.630427875025024  2370
2.6314437690131722  1941
2.6324572921847245  2038
2.6334684555795866  2691
2.6344772701607315  3850
2.635483746814912  1981
2.6364878963533656  2100
2.637489729512511  3222
2.6384892569546374  2231
2.639486489268586  2343
2.640481436970422  2555
2.6414741105040997  2349
2.6424645202421213  2161
2.6434526764861874  2002
2.6444385894678386  2991
2.645422269349092  2754
2.6464037262230695  2175
2.6473829701146196  2314
2.6483600109809315  2046
2.649334858712142  1959
2.6503075231319366  2475
2.651278013998144  1493
2.6522463410033232  1952
2.6532125137753435  2491
2.6541765418779604  1929
2.655138434811382  2263
2.656098202012832  1864
2.6570558528571038  1630
2.6580113966571126  1676
2.658964842664435  1971
2.6599162000698504  2420
2.660865478003869  2160
2.661812685537261  1841
2.662757831681574  1373
2.663700925389648  2581
2.6646419755561257  2109
2.6655809910179533  2473
2.6665179805548807  1963
2.667452952889954  1831
2.66838591669  1563
2.6693168805661123  2210
2.670245853074124  2685
2.6711728427150834  1733
2.6720978579357175  1969
2.673020907128896  2044
2.673941998634088  1917
2.6748611407378116  1645
2.6757783416740852  2430
2.6766936096248664  2282
2.677606952720493  2364
2.678518379040114  1711
2.6794278966121188  2141
2.680335513414563  1664
2.681241237375587  2337
2.682145076373832  1696
2.6830470382388496  1694
2.683947130751512  1961
2.6848453616444123  2039
2.6857417386022635  2263
2.6866362692622934  2248
2.6875289612146345  1942
2.6884198220027105  2579
2.6893088591236203  2005
2.690196080028514  1773
2.6910814921229687  1805
2.69196510276736  2384
2.69284691927723  1734
2.693726948923647  1993
2.694605198933569  1776
2.6954816764901977  1874
2.696356388733332  1850
2.6972293427597176  1534
2.6981005456233897  1516
2.6989700043360187  1845
2.699837725867246  1739
2.7007037171450192  1727
2.7015679850559273  1721
2.7024305364455254  1524
2.7032913781186614  1593
2.7041505168397992  2055
2.705007959333336  1368
2.7058637122839193  1441
2.7067177823367587  1701
2.7075701760979363  1216
2.708420900134713  1509
2.709269960975831  2040
2.7101173651118162  1467
2.710963118995276  1521
2.711807229041191  1901
2.7126497016272113  1346
2.7134905430939424  1543
2.714329759745233  1656
2.7151673578484576  1628
2.716003343634799  1528
2.7168377232995247  1723
2.717670503002262  1526
2.718501688867274  1659
2.7193312869837265  1455
2.720159303405957  1603
2.7209857441537393  1464
2.7218106152125467  1830
2.722633922533812  1630
2.7234556720351857  1473
2.724275869600789  976
2.725094521081469  1522
2.7259116322950483  1434
2.7267272090265724  1708
2.727541257028556  1508
2.7283537820212285  1588
2.72916478969277  1478
2.7299742856995555  1290
2.7307822756663893  1776
2.7315887651867388  1316
2.7323937598229686  1375
2.7331972651065692  1375
2.733999286538387  1347
2.734799829588847  1240
2.73559889969818  1373
2.7363965022766426  1531
2.7371926427047373  1516
2.737987326333431  1521
2.738780558484369  1176
2.739572344450092  1342
2.7403626894942437  1319
2.741151598851785  1198
2.741939077729199  1177
2.7427251313046983  1390
2.74350976472843  1269
2.7442929831226763  1108
2.7450747915820575  1179
2.745855195173729  1413
2.7466341989375787  1362
2.747411807886423  1187
2.7481880270062002  1392
2.7489628612561616  1334
2.749736315569061  1009
2.7505083948513462  1206
2.751279103983342  1057
2.7520484478194387  1269
2.7528164311882715  1236
2.7535830588929064  1224
2.754348335711019  1200
2.7551122663950713  1080
2.7558748556724915  1404
2.756636108245848  1154
2.7573960287930244  1178
2.75815462196739  924
2.7589118923979736  1240
2.7596678446896306  1151
2.760422483423212  1211
2.7611758131557314  1074
2.761927838420529  1053
2.762678563727436  1049
2.7634279935629373  1097
2.7641761323903307  866
2.7649229846498886  1049
2.765668554759014  1222
2.7664128471123997  1122
2.7671558660821804  872
2.767897616018091  934
2.7686381012476144  953
2.7693773260761385  788
2.7701152947871015  1016
2.7708520116421442  1067
2.7715874808812555  873
2.77232170672292  845
2.7730546933642626  971
2.7737864449811935  1004
2.7745169657285498  923
2.7752462597402365  774
2.775974331129369  1013
2.776701183988411  908
2.7774268223893115  838
2.7781512503836434  751
2.7788744720027396  868
2.7795964912578244  781
2.780317312140151  919
2.7810369386211318  712
2.781755374652469  838
2.782472624166286  752
2.7831886910752575  750
2.783903579272735  751
2.784617292632875  703
2.785329835010767  579
2.786041210242554  763
2.7867514221455614  599
2.787460474518415  623
2.788168371141168  481
2.788875115775417  571
2.7895807121644256  593
2.7902851640332416  468
2.790988475088816  592
2.791690649020118  566
2.792391689498254  528
2.79309160017658  549
2.7937903846908188  338
2.7944880466591697  452
2.795184589682424  422
2.7958800173440754  408
2.7965743332104296  338
2.7972675408307164  380
2.797959643737196  309
2.798650645445269  391
2.7993405494535817  394
2.8000293592441343  298
2.800717078282385  279
2.801403710017355  298
2.802089257881733  276
2.8027737252919755  245
2.803457115648414  248
2.8041394323353503  252
2.8048206787211623  269
2.8055008581584002  213
2.806179973983887  182
2.8068580295188172  229
2.807535028068853  165
2.808210972924222  228
2.808885867359812  185
2.8095597146352675  144
2.8102325179950842  141
2.8109042806687006  150
2.8115750058705933  86
2.812244696800369  131
2.8129133566428557  113
2.813580988568192  111
2.81424759573192  92
2.814913181275074  104
2.815577748324267  92
2.816241299991783  58
2.8169038393756605  80
2.8175653695597807  82
2.8182258936139557  87
2.8188854145940097  56
2.8195439355418688  54
2.82020145948564  30
2.8208579894397  80
2.821513528404773  30
2.8221680793680175  49
2.8228216453031045  36
2.823474229170301  53
2.824125833916549  37
2.824776462475546  73
2.8254261177678233  28
2.8260748027008264  30
2.826722520168992  20
2.8273692730538253  27
2.828015064223977  23
2.82865989653532  15
2.829303772831025  27
2.829946695941636  21
2.8305886686851442  16
2.8312296938670634  36
2.8318697742805017  8
2.832508912706236  8
2.833147111912785  7
2.833784374656479  10
2.8344207036815328  9
2.835056101720116  2
2.8356905714924254  5
2.8363241157067516  2
2.8369567370595505  4
2.837588438235511  4
2.8382192219076257  1
2.838849090737255  1
2.8394780473741985  1
2.840106094456758  1
2.841359470454855  1
2.842609239610562  2
2.843855422623161  1
2.8444771757456815  11
2.8457180179666586  1
2.847572659142112  1
2.8494194137968996  2
2.8512583487190755  1
