0.3010299956639812  1204
0.47712125471966244  1232
0.6020599913279624  1236
0.6989700043360189  1238
0.7781512503836436  1190
0.8450980400142568  1214
0.9030899869919435  1202
0.9542425094393249  1208
1.0  1174
1.0413926851582251  1222
1.0791812460476249  1206
1.1139433523068367  1202
1.146128035678238  1223
1.1760912590556813  1219
1.2041199826559248  1233
1.2304489213782739  1194
1.255272505103306  1209
1.2787536009528289  1198
1.3010299956639813  1197
1.3222192947339193  1204
1.3424226808222062  1205
1.3617278360175928  1181
1.380211241711606  1205
1.3979400086720377  1213
1.414973347970818  1145
1.4313637641589874  1185
1.4471580313422192  1173
1.462397997898956  1215
1.4771212547196624  1200
1.4913616938342726  1211
1.505149978319906  1186
1.5185139398778875  1204
1.5314789170422551  1238
1.5440680443502757  1211
1.5563025007672873  1168
1.568201724066995  1230
1.5797835966168101  1195
1.591064607026499  1166
1.6020599913279623  1198
1.6127838567197355  1235
1.6232492903979006  1218
1.6334684555795864  1209
1.6434526764861874  1196
1.6532125137753437  1202
1.662757831681574  1199
1.6720978579357175  1192
1.6812412373755872  1187
1.6901960800285136  1204
1.6989700043360187  1193
1.7075701760979363  1197
1.7160033436347992  1223
1.724275869600789  1191
1.7323937598229686  1204
1.7403626894942439  1205
1.7481880270062005  1192
1.7558748556724915  1202
1.7634279935629373  1199
1.7708520116421442  1212
1.7781512503836436  1213
1.7853298350107671  1179
1.792391689498254  1212
1.7993405494535817  1220
1.806179973983887  1192
1.8129133566428555  1189
1.8195439355418688  1210
1.8260748027008264  1216
1.8325089127062364  1219
1.8388490907372552  1191
1.845098040014257  1215
1.8512583487190752  1200
1.8573324964312685  1217
1.863322860120456  1216
1.8692317197309762  1226
1.8750612633917  1205
1.8808135922807914  1196
1.8864907251724818  1202
1.8920946026904804  1187
1.8976270912904414  1213
1.9030899869919435  1209
1.9084850188786497  1228
1.9138138523837167  1205
1.919078092376074  1193
1.9242792860618816  1212
1.9294189257142926  1189
1.9344984512435677  1227
1.9395192526186185  1207
1.9444826721501687  1219
1.9493900066449128  1208
1.954242509439325  1198
1.9590413923210936  1169
1.9637878273455553  1220
1.968482948553935  1197
1.9731278535996986  1225
1.9777236052888478  1193
1.9822712330395684  1205
1.9867717342662448  1212
1.9912260756924949  1200
1.99563519459755  1199
2.0  1190
2.0043213737826426  1207
2.0086001717619175  1222
2.012837224705172  1226
2.0170333392987803  1211
2.0211892990699383  1201
2.0253058652647704  1180
2.0293837776852097  1217
2.03342375548695  1187
2.037426497940624  1217
2.041392685158225  1213
2.0453229787866576  1236
2.0492180226701815  1196
2.0530784434834195  1205
2.0569048513364727  1190
2.060697840353612  1193
2.0644579892269186  1221
2.0681858617461617  1185
2.0718820073061255  1219
2.0755469613925306  1197
2.0791812460476247  1207
2.0827853703164503  1207
2.0863598306747484  1237
2.089905111439398  1217
2.093421685162235  1193
2.0969100130080562  1216
2.100370545117563  1224
2.103803720955957  1194
2.1072099696478683  1177
2.110589710299249  1187
2.113943352306837  1183
2.1172712956557644  1237
2.12057393120585  1212
2.123851640967086  1212
2.1271047983648077  1205
2.130333768495006  1193
2.1335389083702174  1211
2.1367205671564067  1213
2.1398790864012365  1209
2.143014800254095  1179
2.146128035678238  1200
2.1492191126553797  1207
2.1522883443830563  1220
2.155336037465062  1189
2.1583624920952498  1192
2.161368002234975  1197
2.164352855784437  1212
2.167317334748176  1219
2.1702617153949575  1202
2.173186268412274  1196
2.1760912590556813  1173
2.1789769472931693  1222
2.1818435879447726  1213
2.184691430817599  1197
2.187520720836463  1219
2.1903316981702914  1223
2.1931245983544616  1204
2.1958996524092336  1213
2.1986570869544226  1201
2.2013971243204513  1190
2.2041199826559246  1184
2.2068258760318495  1208
2.2095150145426308  1168
2.2121876044039577  1185
2.214843848047698  1230
2.2174839442139063  1212
2.220108088040055  1224
2.2227164711475833  1193
2.225309281725863  1216
2.2278867046136734  1219
2.230448921378274  1237
2.2329961103921536  1211
2.2355284469075487  1162
2.2380461031287955  1195
2.2405492482826  1201
2.2430380486862944  1206
2.24551266781415  1205
2.247973266361807  1193
2.250420002308894  1182
2.2528530309798933  1220
2.255272505103306  1191
2.2576785748691846  1238
2.2600713879850747  1210
2.2624510897304293  1202
2.2648178230095364  1224
2.2671717284030137  1195
2.2695129442179165  1199
2.271841606536499  1195
2.27415784926368  1186
2.2764618041732443  1196
2.278753600952829  1207
2.2810333672477277  1212
2.2833012287035497  1193
2.285557309007774  1211
2.287801729930226  1220
2.290034611362518  1196
2.292256071356476  1214
2.294466226161593  1233
2.296665190261531  1189
2.298853076409707  1222
2.3010299956639813  1208
2.303196057420489  1212
2.305351369446624  1191
2.307496037913213  1226
2.3096301674258988  1210
2.311753861055754  1226
2.3138672203691533  1193
2.315970345456918  1191
2.3180633349627615  1210
2.3201462861110542  1193
2.322219294733919  1197
2.3242824552976926  1196
2.326335860928751  1186
2.3283796034387376  1227
2.330413773349191  1186
2.3324384599156054  1209
2.3344537511509307  1186
2.3364597338485296  1186
2.3384564936046046  1233
2.3404441148401185  1234
2.342422680822206  1240
2.3443922736851106  1157
2.346352974450639  1211
2.3483048630481607  1209
2.3502480183341627  1211
2.3521825181113627  1192
2.3541084391474008  1209
2.3560258571931225  1217
2.357934847000454  1186
2.359835482339888  1253
2.361727836017593  1204
2.3636119798921444  1205
2.3654879848909  1235
2.367355921026019  1204
2.369215857410143  1219
2.3710678622717363  1208
2.3729120029701067  1179
2.374748346010104  1187
2.376576957056512  1239
2.3783979009481375  1178
2.380211241711606  1224
2.3820170425748683  1211
2.383815365980431  1186
2.385606273598312  1239
2.387389826338729  1200
2.3891660843645326  1221
2.3909351071033793  1213
2.392696953259666  1219
2.3944516808262164  1215
2.3961993470957363  1193
2.3979400086720375  1206
2.399673721481038  1212
2.401400540781544  1209
2.403120521175818  1191
2.404833716619938  1226
2.406540180433955  1203
2.4082399653118496  1206
2.4099331233312946  1228
2.41161970596323  1205
2.413299764081252  1218
2.4149733479708178  1265
2.416640507338281  1217
2.4183012913197452  1212
2.419955748489758  1232
2.4216039268698313  1194
2.423245873936808  1202
2.424881636631067  1224
2.4265112613645754  1191
2.428134794028789  1201
2.429752280002408  1209
2.4313637641589874  1178
2.432969290874406  1211
2.4345689040341987  1207
2.436162647040756  1190
2.437750562820388  1196
2.439332693830263  1219
2.4409090820652177  1213
2.4424797690644486  1189
2.444044795918076  1223
2.4456042032735974  1205
2.4471580313422194  1228
2.44870631990508  1215
2.450249108319361  1216
2.45178643552429  1188
2.4533183400470375  1183
2.45484486000851  1169
2.456366033129043  1196
2.4578818967339924  1171
2.459392487759231  1213
2.4608978427565478  1222
2.462397997898956  1195
2.4638929889859074  1208
2.4653828514484184  1196
2.4668676203541096  1197
2.4683473304121573  1185
2.469822015978163  1186
2.4712917110589387  1171
2.4727564493172123  1226
2.4742162640762553  1178
2.4756711883244296  1226
2.4771212547196626  1222
2.4785664955938436  1188
2.4800069429571505  1219
2.481442628502305  1231
2.482873583608754  1198
2.484299839346786  1242
2.48572142648158  1187
2.4871383754771865  1201
2.4885507165004443  1238
2.4899584794248346  1203
2.4913616938342726  1214
2.4927603890268375  1195
2.494154594018443  1155
2.4955443375464483  1234
2.496929648073215  1167
2.4983105537896004  1213
2.499687082618404  1192
2.5010592622177517  1213
2.5024271199844326  1208
2.503790683057181  1212
2.505149978319906  1188
2.506505032404872  1175
2.507855871695831  1193
2.509202522331103  1214
2.510545010206612  1196
2.5118833609788744  1198
2.513217600067939  1217
2.514547752660286  1176
2.515873843711679  1174
2.5171958979499744  1207
2.5185139398778875  1184
2.519827993775719  1188
2.5211380837040362  1217
2.5224442335063197  1194
2.5237464668115646  1219
2.525044807036845  1210
2.526339277389844  1214
2.5276299008713385  1197
2.5289167002776547  1198
2.530199698203082  1190
2.531478917042255  1231
2.5327543789924976  1191
2.534026106056135  1172
2.5352941200427703  1196
2.53655844257153  1192
2.537819095073274  1196
2.5390760987927767  1197
2.5403294747908736  1214
2.5415792439465807  1226
2.5428254269591797  1232
2.5440680443502757  1198
2.545307116465824  1199
2.546542663478131  1184
2.5477747053878224  1217
2.5490032620257876  1228
2.550228353055094  1201
2.5514499979728753  1259
2.552668216112193  1202
2.5538830266438746  1210
2.5550944485783194  1213
2.5563025007672873  1162
2.5575072019056577  1187
2.558708570533166  1204
2.5599066250361124  1226
2.561101383649056  1188
2.5622928644564746  1230
2.5634810853944106  1182
2.5646660642520893  1180
2.5658478186735176  1208
2.56702636615906  1228
2.568201724066995  1192
2.569373909615046  1188
2.5705429398818973  1186
2.571708831808688  1215
2.5728716022004803  1238
2.574031267727719  1186
2.575187844927661  1217
2.576341350205793  1183
2.5774917998372255  1197
2.578639209968072  1239
2.57978359661681  1197
2.5809249756756194  1211
2.582063362911709  1227
2.583198773968623  1170
2.584331224367531  1230
2.5854607295085006  1199
2.586587304671755  1214
2.5877109650189114  1204
2.5888317255942073  1221
2.5899496013257077  1211
2.591064607026499  1203
2.5921767573958667  1181
2.593286067020457  1192
2.5943925503754266  1216
2.595496221825574  1197
2.59659709562646  1227
2.597695185925512  1207
2.598790506763115  1216
2.5998830720736876  1213
2.6009728956867484  1192
2.6020599913279625  1238
2.603144372620182  1200
2.60422605308447  1167
2.6053050461411096  1204
2.606381365110605  1192
2.6074550232146687  1191
2.6085260335771943  1214
2.60959440922522  1180
2.61066016308988  1221
2.611723308007342  1201
2.6127838567197355  1219
2.6138418218760693  1241
2.6148972160331345  1214
2.615950051656401  1194
2.617000341120899  1195
2.6180480967120925  1219
2.6190933306267428  1213
2.6201360549737576  1182
2.621176281775035  1225
2.622214022966295  1195
2.6232492903979003  1218
2.6242820958356683  1214
2.625312450961674  1203
2.6263403673750423  1211
2.6273658565927325  1201
2.6283889300503116  1192
2.629409599102719  1192
2.630427875025024  1199
2.6314437690131722  1211
2.6324572921847245  1196
2.6334684555795866  1218
2.6344772701607315  1237
2.635483746814912  1191
2.6364878963533656  1174
2.637489729512511  1213
2.6384892569546374  1224
2.639486489268586  1228
2.640481436970422  1233
2.6414741105040997  1188
2.6424645202421213  1203
2.6434526764861874  1234
2.6444385894678386  1231
2.645422269349092  1228
2.6464037262230695  1176
2.6473829701146196  1172
2.6483600109809315  1217
2.649334858712142  1217
2.6503075231319366  1215
2.651278013998144  1203
2.6522463410033232  1182
2.6532125137753435  1209
2.6541765418779604  1212
2.655138434811382  1210
2.656098202012832  1204
2.6570558528571038  1221
2.6580113966571126  1228
2.658964842664435  1204
2.6599162000698504  1210
2.660865478003869  1203
2.661812685537261  1193
2.662757831681574  1202
2.663700925389648  1190
2.6646419755561257  1200
2.6655809910179533  1200
2.6665179805548807  1216
2.667452952889954  1204
2.66838591669  1210
2.6693168805661123  1218
2.670245853074124  1201
2.6711728427150834  1227
2.6720978579357175  1186
2.673020907128896  1209
2.673941998634088  1195
2.6748611407378116  1171
2.6757783416740852  1225
2.6766936096248664  1209
2.677606952720493  1193
2.678518379040114  1214
2.6794278966121188  1212
2.680335513414563  1187
2.681241237375587  1187
2.682145076373832  1202
2.6830470382388496  1203
2.683947130751512  1209
2.6848453616444123  1208
2.6857417386022635  1205
2.6866362692622934  1211
2.6875289612146345  1202
2.6884198220027105  1230
2.6893088591236203  1214
2.690196080028514  1202
2.6910814921229687  1211
2.69196510276736  1204
2.69284691927723  1206
2.693726948923647  1201
2.694605198933569  1216
2.6954816764901977  1206
2.696356388733332  1237
2.6972293427597176  1236
2.6981005456233897  1182
2.6989700043360187  1192
2.699837725867246  1202
2.7007037171450192  1232
2.7015679850559273  1218
2.7024305364455254  1217
2.7032913781186614  1187
2.7041505168397992  1183
2.705007959333336  1194
2.7058637122839193  1213
2.7067177823367587  1197
2.7075701760979363  1198
2.708420900134713  1234
2.709269960975831  1222
2.7101173651118162  1239
2.710963118995276  1201
2.711807229041191  1208
2.7126497016272113  1207
2.7134905430939424  1191
2.714329759745233  1211
2.7151673578484576  1186
2.716003343634799  1166
2.7168377232995247  1206
2.717670503002262  1177
2.718501688867274  1197
2.7193312869837265  1215
2.720159303405957  1239
2.7209857441537393  1210
2.7218106152125467  1170
2.722633922533812  1184
2.7234556720351857  1223
2.724275869600789  1200
2.725094521081469  1199
2.7259116322950483  1199
2.7267272090265724  1185
2.727541257028556  1201
2.7283537820212285  1237
2.72916478969277  1260
2.7299742856995555  1231
2.7307822756663893  1222
2.7315887651867388  1205
2.7323937598229686  1199
2.7331972651065692  1185
2.733999286538387  1227
2.734799829588847  1204
2.73559889969818  1251
2.7363965022766426  1192
2.7371926427047373  1200
2.737987326333431  1223
2.738780558484369  1224
2.739572344450092  1231
2.7403626894942437  1189
2.741151598851785  1173
2.741939077729199  1222
2.7427251313046983  1229
2.74350976472843  1209
2.7442929831226763  1205
2.7450747915820575  1205
2.745855195173729  1216
2.7466341989375787  1238
2.747411807886423  1212
2.7481880270062002  1231
2.7489628612561616  1207
2.749736315569061  1184
2.7505083948513462  1220
2.751279103983342  1200
2.7520484478194387  1205
2.7528164311882715  1210
2.7535830588929064  1195
2.754348335711019  1215
2.7551122663950713  1214
2.7558748556724915  1216
2.756636108245848  1184
2.7573960287930244  1206
2.75815462196739  1216
2.7589118923979736  1217
2.7596678446896306  1230
2.760422483423212  1220
2.7611758131557314  1224
2.761927838420529  1236
2.762678563727436  1202
2.7634279935629373  1189
2.7641761323903307  1193
2.7649229846498886  1226
2.765668554759014  1202
2.7664128471123997  1205
2.7671558660821804  1230
2.767897616018091  1211
2.7686381012476144  1234
2.7693773260761385  1226
2.7701152947871015  1210
2.7708520116421442  1185
2.7715874808812555  1231
2.77232170672292  1201
2.7730546933642626  1236
2.7737864449811935  1203
2.7745169657285498  1197
2.7752462597402365  1209
2.775974331129369  1180
2.776701183988411  1173
2.7774268223893115  1220
2.7781512503836434  1203
2.7788744720027396  1217
2.7795964912578244  1209
2.780317312140151  1198
2.7810369386211318  1194
2.781755374652469  1207
2.782472624166286  1224
2.7831886910752575  1197
2.783903579272735  1225
2.784617292632875  1211
2.785329835010767  1225
2.786041210242554  1204
2.7867514221455614  1203
2.787460474518415  1215
2.788168371141168  1210
2.788875115775417  1234
2.7895807121644256  1208
2.7902851640332416  1195
2.790988475088816  1218
2.791690649020118  1194
2.792391689498254  1233
2.79309160017658  1211
2.7937903846908188  1209
2.7944880466591697  1205
2.795184589682424  1215
2.7958800173440754  1225
2.7965743332104296  1179
2.7972675408307164  1207
2.797959643737196  1211
2.798650645445269  1184
2.7993405494535817  1229
2.8000293592441343  1200
2.800717078282385  1176
2.801403710017355  1235
2.802089257881733  1196
2.8027737252919755  1208
2.803457115648414  1170
2.8041394323353503  1225
2.8048206787211623  1192
2.8055008581584002  1196
2.806179973983887  1220
2.8068580295188172  1259
2.807535028068853  1197
2.808210972924222  1204
2.808885867359812  1199
2.8095597146352675  1198
2.8102325179950842  1215
2.8109042806687006  1221
2.8115750058705933  1238
2.812244696800369  1244
2.8129133566428557  1218
2.813580988568192  1201
2.81424759573192  1252
2.814913181275074  1198
2.815577748324267  1185
2.816241299991783  1228
2.8169038393756605  1208
2.8175653695597807  1206
2.8182258936139557  1186
2.8188854145940097  1184
2.8195439355418688  1211
2.82020145948564  1217
2.8208579894397  1195
2.821513528404773  1190
2.8221680793680175  1199
2.8228216453031045  1223
2.823474229170301  1176
2.824125833916549  1180
2.824776462475546  1177
2.8254261177678233  1196
2.8260748027008264  1208
2.826722520168992  1194
2.8273692730538253  1208
2.828015064223977  1238
2.82865989653532  1182
2.829303772831025  1209
2.829946695941636  1197
2.8305886686851442  1218
2.8312296938670634  1211
2.8318697742805017  1229
2.832508912706236  1195
2.833147111912785  1187
2.833784374656479  1182
2.8344207036815328  1223
2.835056101720116  1201
2.8356905714924254  1186
2.8363241157067516  1226
2.8369567370595505  1211
2.837588438235511  1200
2.8382192219076257  1190
2.838849090737255  1198
2.8394780473741985  1208
2.840106094456758  1184
2.8407332346118066  1182
2.841359470454855  1213
2.8419848045901137  1202
2.842609239610562  1212
2.8432327780980096  1197
2.843855422623161  1163
2.8444771757456815  1169
2.845098040014257  1181
2.8457180179666586  1185
2.846337112129805  1149
2.846955325019824  1173
2.847572659142112  1176
2.848189116991399  1125
2.8488047010518036  1140
2.8494194137968996  1138
2.850033257689769  1139
2.8506462351830666  1162
2.8512583487190755  1091
2.851869600729766  1133
2.8524799936368566  1142
2.8530895298518657  1114
2.8536982117761744  1110
2.8543060418010806  1122
2.8549130223078554  1105
2.8555191556678  1101
2.8561244442423  1092
2.8567288903828825  1109
2.8573324964312685  1069
2.857935264719429  1046
2.858537197569639  1070
2.859138297294531  1041
2.859738566197147  1029
2.8603380065709936  1009
2.8609366207000937  975
2.8615344108590377  996
2.862131379313037  969
2.8627275283179747  948
2.863322860120456  948
2.8639173769578603  938
2.864511081058392  918
2.8651039746411278  873
2.8656960599160706  857
2.8662873390841948  862
2.866877814337499  831
2.8674674878590514  796
2.8680563618230415  765
2.8686444383948255  765
2.8692317197309762  751
2.869818207979328  718
2.870403905279027  690
2.8709888137605755  673
2.8715729355458786  651
2.8721562727482928  627
2.8727388274726686  591
2.873320601815399  545
2.8739015978644615  550
2.8744818176994666  515
2.8750612633917  500
2.8756399370041685  465
2.876217840591642  471
2.8767949762007006  432
2.877371345869774  415
2.8779469516291885  403
2.8785217955012063  369
2.8790958795000727  338
2.8796692056320534  326
2.88024177589548  318
2.8808135922807914  298
2.8813846567705728  276
2.8819549713396007  265
2.8825245379548803  266
2.8830933585756897  226
2.8836614351536176  226
2.884228769632604  208
2.884795363948981  196
2.885361220031512  182
2.885926339801431  171
2.886490725172482  157
2.8870543780509568  161
2.887617300335736  153
2.888179493918325  136
2.8887409606828927  132
2.88930170250631  116
2.8898617212581885  116
2.890421018800914  106
2.890979596989689  103
2.8915374576725643  86
2.8920946026904804  77
2.8926510338773004  71
2.893206753059848  64
2.8937617620579434  59
2.8943160626844384  49
2.8948696567452528  49
2.895422546039408  48
2.8959747323590648  37
2.8965262174895554  38
2.89707700320942  32
2.8976270912904414  27
2.8981764834976764  31
2.8987251815894934  19
2.8992731873176036  24
2.8998205024270964  16
2.9003671286564705  14
2.900913067737669  15
2.9014583213961123  13
2.9020028913507296  10
2.902546779313991  6
2.9030899869919438  7
2.9036325160842376  6
2.9041743682841634  5
2.904715545278681  4
2.905256048748451  5
2.9057958803678687  2
2.906335041805091  2
2.90687353472207  2
2.907411360774586  2
2.9079485216122722  1
2.90848501887865  1
2.909020854211156  1
2.9095560292411755  2
2.910090545594068  1
2.910624404889201  1
2.9111576087399764  1
