0.3010299956639812  36239
0.47712125471966244  36493
0.6020599913279624  34544
0.6989700043360189  32892
0.7781512503836436  36553
0.8450980400142568  32951
0.9030899869919435  35334
0.9542425094393249  33078
1.0  37530
1.0413926851582251  36692
1.0791812460476249  36426
1.1139433523068367  33553
1.146128035678238  34642
1.1760912590556813  34774
1.2041199826559248  33421
1.2304489213782739  32156
1.255272505103306  35280
1.2787536009528289  35726
1.3010299956639813  34175
1.3222192947339193  35110
1.3424226808222062  36547
1.3617278360175928  32512
1.380211241711606  31592
1.3979400086720377  34593
1.414973347970818  33730
1.4313637641589874  36431
1.4471580313422192  34355
1.462397997898956  35929
1.4771212547196624  35417
1.4913616938342726  32559
1.505149978319906  34431
1.5185139398778875  30448
1.5314789170422551  26716
1.5440680443502757  24846
1.5563025007672873  20809
1.568201724066995  17860
1.5797835966168101  16181
1.591064607026499  12857
1.6020599913279623  12815
1.6127838567197355  11214
1.6232492903979006  10199
1.6334684555795864  10292
1.6434526764861874  10309
1.6532125137753437  9852
1.662757831681574  9913
1.6720978579357175  9469
1.6812412373755872  9615
1.6901960800285136  9499
1.6989700043360187  10726
1.7075701760979363  10602
1.7160033436347992  10067
1.724275869600789  8850
1.7323937598229686  12038
1.7403626894942439  9848
1.7481880270062005  11415
1.7558748556724915  9772
1.7634279935629373  11125
1.7708520116421442  9265
1.7781512503836436  9972
1.7853298350107671  9759
1.792391689498254  11345
1.7993405494535817  10717
1.806179973983887  10561
1.8129133566428555  11471
1.8195439355418688  10473
1.8260748027008264  9636
1.8325089127062364  9567
1.8388490907372552  9148
1.845098040014257  10761
1.8512583487190752  10664
1.8573324964312685  10707
1.863322860120456  10947
1.8692317197309762  9800
1.8750612633917  9622
1.8808135922807914  10692
1.8864907251724818  9809
1.8920946026904804  10791
1.8976270912904414  8952
1.9030899869919435  10555
1.9084850188786497  10929
1.9138138523837167  11847
1.919078092376074  10405
1.9242792860618816  10301
1.9294189257142926  10097
1.9344984512435677  10287
1.9395192526186185  10165
1.9444826721501687  11393
1.9493900066449128  9583
1.954242509439325  10080
1.9590413923210936  10985
1.9637878273455553  10397
1.968482948553935  9766
1.9731278535996986  9477
1.9777236052888478  10012
1.9822712330395684  11907
1.9867717342662448  10215
1.9912260756924949  10104
1.99563519459755  9556
2.0  9588
2.0043213737826426  9842
2.0086001717619175  10820
2.012837224705172  10025
2.0170333392987803  10144
2.0211892990699383  10638
2.0253058652647704  10558
2.0293837776852097  9889
2.03342375548695  10319
2.037426497940624  10767
2.041392685158225  8497
2.0453229787866576  11906
2.0492180226701815  10750
2.0530784434834195  10786
2.0569048513364727  10028
2.060697840353612  10717
2.0644579892269186  10664
2.0681858617461617  10344
2.0718820073061255  10423
2.0755469613925306  10020
2.0791812460476247  10254
2.0827853703164503  10011
2.0863598306747484  10981
2.089905111439398  11179
2.093421685162235  9457
2.0969100130080562  8656
2.100370545117563  10387
2.103803720955957  10728
2.1072099696478683  8555
2.110589710299249  10714
2.113943352306837  11190
2.1172712956557644  10191
2.12057393120585  10522
2.123851640967086  10440
2.1271047983648077  10837
2.130333768495006  9811
2.1335389083702174  11267
2.1367205671564067  10987
2.1398790864012365  11585
2.143014800254095  10238
2.146128035678238  11212
2.1492191126553797  11076
2.1522883443830563  10516
2.155336037465062  10081
2.1583624920952498  11744
2.161368002234975  10511
2.164352855784437  10573
2.167317334748176  8976
2.1702617153949575  10847
2.173186268412274  9145
2.1760912590556813  10339
2.1789769472931693  10169
2.1818435879447726  10273
2.184691430817599  10441
2.187520720836463  10139
2.1903316981702914  9010
2.1931245983544616  10549
2.1958996524092336  9822
2.1986570869544226  10141
2.2013971243204513  10492
2.2041199826559246  10324
2.2068258760318495  9718
2.2095150145426308  10059
2.2121876044039577  9397
2.214843848047698  10014
2.2174839442139063  9742
2.220108088040055  9173
2.2227164711475833  10614
2.225309281725863  9891
2.2278867046136734  9673
2.230448921378274  10098
2.2329961103921536  9980
2.2355284469075487  11345
2.2380461031287955  9963
2.2405492482826  10996
2.2430380486862944  10308
2.24551266781415  11694
2.247973266361807  10094
2.250420002308894  9226
2.2528530309798933  10456
2.255272505103306  10460
2.2576785748691846  9522
2.2600713879850747  11901
2.2624510897304293  11113
2.2648178230095364  9110
2.2671717284030137  10339
2.2695129442179165  10665
2.271841606536499  10297
2.27415784926368  11288
2.2764618041732443  10263
2.278753600952829  11258
2.2810333672477277  9790
2.2833012287035497  11103
2.285557309007774  9756
2.287801729930226  10313
2.290034611362518  9693
2.292256071356476  10049
2.294466226161593  10134
2.296665190261531  11056
2.298853076409707  10433
2.3010299956639813  10644
2.303196057420489  9179
2.305351369446624  10222
2.307496037913213  10590
2.3096301674258988  10166
2.311753861055754  9870
2.3138672203691533  9583
2.315970345456918  10285
2.3180633349627615  8617
2.3201462861110542  9218
2.322219294733919  9516
2.3242824552976926  11477
2.326335860928751  12217
2.3283796034387376  11026
2.330413773349191  10322
2.3324384599156054  10260
2.3344537511509307  9175
2.3364597338485296  9239
2.3384564936046046  9315
2.3404441148401185  9825
2.342422680822206  9331
2.3443922736851106  11291
2.346352974450639  10239
2.3483048630481607  10826
2.3502480183341627  9468
2.3521825181113627  11691
2.3541084391474008  9921
2.3560258571931225  10068
2.357934847000454  10406
2.359835482339888  10223
2.361727836017593  11657
2.3636119798921444  8816
2.3654879848909  10863
2.367355921026019  9298
2.369215857410143  10683
2.3710678622717363  9436
2.3729120029701067  11313
2.374748346010104  9212
2.376576957056512  10445
2.3783979009481375  10177
2.380211241711606  9904
2.3820170425748683  9892
2.383815365980431  9984
2.385606273598312  10847
2.387389826338729  11315
2.3891660843645326  9190
2.3909351071033793  9373
2.392696953259666  10635
2.3944516808262164  10623
2.3961993470957363  10845
2.3979400086720375  11106
2.399673721481038  10348
2.401400540781544  9646
2.403120521175818  11518
2.404833716619938  10229
2.406540180433955  9937
2.4082399653118496  10347
2.4099331233312946  9856
2.41161970596323  10504
2.413299764081252  10423
2.4149733479708178  10694
2.416640507338281  9844
2.4183012913197452  9809
2.419955748489758  10683
2.4216039268698313  9722
2.423245873936808  10130
2.424881636631067  9833
2.4265112613645754  9197
2.428134794028789  10074
2.429752280002408  9010
2.4313637641589874  10015
2.432969290874406  10596
2.4345689040341987  9584
2.436162647040756  9567
2.437750562820388  9518
2.439332693830263  8773
2.4409090820652177  10370
2.4424797690644486  10339
2.444044795918076  11264
2.4456042032735974  10732
2.4471580313422194  9423
2.44870631990508  9477
2.450249108319361  9885
2.45178643552429  9503
2.4533183400470375  9837
2.45484486000851  9346
2.456366033129043  10400
2.4578818967339924  10731
2.459392487759231  10103
2.4608978427565478  9053
2.462397997898956  11932
2.4638929889859074  9242
2.4653828514484184  9734
2.4668676203541096  9605
2.4683473304121573  10565
2.469822015978163  9022
2.4712917110589387  10708
2.4727564493172123  9831
2.4742162640762553  10643
2.4756711883244296  10473
2.4771212547196626  10664
2.4785664955938436  10487
2.4800069429571505  8875
2.481442628502305  9829
2.482873583608754  9311
2.484299839346786  10759
2.48572142648158  11108
2.4871383754771865  10327
2.4885507165004443  9443
2.4899584794248346  10363
2.4913616938342726  11540
2.4927603890268375  10526
2.494154594018443  9837
2.4955443375464483  11351
2.496929648073215  10093
2.4983105537896004  11103
2.499687082618404  10728
2.5010592622177517  11077
2.5024271199844326  9415
2.503790683057181  10473
2.505149978319906  9181
2.506505032404872  10090
2.507855871695831  10706
2.509202522331103  10661
2.510545010206612  9461
2.5118833609788744  10391
2.513217600067939  10878
2.514547752660286  12194
2.515873843711679  10620
2.5171958979499744  9924
2.5185139398778875  10755
2.519827993775719  10030
2.5211380837040362  10871
2.5224442335063197  11312
2.5237464668115646  10893
2.525044807036845  11155
2.526339277389844  9816
2.5276299008713385  9736
2.5289167002776547  9629
2.530199698203082  10861
2.531478917042255  9873
2.5327543789924976  10351
2.534026106056135  9241
2.5352941200427703  10697
2.53655844257153  9862
2.537819095073274  9168
2.5390760987927767  10101
2.5403294747908736  10245
2.5415792439465807  10550
2.5428254269591797  9996
2.5440680443502757  11400
2.545307116465824  9113
2.546542663478131  10098
2.5477747053878224  9611
2.5490032620257876  9748
2.550228353055094  9109
2.5514499979728753  9173
2.552668216112193  10436
2.5538830266438746  9530
2.5550944485783194  10920
2.5563025007672873  10333
2.5575072019056577  10685
2.558708570533166  9676
2.5599066250361124  10658
2.561101383649056  10196
2.5622928644564746  9878
2.5634810853944106  11098
2.5646660642520893  10738
2.5658478186735176  10582
2.56702636615906  8907
2.568201724066995  10901
2.569373909615046  10426
2.5705429398818973  9007
2.571708831808688  10554
2.5728716022004803  8883
2.574031267727719  10545
2.575187844927661  10239
2.576341350205793  8818
2.5774917998372255  11689
2.578639209968072  9612
2.57978359661681  9750
2.5809249756756194  10499
2.582063362911709  9146
2.583198773968623  10048
2.584331224367531  10420
2.5854607295085006  10504
2.586587304671755  9001
2.5877109650189114  9620
2.5888317255942073  9699
2.5899496013257077  10337
2.591064607026499  9960
2.5921767573958667  9625
2.593286067020457  9609
2.5943925503754266  10108
2.595496221825574  9508
2.59659709562646  10079
2.597695185925512  9189
2.598790506763115  10172
2.5998830720736876  11694
2.6009728956867484  9366
2.6020599913279625  10447
2.603144372620182  10165
2.60422605308447  9613
2.6053050461411096  10669
2.606381365110605  9544
2.6074550232146687  9813
2.6085260335771943  10457
2.60959440922522  10577
2.61066016308988  10255
2.611723308007342  9270
2.6127838567197355  10037
2.6138418218760693  9776
2.6148972160331345  10107
2.615950051656401  10367
2.617000341120899  9498
2.6180480967120925  10335
2.6190933306267428  10012
2.6201360549737576  9869
2.621176281775035  10724
2.622214022966295  10465
2.6232492903979003  10090
2.6242820958356683  10839
2.625312450961674  9792
2.6263403673750423  9189
2.6273658565927325  11598
2.6283889300503116  9947
2.629409599102719  11985
2.630427875025024  11866
2.6314437690131722  8805
2.6324572921847245  9320
2.6334684555795866  10550
2.6344772701607315  11585
2.635483746814912  9846
2.6364878963533656  11118
2.637489729512511  9671
2.6384892569546374  10011
2.639486489268586  10424
2.640481436970422  10684
2.6414741105040997  9556
2.6424645202421213  10642
2.6434526764861874  9358
2.6444385894678386  9738
2.645422269349092  10937
2.6464037262230695  11314
2.6473829701146196  9470
2.6483600109809315  10302
2.649334858712142  11167
2.6503075231319366  10035
2.651278013998144  10323
2.6522463410033232  9453
2.6532125137753435  10479
2.6541765418779604  9632
2.655138434811382  9982
2.656098202012832  10223
2.6570558528571038  9656
2.6580113966571126  10738
2.658964842664435  9762
2.6599162000698504  11553
2.660865478003869  11114
2.661812685537261  9782
2.662757831681574  9661
2.663700925389648  10197
2.6646419755561257  10766
2.6655809910179533  10942
2.6665179805548807  9862
2.667452952889954  11550
2.66838591669  11574
2.6693168805661123  10267
2.670245853074124  9794
2.6711728427150834  10218
2.6720978579357175  10617
2.673020907128896  11042
2.673941998634088  11327
2.6748611407378116  10293
2.6757783416740852  9648
2.6766936096248664  10059
2.677606952720493  9680
2.678518379040114  9985
2.6794278966121188  10810
2.680335513414563  10728
2.681241237375587  10627
2.682145076373832  10557
2.6830470382388496  9992
2.683947130751512  8951
2.6848453616444123  9410
2.6857417386022635  10145
2.6866362692622934  10398
2.6875289612146345  9756
2.6884198220027105  11932
2.6893088591236203  9618
2.690196080028514  9676
2.6910814921229687  9651
2.69196510276736  10259
2.69284691927723  9180
2.693726948923647  11411
2.694605198933569  10740
2.6954816764901977  9030
2.696356388733332  10238
2.6972293427597176  10265
2.6981005456233897  9670
2.6989700043360187  9900
2.699837725867246  9668
2.7007037171450192  10184
2.7015679850559273  10491
2.7024305364455254  10645
2.7032913781186614  10179
2.7041505168397992  11456
2.705007959333336  9580
2.7058637122839193  10809
2.7067177823367587  10824
2.7075701760979363  9774
2.708420900134713  10179
2.709269960975831  9243
2.7101173651118162  10763
2.710963118995276  10869
2.711807229041191  10713
2.7126497016272113  9650
2.7134905430939424  10112
2.714329759745233  10571
2.7151673578484576  10507
2.716003343634799  11759
2.7168377232995247  10884
2.717670503002262  10228
2.718501688867274  10302
2.7193312869837265  9185
2.720159303405957  11912
2.7209857441537393  9418
2.7218106152125467  10237
2.722633922533812  10959
2.7234556720351857  10576
2.724275869600789  10436
2.725094521081469  10824
2.7259116322950483  10616
2.7267272090265724  11369
2.727541257028556  10034
2.7283537820212285  10271
2.72916478969277  10614
2.7299742856995555  10648
2.7307822756663893  9774
2.7315887651867388  9438
2.7323937598229686  9737
2.7331972651065692  9864
2.733999286538387  9738
2.734799829588847  11216
2.73559889969818  10319
2.7363965022766426  10112
2.7371926427047373  9690
2.737987326333431  10380
2.738780558484369  10084
2.739572344450092  9329
2.7403626894942437  10385
2.741151598851785  10945
2.741939077729199  8934
2.7427251313046983  10711
2.74350976472843  9551
2.7442929831226763  9822
2.7450747915820575  9728
2.745855195173729  10451
2.7466341989375787  8567
2.747411807886423  10429
2.7481880270062002  10423
2.7489628612561616  10110
2.749736315569061  10654
2.7505083948513462  9964
2.751279103983342  9699
2.7520484478194387  10100
2.7528164311882715  9880
2.7535830588929064  9643
2.754348335711019  11472
2.7551122663950713  9360
2.7558748556724915  9585
2.756636108245848  11787
2.7573960287930244  9352
2.75815462196739  10024
2.7589118923979736  11149
2.7596678446896306  9830
2.760422483423212  9868
2.7611758131557314  10645
2.761927838420529  10780
2.762678563727436  8765
2.7634279935629373  9598
2.7641761323903307  10243
2.7649229846498886  10832
2.765668554759014  11496
2.7664128471123997  9541
2.7671558660821804  9889
2.767897616018091  10446
2.7686381012476144  10752
2.7693773260761385  10214
2.7701152947871015  11712
2.7708520116421442  9499
2.7715874808812555  9837
2.77232170672292  9832
2.7730546933642626  9834
2.7737864449811935  9379
2.7745169657285498  10531
2.7752462597402365  10995
2.775974331129369  10526
2.776701183988411  10699
2.7774268223893115  10030
2.7781512503836434  10217
2.7788744720027396  11025
2.7795964912578244  10954
2.780317312140151  10788
2.7810369386211318  9598
2.781755374652469  10192
2.782472624166286  10070
2.7831886910752575  9429
2.783903579272735  9728
2.784617292632875  8737
2.785329835010767  10852
2.786041210242554  10641
2.7867514221455614  11540
2.787460474518415  10683
2.788168371141168  9741
2.788875115775417  9883
2.7895807121644256  10715
2.7902851640332416  9141
2.790988475088816  10783
2.791690649020118  9841
2.792391689498254  10067
2.79309160017658  9253
2.7937903846908188  9894
2.7944880466591697  11571
2.795184589682424  10209
2.7958800173440754  9748
2.7965743332104296  11018
2.7972675408307164  10790
2.797959643737196  9427
2.798650645445269  10281
2.7993405494535817  9559
2.8000293592441343  9634
2.800717078282385  10132
2.801403710017355  9475
2.802089257881733  10415
2.8027737252919755  9886
2.803457115648414  9858
2.8041394323353503  9740
2.8048206787211623  11084
2.8055008581584002  10154
2.806179973983887  9520
2.8068580295188172  9793
2.807535028068853  9766
2.808210972924222  10860
2.808885867359812  12032
2.8095597146352675  9541
2.8102325179950842  12240
2.8109042806687006  10096
2.8115750058705933  9915
2.812244696800369  12778
2.8129133566428557  11507
2.813580988568192  10898
2.81424759573192  10934
2.814913181275074  9761
2.815577748324267  11892
2.816241299991783  9845
2.8169038393756605  9543
2.8175653695597807  9649
2.8182258936139557  11354
2.8188854145940097  10058
2.8195439355418688  9971
2.82020145948564  11090
2.8208579894397  9284
2.821513528404773  9610
2.8221680793680175  10813
2.8228216453031045  10589
2.823474229170301  9607
2.824125833916549  10913
2.824776462475546  8948
2.8254261177678233  10375
2.8260748027008264  11297
2.826722520168992  10825
2.8273692730538253  9994
2.828015064223977  9892
2.82865989653532  10469
2.829303772831025  11438
2.829946695941636  10746
2.8305886686851442  10096
2.8312296938670634  9775
2.8318697742805017  10247
2.832508912706236  9676
2.833147111912785  11093
2.833784374656479  10308
2.8344207036815328  10621
2.835056101720116  11385
2.8356905714924254  10053
2.8363241157067516  10304
2.8369567370595505  10587
2.837588438235511  10116
2.8382192219076257  10620
2.838849090737255  9230
2.8394780473741985  9496
2.840106094456758  10547
2.8407332346118066  10295
2.841359470454855  11355
2.8419848045901137  10525
2.842609239610562  10300
2.8432327780980096  10337
2.843855422623161  10212
2.8444771757456815  11132
2.845098040014257  9224
2.8457180179666586  10528
2.846337112129805  9658
2.846955325019824  9526
2.847572659142112  10620
2.848189116991399  10281
2.8488047010518036  9970
2.8494194137968996  10381
2.850033257689769  10023
2.8506462351830666  8827
2.8512583487190755  11757
2.851869600729766  9513
2.8524799936368566  10049
2.8530895298518657  11477
2.8536982117761744  10052
2.8543060418010806  9622
2.8549130223078554  11933
2.8555191556678  10098
2.8561244442423  10840
2.8567288903828825  10720
2.8573324964312685  9272
2.857935264719429  10828
2.858537197569639  10803
2.859138297294531  9827
2.859738566197147  9919
2.8603380065709936  9565
2.8609366207000937  10892
2.8615344108590377  10555
2.862131379313037  9200
2.8627275283179747  9715
2.863322860120456  9481
2.8639173769578603  10068
2.864511081058392  10525
2.8651039746411278  9910
2.8656960599160706  10685
2.8662873390841948  11059
2.866877814337499  10208
2.8674674878590514  10487
2.8680563618230415  10405
2.8686444383948255  9807
2.8692317197309762  10857
2.869818207979328  10291
2.870403905279027  9736
2.8709888137605755  11071
2.8715729355458786  9597
2.8721562727482928  10139
2.8727388274726686  10823
2.873320601815399  9193
2.8739015978644615  10357
2.8744818176994666  10089
2.8750612633917  10060
2.8756399370041685  10144
2.876217840591642  10372
2.8767949762007006  10765
2.877371345869774  10515
2.8779469516291885  9251
2.8785217955012063  10227
2.8790958795000727  9620
2.8796692056320534  9515
2.88024177589548  9981
2.8808135922807914  10396
2.8813846567705728  9912
2.8819549713396007  10744
2.8825245379548803  9624
2.8830933585756897  10791
2.8836614351536176  10864
2.884228769632604  10088
2.884795363948981  11228
2.885361220031512  10367
2.885926339801431  10293
2.886490725172482  9210
2.8870543780509568  9772
2.887617300335736  10382
2.888179493918325  9891
2.8887409606828927  9178
2.88930170250631  9881
2.8898617212581885  10417
2.890421018800914  10919
2.890979596989689  8630
2.8915374576725643  11808
2.8920946026904804  10859
2.8926510338773004  9262
2.893206753059848  11292
2.8937617620579434  9293
2.8943160626844384  9785
2.8948696567452528  9155
2.895422546039408  9790
2.8959747323590648  10010
2.8965262174895554  10128
2.89707700320942  11042
2.8976270912904414  10346
2.8981764834976764  10759
2.8987251815894934  10824
2.8992731873176036  10871
2.8998205024270964  9194
2.9003671286564705  9387
2.900913067737669  11556
2.9014583213961123  9127
2.9020028913507296  9874
2.902546779313991  10501
2.9030899869919438  10035
2.9036325160842376  10497
2.9041743682841634  10778
2.904715545278681  9417
2.905256048748451  9730
2.9057958803678687  10528
2.906335041805091  8508
2.90687353472207  9693
2.907411360774586  11347
2.9079485216122722  9634
2.90848501887865  10663
2.909020854211156  11114
2.9095560292411755  10000
2.910090545594068  10275
2.910624404889201  10406
2.9111576087399764  11302
2.9116901587538613  8437
2.9122220565324155  9873
2.912753303671323  9799
2.9132839017604186  9571
2.9138138523837167  10419
2.9143431571194407  11099
2.9148718175400505  10552
2.91539983521227  9788
2.9159272116971158  9543
2.916453948549925  11668
2.9169800473203824  9105
2.9175055095525466  11801
2.9180303367848803  10337
2.9185545305502734  11271
2.9190780923760737  9727
2.919601023784111  10820
2.920123326290724  9597
2.9206450014067875  10582
2.921166050637739  9288
2.921686475483602  10366
2.9222062774390163  9590
2.92272545799326  10994
2.9232440186302764  10316
2.9237619608287004  10831
2.9242792860618816  9940
2.924795995797912  10560
2.9253120914996495  9384
2.9258275746247424  11150
2.926342446625655  11074
2.926856708949692  10632
2.9273703630390235  8865
2.9278834103307068  10406
2.9283958522567137  10564
2.928907690243953  8818
2.929418925714293  9869
2.929929560084588  9897
2.9304395947667  10038
2.930949031167523  9255
2.931457870689005  9835
2.931966114728173  8966
2.932473764677153  11942
2.932980821923198  10614
2.9334872878487053  10072
2.9339931638312424  10838
2.934498451243568  9950
2.935003151453655  10391
2.9355072658247128  9979
2.9360107957152097  10340
2.936513742478893  9308
2.9370161074648142  10996
2.937517892017347  10528
2.9380190974762104  9929
2.938519725176492  10043
2.9390197764486663  9230
2.9395192526186187  11150
2.9400181550076634  9541
2.940516484932567  11089
2.9410142437055695  10170
2.941511432634403  10625
2.942008053022313  11494
2.9425041061680806  9633
2.9429995933660407  10907
2.9434945159061026  8716
2.9439888750737717  10515
2.9444826721501687  11258
2.9449759084120477  9886
2.94546858513182  10629
2.9459607035775686  11211
2.946452265013073  10858
2.9469432706978256  11086
2.9474337218870508  10497
2.9479236198317262  10273
2.948412965778601  9867
2.9489017609702137  10366
2.949390006644913  9977
2.949877704036875  9495
2.950364854376123  10771
2.9508514588885464  9501
2.951337518795918  10574
2.951823035315912  9439
2.9523080096621253  10166
2.952792443044092  9680
2.9532763366673045  10894
2.9537596917332287  9740
2.9542425094393248  10525
2.954724790979063  9849
2.9552065375419416  9977
2.9556877503135057  10490
2.9561684304753633  10516
2.9566485792052033  10769
2.957128197676813  10332
2.957607287060095  10917
2.958085848521085  10919
2.9585638832219674  10074
2.9590413923210934  9188
2.9595183769729982  10337
2.959994838328416  11009
2.960470777534299  11168
2.960946195733831  10515
2.9614210940664485  9941
2.9618954736678504  9684
2.962369335670021  9991
2.9628426812012423  10100
2.9633155113861114  10239
2.963787827345555  9903
2.964259630196849  10399
2.9647309210536292  9316
2.965201701025912  9546
2.9656719712201065  10444
2.9661417327390325  9966
2.966610986681934  10754
2.967079734144497  11450
2.967547976218862  9748
2.968015713993642  10291
2.9684829485539352  10449
2.9689496809813427  12262
2.9694159123539814  9519
2.9698816437465  10148
2.9703468762300935  10824
2.9708116108725178  9286
2.971275848738105  10153
2.971739590887778  9339
2.9722028383790646  9909
2.972665592266111  10296
2.9731278535996988  9922
2.973589623427257  9722
2.9740509027928774  9513
2.9745116927373285  10142
2.974971994298069  9724
2.975431808509263  11660
2.975891136401793  11029
2.9763499790032735  9519
2.976808337338066  10302
2.977266212427293  10497
2.9777236052888476  9750
2.978180516937414  10661
2.9786369483844743  8923
2.979092900638326  10851
2.979548374704095  11916
2.9800033715837464  10001
2.9804578922761  9347
2.9809119377768436  10357
2.9813655090785445  10788
2.9818186071706636  9676
2.9822712330395684  10229
2.9827233876685453  10103
2.983175072037813  11007
2.9836262871245345  10817
2.984077033902831  11337
2.9845273133437926  10065
2.9849771264154934  10547
2.9854264740830017  10157
2.9858753573083936  9429
2.986323777050765  10947
2.9867717342662448  9628
2.9872192299080047  10450
2.9876662649262746  10892
2.988112840268352  10353
2.9885589568786157  10453
2.989004615698537  9590
2.9894498176666917  10543
2.989894563718773  10555
2.9903388547876015  10675
2.9907826918031377  11208
2.9912260756924947  10157
2.9916690073799486  10449
2.9921114877869495  10167
2.9925535178321354  11930
2.9929950984313414  10582
2.9934362304976116  9217
2.993876914941211  9685
2.9943171526696366  9891
2.9947569445876283  10445
2.9951962915971793  9603
2.99563519459755  9742
2.9960736544852753  11100
2.9965116721541785  8705
2.996949248495381  10924
2.997386384397313  10313
2.9978230807457256  10727
2.998259338423699  11156
2.998695158311656  9948
2.999130541287371  10426
2.9995654882259823  11355
3.0  10567
3.000434077479319  10238
3.0008677215312267  11191
3.0013009330204183  10445
3.0017337128090005  10080
3.002166061756508  10036
3.0025979807199086  9657
3.003029470553618  10130
3.0034605321095067  9064
3.0038911662369103  11279
3.0043213737826426  10786
3.004751155591001  10616
3.0051805125037805  9320
3.0056094453602804  11798
3.0060379549973173  10433
3.0064660422492318  10654
3.0068937079479006  9672
3.0073209529227447  10302
3.00774777800074  10658
3.0081741840064264  10711
3.0086001717619175  10672
3.0090257420869104  10698
3.009450895798694  10886
3.00987563371216  10463
3.010299956639812  10938
3.010723865391773  8978
3.0111473607757975  12162
3.0115704435972783  10367
3.011993114659257  10030
3.012415374762433  10800
3.012837224705172  11599
3.0132586652835167  9342
3.0136796972911926  9602
3.0141003215196207  10770
3.0145205387579237  10239
3.0149403497929366  10458
3.0153597554092144  10200
3.015778756389041  9139
3.016197353512439  10422
3.016615547557177  9959
3.0170333392987803  10201
3.017450729510536  11432
3.0178677189635055  10451
3.018284308426531  11496
3.0187004986662433  10606
3.019116290447073  10221
3.0195316845312554  9153
3.0199466816788423  9353
3.0203612826477078  9304
3.020775488193558  11241
3.0211892990699383  11317
3.021602716028242  9837
3.02201573981772  10620
3.0224283711854865  9906
3.022840610876528  9462
3.0232524596337114  11008
3.0236639181977933  10090
3.024074987307426  10546
3.024485667699167  11381
3.024895960107485  10467
3.0253058652647704  10627
3.025715383901341  10209
3.0261245167454502  9999
3.0265332645232967  10785
3.0269416279590295  10575
3.0273496077747564  10382
3.0277572046905536  10608
3.0281644194244697  10747
3.0285712526925375  10463
3.028977705208778  10408
3.0293837776852097  10450
3.029789470831856  10168
3.030194785356751  9473
3.030599721965951  9688
3.0310042813635367  9713
3.031408464251624  10268
3.0318122713303706  10234
3.0322157032979815  10059
3.03261876085072  10133
3.0330214446829107  9885
3.03342375548695  9956
3.03382569395331  9531
3.0342272607705505  10369
3.0346284566253203  9550
3.0350292822023683  9963
3.0354297381845483  9438
3.035829825252828  9743
3.0362295440862948  10473
3.036628895362161  10949
3.037027879755775  9893
3.037426497940624  10526
3.037824750588342  10713
3.0382226383687185  9791
3.038620161949703  8010
3.039017321997412  9848
3.0394141191761372  9461
3.0398105541483504  10440
3.0402066275747113  9312
3.040602340114073  9510
3.0409976924234905  10338
3.041392685158225  10920
3.041787318971752  11964
3.042181594515766  11640
3.0425755124401905  10276
3.0429690733931802  9962
3.0433622780211294  9655
3.0437551269686796  10038
3.044147620878723  10264
3.044539760392411  10286
3.04493154614916  10624
3.0453229787866576  9956
3.0457140589408676  10490
3.0461047872460387  9897
3.0464951643347082  10441
3.04688519083771  11240
3.0472748673841794  10454
3.04766419460156  9783
3.048053173115609  9912
3.0484418035504044  9738
3.04883008652835  10826
3.0492180226701815  10000
3.049605612594973  10066
3.0499928569201424  10285
3.050379756261458  9995
3.0507663112330423  8298
3.0511525224473814  9396
3.0515383905153275  10406
3.0519239160461065  9873
3.0523090996473234  10104
3.052693941924968  10823
3.0530784434834195  10564
3.053462604925455  10559
3.0538464268522527  10086
3.0542299098633974  9650
3.0546130545568877  9921
3.0549958615291417  9778
3.055378331375  10122
3.0557604646877348  10695
3.056142262059052  11076
3.0565237240791006  8986
3.0569048513364727  10325
3.0572856444182146  10005
3.0576661039098294  9301
3.0580462303952816  10206
3.058426024457005  9358
3.0588054866759067  9709
3.059184617631371  11304
3.0595634179012676  10556
3.059941888061955  10785
3.060320028688285  10680
3.060697840353612  9899
3.0610753236297916  10046
3.061452479087193  10277
3.061829307294699  8994
3.0622058088197126  11413
3.062581984228163  9607
3.0629578340845103  11007
3.0633333589517497  9287
3.0637085593914173  10228
3.064083435963596  10286
3.0644579892269186  10916
3.064832219738574  10729
3.065206128054312  10791
3.0655797147284485  10263
3.06595298031387  9639
3.0663259253620376  10435
3.0666985504229953  10582
3.0670708560453703  11034
3.0674428427763805  10933
3.0678145111618402  10520
3.0681858617461617  11097
3.068556895072363  10084
3.068927611682072  10914
3.0692980121155293  10226
3.0696680969115957  10282
3.070037866607755  10068
3.0704073217401198  10018
3.0707764628434346  8774
3.0711452904510828  10287
3.071513805095089  9481
3.0718820073061255  11456
3.072249897613515  11890
3.0726174765452368  9283
3.0729847446279304  10470
3.073351702386901  10288
3.0737183503461227  9601
3.074084689028244  9464
3.074450718954591  10447
3.074816440645175  9211
3.0751818546186915  10546
3.0755469613925306  10966
3.0759117614827773  10939
3.076276255404218  9517
3.076640443670342  10603
3.0770043267933502  11158
3.0773679052841563  10042
3.077731179652392  9871
3.0780941504064105  9401
3.0784568180532927  9900
3.0788191830988487  10530
3.0791812460476247  10042
3.079543007402906  9539
3.079904467666721  10250
3.0802656273398448  12131
3.0806264869218056  11109
3.080987046910887  9975
3.0813473078041325  9517
3.081707270097349  10878
3.082066934285113  10022
3.0824263008607717  10757
3.0827853703164503  9968
3.0831441431430524  10571
3.0835026198302673  9465
3.083860800866573  10842
3.0842186867392387  9759
3.084576277934331  10064
3.084933574936716  9320
3.085290578230065  10062
3.0856472882968564  9828
3.0860037056183818  10742
3.0863598306747484  11466
3.0867156639448825  10745
3.0870712059065353  10449
3.0874264570362855  10246
3.087781417809542  9920
3.0881360887005513  10615
3.0884904701823963  10655
3.088844562727004  11253
3.089198366805149  9697
3.089551882886454  11487
3.089905111439398  11268
3.090258052931316  9733
3.090610707828407  9872
3.0909630765957314  10682
3.091315159697223  10741
3.0916669575956846  9477
3.092018470752797  11071
3.0923696996291206  10933
3.0927206446840994  10586
3.0930713063760633  10342
3.093421685162235  8842
3.09377178149873  9379
3.0941215958405612  10301
3.094471128641645  11220
3.0948203803548  10655
3.095169351431755  11108
3.095518042323151  9733
3.0958664534785427  9679
3.0962145853464054  10354
3.0965624383741357  9833
3.0969100130080562  10148
3.09725730969342  10337
3.097604328874411  9428
3.09795107099415  10668
3.0982975364946976  9875
3.098643725817057  9717
3.0989896394011773  10087
3.0993352776859577  9879
3.09968064110925  10442
3.1000257301078626  11733
3.100370545117563  10715
3.1007150865730817  11432
3.1010593549081156  9190
3.101403350555331  9959
3.1017470739463664  9782
3.1020905255118367  10741
3.1024337056813365  10412
3.1027766148834415  10158
3.1031192535457137  10661
3.103461622094705  8379
3.103803720955957  9295
3.104145550554008  9533
3.104487111312395  10531
3.1048284036536553  10512
3.1051694279993316  10022
3.1055101847699738  10148
3.1058506743851435  9988
3.1061908972634154  11627
3.1065308538223815  10188
3.106870544478654  10218
3.1072099696478683  9960
3.1075491297446862  8862
3.1078880251827985  9930
3.1082266563749283  10440
3.1085650237328344  9520
3.1089031276673134  10088
3.109240968588203  10184
3.1095785469043866  10349
3.1099158630237933  9332
3.110252917353403  10106
3.110589710299249  11488
3.1109262422664203  10426
3.1112625136590655  11456
3.111598524880394  10607
3.1119342763326814  9324
3.1122697684172707  9423
3.1126050015345745  11661
3.11293997608408  10802
3.1132746924643504  11575
3.1136091510730277  10807
3.113943352306837  10739
3.1142772965615864  10637
3.114610984232173  10325
3.1149444157125847  10833
3.1152775913959014  8756
3.1156105116742996  9897
3.115943176939055  11314
3.116275587580544  10509
3.1166077439882485  8932
3.116939646550756  9682
3.1172712956557644  9877
3.117602691690084  10043
3.1179338350396413  11877
3.118264726089479  9991
3.118595365223762  9382
3.1189257528257768  10344
3.1192558892779365  10757
3.119585774961784  10856
3.119915410257991  9704
3.1202447955463652  10121
3.12057393120585  9977
3.1209028176145273  10282
3.1212314551496214  10427
3.1215598441875008  10312
3.121887985103681  11475
3.1222158782728267  9858
3.1225435240687545  9884
3.1228709228644354  11271
3.1231980750319988  9840
3.123524980942732  10358
3.123851640967086  9762
3.124178055474675  10001
3.1245042248342823  10007
3.1248301494138593  9389
3.12515582958053  10804
3.125481265700594  10182
3.125806458139527  9744
3.1261314072619846  10162
3.1264561134318045  11037
3.126780577012009  10874
3.1271047983648077  9441
3.127428777851599  10181
3.1277525158329733  10299
3.1280760126687155  9714
3.1283992687178066  10179
3.128722284338427  10488
3.1290450598879582  10102
3.1293675957229854  10420
3.129689892199301  10031
3.1300119496719043  11673
3.130333768495006  9117
3.130655349022031  9985
3.130976691605617  9637
3.131297796597623  9580
3.1316186643491255  11985
3.1319392952104246  10443
3.1322596895310446  10011
3.132579847659737  10123
3.132899769944483  10909
3.1332194567324945  10094
3.1335389083702174  10179
3.133858125203335  10758
3.1341771075767664  9994
3.1344958558346736  10390
3.13481437032046  9162
3.1351326513767748  11200
3.1354506993455136  10973
3.1357685145678222  10187
3.1360860973840974  10482
3.13640344813399  10126
3.1367205671564067  10670
3.1370374547895126  10079
3.137354111370733  10480
3.137670537236755  8791
3.137986732723532  10571
3.1383026981662816  11304
3.1386184338994925  9067
3.1389339402569236  10026
3.139249217571607  9914
3.13956426617585  9298
3.1398790864012365  11179
3.140193678578631  11160
3.1405080430381798  9223
3.1408221801093106  8668
3.141136090120739  9300
3.1414497734004674  9568
3.141763230275788  9776
3.1420764610732848  11098
3.142389466118836  11610
3.1427022457376155  9013
3.143014800254095  11159
3.143327129992046  9459
3.1436392352745433  10798
3.1439511164239633  9738
3.144262773761991  10880
3.144574207609616  9428
3.144885418287142  9310
3.1451964061141817  10794
3.1455071714096627  11165
3.1458177144918276  9937
3.146128035678238  11097
3.1464381352857744  9327
3.14674801363064  10878
3.1470576710283598  11585
3.1473671077937864  10050
3.1476763242410986  11346
3.147985320683805  11230
3.1482940974347455  9827
3.1486026548060932  9821
3.1489109931093564  9898
3.1492191126553797  10129
3.149527013754348  10311
3.149834696715785  9588
3.1501421618485588  10994
3.150449409460881  11534
3.150756439860309  10029
3.15106325335375  10086
3.1513698502474603  10204
3.151676230847048  10764
3.151982395457474  9438
3.1522883443830563  10735
3.15259407792747  9212
3.1528995963937474  9856
3.153204900084284  9809
3.1535099893008374  9209
3.153814864344529  10080
3.154119525515847  10128
3.154423973114647  11053
3.1547282074401557  9205
3.1550322287909704  11269
3.155336037465062  10997
3.1556396337597765  10270
3.1559430179718366  10185
3.1562461903973444  9489
3.1565491513317814  11237
3.156851901070011  9990
3.1571544399062814  11441
3.157456768134226  9548
3.1577588860468637  10167
3.158060793936605  9523
3.1583624920952498  11257
3.1586639808139894  10387
3.15896526038341  9835
3.159266331093494  10321
3.1595671932336202  10304
3.1598678470925665  10507
3.160168292958512  10795
3.1604685311190375  9791
3.1607685618611283  10680
3.1610683854711747  9765
3.161368002234975  9579
3.161667412437736  11585
3.161966616364075  11174
3.1622656142980214  10075
3.162564406523019  9800
3.162862993321926  11080
3.1631613749770184  9382
3.16345955176999  10388
3.163757523981956  9967
3.1640552918934515  9198
3.164352855784437  10116
3.1646502159342966  10648
3.1649473726218416  10122
3.1652443261253107  12129
3.165541076722373  9899
3.1658376246901283  10035
3.166133970305109  10909
3.166430113843283  10182
3.166726055580052  10977
3.1670217957902564  10263
3.167317334748176  10259
3.16761267272753  10151
3.16790781000148  10530
3.168202746842631  10813
3.1684974835230326  10149
3.1687920203141817  9107
3.1690863574870227  10867
3.1693804953119495  9560
3.1696744340588068  10103
3.1699681739968923  9468
3.1702617153949575  9346
3.1705550585212086  11471
3.170848203643309  10346
3.1711411510283822  9416
3.171433900943008  9725
3.171726453653231  10095
3.1720188094245563  10797
3.172310968521954  9801
3.17260293120986  9625
3.1728946977521764  10198
3.173186268412274  9847
3.1734776434529945  11244
3.17376882313665  9451
3.1740598077250253  9930
3.1743505974793798  10224
3.1746411926604483  10653
3.1749315935284423  10079
3.1752218003430523  9898
3.1755118133634475  10211
3.1758016328482794  10708
3.1760912590556813  8986
3.1763806922432702  9884
3.17666993266815  10181
3.176958980586908  11431
3.1772478362556233  9496
3.1775364999298623  9849
3.177824971864682  9780
3.1781132523146316  10711
3.178401341533755  11871
3.17868923977559  9590
3.1789769472931693  8966
3.1792644643390253  10119
3.1795517911651876  9680
3.179838928023187  10619
3.180125875164054  10565
3.180412632838324  11134
3.1806992012960347  10524
3.1809855807867304  10058
3.1812717715594614  9536
3.1815577738627865  9678
3.1818435879447726  10351
3.182129214052998  10802
3.182414652434554  10290
3.1826999033360424  10311
3.182984967003582  9702
3.1832698436828046  9439
3.1835545336188615  10711
3.1838390370564214  10548
3.184123354239671  9557
3.1844074854123203  10304
3.184691430817599  10053
3.184975190698261  11517
3.185258765296585  9355
3.185542154854375  9623
3.185825359612962  9403
3.1861083798132053  10941
3.186391215695493  9609
3.1866738674997452  10102
3.1869563354654122  10896
3.187238619831479  9693
3.187520720836463  9935
3.1878026387184195  10880
3.188084373714938  9698
3.188365926063148  9243
3.188647295999717  10537
3.1889284837608534  10848
3.189209489582306  9736
3.1894903136993675  9665
3.189770956346874  9039
3.190051417759206  10243
3.1903316981702914  9804
3.190611797813605  10646
3.1908917169221698  11235
3.1911714557285586  10519
3.1914510144648953  10195
3.1917303933628562  9526
3.1920095926536702  10188
3.1922886125681202  9641
3.1925674533365456  10816
3.192846115188842  9886
3.1931245983544616  9913
3.1934029030624176  10235
3.1936810295412816  8516
3.193958978019187  10198
3.1942367487238292  11212
3.194514341882467  10064
3.1947917577219247  10165
3.1950689964685903  9343
3.1953460583484197  10203
3.1956229435869368  9245
3.1958996524092336  9768
3.1961761850399735  10322
3.196452541703389  11270
3.196728722623287  9818
3.1970047280230456  10444
3.197280558125619  10132
3.1975562131535367  10194
3.197831693328903  10726
3.1981069988734014  10429
3.1983821300082944  9946
3.1986570869544226  9770
3.198931869932209  11510
3.1992064791616577  10014
3.199480914862356  10022
3.1997551772534747  10726
3.2000292665537704  10902
3.200303182981585  10554
3.2005769267548483  11799
3.2008504980910772  10639
3.2011238972073794  10227
3.2013971243204513  9255
3.2016701796465816  9414
3.20194306340165  9958
3.2022157758011316  10162
3.2024883170600935  10466
3.2027606873931997  9900
3.2030328870147105  10140
3.203304916138483  9912
3.2035767749779724  9464
3.2038484637462346  9239
3.2041199826559246  9945
3.2043913319193  9271
3.204662511748219  9889
3.204933522354145  10330
3.2052043639481447  9925
3.205475036740891  10445
3.205745540942662  10218
3.2060158767633444  10153
3.2062860444124324  9798
3.2065560440990297  10329
3.2068258760318495  9933
3.207095540419218  10530
3.2073650374690716  9887
3.2076343673889616  10545
3.2079035303860515  10992
3.2081725266671217  9872
3.208441356438567  10484
3.208710019906401  10537
3.2089785172762535  10470
3.2092468487533736  9960
3.2095150145426308  11394
3.209783014848515  10624
3.2100508498751372  9241
3.210318519826232  9981
3.2105860249051563  12049
3.210853365314893  10483
3.2111205412580492  10871
3.2113875529368587  10667
3.2116544005531824  10993
3.2119210843085093  10629
3.2121876044039577  9918
3.212453961040276  11195
3.2127201544178425  10212
3.212986184736668  9045
3.2132520521963968  10371
3.2135177569963047  9309
3.2137832993353044  10393
3.2140486794119414  8725
3.2143138974244  13011
3.214578953570499  11309
3.214843848047698  9956
3.215108581053093  10777
3.215373152783422  10066
3.215637563435062  10370
3.215901813204032  10818
3.216165902285993  11027
3.216429830876251  9975
3.2166935991697545  9198
3.216957207361097  10137
3.217220655644519  9863
3.2174839442139063  11194
3.2177470732627937  9845
3.218010042984363  10313
3.2182728535714475  9465
3.218535505216528  11164
3.2187979981117376  10684
3.219060332448861  11323
3.219322508419337  9822
3.2195845262142546  9437
3.219846386024361  10726
3.220108088040055  9552
3.2203696324513946  10711
3.220631019448092  10164
3.2208922492195193  10662
3.2211533219547053  9899
3.2214142378423385  8551
3.2216749970707688  9891
3.2219355998280053  11423
3.22219604630172  10521
3.222456336679247  10439
3.2227164711475833  9794
3.2229764498933915  9998
3.2232362731029975  11060
3.2234959409623944  9786
3.2237554536572413  10882
3.224014811372864  10676
3.2242740142942576  9521
3.2245330626060857  10134
3.2247919564926817  11299
3.225050696138049  9544
3.225309281725863  8654
3.225567713439471  10682
3.2258259914618934  9902
3.226084115975824  10462
3.226342087163631  9656
3.2265999052073573  10525
3.2268575702887237  9825
3.2271150825891253  9712
3.2273724422896364  9368
3.227629649571009  11527
3.2278867046136734  9470
3.2281436075977417  10349
3.228400358703005  10043
3.2286569581089353  9892
3.228913405994688  10795
3.229169702539101  10424
3.229425847920695  10253
3.229681842317676  8981
3.229937685907934  10118
3.230193378869046  9618
3.230448921378274  10892
3.230704313612569  10076
3.230959555748569  9515
3.231214647962601  10081
3.2314695904306814  9467
3.2317243833285163  11495
3.231979026831504  10159
3.2322335211147335  10716
3.232487866352986  10880
3.232742062720737  10441
3.2329961103921536  11209
3.2332500095411003  10897
3.2335037603411343  10686
3.2337573629655103  10855
3.2340108175871793  10163
3.2342641243787895  9794
3.2345172835126865  11782
3.2347702951609163  9026
3.2350231594952237  9771
3.2352758766870524  9086
3.2355284469075487  10643
3.2357808703275603  9909
3.236033147117636  10931
3.2362852774480286  11191
3.236537261488694  10085
3.2367890994092927  9863
3.237040791379191  10307
3.237292337567459  11698
3.2375437381428744  9223
3.2377949932739227  10999
3.2380461031287955  10705
3.238297067875394  9294
3.2385478876813276  10451
3.238798562713917  10868
3.2390490931401916  9942
3.2392994791268923  10699
3.239549720840473  9928
3.2397998184470986  9191
3.2400497721126476  10906
3.2402995820027125  9473
3.2405492482826  9520
3.240798771117331  10687
3.241048150671644  10474
3.2412973871099933  10370
3.2415464805965484  10345
3.241795431295199  10240
3.2420442393695508  10737
3.2422929049829308  11134
3.2425414282983844  10006
3.2427898094786767  10828
3.2430380486862944  9312
3.243286146083446  10434
3.243534101832062  10419
3.243781916093795  10328
3.244029589030022  9088
3.244277120801843  11009
3.244524511570084  9493
3.244771761495295  9958
3.245018870737753  9933
3.245265839457461  8824
3.24551266781415  10845
3.245759355967277  10467
3.246005904076029  9149
3.246252312299322  9144
3.246498580795801  10034
3.2467447097238415  10179
3.24699069924155  10549
3.247236549506764  10683
3.2474822606770544  10379
3.2477278329097232  9854
3.247973266361807  10956
3.248218561190075  10768
3.248463717551032  10218
3.2487087356009177  9777
3.2489536154957075  11280
3.249198357391113  10704
3.249442961442582  9961
3.2496874278053016  10676
3.249931756634195  9560
3.250175948083925  10365
3.250420002308894  9397
3.2506639194632436  9880
3.250907699700856  10622
3.2511513431753545  9527
3.2513948500401044  10044
3.251638220448212  9862
3.2518814545525276  9770
3.252124552505644  10992
3.2523675144598987  9796
3.252610340567373  9925
3.2528530309798933  8997
3.2530955858490316  8763
3.2533380053261065  10181
3.253580289562183  9566
3.2538224387080734  10923
3.254064452914338  8978
3.2543063323312857  10798
3.2545480771089736  9683
3.25478968739721  10114
3.2550311633455515  9263
3.255272505103306  9744
3.2555137128195333  10301
3.255754786643044  8993
3.255995726722402  9019
3.256236533205923  9908
3.256477206241677  9990
3.256717745977487  11721
3.256958152560932  10861
3.2571984261393445  11428
3.257438566859814  9923
3.2576785748691846  10258
3.2579184503140586  10151
3.2581581933407944  9752
3.258397804095509  10828
3.2586372827240764  9158
3.258876629372131  11556
3.2591158441850663  9486
3.2593549273080344  9390
3.2595938788859486  10719
3.2598326990634834  11133
3.2600713879850747  9661
3.26030994579492  9431
3.2605483726369795  10250
3.2607866686549762  11414
3.2610248339923973  10147
3.2612628687924934  10015
3.2615007731982804  9951
3.2617385473525378  11475
3.2619761913978125  10620
3.262213705476417  8186
3.2624510897304293  10207
3.2626883443016963  10990
3.2629254693318317  9996
3.2631624649622166  9960
3.263399331334002  10621
3.263636068588108  10792
3.2638726768652235  12027
3.2641091563058082  10356
3.2643455070500926  10340
3.2645817292380777  9495
3.2648178230095364  10593
3.2650537885040145  10433
3.26528962586083  11253
3.2655253352190736  10702
3.2657609167176105  11866
3.265996370495079  9919
3.266231696689893  10995
3.2664668954402414  9864
3.2667019668840878  9956
3.266936911159173  10239
3.2671717284030137  9425
3.267406418752904  11570
3.2676409823459154  10182
3.2678754193188975  10898
3.2681097298084785  10324
3.268343913951065  11662
3.268577971882843  9850
3.2688119037397803  9906
3.269045709657623  10129
3.2692793897718984  10515
3.2695129442179165  10247
3.269746373130767  10678
3.269979676645324  10184
3.2702128548962426  10391
3.2704459080179626  10199
3.2706788361447066  10750
3.2709116394104814  10355
3.2711443179490782  10478
3.2713768718940743  11196
3.271609301378832  8972
3.271841606536499  10131
3.27207378750001  9766
3.2723058444020863  9342
3.2725377773752373  8840
3.2727695865517594  10137
3.2730012720637376  10656
3.2732328340430454  8485
3.273464272621346  10385
3.273695587930092  11450
3.2739267801005254  10302
3.27415784926368  11455
3.274388795550379  9853
3.274619619091238  10776
3.274850320016665  10821
3.2750808984568587  8781
3.2753113545418118  9615
3.2755416884013098  9854
3.2757719001649312  9892
3.27600198996205  10842
3.2762319579218335  10325
3.2764618041732443  11608
3.27669152884504  10350
3.276921132065774  10614
3.277150613963797  11397
3.2773799746672547  10024
3.2776092143040914  11271
3.2778383330020473  11328
3.2780673308886628  10281
3.2782962080912736  10937
3.2785249647370174  9243
3.278753600952829  11211
3.278982116865443  10985
3.279210512601395  9788
3.2794387882870204  10579
3.2796669440484556  10066
3.279894980011638  9885
3.2801228963023075  9575
3.280350693046006  10117
3.2805783703680764  10350
3.280805928393667  10355
3.2810333672477277  10195
3.281260687055013  9607
3.2814878879400813  9860
3.281714970027296  10766
3.281941933440825  10943
3.2821687783046416  9527
3.2823955047425257  10977
3.2826221128780624  9774
3.282848602834645  11775
3.2830749747354715  10167
3.2833012287035497  10109
3.2835273648616936  9460
3.2837533833325265  9132
3.28397928423848  9507
3.284205067701794  9816
3.2844307338445193  10102
3.2846562827885157  9641
3.284881714655453  10600
3.285107029566812  10283
3.2853322276438846  9205
3.285557309007774  9755
3.285782273779395  9341
3.2860071220794747  10274
3.286231854028553  10318
3.286456469746983  9576
3.28668096935493  10234
3.286905352972375  11293
3.287129620719111  10521
3.2873537727147464  9681
3.2875778090787056  10744
3.287801729930226  10233
3.2880255353883627  9789
3.288249225571986  9547
3.2884728005997825  9795
3.288696260590256  9885
3.2889196056617265  10167
3.289142835932333  11460
3.2893659515200318  9459
3.2895889525425965  10209
3.2898118391176214  10046
3.290034611362518  10247
3.2902572693945182  9595
3.290479813330673  10452
3.2907022432878543  9486
3.2909245593827543  10631
3.2911467617318855  9930
3.291368850451583  10493
3.2915908256580013  10437
3.291812687467119  10824
3.2920344359947364  10464
3.292256071356476  10273
3.292477593667784  9524
3.29269900304393  9533
3.292920299600006  9981
3.2931414834509307  10805
3.2933625547114453  11235
3.2935835134961167  10102
3.2938043599193367  10599
3.2940250940953226  10266
3.2942457161381182  9898
3.294466226161593  10541
3.2946866242794433  10324
3.2949069106051923  9556
3.295127085252191  12019
3.295347148333618  9017
3.295567099962479  10479
3.295786940251609  10742
3.2960066693136723  10534
3.2962262872611605  9550
3.296445794206396  10318
3.296665190261531  9982
3.296884475538547  10826
3.2971036501492565  10201
3.2973227142053028  10295
3.2975416678181597  10710
3.297760511099134  9867
3.2979792441593623  9098
3.298197867109815  10420
3.2984163800612945  10169
3.2986347831244354  10775
3.298853076409707  8964
3.2990712600274095  10145
3.29928933408768  10222
3.2995072987004876  10957
3.2997251539756367  10648
3.299942900022767  10186
3.3001605369513523  10280
3.3003780648707024  9116
3.3005954838899636  9564
3.300812794118117  9293
3.3010299956639813  9513
3.3012470886362113  9887
3.3014640731433  10362
3.3016809492935764  10272
3.301897717195208  8905
3.302114376956201  10159
3.302330928684399  9896
3.3025473724874854  10479
3.3027637084729817  10030
3.3029799367482493  9021
3.303196057420489  9708
3.303412070596742  8664
3.30362797638389  11116
3.3038437748886547  9932
3.3040594662175993  10966
3.3042750504771283  10064
3.3044905277734875  10501
3.3047058982127653  10342
3.3049211619008916  9804
3.305136318943639  10929
3.305351369446624  10065
3.305566313515304  10376
3.3057811512549824  9520
3.3059958827708047  9762
3.3062105081677613  9766
3.3064250275506875  10830
3.3066394410242617  10449
3.3068537486930087  11152
3.3070679506612985  10652
3.307282047033346  9967
3.307496037913213  9944
3.307709923404807  9870
3.307923703611882  10282
3.3081373786380386  9237
3.308350948586726  11150
3.3085644135612386  10061
3.3087777736647213  10162
3.3089910290001643  9695
3.3092041796704077  9357
3.30941722577814  9863
3.3096301674258988  9566
3.3098430047160705  10430
3.3100557377508912  10189
3.3102683666324477  9657
3.3104808914626753  10354
3.3106933123433606  9115
3.3109056293761414  10783
3.311117842662506  10983
3.3113299523037933  9573
3.311541958401195  10567
3.311753861055754  9852
3.3119656603683665  11590
3.3121773564397787  8898
3.312388949370592  9575
3.3126004392612596  9780
3.312811826212088  10725
3.313023110323238  10807
3.313234291694724  9774
3.313445370426414  8594
3.3136563466180315  10071
3.3138672203691533  10615
3.3140779917792127  8046
3.3142886609474975  10898
3.3144992279731516  10014
3.314709692955174  10255
3.31492005599242  9378
3.315130317183602  9010
3.3153404766272883  8848
3.315550534421905  10245
3.3157604906657347  11144
3.315970345456918  9753
3.3161800988934527  9881
3.3163897510731952  9642
3.3165993020938607  9948
3.316808752053022  11621
3.3170181010481117  10362
3.31722734917642  9852
3.317436496535099  9877
3.3176455432211585  9654
3.317854489331469  9413
3.3180633349627615  10083
3.318272080211627  10244
3.3184807251745174  9356
3.318689269947746  10088
3.3188977146274867  9939
3.3191060593097763  9762
3.319314304090512  9526
3.3195224490654542  9527
3.3197304943302246  10708
3.3199384399803087  10047
3.3201462861110542  8958
3.3203540328176717  10444
3.3205616801952367  9987
3.3207692283386865  8482
3.3209766773428235  10170
3.3211840273023143  8695
3.321391278311689  9876
3.3215984304653436  10375
3.3218054838575393  12037
3.3220124385824006  10508
3.322219294733919  10182
3.3224260524059526  8594
3.3226327116922234  9851
3.322839272686321  10256
3.3230457354817013  9179
3.323252100171687  8768
3.3234583668494677  9913
3.3236645356081  8548
3.323870606540509  9797
3.3240765797394864  10110
3.3242824552976926  10527
3.3244882333076564  10749
3.3246939138617746  10583
3.3248994970523134  9504
3.3251049829714074  9755
3.325310371711061  11053
3.325515663363148  9382
3.325720858019412  9154
3.325925955771466  9068
3.3261309567107946  9945
3.326335860928751  9458
3.3265406685165617  9947
3.3267453795653217  9696
3.326949994165999  9759
3.3271545124094315  10141
3.3273589343863303  10768
3.327563260187278  10306
3.327767489902729  10432
3.3279716236230104  10310
3.3281756614383227  9737
3.3283796034387376  9272
3.328583449714202  10039
3.3287872003545345  9753
3.3289908554494287  10421
3.329194415088451  9991
3.329397879361043  9508
3.3296012483565187  10003
3.3298045221640695  9900
3.330007700872759  9105
3.330210784571528  9863
3.330413773349191  9573
3.3306166672944384  9898
3.330819466495837  9487
3.3310221710418286  9095
3.3312247810207323  9821
3.331427296520743  9491
3.3316297176299323  8876
3.331832044436249  9404
3.332034277027518  9385
3.3322364154914434  8957
3.3324384599156054  8894
3.3326404103874627  10451
3.3328422669943514  9009
3.3330440298234874  9380
3.3332456989619628  9863
3.3334472744967503  9157
3.3336487565147013  8890
3.333850145102545  9162
3.334051440346892  8948
3.334252642334231  8568
3.3344537511509307  8928
3.3346547668832414  8998
3.3348556896172914  9386
3.3350565194390915  9395
3.3352572564345317  10077
3.3354579006893843  10041
3.3356584522893016  8902
3.335858911319818  10144
3.336059277866349  9189
3.336259552014193  9208
3.3364597338485296  9827
3.3366598234544202  9580
3.336859820916809  9402
3.3370597263205246  10794
3.3372595397502756  9760
3.337459261290656  8499
3.3376588910261424  9922
3.3378584290410944  8836
3.3380578754197563  10135
3.3382572302462554  8881
3.3384564936046046  9619
3.3386556655787003  9662
3.338854746252323  9441
3.339053735709139  9883
3.3392526340327  9279
3.3394514413064407  10396
3.339650157613684  9661
3.339848783037637  9383
3.340047317661393  9342
3.3402457615679317  9599
3.3404441148401185  8928
3.3406423775607053  10188
3.3408405498123317  9100
3.341038631677523  9443
3.3412366232386925  10572
3.34143452457814  9947
3.3416323357780544  9255
3.3418300569205104  10142
3.3420276880874717  9212
3.3422252293607904  9570
3.342422680822206  9304
3.342620042553348  10054
3.342817314635733  9346
3.343014497150768  8882
3.3432115901797474  9832
3.3434085938038574  10200
3.343605508104172  9468
3.343802333161655  9607
3.3439990690571615  9799
3.344195715871435  9309
3.3443922736851106  9367
3.344588742578714  10715
3.344785122632661  8513
3.344981413927258  9342
3.345177616542704  9683
3.3453737305590883  8407
3.345569756056392  9258
3.345765693114488  8780
3.3459615418131414  9095
3.346157302232008  8959
3.346352974450639  9695
3.346548558548474  9013
3.346744054604849  8342
3.3469394626989906  8921
3.34713478291002  8805
3.3473300153169503  10044
3.3475251599986895  9832
3.347720217034038  8331
3.3479151865016914  8807
3.3481100684802376  9522
3.3483048630481607  9887
3.348499570283838  9251
3.348694190265541  9120
3.348888723071438  9775
3.34908316877959  8233
3.3492775274679554  9505
3.3494717992143856  8677
3.34966598409663  9599
3.3498600821923312  8482
3.3500540935790304  9041
3.3502480183341627  8739
3.350441856535061  9199
3.3506356082589543  9076
3.350829273582968  8307
3.3510228525841237  8995
3.351216345339342  8564
3.351409751925439  9475
3.351603072419129  8563
3.3517963068970236  8463
3.351989455435632  9016
3.3521825181113627  7860
3.35237549500052  8744
3.3525683861793087  9262
3.3527611917238307  8499
3.3529539117100877  8199
3.3531465462139796  9470
3.3533390953113047  8848
3.353531559077762  9181
3.353723937588949  7974
3.353916230920363  8848
3.3541084391474008  8493
3.35430056234536  8823
3.3544926005894364  8964
3.3546845539547285  8102
3.354876422516234  8600
3.3550682063488506  8629
3.3552599055273786  8309
3.3554515201265174  8611
3.355643050220869  8698
3.355834495884936  8935
3.3560258571931225  9044
3.3562171342197353  8133
3.3564083270389813  8561
3.356599435724971  7835
3.356790460351716  9094
3.3569814009931314  8848
3.3571722577230334  8125
3.3573630306151427  8412
3.3575537197430814  7918
3.3577443251803754  9167
3.357934847000454  7967
3.3581252852766488  7821
3.358315640082196  8493
3.3585059114902354  8718
3.3586960995738107  8583
3.358886204405869  8300
3.359076226059263  7226
3.3592661646067485  9454
3.3594560201209864  7179
3.359645792674543  7653
3.359835482339888  7475
3.3600250891893975  8254
3.3602146132953523  9058
3.3604040547299387  8410
3.360593413565249  8083
3.36078268987328  8428
3.3609718837259357  7815
3.361160995195026  9040
3.3613500243522663  7530
3.361538971269279  8009
3.361727836017593  8261
3.3619166186686433  8437
3.362105319293773  8501
3.362293937964231  7264
3.3624824747511743  7483
3.362670929725667  8474
3.36285930295868  7858
3.3630475945210936  7744
3.363235804483694  8544
3.3634239329171765  8161
3.3636119798921444  8866
3.3637999454791094  7965
3.3639878297484915  7791
3.3641756327706194  8141
3.3643633546157306  8054
3.364550995353972  7641
3.3647385550553985  7099
3.364926033789976  8021
3.3651134316275773  7549
3.3653007486379876  6971
3.3654879848909  7796
3.3656751404559175  7757
3.365862215402555  8619
3.3660492098002353  6800
3.366236123718293  7485
3.3664229572259727  7702
3.3666097103924297  7881
3.36679638328673  7434
3.3669829759778507  7000
3.367169488534681  7481
3.367355921026019  7165
3.3675422735205767  7619
3.3677285460869766  7336
3.3679147387937527  6814
3.3681008517093516  8110
3.368286884902131  7025
3.3684728384403617  7436
3.368658712392227  7684
3.3688445068258215  6581
3.3690302218091532  6967
3.369215857410143  7550
3.3694014136966244  6091
3.369586890736344  7617
3.369772288596963  7332
3.369957607346053  7318
3.370142847051102  6986
3.3703280077795106  7188
3.3705130895985924  6502
3.370698092575577  6705
3.370883016777606  7165
3.3710678622717363  7052
3.3712526291249394  7091
3.371437317404101  6429
3.3716219271760215  6904
3.371806458507416  7386
3.371990911464915  6416
3.372175286115064  6949
3.3723595825243238  6715
3.3725438007590705  6502
3.3727279408855955  6442
3.3729120029701067  6722
3.373095987078727  7005
3.373279893277496  6156
3.373463721632369  6407
3.3736474722092176  6779
3.3738311450738303  6797
3.3740147402919116  6479
3.374198257929083  6059
3.374381698050882  5746
3.374565060722765  6367
3.374748346010104  6343
3.3749315539781883  6503
3.375114684692225  6443
3.375297738217339  6496
3.3754807146185724  6500
3.3756636139608855  5896
3.375846436309156  5926
3.3760291817281805  6482
3.376211850282673  6170
3.3763944420372662  5878
3.376576957056512  6077
3.37675939540488  6007
3.3769417571467586  6268
3.377124042346456  6188
3.377306251068199  6295
3.3774883833761327  5790
3.377670439334323  5602
3.3778524190067545  5801
3.3780343224573315  5306
3.378216149749878  6061
3.3783979009481375  5155
3.378579576115775  5923
3.3787611753163733  5136
3.378942698613437  5781
3.379124146070392  5848
3.379305517750582  5335
3.3794868137172736  4788
3.379668034033654  4920
3.37984917876283  5083
3.380030247967831  4960
3.380211241711606  5226
3.3803921600570273  5343
3.3805730030668872  5412
3.3807537708039  5370
3.380934463330702  4745
3.3811150807098507  5175
3.381295623003826  5123
3.38147609027503  4992
3.381656482585787  4858
3.3818367999983434  4723
3.3820170425748683  4881
3.382197210377454  4747
3.3823773034681137  5135
3.3825573219087857  4524
3.3827372657613304  5090
3.382917135087531  4558
3.3830969299490943  4907
3.3832766504076504  4440
3.383456296524753  4331
3.3836358683618797  4416
3.383815365980431  4285
3.383994789441733  4263
3.3841741388070337  3983
3.384353414137506  4095
3.3845326154942486  4167
3.3847117429382823  4282
3.3848907965305544  4232
3.385069776331935  3984
3.38524868240322  4065
3.3854275148051305  4084
3.385606273598312  3958
3.3857849588433355  3858
3.385963570600697  3857
3.3861421089308186  3986
3.386320573894046  3744
3.386498965550653  3643
3.3866772839608377  3408
3.386855529184724  3547
3.387033701282363  3462
3.3872118003137306  3393
3.387389826338729  3609
3.387567779417189  3534
3.3877456596088638  3197
3.3879234669734366  3211
3.3881012015705165  3252
3.388278863459639  3219
3.3884564527002667  3032
3.388633969351789  3010
3.3888114134735234  2907
3.388988785124714  2888
3.3891660843645326  2933
3.389343311252078  3135
3.3895204658463776  2809
3.3896975482063856  2834
3.3898745583909853  2824
3.3900514964589874  2689
3.3902283624691303  2844
3.390405156480081  2532
3.390581878550435  2769
3.390758528738717  2554
3.3909351071033793  2213
3.3911116137028023  2378
3.3912880485952974  2469
3.3914644118391033  2198
3.3916407034923877  2463
3.391816923613249  2153
3.3919930722597127  2190
3.392169149489736  2085
3.392345155361204  2143
3.3925210899319325  1954
3.392696953259666  1844
3.3928727454020793  2013
3.3930484664167784  1877
3.3932241163612975  2035
3.393399695293102  1633
3.3935752032695876  1900
3.39375064034808  1588
3.3939260065858368  1788
3.3941013020400446  1659
3.3942765267678214  1620
3.3944516808262164  1571
3.394626764272209  1585
3.394801777162711  1504
3.394976719554564  1559
3.3951515915045425  1335
3.395326393069351  1304
3.395501124305626  1207
3.395675785269936  1381
3.3958503760187813  1455
3.3960248966085933  1276
3.3961993470957363  1238
3.3963737275365067  1110
3.396548037987132  1038
3.3967222785037734  1130
3.396896449142524  1131
3.397070549959409  1033
3.397244581010386  1084
3.397418542351348  956
3.3975924340381165  904
3.39776625612645  836
3.3979400086720375  980
3.3981136917305026  970
3.398287305357401  748
3.3984608496082234  899
3.398634324538392  755
3.3988077302032647  896
3.398981066658131  822
3.3991543339582164  726
3.399327532158679  672
3.3995006613146104  648
3.399673721481038  656
3.3998467127129226  630
3.4000196350651586  647
3.400192488592576  505
3.400365273349939  596
3.400537989391946  521
3.400710636773231  546
3.4008832155483626  449
3.401055725771844  561
3.401228167498113  505
3.401400540781544  471
3.401572845676446  381
3.401745082237063  438
3.4019172505175748  353
3.402089350572097  434
3.40226138245468  369
3.402433346219312  417
3.4026052419199146  370
3.402777069610347  390
3.4029488293444046  329
3.403120521175818  350
3.4032921451582543  290
3.4034637013453173  267
3.403635189790548  263
3.4038066105474227  225
3.403977963669355  201
3.404149249209695  221
3.404320467221731  252
3.404491617758686  198
3.4046627008737222  202
3.404833716619938  220
3.4050046650503694  187
3.4051755462179893  183
3.405346360175709  167
3.4055171069763763  165
3.4056877866727775  125
3.4058583993176366  133
3.406028944963615  160
3.406199423663313  134
3.4063698354692673  156
3.406540180433955  115
3.40671045860979  103
3.4068806700491248  115
3.40705081480425  78
3.4072208929273966  76
3.4073909044707316  133
3.4075608494863627  77
3.4077307280263356  72
3.407900540142635  70
3.4080702858871854  68
3.4082399653118496  54
3.40840957846843  76
3.4085791254086675  51
3.408748606184244  77
3.4089180208467798  51
3.409087369447835  41
3.4092566520389096  55
3.4094258686714434  37
3.4095950193968156  40
3.4097641042663462  80
3.4099331233312946  42
3.4101020766428607  34
3.4102709642521845  24
3.4104397862103464  18
3.410608542568368  42
3.41077723337721  27
3.4109458586877746  28
3.4111144185509046  18
3.4112829130173843  28
3.4114513421379375  23
3.41161970596323  15
3.411788004543869  12
3.4119562379304016  26
3.412124406173317  14
3.4122925093230463  26
3.412460547429961  10
3.4126285205443754  13
3.4127964287165433  5
3.4129642719966626  5
3.413132050434872  5
3.413299764081252  4
3.413467412985825  12
3.413634997198556  15
3.4138025167693513  9
3.4139699717480614  5
3.414137362184477  8
3.4143046881283317  12
3.4144719496293026  9
3.414639146737009  3
3.4148062795010126  2
3.4149733479708178  5
3.4151403521958725  9
3.4153072922255676  4
3.4154741681092355  4
3.4156409798961542  12
3.4158077276355434  6
3.415974411376566  8
3.416141031168329  2
3.4163075870598827  6
3.4164740791002206  4
3.416640507338281  1
3.4168068718229443  9
3.4169731726030363  4
3.4171394097273255  5
3.4173055832445254  4
3.417471693203293  2
3.4176377396522297  1
3.417803722639881  6
3.417969642214737  4
3.418135498425232  5
3.4183012913197452  2
3.4186326873540653  2
3.420120848085703  1
