0.3010299956639812  2507164
0.47712125471966244  502394
0.6020599913279624  277612
0.6989700043360189  246929
0.7781512503836436  241485
0.8450980400142568  182949
0.9030899869919435  198078
0.9542425094393249  174889
1.0  172096
1.0413926851582251  167049
1.0791812460476249  135825
1.1139433523068367  136652
1.146128035678238  110774
1.1760912590556813  88205
1.2041199826559248  82061
1.2304489213782739  67621
1.255272505103306  63413
1.2787536009528289  48289
1.3010299956639813  40858
1.3222192947339193  30807
1.3424226808222062  20963
1.3617278360175928  18626
1.380211241711606  15544
1.3979400086720377  17944
1.414973347970818  11215
1.4313637641589874  13848
1.4471580313422192  13800
1.462397997898956  2907
1.4771212547196624  12892
1.4913616938342726  7305
1.505149978319906  14369
1.5185139398778875  9981
1.5314789170422551  4888
1.5440680443502757  13542
1.5563025007672873  8060
1.568201724066995  11755
1.5797835966168101  12216
1.591064607026499  8271
1.6020599913279623  8543
1.6127838567197355  7901
1.6232492903979006  7725
1.6334684555795864  7789
1.6434526764861874  10376
1.6532125137753437  11790
1.662757831681574  7577
1.6720978579357175  2104
1.6812412373755872  9551
1.6901960800285136  10375
1.6989700043360187  7401
1.7075701760979363  12843
1.7160033436347992  14632
1.724275869600789  5174
1.7323937598229686  8284
1.7403626894942439  16864
1.7481880270062005  9200
1.7558748556724915  7798
1.7634279935629373  8793
1.7708520116421442  9316
1.7781512503836436  9419
1.7853298350107671  13202
1.792391689498254  7045
1.7993405494535817  8427
1.806179973983887  10910
1.8129133566428555  15411
1.8195439355418688  9791
1.8260748027008264  7781
1.8325089127062364  4049
1.8388490907372552  16946
1.845098040014257  11537
1.8512583487190752  11369
1.8573324964312685  8888
1.863322860120456  8846
1.8692317197309762  8415
1.8750612633917  13289
1.8808135922807914  5360
1.8864907251724818  15504
1.8920946026904804  11801
1.8976270912904414  9311
1.9030899869919435  8012
1.9084850188786497  13336
1.9138138523837167  8071
1.919078092376074  12018
1.9242792860618816  10027
1.9294189257142926  9939
1.9344984512435677  7552
1.9395192526186185  9923
1.9444826721501687  9084
1.9493900066449128  7286
1.954242509439325  5605
1.9590413923210936  10815
1.9637878273455553  11801
1.968482948553935  8391
1.9731278535996986  5007
1.9777236052888478  7834
1.9822712330395684  9179
1.9867717342662448  9099
1.9912260756924949  9462
1.99563519459755  7679
2.0  6790
2.0043213737826426  6319
2.0086001717619175  11751
2.012837224705172  8297
2.0170333392987803  13712
2.0211892990699383  5952
2.0253058652647704  7599
2.0293837776852097  7935
2.03342375548695  10722
2.037426497940624  5288
2.041392685158225  9040
2.0453229787866576  8816
2.0492180226701815  8446
2.0530784434834195  8458
2.0569048513364727  10998
2.060697840353612  6302
2.0644579892269186  11649
2.0681858617461617  10139
2.0718820073061255  4104
2.0755469613925306  5809
2.0791812460476247  5849
2.0827853703164503  3841
2.0863598306747484  12550
2.089905111439398  8592
2.093421685162235  2604
2.0969100130080562  9305
2.100370545117563  6207
2.103803720955957  9019
2.1072099696478683  7356
2.110589710299249  6345
2.113943352306837  3869
2.1172712956557644  6471
2.12057393120585  10992
2.123851640967086  6943
2.1271047983648077  6162
2.130333768495006  10736
2.1335389083702174  8362
2.1367205671564067  5036
2.1398790864012365  7586
2.143014800254095  4663
2.146128035678238  6117
2.1492191126553797  6937
2.1522883443830563  7447
2.155336037465062  13001
2.1583624920952498  8923
2.161368002234975  8339
2.164352855784437  7627
2.167317334748176  6576
2.1702617153949575  12122
2.173186268412274  9718
2.1760912590556813  5718
2.1789769472931693  8071
2.1818435879447726  12302
2.184691430817599  4529
2.187520720836463  10168
2.1903316981702914  9688
2.1931245983544616  11319
2.1958996524092336  8451
2.1986570869544226  6974
2.2013971243204513  10099
2.2041199826559246  7642
2.2068258760318495  9330
2.2095150145426308  9337
2.2121876044039577  6428
2.214843848047698  8273
2.2174839442139063  6941
2.220108088040055  7053
2.2227164711475833  9772
2.225309281725863  6045
2.2278867046136734  9096
2.230448921378274  7688
2.2329961103921536  7296
2.2355284469075487  8139
2.2380461031287955  9357
2.2405492482826  8337
2.2430380486862944  9355
2.24551266781415  8201
2.247973266361807  8241
2.250420002308894  10253
2.2528530309798933  9668
2.255272505103306  6334
2.2576785748691846  7411
2.2600713879850747  7373
2.2624510897304293  14626
2.2648178230095364  8442
2.2671717284030137  6692
2.2695129442179165  7439
2.271841606536499  4950
2.27415784926368  6443
2.2764618041732443  7853
2.278753600952829  8221
2.2810333672477277  6587
2.2833012287035497  8719
2.285557309007774  9328
2.287801729930226  6283
2.290034611362518  5208
2.292256071356476  7892
2.294466226161593  9417
2.296665190261531  6277
2.298853076409707  6286
2.3010299956639813  5022
2.303196057420489  4532
2.305351369446624  7318
2.307496037913213  5199
2.3096301674258988  11370
2.311753861055754  4696
2.3138672203691533  4390
2.315970345456918  7621
2.3180633349627615  5056
2.3201462861110542  8182
2.322219294733919  12879
2.3242824552976926  5141
2.326335860928751  10717
2.3283796034387376  7708
2.330413773349191  4116
2.3324384599156054  7800
2.3344537511509307  8421
2.3364597338485296  8571
2.3384564936046046  3329
2.3404441148401185  5249
2.342422680822206  6428
2.3443922736851106  4736
2.346352974450639  5102
2.3483048630481607  9250
2.3502480183341627  5475
2.3521825181113627  6127
2.3541084391474008  1978
2.3560258571931225  6005
2.357934847000454  8157
2.359835482339888  8520
2.361727836017593  6155
2.3636119798921444  8961
2.3654879848909  8073
2.367355921026019  3088
2.369215857410143  7150
2.3710678622717363  8301
2.3729120029701067  6945
2.374748346010104  8695
2.376576957056512  9599
2.3783979009481375  7335
2.380211241711606  8546
2.3820170425748683  6162
2.383815365980431  10664
2.385606273598312  6001
2.387389826338729  4093
2.3891660843645326  4126
2.3909351071033793  7104
2.392696953259666  5131
2.3944516808262164  6881
2.3961993470957363  8498
2.3979400086720375  8221
2.399673721481038  4276
2.401400540781544  6463
2.403120521175818  6350
2.404833716619938  7224
2.406540180433955  5418
2.4082399653118496  5973
2.4099331233312946  7468
2.41161970596323  10018
2.413299764081252  7146
2.4149733479708178  5831
2.416640507338281  7241
2.4183012913197452  4493
2.419955748489758  5962
2.4216039268698313  9308
2.423245873936808  8916
2.424881636631067  6363
2.4265112613645754  5525
2.428134794028789  6275
2.429752280002408  7743
2.4313637641589874  8206
2.432969290874406  9310
2.4345689040341987  3269
2.436162647040756  6479
2.437750562820388  4855
2.439332693830263  7174
2.4409090820652177  8149
2.4424797690644486  7774
2.444044795918076  5345
2.4456042032735974  6393
2.4471580313422194  6835
2.44870631990508  6379
2.450249108319361  4119
2.45178643552429  5722
2.4533183400470375  7268
2.45484486000851  4627
2.456366033129043  9042
2.4578818967339924  9492
2.459392487759231  6600
2.4608978427565478  5640
2.462397997898956  6703
2.4638929889859074  6444
2.4653828514484184  2796
2.4668676203541096  7886
2.4683473304121573  4183
2.469822015978163  5895
2.4712917110589387  5863
2.4727564493172123  4084
2.4742162640762553  5793
2.4756711883244296  6795
2.4771212547196626  5807
2.4785664955938436  3636
2.4800069429571505  4192
2.481442628502305  5558
2.482873583608754  6444
2.484299839346786  2715
2.48572142648158  4880
2.4871383754771865  8239
2.4885507165004443  8733
2.4899584794248346  8337
2.4913616938342726  5282
2.4927603890268375  6731
2.494154594018443  5888
2.4955443375464483  4981
2.496929648073215  4604
2.4983105537896004  4223
2.499687082618404  3741
2.5010592622177517  6662
2.5024271199844326  3625
2.503790683057181  4570
2.505149978319906  4966
2.506505032404872  5481
2.507855871695831  5582
2.509202522331103  4419
2.510545010206612  5925
2.5118833609788744  6964
2.513217600067939  7022
2.514547752660286  3855
2.515873843711679  5935
2.5171958979499744  4392
2.5185139398778875  4087
2.519827993775719  5655
2.5211380837040362  2904
2.5224442335063197  4867
2.5237464668115646  5771
2.525044807036845  3861
2.526339277389844  5569
2.5276299008713385  5786
2.5289167002776547  5503
2.530199698203082  4765
2.531478917042255  4743
2.5327543789924976  3254
2.534026106056135  5829
2.5352941200427703  5121
2.53655844257153  7247
2.537819095073274  4563
2.5390760987927767  2613
2.5403294747908736  5406
2.5415792439465807  7484
2.5428254269591797  5103
2.5440680443502757  4959
2.545307116465824  5183
2.546542663478131  3757
2.5477747053878224  5328
2.5490032620257876  3763
2.550228353055094  4535
2.5514499979728753  5123
2.552668216112193  3164
2.5538830266438746  5036
2.5550944485783194  2997
2.5563025007672873  4026
2.5575072019056577  2792
2.558708570533166  4387
2.5599066250361124  4268
2.561101383649056  7409
2.5622928644564746  3272
2.5634810853944106  3943
2.5646660642520893  6818
2.5658478186735176  2758
2.56702636615906  4890
2.568201724066995  6143
2.569373909615046  3437
2.5705429398818973  2016
2.571708831808688  4192
2.5728716022004803  4841
2.574031267727719  4852
2.575187844927661  4183
2.576341350205793  5946
2.5774917998372255  1591
2.578639209968072  3433
2.57978359661681  5524
2.5809249756756194  7397
2.582063362911709  3336
2.583198773968623  4280
2.584331224367531  6107
2.5854607295085006  4832
2.586587304671755  4366
2.5877109650189114  5922
2.5888317255942073  4681
2.5899496013257077  4674
2.591064607026499  4768
2.5921767573958667  4345
2.593286067020457  3336
2.5943925503754266  5506
2.595496221825574  1948
2.59659709562646  5940
2.597695185925512  4684
2.598790506763115  3383
2.5998830720736876  4183
2.6009728956867484  2789
2.6020599913279625  3218
2.603144372620182  4547
2.60422605308447  2648
2.6053050461411096  4116
2.606381365110605  4486
2.6074550232146687  4298
2.6085260335771943  5571
2.60959440922522  7615
2.61066016308988  3779
2.611723308007342  3932
2.6127838567197355  5210
2.6138418218760693  3086
2.6148972160331345  2842
2.615950051656401  3115
2.617000341120899  4502
2.6180480967120925  3979
2.6190933306267428  2557
2.6201360549737576  2857
2.621176281775035  3317
2.622214022966295  4606
2.6232492903979003  2815
2.6242820958356683  3456
2.625312450961674  3786
2.6263403673750423  4002
2.6273658565927325  4472
2.6283889300503116  4351
2.629409599102719  3172
2.630427875025024  1982
2.6314437690131722  3084
2.6324572921847245  4522
2.6334684555795866  3616
2.6344772701607315  3037
2.635483746814912  4296
2.6364878963533656  3768
2.637489729512511  5394
2.6384892569546374  4594
2.639486489268586  4324
2.640481436970422  2976
2.6414741105040997  3320
2.6424645202421213  3842
2.6434526764861874  4881
2.6444385894678386  3393
2.645422269349092  4721
2.6464037262230695  3245
2.6473829701146196  2677
2.6483600109809315  3291
2.649334858712142  3890
2.6503075231319366  2898
2.651278013998144  4893
2.6522463410033232  4014
2.6532125137753435  2929
2.6541765418779604  3290
2.655138434811382  4019
2.656098202012832  3013
2.6570558528571038  2241
2.6580113966571126  2591
2.658964842664435  3939
2.6599162000698504  3929
2.660865478003869  2806
2.661812685537261  3506
2.662757831681574  4295
2.663700925389648  3778
2.6646419755561257  2775
2.6655809910179533  2509
2.6665179805548807  4233
2.667452952889954  3770
2.66838591669  2544
2.6693168805661123  2285
2.670245853074124  2950
2.6711728427150834  2680
2.6720978579357175  3972
2.673020907128896  3758
2.673941998634088  3309
2.6748611407378116  2095
2.6757783416740852  3444
2.6766936096248664  3707
2.677606952720493  4595
2.678518379040114  2241
2.6794278966121188  2686
2.680335513414563  3978
2.681241237375587  2386
2.682145076373832  4506
2.6830470382388496  3687
2.683947130751512  2868
2.6848453616444123  2292
2.6857417386022635  2719
2.6866362692622934  3536
2.6875289612146345  2258
2.6884198220027105  1754
2.6893088591236203  2933
2.690196080028514  1882
2.6910814921229687  2952
2.69196510276736  3890
2.69284691927723  3366
2.693726948923647  3351
2.694605198933569  2851
2.6954816764901977  2853
2.696356388733332  2731
2.6972293427597176  1690
2.6981005456233897  1708
2.6989700043360187  2507
2.699837725867246  2657
2.7007037171450192  3603
2.7015679850559273  4919
2.7024305364455254  2025
2.7032913781186614  3215
2.7041505168397992  3374
2.705007959333336  3371
2.7058637122839193  2118
2.7067177823367587  3475
2.7075701760979363  2546
2.708420900134713  1551
2.709269960975831  1775
2.7101173651118162  3656
2.710963118995276  2713
2.711807229041191  2994
2.7126497016272113  3042
2.7134905430939424  2618
2.714329759745233  2714
2.7151673578484576  2892
2.716003343634799  2553
2.7168377232995247  2939
2.717670503002262  3095
2.718501688867274  3726
2.7193312869837265  1716
2.720159303405957  2287
2.7209857441537393  2599
2.7218106152125467  2304
2.722633922533812  2880
2.7234556720351857  2710
2.724275869600789  2155
2.725094521081469  1331
2.7259116322950483  3119
2.7267272090265724  2333
2.727541257028556  1904
2.7283537820212285  1992
2.72916478969277  1838
2.7299742856995555  3031
2.7307822756663893  2015
2.7315887651867388  3063
2.7323937598229686  2014
2.7331972651065692  2596
2.733999286538387  2028
2.734799829588847  1800
2.73559889969818  2726
2.7363965022766426  2560
2.7371926427047373  3660
2.737987326333431  2538
2.738780558484369  1913
2.739572344450092  2103
2.7403626894942437  1537
2.741151598851785  2548
2.741939077729199  2454
2.7427251313046983  2624
2.74350976472843  2312
2.7442929831226763  2359
2.7450747915820575  2264
2.745855195173729  1565
2.7466341989375787  2484
2.747411807886423  2099
2.7481880270062002  1691
2.7489628612561616  2232
2.749736315569061  1822
2.7505083948513462  1491
2.751279103983342  1859
2.7520484478194387  2142
2.7528164311882715  1441
2.7535830588929064  1369
2.754348335711019  1665
2.7551122663950713  1761
2.7558748556724915  1700
2.756636108245848  1787
2.7573960287930244  1838
2.75815462196739  1771
2.7589118923979736  2017
2.7596678446896306  1980
2.760422483423212  1622
2.7611758131557314  1851
2.761927838420529  1451
2.762678563727436  2063
2.7634279935629373  1539
2.7641761323903307  1497
2.7649229846498886  2188
2.765668554759014  1879
2.7664128471123997  1655
2.7671558660821804  2208
2.767897616018091  1442
2.7686381012476144  2032
2.7693773260761385  1092
2.7701152947871015  1691
2.7708520116421442  1714
2.7715874808812555  1864
2.77232170672292  1388
2.7730546933642626  1477
2.7737864449811935  1709
2.7745169657285498  1767
2.7752462597402365  1555
2.775974331129369  822
2.776701183988411  2149
2.7774268223893115  1736
2.7781512503836434  1196
2.7788744720027396  1382
2.7795964912578244  1241
2.780317312140151  1477
2.7810369386211318  1147
2.781755374652469  1151
2.782472624166286  1801
2.7831886910752575  1574
2.783903579272735  1360
2.784617292632875  1631
2.785329835010767  1289
2.786041210242554  1356
2.7867514221455614  996
2.787460474518415  1417
2.788168371141168  1395
2.788875115775417  1124
2.7895807121644256  1556
2.7902851640332416  1514
2.790988475088816  1210
2.791690649020118  1725
2.792391689498254  1437
2.79309160017658  1373
2.7937903846908188  1406
2.7944880466591697  1166
2.795184589682424  1541
2.7958800173440754  1199
2.7965743332104296  1174
2.7972675408307164  1190
2.797959643737196  1427
2.798650645445269  1103
2.7993405494535817  1066
2.8000293592441343  1558
2.800717078282385  1171
2.801403710017355  1811
2.802089257881733  1353
2.8027737252919755  943
2.803457115648414  1671
2.8041394323353503  1113
2.8048206787211623  1216
2.8055008581584002  1226
2.806179973983887  1540
2.8068580295188172  950
2.807535028068853  673
2.808210972924222  792
2.808885867359812  1011
2.8095597146352675  1374
2.8102325179950842  1099
2.8109042806687006  965
2.8115750058705933  915
2.812244696800369  1098
2.8129133566428557  988
2.813580988568192  699
2.81424759573192  1206
2.814913181275074  1026
2.815577748324267  1079
2.816241299991783  1374
2.8169038393756605  1009
2.8175653695597807  867
2.8182258936139557  883
2.8188854145940097  1112
2.8195439355418688  936
2.82020145948564  938
2.8208579894397  1061
2.821513528404773  884
2.8221680793680175  1271
2.8228216453031045  687
2.823474229170301  933
2.824125833916549  924
2.824776462475546  1183
2.8254261177678233  1006
2.8260748027008264  804
2.826722520168992  864
2.8273692730538253  905
2.828015064223977  970
2.82865989653532  859
2.829303772831025  800
2.829946695941636  773
2.8305886686851442  633
2.8312296938670634  921
2.8318697742805017  744
2.832508912706236  799
2.833147111912785  793
2.833784374656479  757
2.8344207036815328  763
2.835056101720116  740
2.8356905714924254  553
2.8363241157067516  780
2.8369567370595505  679
2.837588438235511  574
2.8382192219076257  622
2.838849090737255  822
2.8394780473741985  801
2.840106094456758  591
2.8407332346118066  914
2.841359470454855  785
2.8419848045901137  757
2.842609239610562  830
2.8432327780980096  949
2.843855422623161  553
2.8444771757456815  676
2.845098040014257  712
2.8457180179666586  611
2.846337112129805  743
2.846955325019824  854
2.847572659142112  722
2.848189116991399  819
2.8488047010518036  664
2.8494194137968996  568
2.850033257689769  707
2.8506462351830666  822
2.8512583487190755  766
2.851869600729766  637
2.8524799936368566  571
2.8530895298518657  664
2.8536982117761744  515
2.8543060418010806  665
2.8549130223078554  514
2.8555191556678  546
2.8561244442423  611
2.8567288903828825  783
2.8573324964312685  621
2.857935264719429  610
2.858537197569639  640
2.859138297294531  555
2.859738566197147  518
2.8603380065709936  646
2.8609366207000937  585
2.8615344108590377  571
2.862131379313037  541
2.8627275283179747  507
2.863322860120456  517
2.8639173769578603  475
2.864511081058392  391
2.8651039746411278  470
2.8656960599160706  468
2.8662873390841948  491
2.866877814337499  432
2.8674674878590514  477
2.8680563618230415  454
2.8686444383948255  447
2.8692317197309762  419
2.869818207979328  433
2.870403905279027  438
2.8709888137605755  424
2.8715729355458786  456
2.8721562727482928  476
2.8727388274726686  421
2.873320601815399  388
2.8739015978644615  361
2.8744818176994666  371
2.8750612633917  369
2.8756399370041685  356
2.876217840591642  386
2.8767949762007006  331
2.877371345869774  324
2.8779469516291885  298
2.8785217955012063  325
2.8790958795000727  343
2.8796692056320534  272
2.88024177589548  301
2.8808135922807914  337
2.8813846567705728  251
2.8819549713396007  305
2.8825245379548803  263
2.8830933585756897  244
2.8836614351536176  217
2.884228769632604  235
2.884795363948981  258
2.885361220031512  262
2.885926339801431  231
2.886490725172482  161
2.8870543780509568  140
2.887617300335736  184
2.888179493918325  167
2.8887409606828927  194
2.88930170250631  202
2.8898617212581885  184
2.890421018800914  140
2.890979596989689  153
2.8915374576725643  173
2.8920946026904804  119
2.8926510338773004  123
2.893206753059848  139
2.8937617620579434  132
2.8943160626844384  127
2.8948696567452528  94
2.895422546039408  107
2.8959747323590648  117
2.8965262174895554  106
2.89707700320942  73
2.8976270912904414  97
2.8981764834976764  63
2.8987251815894934  46
2.8992731873176036  85
2.8998205024270964  73
2.9003671286564705  73
2.900913067737669  53
2.9014583213961123  42
2.9020028913507296  70
2.902546779313991  45
2.9030899869919438  32
2.9036325160842376  40
2.9041743682841634  47
2.904715545278681  36
2.905256048748451  23
2.9057958803678687  29
2.906335041805091  47
2.90687353472207  19
2.907411360774586  26
2.9079485216122722  18
2.90848501887865  26
2.909020854211156  12
2.9095560292411755  7
2.910090545594068  22
2.910624404889201  18
2.9111576087399764  19
2.9116901587538613  18
2.9122220565324155  18
2.912753303671323  16
2.9132839017604186  11
2.9138138523837167  12
2.9143431571194407  7
2.9148718175400505  10
2.91539983521227  1
2.9159272116971158  14
2.916453948549925  11
2.9169800473203824  2
2.9175055095525466  6
2.9180303367848803  3
2.9185545305502734  8
2.9190780923760737  5
2.919601023784111  4
2.920123326290724  1
2.9206450014067875  3
2.921166050637739  4
2.921686475483602  2
2.9222062774390163  2
2.9253120914996495  1
2.9258275746247424  1
