0.3010299956639812  680332
0.47712125471966244  189018
0.6020599913279624  90780
0.6989700043360189  71218
0.7781512503836436  65775
0.8450980400142568  55895
0.9030899869919435  53608
0.9542425094393249  41613
1.0  34821
1.0413926851582251  31128
1.0791812460476249  23534
1.1139433523068367  22838
1.146128035678238  16680
1.1760912590556813  12141
1.2041199826559248  9602
1.2304489213782739  9671
1.255272505103306  7062
1.2787536009528289  2751
1.3010299956639813  6079
1.3222192947339193  4057
1.3424226808222062  6768
1.3617278360175928  3899
1.380211241711606  5627
1.3979400086720377  4002
1.414973347970818  5804
1.4313637641589874  2951
1.4471580313422192  3614
1.462397997898956  2817
1.4771212547196624  7077
1.4913616938342726  2832
1.505149978319906  6445
1.5185139398778875  5755
1.5314789170422551  4124
1.5440680443502757  6111
1.5563025007672873  3514
1.568201724066995  2306
1.5797835966168101  3260
1.591064607026499  6771
1.6020599913279623  5479
1.6127838567197355  2243
1.6232492903979006  3073
1.6334684555795864  2683
1.6434526764861874  2006
1.6532125137753437  4864
1.662757831681574  3231
1.6720978579357175  4211
1.6812412373755872  5448
1.6901960800285136  6453
1.6989700043360187  3716
1.7075701760979363  4642
1.7160033436347992  3840
1.724275869600789  2556
1.7323937598229686  3851
1.7403626894942439  3925
1.7481880270062005  959
1.7558748556724915  3538
1.7634279935629373  4173
1.7708520116421442  1897
1.7781512503836436  3142
1.7853298350107671  4781
1.792391689498254  3352
1.7993405494535817  5892
1.806179973983887  3433
1.8129133566428555  5023
1.8195439355418688  3698
1.8260748027008264  3423
1.8325089127062364  2573
1.8388490907372552  4460
1.845098040014257  5054
1.8512583487190752  4784
1.8573324964312685  1008
1.863322860120456  5160
1.8692317197309762  6241
1.8750612633917  3415
1.8808135922807914  3375
1.8864907251724818  3081
1.8920946026904804  3047
1.8976270912904414  4614
1.9030899869919435  4695
1.9084850188786497  4049
1.9138138523837167  4409
1.919078092376074  5213
1.9242792860618816  3696
1.9294189257142926  2959
1.9344984512435677  5566
1.9395192526186185  4224
1.9444826721501687  2288
1.9493900066449128  4260
1.954242509439325  2759
1.9590413923210936  3420
1.9637878273455553  2690
1.968482948553935  1534
1.9731278535996986  3628
1.9777236052888478  3104
1.9822712330395684  4539
1.9867717342662448  2512
1.9912260756924949  2086
1.99563519459755  5053
2.0  3118
2.0043213737826426  6259
2.0086001717619175  2956
2.012837224705172  2267
2.0170333392987803  3289
2.0211892990699383  4805
2.0253058652647704  4331
2.0293837776852097  4416
2.03342375548695  4629
2.037426497940624  2877
2.041392685158225  1943
2.0453229787866576  3040
2.0492180226701815  2292
2.0530784434834195  3483
2.0569048513364727  3245
2.060697840353612  3622
2.0644579892269186  3332
2.0681858617461617  1458
2.0718820073061255  3615
2.0755469613925306  1899
2.0791812460476247  1278
2.0827853703164503  2155
2.0863598306747484  3102
2.089905111439398  2327
2.093421685162235  4391
2.0969100130080562  2374
2.100370545117563  2703
2.103803720955957  1781
2.1072099696478683  2480
2.110589710299249  2365
2.113943352306837  3209
2.1172712956557644  3839
2.12057393120585  1951
2.123851640967086  4727
2.1271047983648077  4689
2.130333768495006  3417
2.1335389083702174  3266
2.1367205671564067  2258
2.1398790864012365  3375
2.143014800254095  4001
2.146128035678238  3095
2.1492191126553797  3796
2.1522883443830563  2163
2.155336037465062  1560
2.1583624920952498  2803
2.161368002234975  2269
2.164352855784437  2755
2.167317334748176  1716
2.1702617153949575  1838
2.173186268412274  3416
2.1760912590556813  1974
2.1789769472931693  2025
2.1818435879447726  3682
2.184691430817599  3614
2.187520720836463  2129
2.1903316981702914  2457
2.1931245983544616  1851
2.1958996524092336  2685
2.1986570869544226  3635
2.2013971243204513  3300
2.2041199826559246  1797
2.2068258760318495  2611
2.2095150145426308  1148
2.2121876044039577  2094
2.214843848047698  3355
2.2174839442139063  2251
2.220108088040055  1015
2.2227164711475833  1784
2.225309281725863  4447
2.2278867046136734  2505
2.230448921378274  2051
2.2329961103921536  2354
2.2355284469075487  2022
2.2380461031287955  1687
2.2405492482826  2035
2.2430380486862944  2289
2.24551266781415  3451
2.247973266361807  3260
2.250420002308894  3804
2.2528530309798933  1412
2.255272505103306  1115
2.2576785748691846  1432
2.2600713879850747  1868
2.2624510897304293  1849
2.2648178230095364  3966
2.2671717284030137  2113
2.2695129442179165  2790
2.271841606536499  2147
2.27415784926368  2697
2.2764618041732443  2702
2.278753600952829  2944
2.2810333672477277  2641
2.2833012287035497  1661
2.285557309007774  2505
2.287801729930226  2561
2.290034611362518  2366
2.292256071356476  2379
2.294466226161593  1758
2.296665190261531  1189
2.298853076409707  2176
2.3010299956639813  1817
2.303196057420489  1743
2.305351369446624  1809
2.307496037913213  1846
2.3096301674258988  1765
2.311753861055754  2577
2.3138672203691533  1122
2.315970345456918  2623
2.3180633349627615  3337
2.3201462861110542  2367
2.322219294733919  2152
2.3242824552976926  1915
2.326335860928751  2187
2.3283796034387376  2126
2.330413773349191  1790
2.3324384599156054  2562
2.3344537511509307  2435
2.3364597338485296  1955
2.3384564936046046  796
2.3404441148401185  1706
2.342422680822206  2238
2.3443922736851106  1674
2.346352974450639  2368
2.3483048630481607  2903
2.3502480183341627  1617
2.3521825181113627  2507
2.3541084391474008  2218
2.3560258571931225  2241
2.357934847000454  1635
2.359835482339888  1069
2.361727836017593  1989
2.3636119798921444  1635
2.3654879848909  1639
2.367355921026019  1724
2.369215857410143  1481
2.3710678622717363  1186
2.3729120029701067  1697
2.374748346010104  2344
2.376576957056512  1479
2.3783979009481375  1629
2.380211241711606  2001
2.3820170425748683  1779
2.383815365980431  1732
2.385606273598312  1499
2.387389826338729  1661
2.3891660843645326  818
2.3909351071033793  1411
2.392696953259666  2028
2.3944516808262164  1631
2.3961993470957363  1517
2.3979400086720375  2077
2.399673721481038  1315
2.401400540781544  2073
2.403120521175818  1398
2.404833716619938  1627
2.406540180433955  1018
2.4082399653118496  1660
2.4099331233312946  746
2.41161970596323  1378
2.413299764081252  1393
2.4149733479708178  1773
2.416640507338281  1186
2.4183012913197452  1610
2.419955748489758  1350
2.4216039268698313  814
2.423245873936808  1213
2.424881636631067  1455
2.4265112613645754  1323
2.428134794028789  1537
2.429752280002408  1090
2.4313637641589874  680
2.432969290874406  1278
2.4345689040341987  1179
2.436162647040756  1402
2.437750562820388  1375
2.439332693830263  1214
2.4409090820652177  1041
2.4424797690644486  1315
2.444044795918076  1082
2.4456042032735974  1391
2.4471580313422194  1232
2.44870631990508  1018
2.450249108319361  502
2.45178643552429  1210
2.4533183400470375  943
2.45484486000851  1282
2.456366033129043  1350
2.4578818967339924  823
2.459392487759231  1148
2.4608978427565478  1003
2.462397997898956  1034
2.4638929889859074  1135
2.4653828514484184  806
2.4668676203541096  976
2.4683473304121573  1306
2.469822015978163  1534
2.4712917110589387  847
2.4727564493172123  1021
2.4742162640762553  1390
2.4756711883244296  776
2.4771212547196626  1122
2.4785664955938436  985
2.4800069429571505  747
2.481442628502305  541
2.482873583608754  808
2.484299839346786  887
2.48572142648158  1084
2.4871383754771865  740
2.4885507165004443  1122
2.4899584794248346  870
2.4913616938342726  867
2.4927603890268375  831
2.494154594018443  832
2.4955443375464483  958
2.496929648073215  810
2.4983105537896004  868
2.499687082618404  1001
2.5010592622177517  943
2.5024271199844326  573
2.503790683057181  706
2.505149978319906  779
2.506505032404872  1175
2.507855871695831  999
2.509202522331103  982
2.510545010206612  925
2.5118833609788744  496
2.513217600067939  722
2.514547752660286  904
2.515873843711679  772
2.5171958979499744  726
2.5185139398778875  544
2.519827993775719  541
2.5211380837040362  678
2.5224442335063197  769
2.5237464668115646  726
2.525044807036845  579
2.526339277389844  772
2.5276299008713385  677
2.5289167002776547  401
2.530199698203082  622
2.531478917042255  641
2.5327543789924976  717
2.534026106056135  534
2.5352941200427703  690
2.53655844257153  721
2.537819095073274  438
2.5390760987927767  723
2.5403294747908736  729
2.5415792439465807  722
2.5428254269591797  631
2.5440680443502757  487
2.545307116465824  464
2.546542663478131  702
2.5477747053878224  713
2.5490032620257876  416
2.550228353055094  486
2.5514499979728753  502
2.552668216112193  425
2.5538830266438746  521
2.5550944485783194  439
2.5563025007672873  504
2.5575072019056577  370
2.558708570533166  447
2.5599066250361124  611
2.561101383649056  394
2.5622928644564746  530
2.5634810853944106  448
2.5646660642520893  416
2.5658478186735176  432
2.56702636615906  469
2.568201724066995  470
2.569373909615046  588
2.5705429398818973  330
2.571708831808688  472
2.5728716022004803  490
2.574031267727719  411
2.575187844927661  417
2.576341350205793  455
2.5774917998372255  425
2.578639209968072  331
2.57978359661681  390
2.5809249756756194  377
2.582063362911709  318
2.583198773968623  394
2.584331224367531  333
2.5854607295085006  450
2.586587304671755  402
2.5877109650189114  390
2.5888317255942073  387
2.5899496013257077  320
2.591064607026499  330
2.5921767573958667  358
2.593286067020457  411
2.5943925503754266  312
2.595496221825574  245
2.59659709562646  305
2.597695185925512  282
2.598790506763115  302
2.5998830720736876  370
2.6009728956867484  280
2.6020599913279625  250
2.603144372620182  230
2.60422605308447  279
2.6053050461411096  219
2.606381365110605  285
2.6074550232146687  194
2.6085260335771943  253
2.60959440922522  166
2.61066016308988  189
2.611723308007342  149
2.6127838567197355  173
2.6138418218760693  158
2.6148972160331345  138
2.615950051656401  182
2.617000341120899  175
2.6180480967120925  122
2.6190933306267428  111
2.6201360549737576  104
2.621176281775035  159
2.622214022966295  133
2.6232492903979003  122
2.6242820958356683  93
2.625312450961674  88
2.6263403673750423  76
2.6273658565927325  78
2.6283889300503116  79
2.629409599102719  77
2.630427875025024  69
2.6314437690131722  103
2.6324572921847245  50
2.6334684555795866  44
2.6344772701607315  49
2.635483746814912  42
2.6364878963533656  35
2.637489729512511  34
2.6384892569546374  33
2.639486489268586  29
2.640481436970422  27
2.6414741105040997  24
2.6424645202421213  28
2.6434526764861874  16
2.6444385894678386  16
2.645422269349092  26
2.6464037262230695  12
2.6473829701146196  8
2.6483600109809315  11
2.649334858712142  6
2.6503075231319366  27
2.651278013998144  9
2.6522463410033232  6
2.6532125137753435  4
2.6541765418779604  7
2.655138434811382  2
2.656098202012832  1
2.6580113966571126  2
2.658964842664435  1
2.6599162000698504  2
2.660865478003869  1
2.661812685537261  2
2.663700925389648  2
2.6646419755561257  1
