0.3010299956639812  6175
0.47712125471966244  5928
0.6020599913279624  6387
0.6989700043360189  6171
0.7781512503836436  6443
0.8450980400142568  5906
0.9030899869919435  6352
0.9542425094393249  5868
1.0  6080
1.0413926851582251  5612
1.0791812460476249  6259
1.1139433523068367  5837
1.146128035678238  5696
1.1760912590556813  6017
1.2041199826559248  5923
1.2304489213782739  6408
1.255272505103306  5860
1.2787536009528289  5353
1.3010299956639813  6247
1.3222192947339193  5614
1.3424226808222062  5473
1.3617278360175928  5164
1.380211241711606  4974
1.3979400086720377  4624
1.414973347970818  3905
1.4313637641589874  3974
1.4471580313422192  3348
1.462397997898956  3145
1.4771212547196624  3436
1.4913616938342726  3106
1.505149978319906  3128
1.5185139398778875  3504
1.5314789170422551  2949
1.5440680443502757  3118
1.5563025007672873  3157
1.568201724066995  3245
1.5797835966168101  3291
1.591064607026499  3214
1.6020599913279623  3222
1.6127838567197355  3210
1.6232492903979006  3544
1.6334684555795864  3589
1.6434526764861874  3220
1.6532125137753437  2906
1.662757831681574  3202
1.6720978579357175  3350
1.6812412373755872  3854
1.6901960800285136  3116
1.6989700043360187  3743
1.7075701760979363  3318
1.7160033436347992  3379
1.724275869600789  3216
1.7323937598229686  3474
1.7403626894942439  3219
1.7481880270062005  3577
1.7558748556724915  3650
1.7634279935629373  3079
1.7708520116421442  3034
1.7781512503836436  3164
1.7853298350107671  3376
1.792391689498254  3622
1.7993405494535817  3390
1.806179973983887  3003
1.8129133566428555  2908
1.8195439355418688  2994
1.8260748027008264  3428
1.8325089127062364  3291
1.8388490907372552  3510
1.845098040014257  3331
1.8512583487190752  3405
1.8573324964312685  3170
1.863322860120456  3316
1.8692317197309762  3155
1.8750612633917  3756
1.8808135922807914  3160
1.8864907251724818  3169
1.8920946026904804  3259
1.8976270912904414  3181
1.9030899869919435  3169
1.9084850188786497  3138
1.9138138523837167  2914
1.919078092376074  3225
1.9242792860618816  3483
1.9294189257142926  3371
1.9344984512435677  3410
1.9395192526186185  3577
1.9444826721501687  3504
1.9493900066449128  3298
1.954242509439325  3265
1.9590413923210936  3248
1.9637878273455553  3337
1.968482948553935  3521
1.9731278535996986  3145
1.9777236052888478  3118
1.9822712330395684  3330
1.9867717342662448  3514
1.9912260756924949  3049
1.99563519459755  3149
2.0  3279
2.0043213737826426  3380
2.0086001717619175  3320
2.012837224705172  3088
2.0170333392987803  3406
2.0211892990699383  3079
2.0253058652647704  3339
2.0293837776852097  3241
2.03342375548695  2743
2.037426497940624  3220
2.041392685158225  3104
2.0453229787866576  3612
2.0492180226701815  3015
2.0530784434834195  3165
2.0569048513364727  2925
2.060697840353612  3144
2.0644579892269186  3414
2.0681858617461617  3175
2.0718820073061255  3197
2.0755469613925306  3396
2.0791812460476247  3534
2.0827853703164503  3249
2.0863598306747484  3352
2.089905111439398  3275
2.093421685162235  3173
2.0969100130080562  3410
2.100370545117563  3639
2.103803720955957  3110
2.1072099696478683  3280
2.110589710299249  3539
2.113943352306837  3186
2.1172712956557644  3408
2.12057393120585  3271
2.123851640967086  3395
2.1271047983648077  3128
2.130333768495006  3304
2.1335389083702174  3059
2.1367205671564067  2796
2.1398790864012365  3137
2.143014800254095  3186
2.146128035678238  3094
2.1492191126553797  3122
2.1522883443830563  2982
2.155336037465062  3121
2.1583624920952498  3123
2.161368002234975  3142
2.164352855784437  3404
2.167317334748176  2987
2.1702617153949575  3444
2.173186268412274  3507
2.1760912590556813  3139
2.1789769472931693  3364
2.1818435879447726  3342
2.184691430817599  3390
2.187520720836463  3301
2.1903316981702914  3224
2.1931245983544616  3136
2.1958996524092336  3240
2.1986570869544226  3148
2.2013971243204513  3435
2.2041199826559246  3230
2.2068258760318495  3173
2.2095150145426308  3389
2.2121876044039577  3329
2.214843848047698  3372
2.2174839442139063  3228
2.220108088040055  3295
2.2227164711475833  3093
2.225309281725863  3408
2.2278867046136734  3292
2.230448921378274  3252
2.2329961103921536  3408
2.2355284469075487  3303
2.2380461031287955  3288
2.2405492482826  3270
2.2430380486862944  2942
2.24551266781415  3466
2.247973266361807  3259
2.250420002308894  3508
2.2528530309798933  3201
2.255272505103306  3023
2.2576785748691846  3454
2.2600713879850747  2908
2.2624510897304293  3233
2.2648178230095364  3371
2.2671717284030137  3216
2.2695129442179165  3498
2.271841606536499  3518
2.27415784926368  3334
2.2764618041732443  3163
2.278753600952829  3357
2.2810333672477277  3546
2.2833012287035497  3095
2.285557309007774  3322
2.287801729930226  3137
2.290034611362518  2994
2.292256071356476  3530
2.294466226161593  2922
2.296665190261531  3213
2.298853076409707  3118
2.3010299956639813  3399
2.303196057420489  3388
2.305351369446624  3405
2.307496037913213  3135
2.3096301674258988  3273
2.311753861055754  3246
2.3138672203691533  3038
2.315970345456918  3125
2.3180633349627615  2920
2.3201462861110542  3324
2.322219294733919  3389
2.3242824552976926  3553
2.326335860928751  3155
2.3283796034387376  3363
2.330413773349191  3248
2.3324384599156054  3140
2.3344537511509307  3607
2.3364597338485296  3193
2.3384564936046046  3124
2.3404441148401185  3356
2.342422680822206  3157
2.3443922736851106  3377
2.346352974450639  3458
2.3483048630481607  3355
2.3502480183341627  3180
2.3521825181113627  3565
2.3541084391474008  3151
2.3560258571931225  3656
2.357934847000454  3493
2.359835482339888  3159
2.361727836017593  3375
2.3636119798921444  3310
2.3654879848909  3419
2.367355921026019  3435
2.369215857410143  3211
2.3710678622717363  3561
2.3729120029701067  2980
2.374748346010104  3340
2.376576957056512  3441
2.3783979009481375  3428
2.380211241711606  3239
2.3820170425748683  3367
2.383815365980431  3300
2.385606273598312  3353
2.387389826338729  3025
2.3891660843645326  3506
2.3909351071033793  3262
2.392696953259666  3193
2.3944516808262164  3262
2.3961993470957363  3393
2.3979400086720375  3625
2.399673721481038  3305
2.401400540781544  3171
2.403120521175818  3512
2.404833716619938  3101
2.406540180433955  3498
2.4082399653118496  3429
2.4099331233312946  3337
2.41161970596323  3046
2.413299764081252  3567
2.4149733479708178  3343
2.416640507338281  3465
2.4183012913197452  3225
2.419955748489758  3227
2.4216039268698313  3002
2.423245873936808  3344
2.424881636631067  3204
2.4265112613645754  3439
2.428134794028789  3059
2.429752280002408  3443
2.4313637641589874  3358
2.432969290874406  3143
2.4345689040341987  3196
2.436162647040756  3166
2.437750562820388  3122
2.439332693830263  2969
2.4409090820652177  3317
2.4424797690644486  3367
2.444044795918076  3210
2.4456042032735974  3321
2.4471580313422194  3125
2.44870631990508  3049
2.450249108319361  3307
2.45178643552429  3316
2.4533183400470375  3527
2.45484486000851  3179
2.456366033129043  3155
2.4578818967339924  3549
2.459392487759231  3609
2.4608978427565478  3157
2.462397997898956  3318
2.4638929889859074  3422
2.4653828514484184  3082
2.4668676203541096  3416
2.4683473304121573  3514
2.469822015978163  3279
2.4712917110589387  3238
2.4727564493172123  3277
2.4742162640762553  3153
2.4756711883244296  3689
2.4771212547196626  3670
2.4785664955938436  3095
2.4800069429571505  3219
2.481442628502305  3114
2.482873583608754  2945
2.484299839346786  3453
2.48572142648158  3329
2.4871383754771865  3435
2.4885507165004443  3287
2.4899584794248346  3338
2.4913616938342726  3461
2.4927603890268375  3145
2.494154594018443  3016
2.4955443375464483  3219
2.496929648073215  3272
2.4983105537896004  3325
2.499687082618404  3156
2.5010592622177517  3345
2.5024271199844326  3489
2.503790683057181  3487
2.505149978319906  3456
2.506505032404872  3724
2.507855871695831  3158
2.509202522331103  3552
2.510545010206612  3210
2.5118833609788744  3438
2.513217600067939  3345
2.514547752660286  3269
2.515873843711679  3266
2.5171958979499744  3561
2.5185139398778875  2911
2.519827993775719  3208
2.5211380837040362  3180
2.5224442335063197  3241
2.5237464668115646  3472
2.525044807036845  3060
2.526339277389844  3282
2.5276299008713385  3342
2.5289167002776547  3047
2.530199698203082  2806
2.531478917042255  3288
2.5327543789924976  3324
2.534026106056135  3183
2.5352941200427703  3027
2.53655844257153  3270
2.537819095073274  3134
2.5390760987927767  3129
2.5403294747908736  2983
2.5415792439465807  3312
2.5428254269591797  3289
2.5440680443502757  3354
2.545307116465824  3104
2.546542663478131  3173
2.5477747053878224  3030
2.5490032620257876  3687
2.550228353055094  3186
2.5514499979728753  2988
2.552668216112193  3078
2.5538830266438746  3211
2.5550944485783194  3439
2.5563025007672873  2839
2.5575072019056577  3301
2.558708570533166  3383
2.5599066250361124  3247
2.561101383649056  3230
2.5622928644564746  3237
2.5634810853944106  3283
2.5646660642520893  3448
2.5658478186735176  3262
2.56702636615906  2743
2.568201724066995  3217
2.569373909615046  3268
2.5705429398818973  3042
2.571708831808688  3194
2.5728716022004803  3669
2.574031267727719  3338
2.575187844927661  3374
2.576341350205793  3619
2.5774917998372255  3378
2.578639209968072  3248
2.57978359661681  3121
2.5809249756756194  3419
2.582063362911709  3463
2.583198773968623  3265
2.584331224367531  3415
2.5854607295085006  3136
2.586587304671755  3088
2.5877109650189114  3217
2.5888317255942073  3276
2.5899496013257077  3127
2.591064607026499  3165
2.5921767573958667  3035
2.593286067020457  3614
2.5943925503754266  3502
2.595496221825574  3260
2.59659709562646  3393
2.597695185925512  3116
2.598790506763115  3183
2.5998830720736876  3397
2.6009728956867484  3400
2.6020599913279625  3214
2.603144372620182  3357
2.60422605308447  3218
2.6053050461411096  3436
2.606381365110605  3199
2.6074550232146687  3396
2.6085260335771943  3210
2.60959440922522  3123
2.61066016308988  3476
2.611723308007342  3171
2.6127838567197355  3275
2.6138418218760693  3274
2.6148972160331345  3090
2.615950051656401  3254
2.617000341120899  3669
2.6180480967120925  3171
2.6190933306267428  3187
2.6201360549737576  3340
2.621176281775035  3513
2.622214022966295  3162
2.6232492903979003  3206
2.6242820958356683  2930
2.625312450961674  3424
2.6263403673750423  3216
2.6273658565927325  3542
2.6283889300503116  3183
2.629409599102719  3234
2.630427875025024  3389
2.6314437690131722  3066
2.6324572921847245  3228
2.6334684555795866  2852
2.6344772701607315  3474
2.635483746814912  3192
2.6364878963533656  3114
2.637489729512511  3169
2.6384892569546374  3651
2.639486489268586  3405
2.640481436970422  3709
2.6414741105040997  3443
2.6424645202421213  3380
2.6434526764861874  3318
2.6444385894678386  3185
2.645422269349092  3539
2.6464037262230695  3229
2.6473829701146196  3306
2.6483600109809315  3173
2.649334858712142  3241
2.6503075231319366  3135
2.651278013998144  3441
2.6522463410033232  3196
2.6532125137753435  3136
2.6541765418779604  3128
2.655138434811382  3139
2.656098202012832  3394
2.6570558528571038  3294
2.6580113966571126  2966
2.658964842664435  3427
2.6599162000698504  3382
2.660865478003869  3345
2.661812685537261  3108
2.662757831681574  3189
2.663700925389648  3145
2.6646419755561257  3060
2.6655809910179533  3410
2.6665179805548807  3075
2.667452952889954  3388
2.66838591669  3143
2.6693168805661123  3176
2.670245853074124  3644
2.6711728427150834  3420
2.6720978579357175  3333
2.673020907128896  3121
2.673941998634088  3210
2.6748611407378116  3226
2.6757783416740852  2898
2.6766936096248664  3209
2.677606952720493  3524
2.678518379040114  3433
2.6794278966121188  3587
2.680335513414563  3362
2.681241237375587  3133
2.682145076373832  3334
2.6830470382388496  3222
2.683947130751512  3209
2.6848453616444123  3209
2.6857417386022635  3046
2.6866362692622934  3271
2.6875289612146345  3333
2.6884198220027105  3328
2.6893088591236203  3630
2.690196080028514  3114
2.6910814921229687  3443
2.69196510276736  3371
2.69284691927723  3373
2.693726948923647  3262
2.694605198933569  3434
2.6954816764901977  3242
2.696356388733332  3342
2.6972293427597176  3237
2.6981005456233897  3550
2.6989700043360187  3242
2.699837725867246  3379
2.7007037171450192  3314
2.7015679850559273  3419
2.7024305364455254  3422
2.7032913781186614  2837
2.7041505168397992  3594
2.705007959333336  3458
2.7058637122839193  3461
2.7067177823367587  3210
2.7075701760979363  3401
2.708420900134713  3267
2.709269960975831  3538
2.7101173651118162  3377
2.710963118995276  3483
2.711807229041191  3455
2.7126497016272113  2989
2.7134905430939424  3258
2.714329759745233  2983
2.7151673578484576  3194
2.716003343634799  3184
2.7168377232995247  3345
2.717670503002262  3384
2.718501688867274  2851
2.7193312869837265  3349
2.720159303405957  3240
2.7209857441537393  3302
2.7218106152125467  3134
2.722633922533812  3299
2.7234556720351857  3340
2.724275869600789  3342
2.725094521081469  3348
2.7259116322950483  3208
2.7267272090265724  3198
2.727541257028556  3593
2.7283537820212285  3441
2.72916478969277  3199
2.7299742856995555  3086
2.7307822756663893  3698
2.7315887651867388  3244
2.7323937598229686  3194
2.7331972651065692  3714
2.733999286538387  3402
2.734799829588847  3227
2.73559889969818  3500
2.7363965022766426  3179
2.7371926427047373  3605
2.737987326333431  3387
2.738780558484369  3100
2.739572344450092  3467
2.7403626894942437  3417
2.741151598851785  3079
2.741939077729199  3258
2.7427251313046983  3281
2.74350976472843  3133
2.7442929831226763  3192
2.7450747915820575  3298
2.745855195173729  2938
2.7466341989375787  3021
2.747411807886423  3277
2.7481880270062002  3413
2.7489628612561616  3088
2.749736315569061  3415
2.7505083948513462  3423
2.751279103983342  3013
2.7520484478194387  3172
2.7528164311882715  3386
2.7535830588929064  3054
2.754348335711019  3091
2.7551122663950713  3518
2.7558748556724915  3472
2.756636108245848  3384
2.7573960287930244  3469
2.75815462196739  3494
2.7589118923979736  3315
2.7596678446896306  3098
2.760422483423212  3291
2.7611758131557314  3303
2.761927838420529  3343
2.762678563727436  2949
2.7634279935629373  3118
2.7641761323903307  3308
2.7649229846498886  3321
2.765668554759014  3325
2.7664128471123997  3117
2.7671558660821804  3228
2.767897616018091  3285
2.7686381012476144  3499
2.7693773260761385  3448
2.7701152947871015  2744
2.7708520116421442  3356
2.7715874808812555  3805
2.77232170672292  3165
2.7730546933642626  3261
2.7737864449811935  3550
2.7745169657285498  3347
2.7752462597402365  3399
2.775974331129369  3347
2.776701183988411  3050
2.7774268223893115  3454
2.7781512503836434  3345
2.7788744720027396  3340
2.7795964912578244  3065
2.780317312140151  3078
2.7810369386211318  3291
2.781755374652469  3329
2.782472624166286  3168
2.7831886910752575  2995
2.783903579272735  3089
2.784617292632875  3377
2.785329835010767  3112
2.786041210242554  3740
2.7867514221455614  3508
2.787460474518415  3630
2.788168371141168  3361
2.788875115775417  3207
2.7895807121644256  3899
2.7902851640332416  3362
2.790988475088816  3180
2.791690649020118  3288
2.792391689498254  3131
2.79309160017658  3303
2.7937903846908188  3428
2.7944880466591697  3206
2.795184589682424  3113
2.7958800173440754  3259
2.7965743332104296  3332
2.7972675408307164  3480
2.797959643737196  3354
2.798650645445269  3301
2.7993405494535817  3244
2.8000293592441343  3292
2.800717078282385  3071
2.801403710017355  2928
2.802089257881733  3173
2.8027737252919755  3348
2.803457115648414  3422
2.8041394323353503  3350
2.8048206787211623  3378
2.8055008581584002  3338
2.806179973983887  3164
2.8068580295188172  3070
2.807535028068853  3238
2.808210972924222  3026
2.808885867359812  3443
2.8095597146352675  3264
2.8102325179950842  3404
2.8109042806687006  3319
2.8115750058705933  3182
2.812244696800369  3006
2.8129133566428557  2957
2.813580988568192  3524
2.81424759573192  2965
2.814913181275074  2926
2.815577748324267  3309
2.816241299991783  3646
2.8169038393756605  3119
2.8175653695597807  3371
2.8182258936139557  3561
2.8188854145940097  3224
2.8195439355418688  3211
2.82020145948564  2908
2.8208579894397  3309
2.821513528404773  3238
2.8221680793680175  3219
2.8228216453031045  3195
2.823474229170301  3045
2.824125833916549  3299
2.824776462475546  3293
2.8254261177678233  3402
2.8260748027008264  3304
2.826722520168992  3431
2.8273692730538253  3594
2.828015064223977  3037
2.82865989653532  3494
2.829303772831025  3388
2.829946695941636  3171
2.8305886686851442  3236
2.8312296938670634  3474
2.8318697742805017  3281
2.832508912706236  3308
2.833147111912785  3517
2.833784374656479  3188
2.8344207036815328  3234
2.835056101720116  3309
2.8356905714924254  3309
2.8363241157067516  3214
2.8369567370595505  2983
2.837588438235511  3242
2.8382192219076257  3152
2.838849090737255  3142
2.8394780473741985  2996
2.840106094456758  3246
2.8407332346118066  3402
2.841359470454855  3171
2.8419848045901137  3019
2.842609239610562  3121
2.8432327780980096  3785
2.843855422623161  3187
2.8444771757456815  3208
2.845098040014257  3433
2.8457180179666586  3105
2.846337112129805  3361
2.846955325019824  3295
2.847572659142112  3303
2.848189116991399  3191
2.8488047010518036  3796
2.8494194137968996  3264
2.850033257689769  3421
2.8506462351830666  3322
2.8512583487190755  3140
2.851869600729766  3131
2.8524799936368566  3174
2.8530895298518657  3238
2.8536982117761744  3184
2.8543060418010806  3582
2.8549130223078554  3144
2.8555191556678  3762
2.8561244442423  3085
2.8567288903828825  2871
2.8573324964312685  3230
2.857935264719429  3443
2.858537197569639  3380
2.859138297294531  2982
2.859738566197147  3295
2.8603380065709936  2993
2.8609366207000937  3261
2.8615344108590377  3371
2.862131379313037  3169
2.8627275283179747  3586
2.863322860120456  3448
2.8639173769578603  3148
2.864511081058392  3167
2.8651039746411278  3279
2.8656960599160706  3373
2.8662873390841948  3299
2.866877814337499  3398
2.8674674878590514  3086
2.8680563618230415  3250
2.8686444383948255  3520
2.8692317197309762  3062
2.869818207979328  3077
2.870403905279027  3280
2.8709888137605755  3512
2.8715729355458786  3098
2.8721562727482928  3189
2.8727388274726686  3154
2.873320601815399  3279
2.8739015978644615  3518
2.8744818176994666  3268
2.8750612633917  3357
2.8756399370041685  3486
2.876217840591642  3497
2.8767949762007006  3166
2.877371345869774  3424
2.8779469516291885  3595
2.8785217955012063  3259
2.8790958795000727  3139
2.8796692056320534  3177
2.88024177589548  3450
2.8808135922807914  3226
2.8813846567705728  3376
2.8819549713396007  3209
2.8825245379548803  3347
2.8830933585756897  3765
2.8836614351536176  3091
2.884228769632604  3235
2.884795363948981  2869
2.885361220031512  3296
2.885926339801431  3084
2.886490725172482  3569
2.8870543780509568  3144
2.887617300335736  3189
2.888179493918325  3345
2.8887409606828927  3384
2.88930170250631  3455
2.8898617212581885  3190
2.890421018800914  3313
2.890979596989689  3365
2.8915374576725643  3084
2.8920946026904804  3162
2.8926510338773004  3290
2.893206753059848  3539
2.8937617620579434  3070
2.8943160626844384  3596
2.8948696567452528  3472
2.895422546039408  3166
2.8959747323590648  3163
2.8965262174895554  3176
2.89707700320942  3081
2.8976270912904414  3407
2.8981764834976764  3231
2.8987251815894934  3134
2.8992731873176036  3515
2.8998205024270964  3253
2.9003671286564705  3014
2.900913067737669  3282
2.9014583213961123  3415
2.9020028913507296  3279
2.902546779313991  3055
2.9030899869919438  3321
2.9036325160842376  2880
2.9041743682841634  3336
2.904715545278681  3115
2.905256048748451  3311
2.9057958803678687  3351
2.906335041805091  3355
2.90687353472207  3351
2.907411360774586  3058
2.9079485216122722  3048
2.90848501887865  3289
2.909020854211156  3160
2.9095560292411755  3378
2.910090545594068  3385
2.910624404889201  3406
2.9111576087399764  3108
2.9116901587538613  2932
2.9122220565324155  3188
2.912753303671323  3324
2.9132839017604186  3122
2.9138138523837167  3797
2.9143431571194407  3657
2.9148718175400505  2782
2.91539983521227  3374
2.9159272116971158  3639
2.916453948549925  3312
2.9169800473203824  3146
2.9175055095525466  3079
2.9180303367848803  3376
2.9185545305502734  3457
2.9190780923760737  3515
2.919601023784111  3474
2.920123326290724  3146
2.9206450014067875  3502
2.921166050637739  3572
2.921686475483602  3021
2.9222062774390163  3215
2.92272545799326  2928
2.9232440186302764  3507
2.9237619608287004  3014
2.9242792860618816  3282
2.924795995797912  3296
2.9253120914996495  3402
2.9258275746247424  2999
2.926342446625655  3013
2.926856708949692  3385
2.9273703630390235  2809
2.9278834103307068  3146
2.9283958522567137  3005
2.928907690243953  3385
2.929418925714293  3443
2.929929560084588  3156
2.9304395947667  3380
2.930949031167523  3901
2.931457870689005  3314
2.931966114728173  3022
2.932473764677153  3398
2.932980821923198  3386
2.9334872878487053  3036
2.9339931638312424  3111
2.934498451243568  3343
2.935003151453655  3151
2.9355072658247128  3005
2.9360107957152097  3071
2.936513742478893  3522
2.9370161074648142  3495
2.937517892017347  3467
2.9380190974762104  3248
2.938519725176492  2936
2.9390197764486663  3417
2.9395192526186187  2921
2.9400181550076634  3317
2.940516484932567  3300
2.9410142437055695  3534
2.941511432634403  3238
2.942008053022313  3500
2.9425041061680806  3299
2.9429995933660407  3426
2.9434945159061026  3066
2.9439888750737717  3102
2.9444826721501687  3349
2.9449759084120477  3207
2.94546858513182  2944
2.9459607035775686  3262
2.946452265013073  3179
2.9469432706978256  2988
2.9474337218870508  3399
2.9479236198317262  3171
2.948412965778601  3596
2.9489017609702137  3321
2.949390006644913  3091
2.949877704036875  3078
2.950364854376123  3149
2.9508514588885464  3516
2.951337518795918  2957
2.951823035315912  3620
2.9523080096621253  3181
2.952792443044092  3259
2.9532763366673045  3076
2.9537596917332287  3477
2.9542425094393248  3279
2.954724790979063  3292
2.9552065375419416  3426
2.9556877503135057  2998
2.9561684304753633  3244
2.9566485792052033  3476
2.957128197676813  3222
2.957607287060095  3238
2.958085848521085  3164
2.9585638832219674  3708
2.9590413923210934  3401
2.9595183769729982  3644
2.959994838328416  3137
2.960470777534299  3285
2.960946195733831  3272
2.9614210940664485  3152
2.9618954736678504  3371
2.962369335670021  3299
2.9628426812012423  3098
2.9633155113861114  3300
2.963787827345555  3193
2.964259630196849  3261
2.9647309210536292  3620
2.965201701025912  3178
2.9656719712201065  3117
2.9661417327390325  3209
2.966610986681934  3482
2.967079734144497  3197
2.967547976218862  3331
2.968015713993642  3280
2.9684829485539352  3426
2.9689496809813427  3200
2.9694159123539814  3345
2.9698816437465  3309
2.9703468762300935  3138
2.9708116108725178  3360
2.971275848738105  2977
2.971739590887778  3323
2.9722028383790646  3644
2.972665592266111  3123
2.9731278535996988  3219
2.973589623427257  2834
2.9740509027928774  3526
2.9745116927373285  3278
2.974971994298069  3433
2.975431808509263  3627
2.975891136401793  3048
2.9763499790032735  3123
2.976808337338066  3172
2.977266212427293  3203
2.9777236052888476  2884
2.978180516937414  3311
2.9786369483844743  3293
2.979092900638326  2782
2.979548374704095  3388
2.9800033715837464  3287
2.9804578922761  3579
2.9809119377768436  3257
2.9813655090785445  2931
2.9818186071706636  3325
2.9822712330395684  3593
2.9827233876685453  3400
2.983175072037813  3355
2.9836262871245345  3253
2.984077033902831  3437
2.9845273133437926  3045
2.9849771264154934  3317
2.9854264740830017  3287
2.9858753573083936  3324
2.986323777050765  3396
2.9867717342662448  3026
2.9872192299080047  2898
2.9876662649262746  3529
2.988112840268352  2971
2.9885589568786157  3301
2.989004615698537  3316
2.9894498176666917  3341
2.989894563718773  3074
2.9903388547876015  3317
2.9907826918031377  3490
2.9912260756924947  3070
2.9916690073799486  3273
2.9921114877869495  3388
2.9925535178321354  3482
2.9929950984313414  3532
2.9934362304976116  3455
2.993876914941211  3276
2.9943171526696366  3393
2.9947569445876283  3235
2.9951962915971793  3172
2.99563519459755  3525
2.9960736544852753  3224
2.9965116721541785  2829
2.996949248495381  3463
2.997386384397313  3146
2.9978230807457256  3646
2.998259338423699  3393
2.998695158311656  3124
2.999130541287371  3194
2.9995654882259823  3502
3.0  3201
3.000434077479319  3167
3.0008677215312267  3060
3.0013009330204183  3300
3.0017337128090005  3292
3.002166061756508  3370
3.0025979807199086  3435
3.003029470553618  3337
3.0034605321095067  3372
3.0038911662369103  3406
3.0043213737826426  3319
3.004751155591001  3422
3.0051805125037805  3042
3.0056094453602804  3487
3.0060379549973173  3347
3.0064660422492318  3099
3.0068937079479006  3498
3.0073209529227447  3282
3.00774777800074  3320
3.0081741840064264  3402
3.0086001717619175  3225
3.0090257420869104  3019
3.009450895798694  3276
3.00987563371216  3258
3.010299956639812  3355
3.010723865391773  3075
3.0111473607757975  3169
3.0115704435972783  3180
3.011993114659257  3442
3.012415374762433  2900
3.012837224705172  3226
3.0132586652835167  3471
3.0136796972911926  3349
3.0141003215196207  3086
3.0145205387579237  3386
3.0149403497929366  3048
3.0153597554092144  3225
3.015778756389041  3417
3.016197353512439  3405
3.016615547557177  3434
3.0170333392987803  3343
3.017450729510536  3066
3.0178677189635055  3336
3.018284308426531  3041
3.0187004986662433  3684
3.019116290447073  3212
3.0195316845312554  2886
3.0199466816788423  3287
3.0203612826477078  3238
3.020775488193558  3278
3.0211892990699383  3280
3.021602716028242  3090
3.02201573981772  2979
3.0224283711854865  3208
3.022840610876528  3453
3.0232524596337114  3140
3.0236639181977933  3559
3.024074987307426  3040
3.024485667699167  3024
3.024895960107485  3596
3.0253058652647704  2935
3.025715383901341  3358
3.0261245167454502  2940
3.0265332645232967  3240
3.0269416279590295  3543
3.0273496077747564  3280
3.0277572046905536  3207
3.0281644194244697  3044
3.0285712526925375  2962
3.028977705208778  3531
3.0293837776852097  3072
3.029789470831856  3289
3.030194785356751  3539
3.030599721965951  3277
3.0310042813635367  3491
3.031408464251624  3147
3.0318122713303706  3179
3.0322157032979815  3167
3.03261876085072  3066
3.0330214446829107  3282
3.03342375548695  3309
3.03382569395331  3253
3.0342272607705505  3282
3.0346284566253203  3421
3.0350292822023683  3463
3.0354297381845483  3417
3.035829825252828  3456
3.0362295440862948  3554
3.036628895362161  3749
3.037027879755775  3587
3.037426497940624  3470
3.037824750588342  3027
3.0382226383687185  3279
3.038620161949703  2944
3.039017321997412  3074
3.0394141191761372  3354
3.0398105541483504  3085
3.0402066275747113  3526
3.040602340114073  3275
3.0409976924234905  3326
3.041392685158225  3524
3.041787318971752  2839
3.042181594515766  3288
3.0425755124401905  3044
3.0429690733931802  3292
3.0433622780211294  3160
3.0437551269686796  3276
3.044147620878723  3512
3.044539760392411  3092
3.04493154614916  3197
3.0453229787866576  3297
3.0457140589408676  3094
3.0461047872460387  2970
3.0464951643347082  3401
3.04688519083771  3484
3.0472748673841794  3256
3.04766419460156  3084
3.048053173115609  3445
3.0484418035504044  3368
3.04883008652835  3599
3.0492180226701815  3420
3.049605612594973  3333
3.0499928569201424  3064
3.050379756261458  3394
3.0507663112330423  3372
3.0511525224473814  3327
3.0515383905153275  3015
3.0519239160461065  3076
3.0523090996473234  3589
3.052693941924968  3084
3.0530784434834195  3157
3.053462604925455  2990
3.0538464268522527  3544
3.0542299098633974  3514
3.0546130545568877  3154
3.0549958615291417  3246
3.055378331375  3260
3.0557604646877348  3190
3.056142262059052  3307
3.0565237240791006  3497
3.0569048513364727  3328
3.0572856444182146  3313
3.0576661039098294  3290
3.0580462303952816  2949
3.058426024457005  3325
3.0588054866759067  3459
3.059184617631371  3234
3.0595634179012676  3032
3.059941888061955  3391
3.060320028688285  3304
3.060697840353612  3408
3.0610753236297916  3389
3.061452479087193  3632
3.061829307294699  3554
3.0622058088197126  3201
3.062581984228163  3446
3.0629578340845103  3253
3.0633333589517497  3330
3.0637085593914173  3282
3.064083435963596  3402
3.0644579892269186  3365
3.064832219738574  3423
3.065206128054312  3534
3.0655797147284485  3580
3.06595298031387  3359
3.0663259253620376  3401
3.0666985504229953  3104
3.0670708560453703  3489
3.0674428427763805  3261
3.0678145111618402  3337
3.0681858617461617  3471
3.068556895072363  2870
3.068927611682072  3293
3.0692980121155293  3354
3.0696680969115957  3597
3.070037866607755  3433
3.0704073217401198  3252
3.0707764628434346  3031
3.0711452904510828  3115
3.071513805095089  3375
3.0718820073061255  3191
3.072249897613515  3179
3.0726174765452368  3297
3.0729847446279304  3096
3.073351702386901  3130
3.0737183503461227  2813
3.074084689028244  3246
3.074450718954591  3170
3.074816440645175  3319
3.0751818546186915  3409
3.0755469613925306  3279
3.0759117614827773  3171
3.076276255404218  3542
3.076640443670342  3520
3.0770043267933502  3125
3.0773679052841563  3394
3.077731179652392  3410
3.0780941504064105  3007
3.0784568180532927  3276
3.0788191830988487  3331
3.0791812460476247  3076
3.079543007402906  3590
3.079904467666721  3320
3.0802656273398448  3645
3.0806264869218056  3461
3.080987046910887  3319
3.0813473078041325  3374
3.081707270097349  3228
3.082066934285113  3331
3.0824263008607717  2723
3.0827853703164503  3322
3.0831441431430524  3372
3.0835026198302673  3200
3.083860800866573  3668
3.0842186867392387  2844
3.084576277934331  3181
3.084933574936716  3252
3.085290578230065  3016
3.0856472882968564  2990
3.0860037056183818  3457
3.0863598306747484  2966
3.0867156639448825  3307
3.0870712059065353  3290
3.0874264570362855  3167
3.087781417809542  3101
3.0881360887005513  2918
3.0884904701823963  3225
3.088844562727004  3479
3.089198366805149  3361
3.089551882886454  2988
3.089905111439398  3171
3.090258052931316  3113
3.090610707828407  3109
3.0909630765957314  3173
3.091315159697223  3265
3.0916669575956846  3152
3.092018470752797  3118
3.0923696996291206  3207
3.0927206446840994  3056
3.0930713063760633  3210
3.093421685162235  3329
3.09377178149873  3078
3.0941215958405612  3285
3.094471128641645  3263
3.0948203803548  3241
3.095169351431755  3035
3.095518042323151  2993
3.0958664534785427  3071
3.0962145853464054  3040
3.0965624383741357  3264
3.0969100130080562  3094
3.09725730969342  3046
3.097604328874411  3237
3.09795107099415  3091
3.0982975364946976  2848
3.098643725817057  3267
3.0989896394011773  3156
3.0993352776859577  3145
3.09968064110925  3188
3.1000257301078626  3369
3.100370545117563  2762
3.1007150865730817  3141
3.1010593549081156  3240
3.101403350555331  3117
3.1017470739463664  3163
3.1020905255118367  3222
3.1024337056813365  2924
3.1027766148834415  3074
3.1031192535457137  3285
3.103461622094705  3220
3.103803720955957  3030
3.104145550554008  2930
3.104487111312395  3111
3.1048284036536553  3092
3.1051694279993316  3067
3.1055101847699738  3250
3.1058506743851435  3177
3.1061908972634154  3151
3.1065308538223815  3179
3.106870544478654  2773
3.1072099696478683  3262
3.1075491297446862  3065
3.1078880251827985  3207
3.1082266563749283  3130
3.1085650237328344  3375
3.1089031276673134  2940
3.109240968588203  3266
3.1095785469043866  2976
3.1099158630237933  3021
3.110252917353403  2895
3.110589710299249  2845
3.1109262422664203  2943
3.1112625136590655  3298
3.111598524880394  2941
3.1119342763326814  2752
3.1122697684172707  3007
3.1126050015345745  2813
3.11293997608408  2980
3.1132746924643504  2776
3.1136091510730277  2915
3.113943352306837  2801
3.1142772965615864  2657
3.114610984232173  2902
3.1149444157125847  2902
3.1152775913959014  2694
3.1156105116742996  2916
3.115943176939055  2768
3.116275587580544  2694
3.1166077439882485  2944
3.116939646550756  2540
3.1172712956557644  2777
3.117602691690084  3085
3.1179338350396413  2836
3.118264726089479  2721
3.118595365223762  2738
3.1189257528257768  2652
3.1192558892779365  2637
3.119585774961784  2587
3.119915410257991  2656
3.1202447955463652  2819
3.12057393120585  2494
3.1209028176145273  2524
3.1212314551496214  2342
3.1215598441875008  2725
3.121887985103681  2558
3.1222158782728267  2469
3.1225435240687545  2556
3.1228709228644354  2689
3.1231980750319988  2464
3.123524980942732  2476
3.123851640967086  2261
3.124178055474675  2445
3.1245042248342823  2289
3.1248301494138593  2410
3.12515582958053  2464
3.125481265700594  2321
3.125806458139527  2233
3.1261314072619846  2325
3.1264561134318045  2168
3.126780577012009  2527
3.1271047983648077  2110
3.127428777851599  2286
3.1277525158329733  2183
3.1280760126687155  1966
3.1283992687178066  2082
3.128722284338427  1961
3.1290450598879582  2301
3.1293675957229854  2080
3.129689892199301  2078
3.1300119496719043  1762
3.130333768495006  1934
3.130655349022031  1885
3.130976691605617  1959
3.131297796597623  1911
3.1316186643491255  1694
3.1319392952104246  1785
3.1322596895310446  1782
3.132579847659737  1759
3.132899769944483  1727
3.1332194567324945  1637
3.1335389083702174  1550
3.133858125203335  1426
3.1341771075767664  1498
3.1344958558346736  1412
3.13481437032046  1500
3.1351326513767748  1444
3.1354506993455136  1318
3.1357685145678222  1220
3.1360860973840974  1315
3.13640344813399  1239
3.1367205671564067  1268
3.1370374547895126  1209
3.137354111370733  1208
3.137670537236755  1199
3.137986732723532  1077
3.1383026981662816  1122
3.1386184338994925  1068
3.1389339402569236  1094
3.139249217571607  986
3.13956426617585  929
3.1398790864012365  902
3.140193678578631  1035
3.1405080430381798  827
3.1408221801093106  881
3.141136090120739  812
3.1414497734004674  743
3.141763230275788  669
3.1420764610732848  802
3.142389466118836  662
3.1427022457376155  677
3.143014800254095  656
3.143327129992046  613
3.1436392352745433  661
3.1439511164239633  582
3.144262773761991  552
3.144574207609616  541
3.144885418287142  504
3.1451964061141817  550
3.1455071714096627  447
3.1458177144918276  438
3.146128035678238  417
3.1464381352857744  388
3.14674801363064  303
3.1470576710283598  358
3.1473671077937864  328
3.1476763242410986  283
3.147985320683805  340
3.1482940974347455  257
3.1486026548060932  262
3.1489109931093564  220
3.1492191126553797  249
3.149527013754348  235
3.149834696715785  197
3.1501421618485588  215
3.150449409460881  168
3.150756439860309  180
3.15106325335375  190
3.1513698502474603  166
3.151676230847048  145
3.151982395457474  159
3.1522883443830563  100
3.15259407792747  103
3.1528995963937474  112
3.153204900084284  126
3.1535099893008374  77
3.153814864344529  91
3.154119525515847  73
3.154423973114647  65
3.1547282074401557  58
3.1550322287909704  64
3.155336037465062  46
3.1556396337597765  58
3.1559430179718366  42
3.1562461903973444  48
3.1565491513317814  33
3.156851901070011  55
3.1571544399062814  34
3.157456768134226  16
3.1577588860468637  28
3.158060793936605  27
3.1583624920952498  17
3.1586639808139894  16
3.15896526038341  23
3.159266331093494  16
3.1595671932336202  16
3.1598678470925665  5
3.160168292958512  11
3.1604685311190375  13
3.1607685618611283  12
3.1610683854711747  8
3.161368002234975  11
3.161667412437736  10
3.161966616364075  8
3.1622656142980214  4
3.162564406523019  6
3.162862993321926  4
3.1631613749770184  1
3.16345955176999  3
3.163757523981956  1
3.1640552918934515  1
3.164352855784437  2
3.1646502159342966  3
3.1649473726218416  1
3.1652443261253107  1
3.165541076722373  1
