0.3010299956639812  2831
0.47712125471966244  2846
0.6020599913279624  2842
0.6989700043360189  2859
0.7781512503836436  2875
0.8450980400142568  2868
0.9030899869919435  2748
0.9542425094393249  2826
1.0  2815
1.0413926851582251  2755
1.0791812460476249  2744
1.1139433523068367  2826
1.146128035678238  2819
1.1760912590556813  2810
1.2041199826559248  2817
1.2304489213782739  2795
1.255272505103306  2766
1.2787536009528289  2742
1.3010299956639813  2779
1.3222192947339193  2781
1.3424226808222062  2744
1.3617278360175928  2728
1.380211241711606  2706
1.3979400086720377  2721
1.414973347970818  2664
1.4313637641589874  2779
1.4471580313422192  2651
1.462397997898956  2692
1.4771212547196624  2711
1.4913616938342726  2700
1.505149978319906  2704
1.5185139398778875  2673
1.5314789170422551  2707
1.5440680443502757  2766
1.5563025007672873  2683
1.568201724066995  2707
1.5797835966168101  2699
1.591064607026499  2698
1.6020599913279623  2741
1.6127838567197355  2700
1.6232492903979006  2686
1.6334684555795864  2692
1.6434526764861874  2682
1.6532125137753437  2709
1.662757831681574  2705
1.6720978579357175  2736
1.6812412373755872  2747
1.6901960800285136  2664
1.6989700043360187  2640
1.7075701760979363  2676
1.7160033436347992  2641
1.724275869600789  2742
1.7323937598229686  2721
1.7403626894942439  2721
1.7481880270062005  2692
1.7558748556724915  2727
1.7634279935629373  2658
1.7708520116421442  2697
1.7781512503836436  2629
1.7853298350107671  2668
1.792391689498254  2774
1.7993405494535817  2740
1.806179973983887  2723
1.8129133566428555  2732
1.8195439355418688  2723
1.8260748027008264  2676
1.8325089127062364  2700
1.8388490907372552  2654
1.845098040014257  2716
1.8512583487190752  2626
1.8573324964312685  2706
1.863322860120456  2663
1.8692317197309762  2715
1.8750612633917  2703
1.8808135922807914  2735
1.8864907251724818  2726
1.8920946026904804  2636
1.8976270912904414  2739
1.9030899869919435  2713
1.9084850188786497  2735
1.9138138523837167  2722
1.919078092376074  2662
1.9242792860618816  2678
1.9294189257142926  2741
1.9344984512435677  2709
1.9395192526186185  2700
1.9444826721501687  2682
1.9493900066449128  2640
1.954242509439325  2721
1.9590413923210936  2700
1.9637878273455553  2735
1.968482948553935  2647
1.9731278535996986  2723
1.9777236052888478  2693
1.9822712330395684  2716
1.9867717342662448  2724
1.9912260756924949  2657
1.99563519459755  2702
2.0  2673
2.0043213737826426  2764
2.0086001717619175  2673
2.012837224705172  2703
2.0170333392987803  2719
2.0211892990699383  2693
2.0253058652647704  2643
2.0293837776852097  2741
2.03342375548695  2665
2.037426497940624  2767
2.041392685158225  2682
2.0453229787866576  2623
2.0492180226701815  2700
2.0530784434834195  2700
2.0569048513364727  2649
2.060697840353612  2727
2.0644579892269186  2698
2.0681858617461617  2658
2.0718820073061255  2744
2.0755469613925306  2601
2.0791812460476247  2727
2.0827853703164503  2727
2.0863598306747484  2688
2.089905111439398  2655
2.093421685162235  2709
2.0969100130080562  2644
2.100370545117563  2688
2.103803720955957  2665
2.1072099696478683  2658
2.110589710299249  2733
2.113943352306837  2697
2.1172712956557644  2695
2.12057393120585  2738
2.123851640967086  2760
2.1271047983648077  2693
2.130333768495006  2751
2.1335389083702174  2658
2.1367205671564067  2754
2.1398790864012365  2651
2.143014800254095  2665
2.146128035678238  2746
2.1492191126553797  2734
2.1522883443830563  2748
2.155336037465062  2699
2.1583624920952498  2659
2.161368002234975  2727
2.164352855784437  2756
2.167317334748176  2687
2.1702617153949575  2721
2.173186268412274  2757
2.1760912590556813  2702
2.1789769472931693  2796
2.1818435879447726  2714
2.184691430817599  2757
2.187520720836463  2668
2.1903316981702914  2710
2.1931245983544616  2643
2.1958996524092336  2689
2.1986570869544226  2726
2.2013971243204513  2685
2.2041199826559246  2710
2.2068258760318495  2600
2.2095150145426308  2699
2.2121876044039577  2688
2.214843848047698  2657
2.2174839442139063  2649
2.220108088040055  2641
2.2227164711475833  2684
2.225309281725863  2645
2.2278867046136734  2662
2.230448921378274  2723
2.2329961103921536  2692
2.2355284469075487  2710
2.2380461031287955  2663
2.2405492482826  2684
2.2430380486862944  2739
2.24551266781415  2672
2.247973266361807  2724
2.250420002308894  2710
2.2528530309798933  2698
2.255272505103306  2651
2.2576785748691846  2712
2.2600713879850747  2663
2.2624510897304293  2688
2.2648178230095364  2742
2.2671717284030137  2701
2.2695129442179165  2677
2.271841606536499  2685
2.27415784926368  2722
2.2764618041732443  2746
2.278753600952829  2708
2.2810333672477277  2698
2.2833012287035497  2726
2.285557309007774  2689
2.287801729930226  2699
2.290034611362518  2647
2.292256071356476  2643
2.294466226161593  2676
2.296665190261531  2716
2.298853076409707  2669
2.3010299956639813  2695
2.303196057420489  2694
2.305351369446624  2701
2.307496037913213  2671
2.3096301674258988  2650
2.311753861055754  2721
2.3138672203691533  2646
2.315970345456918  2650
2.3180633349627615  2628
2.3201462861110542  2773
2.322219294733919  2731
2.3242824552976926  2756
2.326335860928751  2667
2.3283796034387376  2695
2.330413773349191  2704
2.3324384599156054  2721
2.3344537511509307  2659
2.3364597338485296  2696
2.3384564936046046  2716
2.3404441148401185  2733
2.342422680822206  2728
2.3443922736851106  2700
2.346352974450639  2627
2.3483048630481607  2693
2.3502480183341627  2755
2.3521825181113627  2726
2.3541084391474008  2732
2.3560258571931225  2721
2.357934847000454  2731
2.359835482339888  2630
2.361727836017593  2653
2.3636119798921444  2720
2.3654879848909  2677
2.367355921026019  2716
2.369215857410143  2767
2.3710678622717363  2686
2.3729120029701067  2694
2.374748346010104  2689
2.376576957056512  2675
2.3783979009481375  2746
2.380211241711606  2716
2.3820170425748683  2715
2.383815365980431  2699
2.385606273598312  2653
2.387389826338729  2710
2.3891660843645326  2717
2.3909351071033793  2688
2.392696953259666  2680
2.3944516808262164  2783
2.3961993470957363  2722
2.3979400086720375  2704
2.399673721481038  2720
2.401400540781544  2694
2.403120521175818  2722
2.404833716619938  2677
2.406540180433955  2670
2.4082399653118496  2742
2.4099331233312946  2771
2.41161970596323  2668
2.413299764081252  2720
2.4149733479708178  2706
2.416640507338281  2656
2.4183012913197452  2676
2.419955748489758  2654
2.4216039268698313  2697
2.423245873936808  2710
2.424881636631067  2691
2.4265112613645754  2725
2.428134794028789  2695
2.429752280002408  2713
2.4313637641589874  2671
2.432969290874406  2696
2.4345689040341987  2719
2.436162647040756  2721
2.437750562820388  2683
2.439332693830263  2726
2.4409090820652177  2693
2.4424797690644486  2748
2.444044795918076  2696
2.4456042032735974  2735
2.4471580313422194  2706
2.44870631990508  2640
2.450249108319361  2656
2.45178643552429  2747
2.4533183400470375  2686
2.45484486000851  2619
2.456366033129043  2709
2.4578818967339924  2718
2.459392487759231  2690
2.4608978427565478  2668
2.462397997898956  2686
2.4638929889859074  2657
2.4653828514484184  2657
2.4668676203541096  2666
2.4683473304121573  2796
2.469822015978163  2704
2.4712917110589387  2672
2.4727564493172123  2694
2.4742162640762553  2715
2.4756711883244296  2701
2.4771212547196626  2730
2.4785664955938436  2670
2.4800069429571505  2680
2.481442628502305  2682
2.482873583608754  2618
2.484299839346786  2722
2.48572142648158  2696
2.4871383754771865  2615
2.4885507165004443  2679
2.4899584794248346  2763
2.4913616938342726  2714
2.4927603890268375  2675
2.494154594018443  2624
2.4955443375464483  2694
2.496929648073215  2693
2.4983105537896004  2701
2.499687082618404  2714
2.5010592622177517  2688
2.5024271199844326  2734
2.503790683057181  2711
2.505149978319906  2676
2.506505032404872  2705
2.507855871695831  2714
2.509202522331103  2676
2.510545010206612  2707
2.5118833609788744  2698
2.513217600067939  2632
2.514547752660286  2712
2.515873843711679  2706
2.5171958979499744  2706
2.5185139398778875  2657
2.519827993775719  2729
2.5211380837040362  2718
2.5224442335063197  2644
2.5237464668115646  2632
2.525044807036845  2694
2.526339277389844  2637
2.5276299008713385  2728
2.5289167002776547  2699
2.530199698203082  2719
2.531478917042255  2774
2.5327543789924976  2663
2.534026106056135  2702
2.5352941200427703  2722
2.53655844257153  2695
2.537819095073274  2727
2.5390760987927767  2716
2.5403294747908736  2697
2.5415792439465807  2687
2.5428254269591797  2638
2.5440680443502757  2771
2.545307116465824  2673
2.546542663478131  2720
2.5477747053878224  2796
2.5490032620257876  2702
2.550228353055094  2749
2.5514499979728753  2693
2.552668216112193  2718
2.5538830266438746  2717
2.5550944485783194  2766
2.5563025007672873  2666
2.5575072019056577  2715
2.558708570533166  2676
2.5599066250361124  2702
2.561101383649056  2663
2.5622928644564746  2661
2.5634810853944106  2717
2.5646660642520893  2675
2.5658478186735176  2692
2.56702636615906  2644
2.568201724066995  2693
2.569373909615046  2723
2.5705429398818973  2697
2.571708831808688  2725
2.5728716022004803  2674
2.574031267727719  2666
2.575187844927661  2738
2.576341350205793  2660
2.5774917998372255  2671
2.578639209968072  2698
2.57978359661681  2759
2.5809249756756194  2731
2.582063362911709  2774
2.583198773968623  2725
2.584331224367531  2635
2.5854607295085006  2742
2.586587304671755  2784
2.5877109650189114  2758
2.5888317255942073  2694
2.5899496013257077  2661
2.591064607026499  2678
2.5921767573958667  2751
2.593286067020457  2750
2.5943925503754266  2669
2.595496221825574  2740
2.59659709562646  2665
2.597695185925512  2696
2.598790506763115  2718
2.5998830720736876  2737
2.6009728956867484  2733
2.6020599913279625  2702
2.603144372620182  2665
2.60422605308447  2761
2.6053050461411096  2646
2.606381365110605  2728
2.6074550232146687  2720
2.6085260335771943  2742
2.60959440922522  2695
2.61066016308988  2655
2.611723308007342  2611
2.6127838567197355  2729
2.6138418218760693  2719
2.6148972160331345  2724
2.615950051656401  2646
2.617000341120899  2715
2.6180480967120925  2663
2.6190933306267428  2689
2.6201360549737576  2712
2.621176281775035  2671
2.622214022966295  2671
2.6232492903979003  2723
2.6242820958356683  2683
2.625312450961674  2753
2.6263403673750423  2758
2.6273658565927325  2664
2.6283889300503116  2691
2.629409599102719  2705
2.630427875025024  2669
2.6314437690131722  2716
2.6324572921847245  2723
2.6334684555795866  2695
2.6344772701607315  2693
2.635483746814912  2674
2.6364878963533656  2700
2.637489729512511  2693
2.6384892569546374  2658
2.639486489268586  2668
2.640481436970422  2735
2.6414741105040997  2688
2.6424645202421213  2675
2.6434526764861874  2648
2.6444385894678386  2697
2.645422269349092  2726
2.6464037262230695  2691
2.6473829701146196  2662
2.6483600109809315  2717
2.649334858712142  2636
2.6503075231319366  2696
2.651278013998144  2702
2.6522463410033232  2697
2.6532125137753435  2710
2.6541765418779604  2737
2.655138434811382  2740
2.656098202012832  2663
2.6570558528571038  2660
2.6580113966571126  2716
2.658964842664435  2698
2.6599162000698504  2629
2.660865478003869  2742
2.661812685537261  2747
2.662757831681574  2729
2.663700925389648  2727
2.6646419755561257  2731
2.6655809910179533  2781
2.6665179805548807  2709
2.667452952889954  2748
2.66838591669  2711
2.6693168805661123  2686
2.670245853074124  2699
2.6711728427150834  2756
2.6720978579357175  2756
2.673020907128896  2738
2.673941998634088  2727
2.6748611407378116  2706
2.6757783416740852  2711
2.6766936096248664  2716
2.677606952720493  2726
2.678518379040114  2681
2.6794278966121188  2690
2.680335513414563  2714
2.681241237375587  2717
2.682145076373832  2761
2.6830470382388496  2704
2.683947130751512  2632
2.6848453616444123  2659
2.6857417386022635  2689
2.6866362692622934  2692
2.6875289612146345  2728
2.6884198220027105  2762
2.6893088591236203  2741
2.690196080028514  2662
2.6910814921229687  2735
2.69196510276736  2665
2.69284691927723  2748
2.693726948923647  2703
2.694605198933569  2684
2.6954816764901977  2745
2.696356388733332  2686
2.6972293427597176  2699
2.6981005456233897  2683
2.6989700043360187  2715
2.699837725867246  2743
2.7007037171450192  2713
2.7015679850559273  2753
2.7024305364455254  2667
2.7032913781186614  2682
2.7041505168397992  2681
2.705007959333336  2723
2.7058637122839193  2696
2.7067177823367587  2713
2.7075701760979363  2714
2.708420900134713  2791
2.709269960975831  2747
2.7101173651118162  2758
2.710963118995276  2801
2.711807229041191  2694
2.7126497016272113  2682
2.7134905430939424  2689
2.714329759745233  2752
2.7151673578484576  2737
2.716003343634799  2700
2.7168377232995247  2719
2.717670503002262  2689
2.718501688867274  2656
2.7193312869837265  2663
2.720159303405957  2647
2.7209857441537393  2723
2.7218106152125467  2770
2.722633922533812  2700
2.7234556720351857  2718
2.724275869600789  2797
2.725094521081469  2692
2.7259116322950483  2784
2.7267272090265724  2738
2.727541257028556  2673
2.7283537820212285  2687
2.72916478969277  2714
2.7299742856995555  2753
2.7307822756663893  2682
2.7315887651867388  2698
2.7323937598229686  2714
2.7331972651065692  2668
2.733999286538387  2668
2.734799829588847  2622
2.73559889969818  2703
2.7363965022766426  2734
2.7371926427047373  2685
2.737987326333431  2736
2.738780558484369  2724
2.739572344450092  2638
2.7403626894942437  2699
2.741151598851785  2709
2.741939077729199  2701
2.7427251313046983  2679
2.74350976472843  2714
2.7442929831226763  2691
2.7450747915820575  2659
2.745855195173729  2732
2.7466341989375787  2659
2.747411807886423  2704
2.7481880270062002  2724
2.7489628612561616  2750
2.749736315569061  2725
2.7505083948513462  2677
2.751279103983342  2786
2.7520484478194387  2702
2.7528164311882715  2751
2.7535830588929064  2733
2.754348335711019  2678
2.7551122663950713  2691
2.7558748556724915  2733
2.756636108245848  2753
2.7573960287930244  2684
2.75815462196739  2643
2.7589118923979736  2719
2.7596678446896306  2712
2.760422483423212  2720
2.7611758131557314  2695
2.761927838420529  2749
2.762678563727436  2671
2.7634279935629373  2704
2.7641761323903307  2683
2.7649229846498886  2624
2.765668554759014  2685
2.7664128471123997  2701
2.7671558660821804  2703
2.767897616018091  2662
2.7686381012476144  2755
2.7693773260761385  2692
2.7701152947871015  2764
2.7708520116421442  2661
2.7715874808812555  2659
2.77232170672292  2728
2.7730546933642626  2758
2.7737864449811935  2647
2.7745169657285498  2680
2.7752462597402365  2682
2.775974331129369  2754
2.776701183988411  2708
2.7774268223893115  2713
2.7781512503836434  2736
2.7788744720027396  2793
2.7795964912578244  2729
2.780317312140151  2687
2.7810369386211318  2719
2.781755374652469  2684
2.782472624166286  2671
2.7831886910752575  2660
2.783903579272735  2755
2.784617292632875  2621
2.785329835010767  2664
2.786041210242554  2713
2.7867514221455614  2690
2.787460474518415  2709
2.788168371141168  2699
2.788875115775417  2690
2.7895807121644256  2709
2.7902851640332416  2654
2.790988475088816  2779
2.791690649020118  2745
2.792391689498254  2675
2.79309160017658  2665
2.7937903846908188  2680
2.7944880466591697  2730
2.795184589682424  2735
2.7958800173440754  2718
2.7965743332104296  2634
2.7972675408307164  2666
2.797959643737196  2725
2.798650645445269  2678
2.7993405494535817  2621
2.8000293592441343  2709
2.800717078282385  2680
2.801403710017355  2703
2.802089257881733  2725
2.8027737252919755  2652
2.803457115648414  2705
2.8041394323353503  2683
2.8048206787211623  2721
2.8055008581584002  2718
2.806179973983887  2744
2.8068580295188172  2643
2.807535028068853  2670
2.808210972924222  2679
2.808885867359812  2715
2.8095597146352675  2687
2.8102325179950842  2687
2.8109042806687006  2689
2.8115750058705933  2605
2.812244696800369  2679
2.8129133566428557  2659
2.813580988568192  2626
2.81424759573192  2720
2.814913181275074  2673
2.815577748324267  2714
2.816241299991783  2673
2.8169038393756605  2704
2.8175653695597807  2743
2.8182258936139557  2728
2.8188854145940097  2710
2.8195439355418688  2648
2.82020145948564  2646
2.8208579894397  2696
2.821513528404773  2688
2.8221680793680175  2724
2.8228216453031045  2684
2.823474229170301  2692
2.824125833916549  2667
2.824776462475546  2729
2.8254261177678233  2764
2.8260748027008264  2713
2.826722520168992  2699
2.8273692730538253  2711
2.828015064223977  2642
2.82865989653532  2654
2.829303772831025  2700
2.829946695941636  2712
2.8305886686851442  2699
2.8312296938670634  2671
2.8318697742805017  2750
2.832508912706236  2674
2.833147111912785  2746
2.833784374656479  2751
2.8344207036815328  2718
2.835056101720116  2672
2.8356905714924254  2665
2.8363241157067516  2636
2.8369567370595505  2811
2.837588438235511  2725
2.8382192219076257  2689
2.838849090737255  2647
2.8394780473741985  2713
2.840106094456758  2635
2.8407332346118066  2722
2.841359470454855  2710
2.8419848045901137  2701
2.842609239610562  2703
2.8432327780980096  2741
2.843855422623161  2738
2.8444771757456815  2638
2.845098040014257  2752
2.8457180179666586  2651
2.846337112129805  2701
2.846955325019824  2697
2.847572659142112  2689
2.848189116991399  2717
2.8488047010518036  2768
2.8494194137968996  2686
2.850033257689769  2770
2.8506462351830666  2713
2.8512583487190755  2717
2.851869600729766  2699
2.8524799936368566  2731
2.8530895298518657  2732
2.8536982117761744  2672
2.8543060418010806  2701
2.8549130223078554  2680
2.8555191556678  2719
2.8561244442423  2720
2.8567288903828825  2689
2.8573324964312685  2621
2.857935264719429  2713
2.858537197569639  2667
2.859138297294531  2698
2.859738566197147  2658
2.8603380065709936  2604
2.8609366207000937  2721
2.8615344108590377  2699
2.862131379313037  2693
2.8627275283179747  2671
2.863322860120456  2698
2.8639173769578603  2770
2.864511081058392  2696
2.8651039746411278  2633
2.8656960599160706  2709
2.8662873390841948  2726
2.866877814337499  2693
2.8674674878590514  2765
2.8680563618230415  2719
2.8686444383948255  2773
2.8692317197309762  2693
2.869818207979328  2698
2.870403905279027  2711
2.8709888137605755  2765
2.8715729355458786  2784
2.8721562727482928  2713
2.8727388274726686  2690
2.873320601815399  2724
2.8739015978644615  2768
2.8744818176994666  2735
2.8750612633917  2707
2.8756399370041685  2663
2.876217840591642  2718
2.8767949762007006  2670
2.877371345869774  2643
2.8779469516291885  2748
2.8785217955012063  2723
2.8790958795000727  2749
2.8796692056320534  2670
2.88024177589548  2696
2.8808135922807914  2652
2.8813846567705728  2718
2.8819549713396007  2624
2.8825245379548803  2738
2.8830933585756897  2729
2.8836614351536176  2728
2.884228769632604  2713
2.884795363948981  2712
2.885361220031512  2662
2.885926339801431  2739
2.886490725172482  2742
2.8870543780509568  2684
2.887617300335736  2696
2.888179493918325  2644
2.8887409606828927  2733
2.88930170250631  2695
2.8898617212581885  2649
2.890421018800914  2667
2.890979596989689  2681
2.8915374576725643  2646
2.8920946026904804  2776
2.8926510338773004  2652
2.893206753059848  2647
2.8937617620579434  2715
2.8943160626844384  2771
2.8948696567452528  2739
2.895422546039408  2738
2.8959747323590648  2672
2.8965262174895554  2640
2.89707700320942  2703
2.8976270912904414  2734
2.8981764834976764  2729
2.8987251815894934  2737
2.8992731873176036  2691
2.8998205024270964  2659
2.9003671286564705  2745
2.900913067737669  2686
2.9014583213961123  2708
2.9020028913507296  2699
2.902546779313991  2731
2.9030899869919438  2748
2.9036325160842376  2663
2.9041743682841634  2765
2.904715545278681  2745
2.905256048748451  2676
2.9057958803678687  2722
2.906335041805091  2717
2.90687353472207  2793
2.907411360774586  2695
2.9079485216122722  2643
2.90848501887865  2712
2.909020854211156  2651
2.9095560292411755  2737
2.910090545594068  2680
2.910624404889201  2715
2.9111576087399764  2752
2.9116901587538613  2684
2.9122220565324155  2702
2.912753303671323  2674
2.9132839017604186  2748
2.9138138523837167  2716
2.9143431571194407  2700
2.9148718175400505  2724
2.91539983521227  2702
2.9159272116971158  2682
2.916453948549925  2686
2.9169800473203824  2733
2.9175055095525466  2666
2.9180303367848803  2665
2.9185545305502734  2737
2.9190780923760737  2623
2.919601023784111  2662
2.920123326290724  2721
2.9206450014067875  2631
2.921166050637739  2660
2.921686475483602  2739
2.9222062774390163  2758
2.92272545799326  2613
2.9232440186302764  2680
2.9237619608287004  2722
2.9242792860618816  2660
2.924795995797912  2707
2.9253120914996495  2687
2.9258275746247424  2716
2.926342446625655  2674
2.926856708949692  2649
2.9273703630390235  2615
2.9278834103307068  2712
2.9283958522567137  2702
2.928907690243953  2723
2.929418925714293  2723
2.929929560084588  2660
2.9304395947667  2673
2.930949031167523  2702
2.931457870689005  2735
2.931966114728173  2728
2.932473764677153  2741
2.932980821923198  2648
2.9334872878487053  2691
2.9339931638312424  2769
2.934498451243568  2701
2.935003151453655  2729
2.9355072658247128  2669
2.9360107957152097  2656
2.936513742478893  2699
2.9370161074648142  2682
2.937517892017347  2716
2.9380190974762104  2631
2.938519725176492  2741
2.9390197764486663  2690
2.9395192526186187  2706
2.9400181550076634  2718
2.940516484932567  2690
2.9410142437055695  2748
2.941511432634403  2714
2.942008053022313  2774
2.9425041061680806  2636
2.9429995933660407  2662
2.9434945159061026  2725
2.9439888750737717  2733
2.9444826721501687  2697
2.9449759084120477  2719
2.94546858513182  2686
2.9459607035775686  2713
2.946452265013073  2676
2.9469432706978256  2691
2.9474337218870508  2678
2.9479236198317262  2722
2.948412965778601  2716
2.9489017609702137  2691
2.949390006644913  2716
2.949877704036875  2737
2.950364854376123  2696
2.9508514588885464  2621
2.951337518795918  2711
2.951823035315912  2705
2.9523080096621253  2730
2.952792443044092  2778
2.9532763366673045  2773
2.9537596917332287  2752
2.9542425094393248  2752
2.954724790979063  2677
2.9552065375419416  2725
2.9556877503135057  2677
2.9561684304753633  2709
2.9566485792052033  2678
2.957128197676813  2647
2.957607287060095  2629
2.958085848521085  2642
2.9585638832219674  2711
2.9590413923210934  2732
2.9595183769729982  2721
2.959994838328416  2733
2.960470777534299  2742
2.960946195733831  2729
2.9614210940664485  2688
2.9618954736678504  2720
2.962369335670021  2749
2.9628426812012423  2750
2.9633155113861114  2715
2.963787827345555  2730
2.964259630196849  2747
2.9647309210536292  2712
2.965201701025912  2682
2.9656719712201065  2641
2.9661417327390325  2710
2.966610986681934  2621
2.967079734144497  2688
2.967547976218862  2687
2.968015713993642  2688
2.9684829485539352  2673
2.9689496809813427  2673
2.9694159123539814  2688
2.9698816437465  2635
2.9703468762300935  2674
2.9708116108725178  2647
2.971275848738105  2701
2.971739590887778  2702
2.9722028383790646  2719
2.972665592266111  2713
2.9731278535996988  2733
2.973589623427257  2727
2.9740509027928774  2667
2.9745116927373285  2653
2.974971994298069  2661
2.975431808509263  2669
2.975891136401793  2764
2.9763499790032735  2721
2.976808337338066  2689
2.977266212427293  2676
2.9777236052888476  2720
2.978180516937414  2686
2.9786369483844743  2709
2.979092900638326  2672
2.979548374704095  2682
2.9800033715837464  2618
2.9804578922761  2744
2.9809119377768436  2635
2.9813655090785445  2685
2.9818186071706636  2669
2.9822712330395684  2708
2.9827233876685453  2644
2.983175072037813  2737
2.9836262871245345  2710
2.984077033902831  2713
2.9845273133437926  2695
2.9849771264154934  2784
2.9854264740830017  2707
2.9858753573083936  2636
2.986323777050765  2709
2.9867717342662448  2694
2.9872192299080047  2711
2.9876662649262746  2710
2.988112840268352  2650
2.9885589568786157  2686
2.989004615698537  2735
2.9894498176666917  2683
2.989894563718773  2680
2.9903388547876015  2682
2.9907826918031377  2703
2.9912260756924947  2683
2.9916690073799486  2710
2.9921114877869495  2676
2.9925535178321354  2768
2.9929950984313414  2673
2.9934362304976116  2657
2.993876914941211  2689
2.9943171526696366  2708
2.9947569445876283  2712
2.9951962915971793  2706
2.99563519459755  2666
2.9960736544852753  2726
2.9965116721541785  2720
2.996949248495381  2738
2.997386384397313  2683
2.9978230807457256  2724
2.998259338423699  2716
2.998695158311656  2678
2.999130541287371  2727
2.9995654882259823  2687
3.0  2677
3.000434077479319  2718
3.0008677215312267  2648
3.0013009330204183  2710
3.0017337128090005  2745
3.002166061756508  2685
3.0025979807199086  2752
3.003029470553618  2707
3.0034605321095067  2733
3.0038911662369103  2713
3.0043213737826426  2669
3.004751155591001  2675
3.0051805125037805  2699
3.0056094453602804  2671
3.0060379549973173  2714
3.0064660422492318  2740
3.0068937079479006  2731
3.0073209529227447  2617
3.00774777800074  2707
3.0081741840064264  2697
3.0086001717619175  2725
3.0090257420869104  2734
3.009450895798694  2664
3.00987563371216  2677
3.010299956639812  2724
3.010723865391773  2661
3.0111473607757975  2692
3.0115704435972783  2739
3.011993114659257  2737
3.012415374762433  2746
3.012837224705172  2669
3.0132586652835167  2692
3.0136796972911926  2717
3.0141003215196207  2695
3.0145205387579237  2742
3.0149403497929366  2675
3.0153597554092144  2766
3.015778756389041  2660
3.016197353512439  2704
3.016615547557177  2663
3.0170333392987803  2686
3.017450729510536  2733
3.0178677189635055  2708
3.018284308426531  2744
3.0187004986662433  2669
3.019116290447073  2795
3.0195316845312554  2631
3.0199466816788423  2676
3.0203612826477078  2725
3.020775488193558  2707
3.0211892990699383  2623
3.021602716028242  2719
3.02201573981772  2713
3.0224283711854865  2714
3.022840610876528  2683
3.0232524596337114  2708
3.0236639181977933  2671
3.024074987307426  2703
3.024485667699167  2654
3.024895960107485  2655
3.0253058652647704  2718
3.025715383901341  2756
3.0261245167454502  2704
3.0265332645232967  2772
3.0269416279590295  2713
3.0273496077747564  2743
3.0277572046905536  2679
3.0281644194244697  2739
3.0285712526925375  2757
3.028977705208778  2666
3.0293837776852097  2745
3.029789470831856  2698
3.030194785356751  2766
3.030599721965951  2692
3.0310042813635367  2706
3.031408464251624  2693
3.0318122713303706  2760
3.0322157032979815  2700
3.03261876085072  2675
3.0330214446829107  2744
3.03342375548695  2731
3.03382569395331  2722
3.0342272607705505  2706
3.0346284566253203  2711
3.0350292822023683  2681
3.0354297381845483  2717
3.035829825252828  2638
3.0362295440862948  2697
3.036628895362161  2787
3.037027879755775  2731
3.037426497940624  2715
3.037824750588342  2719
3.0382226383687185  2646
3.038620161949703  2710
3.039017321997412  2720
3.0394141191761372  2671
3.0398105541483504  2752
3.0402066275747113  2631
3.040602340114073  2654
3.0409976924234905  2693
3.041392685158225  2685
3.041787318971752  2703
3.042181594515766  2683
3.0425755124401905  2751
3.0429690733931802  2708
3.0433622780211294  2754
3.0437551269686796  2640
3.044147620878723  2708
3.044539760392411  2686
3.04493154614916  2758
3.0453229787866576  2668
3.0457140589408676  2753
3.0461047872460387  2698
3.0464951643347082  2728
3.04688519083771  2692
3.0472748673841794  2714
3.04766419460156  2739
3.048053173115609  2756
3.0484418035504044  2650
3.04883008652835  2778
3.0492180226701815  2689
3.049605612594973  2656
3.0499928569201424  2646
3.050379756261458  2669
3.0507663112330423  2698
3.0511525224473814  2703
3.0515383905153275  2736
3.0519239160461065  2731
3.0523090996473234  2772
3.052693941924968  2715
3.0530784434834195  2791
3.053462604925455  2714
3.0538464268522527  2712
3.0542299098633974  2670
3.0546130545568877  2688
3.0549958615291417  2643
3.055378331375  2697
3.0557604646877348  2753
3.056142262059052  2729
3.0565237240791006  2733
3.0569048513364727  2711
3.0572856444182146  2672
3.0576661039098294  2735
3.0580462303952816  2726
3.058426024457005  2624
3.0588054866759067  2720
3.059184617631371  2706
3.0595634179012676  2662
3.059941888061955  2672
3.060320028688285  2670
3.060697840353612  2808
3.0610753236297916  2691
3.061452479087193  2728
3.061829307294699  2738
3.0622058088197126  2707
3.062581984228163  2694
3.0629578340845103  2715
3.0633333589517497  2719
3.0637085593914173  2647
3.064083435963596  2675
3.0644579892269186  2695
3.064832219738574  2649
3.065206128054312  2663
3.0655797147284485  2667
3.06595298031387  2676
3.0663259253620376  2639
3.0666985504229953  2760
3.0670708560453703  2701
3.0674428427763805  2680
3.0678145111618402  2711
3.0681858617461617  2721
3.068556895072363  2746
3.068927611682072  2653
3.0692980121155293  2718
3.0696680969115957  2700
3.070037866607755  2725
3.0704073217401198  2722
3.0707764628434346  2704
3.0711452904510828  2647
3.071513805095089  2657
3.0718820073061255  2703
3.072249897613515  2684
3.0726174765452368  2672
3.0729847446279304  2700
3.073351702386901  2645
3.0737183503461227  2664
3.074084689028244  2734
3.074450718954591  2657
3.074816440645175  2685
3.0751818546186915  2682
3.0755469613925306  2658
3.0759117614827773  2727
3.076276255404218  2722
3.076640443670342  2742
3.0770043267933502  2764
3.0773679052841563  2749
3.077731179652392  2745
3.0780941504064105  2655
3.0784568180532927  2703
3.0788191830988487  2740
3.0791812460476247  2709
3.079543007402906  2751
3.079904467666721  2626
3.0802656273398448  2653
3.0806264869218056  2705
3.080987046910887  2682
3.0813473078041325  2778
3.081707270097349  2682
3.082066934285113  2774
3.0824263008607717  2737
3.0827853703164503  2750
3.0831441431430524  2598
3.0835026198302673  2668
3.083860800866573  2728
3.0842186867392387  2673
3.084576277934331  2713
3.084933574936716  2740
3.085290578230065  2661
3.0856472882968564  2768
3.0860037056183818  2675
3.0863598306747484  2671
3.0867156639448825  2697
3.0870712059065353  2684
3.0874264570362855  2665
3.087781417809542  2736
3.0881360887005513  2722
3.0884904701823963  2650
3.088844562727004  2750
3.089198366805149  2677
3.089551882886454  2748
3.089905111439398  2748
3.090258052931316  2708
3.090610707828407  2663
3.0909630765957314  2685
3.091315159697223  2685
3.0916669575956846  2657
3.092018470752797  2686
3.0923696996291206  2678
3.0927206446840994  2710
3.0930713063760633  2675
3.093421685162235  2749
3.09377178149873  2689
3.0941215958405612  2704
3.094471128641645  2742
3.0948203803548  2679
3.095169351431755  2721
3.095518042323151  2787
3.0958664534785427  2670
3.0962145853464054  2671
3.0965624383741357  2723
3.0969100130080562  2637
3.09725730969342  2676
3.097604328874411  2718
3.09795107099415  2694
3.0982975364946976  2628
3.098643725817057  2731
3.0989896394011773  2728
3.0993352776859577  2641
3.09968064110925  2666
3.1000257301078626  2732
3.100370545117563  2653
3.1007150865730817  2596
3.1010593549081156  2776
3.101403350555331  2723
3.1017470739463664  2681
3.1020905255118367  2630
3.1024337056813365  2694
3.1027766148834415  2668
3.1031192535457137  2656
3.103461622094705  2667
3.103803720955957  2671
3.104145550554008  2666
3.104487111312395  2769
3.1048284036536553  2766
3.1051694279993316  2720
3.1055101847699738  2697
3.1058506743851435  2668
3.1061908972634154  2678
3.1065308538223815  2721
3.106870544478654  2730
3.1072099696478683  2741
3.1075491297446862  2670
3.1078880251827985  2764
3.1082266563749283  2662
3.1085650237328344  2683
3.1089031276673134  2680
3.109240968588203  2644
3.1095785469043866  2666
3.1099158630237933  2689
3.110252917353403  2721
3.110589710299249  2663
3.1109262422664203  2748
3.1112625136590655  2770
3.111598524880394  2699
3.1119342763326814  2697
3.1122697684172707  2668
3.1126050015345745  2641
3.11293997608408  2709
3.1132746924643504  2633
3.1136091510730277  2747
3.113943352306837  2740
3.1142772965615864  2716
3.114610984232173  2599
3.1149444157125847  2629
3.1152775913959014  2734
3.1156105116742996  2691
3.115943176939055  2711
3.116275587580544  2743
3.1166077439882485  2712
3.116939646550756  2703
3.1172712956557644  2718
3.117602691690084  2703
3.1179338350396413  2655
3.118264726089479  2679
3.118595365223762  2733
3.1189257528257768  2684
3.1192558892779365  2725
3.119585774961784  2694
3.119915410257991  2738
3.1202447955463652  2670
3.12057393120585  2730
3.1209028176145273  2745
3.1212314551496214  2766
3.1215598441875008  2756
3.121887985103681  2714
3.1222158782728267  2677
3.1225435240687545  2669
3.1228709228644354  2676
3.1231980750319988  2734
3.123524980942732  2735
3.123851640967086  2655
3.124178055474675  2701
3.1245042248342823  2690
3.1248301494138593  2690
3.12515582958053  2702
3.125481265700594  2693
3.125806458139527  2699
3.1261314072619846  2663
3.1264561134318045  2691
3.126780577012009  2708
3.1271047983648077  2783
3.127428777851599  2709
3.1277525158329733  2715
3.1280760126687155  2707
3.1283992687178066  2768
3.128722284338427  2677
3.1290450598879582  2701
3.1293675957229854  2746
3.129689892199301  2676
3.1300119496719043  2675
3.130333768495006  2731
3.130655349022031  2723
3.130976691605617  2776
3.131297796597623  2681
3.1316186643491255  2763
3.1319392952104246  2648
3.1322596895310446  2725
3.132579847659737  2629
3.132899769944483  2779
3.1332194567324945  2743
3.1335389083702174  2689
3.133858125203335  2695
3.1341771075767664  2741
3.1344958558346736  2633
3.13481437032046  2737
3.1351326513767748  2741
3.1354506993455136  2690
3.1357685145678222  2694
3.1360860973840974  2668
3.13640344813399  2624
3.1367205671564067  2671
3.1370374547895126  2733
3.137354111370733  2665
3.137670537236755  2697
3.137986732723532  2768
3.1383026981662816  2697
3.1386184338994925  2707
3.1389339402569236  2739
3.139249217571607  2720
3.13956426617585  2692
3.1398790864012365  2697
3.140193678578631  2658
3.1405080430381798  2685
3.1408221801093106  2670
3.141136090120739  2665
3.1414497734004674  2693
3.141763230275788  2741
3.1420764610732848  2755
3.142389466118836  2719
3.1427022457376155  2715
3.143014800254095  2705
3.143327129992046  2713
3.1436392352745433  2702
3.1439511164239633  2717
3.144262773761991  2670
3.144574207609616  2703
3.144885418287142  2669
3.1451964061141817  2742
3.1455071714096627  2648
3.1458177144918276  2742
3.146128035678238  2670
3.1464381352857744  2745
3.14674801363064  2699
3.1470576710283598  2741
3.1473671077937864  2750
3.1476763242410986  2717
3.147985320683805  2634
3.1482940974347455  2752
3.1486026548060932  2783
3.1489109931093564  2695
3.1492191126553797  2660
3.149527013754348  2708
3.149834696715785  2643
3.1501421618485588  2731
3.150449409460881  2810
3.150756439860309  2682
3.15106325335375  2748
3.1513698502474603  2712
3.151676230847048  2685
3.151982395457474  2670
3.1522883443830563  2703
3.15259407792747  2668
3.1528995963937474  2632
3.153204900084284  2684
3.1535099893008374  2650
3.153814864344529  2661
3.154119525515847  2736
3.154423973114647  2678
3.1547282074401557  2722
3.1550322287909704  2740
3.155336037465062  2720
3.1556396337597765  2663
3.1559430179718366  2699
3.1562461903973444  2686
3.1565491513317814  2710
3.156851901070011  2765
3.1571544399062814  2746
3.157456768134226  2723
3.1577588860468637  2726
3.158060793936605  2745
3.1583624920952498  2717
3.1586639808139894  2719
3.15896526038341  2649
3.159266331093494  2753
3.1595671932336202  2722
3.1598678470925665  2733
3.160168292958512  2704
3.1604685311190375  2626
3.1607685618611283  2631
3.1610683854711747  2704
3.161368002234975  2699
3.161667412437736  2669
3.161966616364075  2836
3.1622656142980214  2640
3.162564406523019  2671
3.162862993321926  2668
3.1631613749770184  2718
3.16345955176999  2669
3.163757523981956  2680
3.1640552918934515  2717
3.164352855784437  2654
3.1646502159342966  2748
3.1649473726218416  2684
3.1652443261253107  2727
3.165541076722373  2743
3.1658376246901283  2675
3.166133970305109  2685
3.166430113843283  2697
3.166726055580052  2704
3.1670217957902564  2657
3.167317334748176  2655
3.16761267272753  2648
3.16790781000148  2679
3.168202746842631  2702
3.1684974835230326  2658
3.1687920203141817  2740
3.1690863574870227  2697
3.1693804953119495  2657
3.1696744340588068  2769
3.1699681739968923  2783
3.1702617153949575  2676
3.1705550585212086  2680
3.170848203643309  2729
3.1711411510283822  2700
3.171433900943008  2680
3.171726453653231  2673
3.1720188094245563  2697
3.172310968521954  2726
3.17260293120986  2692
3.1728946977521764  2775
3.173186268412274  2731
3.1734776434529945  2674
3.17376882313665  2716
3.1740598077250253  2730
3.1743505974793798  2611
3.1746411926604483  2640
3.1749315935284423  2727
3.1752218003430523  2736
3.1755118133634475  2702
3.1758016328482794  2654
3.1760912590556813  2724
3.1763806922432702  2704
3.17666993266815  2704
3.176958980586908  2651
3.1772478362556233  2662
3.1775364999298623  2779
3.177824971864682  2727
3.1781132523146316  2693
3.178401341533755  2707
3.17868923977559  2676
3.1789769472931693  2698
3.1792644643390253  2679
3.1795517911651876  2703
3.179838928023187  2699
3.180125875164054  2661
3.180412632838324  2618
3.1806992012960347  2653
3.1809855807867304  2729
3.1812717715594614  2668
3.1815577738627865  2683
3.1818435879447726  2672
3.182129214052998  2662
3.182414652434554  2742
3.1826999033360424  2726
3.182984967003582  2702
3.1832698436828046  2706
3.1835545336188615  2637
3.1838390370564214  2713
3.184123354239671  2743
3.1844074854123203  2686
3.184691430817599  2762
3.184975190698261  2719
3.185258765296585  2697
3.185542154854375  2609
3.185825359612962  2693
3.1861083798132053  2656
3.186391215695493  2698
3.1866738674997452  2737
3.1869563354654122  2702
3.187238619831479  2662
3.187520720836463  2730
3.1878026387184195  2665
3.188084373714938  2724
3.188365926063148  2711
3.188647295999717  2659
3.1889284837608534  2770
3.189209489582306  2707
3.1894903136993675  2710
3.189770956346874  2708
3.190051417759206  2699
3.1903316981702914  2721
3.190611797813605  2697
3.1908917169221698  2718
3.1911714557285586  2702
3.1914510144648953  2704
3.1917303933628562  2650
3.1920095926536702  2683
3.1922886125681202  2716
3.1925674533365456  2729
3.192846115188842  2712
3.1931245983544616  2725
3.1934029030624176  2633
3.1936810295412816  2660
3.193958978019187  2745
3.1942367487238292  2659
3.194514341882467  2786
3.1947917577219247  2733
3.1950689964685903  2694
3.1953460583484197  2769
3.1956229435869368  2670
3.1958996524092336  2746
3.1961761850399735  2656
3.196452541703389  2731
3.196728722623287  2710
3.1970047280230456  2724
3.197280558125619  2667
3.1975562131535367  2759
3.197831693328903  2727
3.1981069988734014  2727
3.1983821300082944  2671
3.1986570869544226  2685
3.198931869932209  2700
3.1992064791616577  2659
3.199480914862356  2714
3.1997551772534747  2640
3.2000292665537704  2674
3.200303182981585  2643
3.2005769267548483  2685
3.2008504980910772  2671
3.2011238972073794  2630
3.2013971243204513  2673
3.2016701796465816  2689
3.20194306340165  2742
3.2022157758011316  2676
3.2024883170600935  2681
3.2027606873931997  2741
3.2030328870147105  2716
3.203304916138483  2748
3.2035767749779724  2736
3.2038484637462346  2713
3.2041199826559246  2685
3.2043913319193  2735
3.204662511748219  2691
3.204933522354145  2636
3.2052043639481447  2617
3.205475036740891  2719
3.205745540942662  2681
3.2060158767633444  2711
3.2062860444124324  2732
3.2065560440990297  2684
3.2068258760318495  2681
3.207095540419218  2771
3.2073650374690716  2661
3.2076343673889616  2697
3.2079035303860515  2640
3.2081725266671217  2728
3.208441356438567  2685
3.208710019906401  2740
3.2089785172762535  2687
3.2092468487533736  2758
3.2095150145426308  2672
3.209783014848515  2674
3.2100508498751372  2679
3.210318519826232  2771
3.2105860249051563  2675
3.210853365314893  2751
3.2111205412580492  2694
3.2113875529368587  2654
3.2116544005531824  2661
3.2119210843085093  2710
3.2121876044039577  2727
3.212453961040276  2730
3.2127201544178425  2659
3.212986184736668  2719
3.2132520521963968  2781
3.2135177569963047  2680
3.2137832993353044  2701
3.2140486794119414  2760
3.2143138974244  2643
3.214578953570499  2755
3.214843848047698  2720
3.215108581053093  2693
3.215373152783422  2688
3.215637563435062  2775
3.215901813204032  2658
3.216165902285993  2717
3.216429830876251  2747
3.2166935991697545  2707
3.216957207361097  2606
3.217220655644519  2727
3.2174839442139063  2676
3.2177470732627937  2690
3.218010042984363  2739
3.2182728535714475  2701
3.218535505216528  2727
3.2187979981117376  2741
3.219060332448861  2680
3.219322508419337  2768
3.2195845262142546  2727
3.219846386024361  2704
3.220108088040055  2700
3.2203696324513946  2740
3.220631019448092  2703
3.2208922492195193  2740
3.2211533219547053  2665
3.2214142378423385  2734
3.2216749970707688  2707
3.2219355998280053  2739
3.22219604630172  2713
3.222456336679247  2701
3.2227164711475833  2749
3.2229764498933915  2718
3.2232362731029975  2724
3.2234959409623944  2673
3.2237554536572413  2720
3.224014811372864  2701
3.2242740142942576  2673
3.2245330626060857  2731
3.2247919564926817  2657
3.225050696138049  2689
3.225309281725863  2726
3.225567713439471  2677
3.2258259914618934  2786
3.226084115975824  2731
3.226342087163631  2678
3.2265999052073573  2763
3.2268575702887237  2644
3.2271150825891253  2646
3.2273724422896364  2683
3.227629649571009  2748
3.2278867046136734  2687
3.2281436075977417  2710
3.228400358703005  2676
3.2286569581089353  2634
3.228913405994688  2784
3.229169702539101  2754
3.229425847920695  2700
3.229681842317676  2680
3.229937685907934  2636
3.230193378869046  2728
3.230448921378274  2675
3.230704313612569  2668
3.230959555748569  2721
3.231214647962601  2705
3.2314695904306814  2782
3.2317243833285163  2662
3.231979026831504  2625
3.2322335211147335  2713
3.232487866352986  2673
3.232742062720737  2746
3.2329961103921536  2709
3.2332500095411003  2684
3.2335037603411343  2651
3.2337573629655103  2670
3.2340108175871793  2718
3.2342641243787895  2665
3.2345172835126865  2698
3.2347702951609163  2687
3.2350231594952237  2759
3.2352758766870524  2723
3.2355284469075487  2744
3.2357808703275603  2699
3.236033147117636  2707
3.2362852774480286  2786
3.236537261488694  2740
3.2367890994092927  2703
3.237040791379191  2676
3.237292337567459  2738
3.2375437381428744  2683
3.2377949932739227  2704
3.2380461031287955  2730
3.238297067875394  2688
3.2385478876813276  2665
3.238798562713917  2673
3.2390490931401916  2734
3.2392994791268923  2693
3.239549720840473  2791
3.2397998184470986  2655
3.2400497721126476  2701
3.2402995820027125  2670
3.2405492482826  2727
3.240798771117331  2689
3.241048150671644  2669
3.2412973871099933  2674
3.2415464805965484  2666
3.241795431295199  2747
3.2420442393695508  2606
3.2422929049829308  2705
3.2425414282983844  2692
3.2427898094786767  2724
3.2430380486862944  2747
3.243286146083446  2708
3.243534101832062  2675
3.243781916093795  2736
3.244029589030022  2703
3.244277120801843  2752
3.244524511570084  2746
3.244771761495295  2740
3.245018870737753  2652
3.245265839457461  2715
3.24551266781415  2691
3.245759355967277  2718
3.246005904076029  2677
3.246252312299322  2744
3.246498580795801  2689
3.2467447097238415  2718
3.24699069924155  2681
3.247236549506764  2645
3.2474822606770544  2758
3.2477278329097232  2734
3.247973266361807  2688
3.248218561190075  2654
3.248463717551032  2681
3.2487087356009177  2764
3.2489536154957075  2684
3.249198357391113  2681
3.249442961442582  2771
3.2496874278053016  2726
3.249931756634195  2646
3.250175948083925  2710
3.250420002308894  2711
3.2506639194632436  2664
3.250907699700856  2744
3.2511513431753545  2676
3.2513948500401044  2717
3.251638220448212  2700
3.2518814545525276  2703
3.252124552505644  2758
3.2523675144598987  2680
3.252610340567373  2724
3.2528530309798933  2651
3.2530955858490316  2756
3.2533380053261065  2666
3.253580289562183  2701
3.2538224387080734  2714
3.254064452914338  2722
3.2543063323312857  2729
3.2545480771089736  2716
3.25478968739721  2651
3.2550311633455515  2689
3.255272505103306  2719
3.2555137128195333  2733
3.255754786643044  2648
3.255995726722402  2665
3.256236533205923  2772
3.256477206241677  2719
3.256717745977487  2700
3.256958152560932  2717
3.2571984261393445  2715
3.257438566859814  2717
3.2576785748691846  2692
3.2579184503140586  2689
3.2581581933407944  2728
3.258397804095509  2613
3.2586372827240764  2672
3.258876629372131  2676
3.2591158441850663  2728
3.2593549273080344  2697
3.2595938788859486  2679
3.2598326990634834  2713
3.2600713879850747  2757
3.26030994579492  2677
3.2605483726369795  2724
3.2607866686549762  2668
3.2610248339923973  2717
3.2612628687924934  2677
3.2615007731982804  2750
3.2617385473525378  2737
3.2619761913978125  2750
3.262213705476417  2755
3.2624510897304293  2702
3.2626883443016963  2784
3.2629254693318317  2770
3.2631624649622166  2670
3.263399331334002  2764
3.263636068588108  2690
3.2638726768652235  2721
3.2641091563058082  2680
3.2643455070500926  2690
3.2645817292380777  2685
3.2648178230095364  2719
3.2650537885040145  2694
3.26528962586083  2708
3.2655253352190736  2734
3.2657609167176105  2748
3.265996370495079  2750
3.266231696689893  2704
3.2664668954402414  2665
3.2667019668840878  2787
3.266936911159173  2695
3.2671717284030137  2688
3.267406418752904  2736
3.2676409823459154  2717
3.2678754193188975  2685
3.2681097298084785  2723
3.268343913951065  2690
3.268577971882843  2734
3.2688119037397803  2706
3.269045709657623  2648
3.2692793897718984  2610
3.2695129442179165  2727
3.269746373130767  2747
3.269979676645324  2677
3.2702128548962426  2660
3.2704459080179626  2714
3.2706788361447066  2689
3.2709116394104814  2630
3.2711443179490782  2669
3.2713768718940743  2666
3.271609301378832  2671
3.271841606536499  2714
3.27207378750001  2581
3.2723058444020863  2709
3.2725377773752373  2641
3.2727695865517594  2709
3.2730012720637376  2750
3.2732328340430454  2699
3.273464272621346  2650
3.273695587930092  2655
3.2739267801005254  2688
3.27415784926368  2706
3.274388795550379  2690
3.274619619091238  2704
3.274850320016665  2667
3.2750808984568587  2718
3.2753113545418118  2666
3.2755416884013098  2772
3.2757719001649312  2716
3.27600198996205  2700
3.2762319579218335  2707
3.2764618041732443  2678
3.27669152884504  2701
3.276921132065774  2747
3.277150613963797  2695
3.2773799746672547  2765
3.2776092143040914  2718
3.2778383330020473  2719
3.2780673308886628  2676
3.2782962080912736  2680
3.2785249647370174  2700
3.278753600952829  2642
3.278982116865443  2703
3.279210512601395  2745
3.2794387882870204  2639
3.2796669440484556  2666
3.279894980011638  2787
3.2801228963023075  2677
3.280350693046006  2716
3.2805783703680764  2665
3.280805928393667  2675
3.2810333672477277  2708
3.281260687055013  2664
3.2814878879400813  2683
3.281714970027296  2658
3.281941933440825  2691
3.2821687783046416  2666
3.2823955047425257  2736
3.2826221128780624  2673
3.282848602834645  2714
3.2830749747354715  2684
3.2833012287035497  2697
3.2835273648616936  2670
3.2837533833325265  2695
3.28397928423848  2693
3.284205067701794  2688
3.2844307338445193  2674
3.2846562827885157  2726
3.284881714655453  2750
3.285107029566812  2722
3.2853322276438846  2658
3.285557309007774  2684
3.285782273779395  2687
3.2860071220794747  2707
3.286231854028553  2755
3.286456469746983  2662
3.28668096935493  2701
3.286905352972375  2656
3.287129620719111  2684
3.2873537727147464  2683
3.2875778090787056  2698
3.287801729930226  2711
3.2880255353883627  2677
3.288249225571986  2737
3.2884728005997825  2660
3.288696260590256  2655
3.2889196056617265  2694
3.289142835932333  2735
3.2893659515200318  2641
3.2895889525425965  2741
3.2898118391176214  2653
3.290034611362518  2705
3.2902572693945182  2725
3.290479813330673  2700
3.2907022432878543  2689
3.2909245593827543  2636
3.2911467617318855  2677
3.291368850451583  2659
3.2915908256580013  2694
3.291812687467119  2681
3.2920344359947364  2763
3.292256071356476  2660
3.292477593667784  2630
3.29269900304393  2656
3.292920299600006  2739
3.2931414834509307  2671
3.2933625547114453  2679
3.2935835134961167  2717
3.2938043599193367  2668
3.2940250940953226  2692
3.2942457161381182  2697
3.294466226161593  2728
3.2946866242794433  2728
3.2949069106051923  2741
3.295127085252191  2712
3.295347148333618  2615
3.295567099962479  2762
3.295786940251609  2703
3.2960066693136723  2692
3.2962262872611605  2683
3.296445794206396  2735
3.296665190261531  2695
3.296884475538547  2738
3.2971036501492565  2751
3.2973227142053028  2661
3.2975416678181597  2742
3.297760511099134  2668
3.2979792441593623  2697
3.298197867109815  2683
3.2984163800612945  2690
3.2986347831244354  2711
3.298853076409707  2731
3.2990712600274095  2681
3.29928933408768  2767
3.2995072987004876  2671
3.2997251539756367  2721
3.299942900022767  2664
3.3001605369513523  2706
3.3003780648707024  2749
3.3005954838899636  2714
3.300812794118117  2656
3.3010299956639813  2738
3.3012470886362113  2700
3.3014640731433  2613
3.3016809492935764  2750
3.301897717195208  2684
3.302114376956201  2734
3.302330928684399  2668
3.3025473724874854  2690
3.3027637084729817  2728
3.3029799367482493  2640
3.303196057420489  2753
3.303412070596742  2670
3.30362797638389  2663
3.3038437748886547  2726
3.3040594662175993  2684
3.3042750504771283  2750
3.3044905277734875  2663
3.3047058982127653  2728
3.3049211619008916  2792
3.305136318943639  2588
3.305351369446624  2704
3.305566313515304  2655
3.3057811512549824  2689
3.3059958827708047  2734
3.3062105081677613  2709
3.3064250275506875  2665
3.3066394410242617  2702
3.3068537486930087  2738
3.3070679506612985  2714
3.307282047033346  2721
3.307496037913213  2706
3.307709923404807  2716
3.307923703611882  2672
3.3081373786380386  2706
3.308350948586726  2672
3.3085644135612386  2712
3.3087777736647213  2691
3.3089910290001643  2650
3.3092041796704077  2653
3.30941722577814  2740
3.3096301674258988  2679
3.3098430047160705  2679
3.3100557377508912  2676
3.3102683666324477  2731
3.3104808914626753  2732
3.3106933123433606  2670
3.3109056293761414  2746
3.311117842662506  2767
3.3113299523037933  2705
3.311541958401195  2696
3.311753861055754  2682
3.3119656603683665  2709
3.3121773564397787  2683
3.312388949370592  2659
3.3126004392612596  2684
3.312811826212088  2730
3.313023110323238  2693
3.313234291694724  2660
3.313445370426414  2740
3.3136563466180315  2701
3.3138672203691533  2772
3.3140779917792127  2706
3.3142886609474975  2621
3.3144992279731516  2681
3.314709692955174  2715
3.31492005599242  2725
3.315130317183602  2728
3.3153404766272883  2699
3.315550534421905  2732
3.3157604906657347  2716
3.315970345456918  2712
3.3161800988934527  2764
3.3163897510731952  2717
3.3165993020938607  2647
3.316808752053022  2734
3.3170181010481117  2690
3.31722734917642  2694
3.317436496535099  2702
3.3176455432211585  2678
3.317854489331469  2681
3.3180633349627615  2742
3.318272080211627  2757
3.3184807251745174  2659
3.318689269947746  2687
3.3188977146274867  2701
3.3191060593097763  2649
3.319314304090512  2652
3.3195224490654542  2779
3.3197304943302246  2657
3.3199384399803087  2673
3.3201462861110542  2687
3.3203540328176717  2627
3.3205616801952367  2695
3.3207692283386865  2760
3.3209766773428235  2709
3.3211840273023143  2700
3.321391278311689  2627
3.3215984304653436  2705
3.3218054838575393  2648
3.3220124385824006  2705
3.322219294733919  2740
3.3224260524059526  2732
3.3226327116922234  2729
3.322839272686321  2736
3.3230457354817013  2725
3.323252100171687  2655
3.3234583668494677  2728
3.3236645356081  2691
3.323870606540509  2637
3.3240765797394864  2683
3.3242824552976926  2653
3.3244882333076564  2671
3.3246939138617746  2665
3.3248994970523134  2700
3.3251049829714074  2720
3.325310371711061  2691
3.325515663363148  2699
3.325720858019412  2737
3.325925955771466  2747
3.3261309567107946  2690
3.326335860928751  2678
3.3265406685165617  2698
3.3267453795653217  2756
3.326949994165999  2648
3.3271545124094315  2763
3.3273589343863303  2710
3.327563260187278  2708
3.327767489902729  2757
3.3279716236230104  2672
3.3281756614383227  2756
3.3283796034387376  2725
3.328583449714202  2659
3.3287872003545345  2679
3.3289908554494287  2718
3.329194415088451  2695
3.329397879361043  2738
3.3296012483565187  2686
3.3298045221640695  2730
3.330007700872759  2693
3.330210784571528  2639
3.330413773349191  2634
3.3306166672944384  2704
3.330819466495837  2764
3.3310221710418286  2646
3.3312247810207323  2639
3.331427296520743  2725
3.3316297176299323  2751
3.331832044436249  2676
3.332034277027518  2723
3.3322364154914434  2726
3.3324384599156054  2687
3.3326404103874627  2768
3.3328422669943514  2660
3.3330440298234874  2718
3.3332456989619628  2723
3.3334472744967503  2651
3.3336487565147013  2691
3.333850145102545  2715
3.334051440346892  2664
3.334252642334231  2679
3.3344537511509307  2672
3.3346547668832414  2741
3.3348556896172914  2710
3.3350565194390915  2673
3.3352572564345317  2763
3.3354579006893843  2684
3.3356584522893016  2684
3.335858911319818  2707
3.336059277866349  2705
3.336259552014193  2704
3.3364597338485296  2768
3.3366598234544202  2663
3.336859820916809  2639
3.3370597263205246  2691
3.3372595397502756  2708
3.337459261290656  2673
3.3376588910261424  2722
3.3378584290410944  2681
3.3380578754197563  2698
3.3382572302462554  2703
3.3384564936046046  2677
3.3386556655787003  2634
3.338854746252323  2652
3.339053735709139  2724
3.3392526340327  2671
3.3394514413064407  2734
3.339650157613684  2715
3.339848783037637  2752
3.340047317661393  2713
3.3402457615679317  2733
3.3404441148401185  2732
3.3406423775607053  2684
3.3408405498123317  2629
3.341038631677523  2711
3.3412366232386925  2712
3.34143452457814  2700
3.3416323357780544  2691
3.3418300569205104  2669
3.3420276880874717  2661
3.3422252293607904  2739
3.342422680822206  2664
3.342620042553348  2746
3.342817314635733  2601
3.343014497150768  2721
3.3432115901797474  2681
3.3434085938038574  2682
3.343605508104172  2616
3.343802333161655  2735
3.3439990690571615  2662
3.344195715871435  2707
3.3443922736851106  2684
3.344588742578714  2732
3.344785122632661  2702
3.344981413927258  2723
3.345177616542704  2727
3.3453737305590883  2677
3.345569756056392  2695
3.345765693114488  2690
3.3459615418131414  2727
3.346157302232008  2685
3.346352974450639  2717
3.346548558548474  2755
3.346744054604849  2733
3.3469394626989906  2749
3.34713478291002  2715
3.3473300153169503  2718
3.3475251599986895  2704
3.347720217034038  2707
3.3479151865016914  2808
3.3481100684802376  2666
3.3483048630481607  2686
3.348499570283838  2711
3.348694190265541  2630
3.348888723071438  2690
3.34908316877959  2755
3.3492775274679554  2697
3.3494717992143856  2667
3.34966598409663  2649
3.3498600821923312  2716
3.3500540935790304  2684
3.3502480183341627  2693
3.350441856535061  2676
3.3506356082589543  2650
3.350829273582968  2619
3.3510228525841237  2732
3.351216345339342  2608
3.351409751925439  2688
3.351603072419129  2653
3.3517963068970236  2674
3.351989455435632  2670
3.3521825181113627  2692
3.35237549500052  2679
3.3525683861793087  2672
3.3527611917238307  2661
3.3529539117100877  2635
3.3531465462139796  2664
3.3533390953113047  2710
3.353531559077762  2643
3.353723937588949  2734
3.353916230920363  2652
3.3541084391474008  2620
3.35430056234536  2577
3.3544926005894364  2683
3.3546845539547285  2673
3.354876422516234  2692
3.3550682063488506  2592
3.3552599055273786  2585
3.3554515201265174  2585
3.355643050220869  2594
3.355834495884936  2608
3.3560258571931225  2572
3.3562171342197353  2612
3.3564083270389813  2576
3.356599435724971  2558
3.356790460351716  2625
3.3569814009931314  2532
3.3571722577230334  2601
3.3573630306151427  2605
3.3575537197430814  2529
3.3577443251803754  2505
3.357934847000454  2550
3.3581252852766488  2492
3.358315640082196  2484
3.3585059114902354  2469
3.3586960995738107  2483
3.358886204405869  2431
3.359076226059263  2403
3.3592661646067485  2520
3.3594560201209864  2381
3.359645792674543  2340
3.359835482339888  2371
3.3600250891893975  2405
3.3602146132953523  2343
3.3604040547299387  2385
3.360593413565249  2328
3.36078268987328  2319
3.3609718837259357  2218
3.361160995195026  2273
3.3613500243522663  2271
3.361538971269279  2293
3.361727836017593  2236
3.3619166186686433  2245
3.362105319293773  2170
3.362293937964231  2159
3.3624824747511743  2144
3.362670929725667  2100
3.36285930295868  2096
3.3630475945210936  2043
3.363235804483694  2066
3.3634239329171765  2024
3.3636119798921444  2004
3.3637999454791094  2015
3.3639878297484915  1955
3.3641756327706194  1949
3.3643633546157306  1877
3.364550995353972  1830
3.3647385550553985  1912
3.364926033789976  1837
3.3651134316275773  1728
3.3653007486379876  1802
3.3654879848909  1754
3.3656751404559175  1695
3.365862215402555  1681
3.3660492098002353  1667
3.366236123718293  1587
3.3664229572259727  1605
3.3666097103924297  1564
3.36679638328673  1537
3.3669829759778507  1550
3.367169488534681  1426
3.367355921026019  1379
3.3675422735205767  1398
3.3677285460869766  1387
3.3679147387937527  1336
3.3681008517093516  1275
3.368286884902131  1278
3.3684728384403617  1220
3.368658712392227  1208
3.3688445068258215  1145
3.3690302218091532  1144
3.369215857410143  1122
3.3694014136966244  1087
3.369586890736344  1047
3.369772288596963  1040
3.369957607346053  992
3.370142847051102  927
3.3703280077795106  921
3.3705130895985924  875
3.370698092575577  900
3.370883016777606  836
3.3710678622717363  828
3.3712526291249394  793
3.371437317404101  781
3.3716219271760215  711
3.371806458507416  699
3.371990911464915  682
3.372175286115064  638
3.3723595825243238  647
3.3725438007590705  609
3.3727279408855955  583
3.3729120029701067  596
3.373095987078727  546
3.373279893277496  522
3.373463721632369  504
3.3736474722092176  459
3.3738311450738303  448
3.3740147402919116  435
3.374198257929083  423
3.374381698050882  406
3.374565060722765  401
3.374748346010104  362
3.3749315539781883  339
3.375114684692225  348
3.375297738217339  335
3.3754807146185724  308
3.3756636139608855  290
3.375846436309156  274
3.3760291817281805  267
3.376211850282673  261
3.3763944420372662  231
3.376576957056512  230
3.37675939540488  215
3.3769417571467586  215
3.377124042346456  213
3.377306251068199  193
3.3774883833761327  187
3.377670439334323  159
3.3778524190067545  158
3.3780343224573315  143
3.378216149749878  144
3.3783979009481375  132
3.378579576115775  127
3.3787611753163733  113
3.378942698613437  109
3.379124146070392  97
3.379305517750582  106
3.3794868137172736  96
3.379668034033654  90
3.37984917876283  85
3.380030247967831  76
3.380211241711606  62
3.3803921600570273  64
3.3805730030668872  61
3.3807537708039  58
3.380934463330702  50
3.3811150807098507  46
3.381295623003826  51
3.38147609027503  44
3.381656482585787  42
3.3818367999983434  41
3.3820170425748683  31
3.382197210377454  33
3.3823773034681137  32
3.3825573219087857  28
3.3827372657613304  29
3.382917135087531  25
3.3830969299490943  21
3.3832766504076504  23
3.383456296524753  20
3.3836358683618797  19
3.383815365980431  21
3.383994789441733  17
3.3841741388070337  20
3.384353414137506  16
3.3845326154942486  13
3.3847117429382823  12
3.3848907965305544  10
3.385069776331935  10
3.38524868240322  9
3.3854275148051305  7
3.385606273598312  9
3.3857849588433355  5
3.385963570600697  4
3.3861421089308186  3
3.386320573894046  3
3.386498965550653  3
3.3866772839608377  4
3.386855529184724  2
3.387033701282363  3
3.3872118003137306  3
3.387389826338729  2
3.387567779417189  3
3.3877456596088638  1
3.3879234669734366  2
3.3881012015705165  3
3.388278863459639  2
3.3884564527002667  3
3.388633969351789  2
3.3888114134735234  2
3.388988785124714  1
3.3891660843645326  1
3.389343311252078  1
3.3895204658463776  1
3.3896975482063856  1
3.3898745583909853  1
