0.3010299956639812  2540
0.47712125471966244  2504
0.6020599913279624  2466
0.6989700043360189  2476
0.7781512503836436  2484
0.8450980400142568  2507
0.9030899869919435  2500
0.9542425094393249  2482
1.0  2519
1.0413926851582251  2470
1.0791812460476249  2437
1.1139433523068367  2510
1.146128035678238  2534
1.1760912590556813  2527
1.2041199826559248  2492
1.2304489213782739  2472
1.255272505103306  2404
1.2787536009528289  2451
1.3010299956639813  2431
1.3222192947339193  2527
1.3424226808222062  2500
1.3617278360175928  2491
1.380211241711606  2424
1.3979400086720377  2487
1.414973347970818  2417
1.4313637641589874  2450
1.4471580313422192  2464
1.462397997898956  2507
1.4771212547196624  2521
1.4913616938342726  2459
1.505149978319906  2446
1.5185139398778875  2464
1.5314789170422551  2472
1.5440680443502757  2519
1.5563025007672873  2493
1.568201724066995  2472
1.5797835966168101  2480
1.591064607026499  2503
1.6020599913279623  2494
1.6127838567197355  2476
1.6232492903979006  2417
1.6334684555795864  2459
1.6434526764861874  2530
1.6532125137753437  2496
1.662757831681574  2499
1.6720978579357175  2458
1.6812412373755872  2456
1.6901960800285136  2484
1.6989700043360187  2468
1.7075701760979363  2445
1.7160033436347992  2488
1.724275869600789  2410
1.7323937598229686  2471
1.7403626894942439  2478
1.7481880270062005  2450
1.7558748556724915  2478
1.7634279935629373  2477
1.7708520116421442  2489
1.7781512503836436  2447
1.7853298350107671  2448
1.792391689498254  2447
1.7993405494535817  2476
1.806179973983887  2453
1.8129133566428555  2511
1.8195439355418688  2472
1.8260748027008264  2450
1.8325089127062364  2481
1.8388490907372552  2460
1.845098040014257  2483
1.8512583487190752  2434
1.8573324964312685  2456
1.863322860120456  2428
1.8692317197309762  2465
1.8750612633917  2443
1.8808135922807914  2492
1.8864907251724818  2468
1.8920946026904804  2485
1.8976270912904414  2430
1.9030899869919435  2462
1.9084850188786497  2491
1.9138138523837167  2496
1.919078092376074  2431
1.9242792860618816  2469
1.9294189257142926  2473
1.9344984512435677  2498
1.9395192526186185  2494
1.9444826721501687  2467
1.9493900066449128  2446
1.954242509439325  2474
1.9590413923210936  2479
1.9637878273455553  2467
1.968482948553935  2471
1.9731278535996986  2481
1.9777236052888478  2430
1.9822712330395684  2452
1.9867717342662448  2460
1.9912260756924949  2489
1.99563519459755  2480
2.0  2435
2.0043213737826426  2467
2.0086001717619175  2415
2.012837224705172  2504
2.0170333392987803  2421
2.0211892990699383  2497
2.0253058652647704  2500
2.0293837776852097  2492
2.03342375548695  2464
2.037426497940624  2414
2.041392685158225  2487
2.0453229787866576  2478
2.0492180226701815  2488
2.0530784434834195  2456
2.0569048513364727  2474
2.060697840353612  2462
2.0644579892269186  2462
2.0681858617461617  2495
2.0718820073061255  2443
2.0755469613925306  2450
2.0791812460476247  2446
2.0827853703164503  2458
2.0863598306747484  2432
2.089905111439398  2445
2.093421685162235  2484
2.0969100130080562  2502
2.100370545117563  2482
2.103803720955957  2460
2.1072099696478683  2439
2.110589710299249  2498
2.113943352306837  2478
2.1172712956557644  2462
2.12057393120585  2489
2.123851640967086  2514
2.1271047983648077  2417
2.130333768495006  2474
2.1335389083702174  2431
2.1367205671564067  2482
2.1398790864012365  2529
2.143014800254095  2480
2.146128035678238  2540
2.1492191126553797  2479
2.1522883443830563  2465
2.155336037465062  2464
2.1583624920952498  2446
2.161368002234975  2496
2.164352855784437  2505
2.167317334748176  2469
2.1702617153949575  2475
2.173186268412274  2447
2.1760912590556813  2491
2.1789769472931693  2510
2.1818435879447726  2498
2.184691430817599  2445
2.187520720836463  2459
2.1903316981702914  2444
2.1931245983544616  2510
2.1958996524092336  2449
2.1986570869544226  2493
2.2013971243204513  2487
2.2041199826559246  2440
2.2068258760318495  2458
2.2095150145426308  2507
2.2121876044039577  2481
2.214843848047698  2499
2.2174839442139063  2445
2.220108088040055  2438
2.2227164711475833  2460
2.225309281725863  2455
2.2278867046136734  2540
2.230448921378274  2449
2.2329961103921536  2475
2.2355284469075487  2499
2.2380461031287955  2467
2.2405492482826  2422
2.2430380486862944  2489
2.24551266781415  2485
2.247973266361807  2463
2.250420002308894  2458
2.2528530309798933  2442
2.255272505103306  2422
2.2576785748691846  2475
2.2600713879850747  2469
2.2624510897304293  2459
2.2648178230095364  2456
2.2671717284030137  2484
2.2695129442179165  2467
2.271841606536499  2425
2.27415784926368  2443
2.2764618041732443  2396
2.278753600952829  2428
2.2810333672477277  2468
2.2833012287035497  2495
2.285557309007774  2480
2.287801729930226  2455
2.290034611362518  2452
2.292256071356476  2494
2.294466226161593  2442
2.296665190261531  2439
2.298853076409707  2411
2.3010299956639813  2472
2.303196057420489  2485
2.305351369446624  2481
2.307496037913213  2471
2.3096301674258988  2458
2.311753861055754  2455
2.3138672203691533  2451
2.315970345456918  2501
2.3180633349627615  2484
2.3201462861110542  2489
2.322219294733919  2455
2.3242824552976926  2480
2.326335860928751  2478
2.3283796034387376  2450
2.330413773349191  2489
2.3324384599156054  2498
2.3344537511509307  2480
2.3364597338485296  2422
2.3384564936046046  2483
2.3404441148401185  2456
2.342422680822206  2450
2.3443922736851106  2470
2.346352974450639  2468
2.3483048630481607  2474
2.3502480183341627  2537
2.3521825181113627  2476
2.3541084391474008  2478
2.3560258571931225  2427
2.357934847000454  2499
2.359835482339888  2452
2.361727836017593  2429
2.3636119798921444  2490
2.3654879848909  2467
2.367355921026019  2456
2.369215857410143  2491
2.3710678622717363  2400
2.3729120029701067  2449
2.374748346010104  2469
2.376576957056512  2421
2.3783979009481375  2420
2.380211241711606  2455
2.3820170425748683  2529
2.383815365980431  2481
2.385606273598312  2432
2.387389826338729  2484
2.3891660843645326  2536
2.3909351071033793  2435
2.392696953259666  2455
2.3944516808262164  2508
2.3961993470957363  2492
2.3979400086720375  2502
2.399673721481038  2471
2.401400540781544  2451
2.403120521175818  2474
2.404833716619938  2465
2.406540180433955  2495
2.4082399653118496  2505
2.4099331233312946  2488
2.41161970596323  2461
2.413299764081252  2453
2.4149733479708178  2468
2.416640507338281  2471
2.4183012913197452  2508
2.419955748489758  2434
2.4216039268698313  2483
2.423245873936808  2463
2.424881636631067  2493
2.4265112613645754  2480
2.428134794028789  2502
2.429752280002408  2456
2.4313637641589874  2454
2.432969290874406  2494
2.4345689040341987  2473
2.436162647040756  2458
2.437750562820388  2535
2.439332693830263  2467
2.4409090820652177  2450
2.4424797690644486  2476
2.444044795918076  2457
2.4456042032735974  2504
2.4471580313422194  2500
2.44870631990508  2467
2.450249108319361  2453
2.45178643552429  2481
2.4533183400470375  2503
2.45484486000851  2475
2.456366033129043  2476
2.4578818967339924  2412
2.459392487759231  2476
2.4608978427565478  2473
2.462397997898956  2426
2.4638929889859074  2493
2.4653828514484184  2475
2.4668676203541096  2438
2.4683473304121573  2398
2.469822015978163  2447
2.4712917110589387  2485
2.4727564493172123  2416
2.4742162640762553  2475
2.4756711883244296  2439
2.4771212547196626  2449
2.4785664955938436  2462
2.4800069429571505  2418
2.481442628502305  2524
2.482873583608754  2498
2.484299839346786  2478
2.48572142648158  2463
2.4871383754771865  2472
2.4885507165004443  2503
2.4899584794248346  2483
2.4913616938342726  2508
2.4927603890268375  2447
2.494154594018443  2502
2.4955443375464483  2482
2.496929648073215  2449
2.4983105537896004  2414
2.499687082618404  2450
2.5010592622177517  2455
2.5024271199844326  2473
2.503790683057181  2464
2.505149978319906  2477
2.506505032404872  2479
2.507855871695831  2431
2.509202522331103  2510
2.510545010206612  2458
2.5118833609788744  2473
2.513217600067939  2454
2.514547752660286  2471
2.515873843711679  2422
2.5171958979499744  2450
2.5185139398778875  2489
2.519827993775719  2446
2.5211380837040362  2491
2.5224442335063197  2435
2.5237464668115646  2485
2.525044807036845  2457
2.526339277389844  2459
2.5276299008713385  2504
2.5289167002776547  2451
2.530199698203082  2501
2.531478917042255  2422
2.5327543789924976  2449
2.534026106056135  2461
2.5352941200427703  2435
2.53655844257153  2466
2.537819095073274  2515
2.5390760987927767  2439
2.5403294747908736  2501
2.5415792439465807  2431
2.5428254269591797  2447
2.5440680443502757  2475
2.545307116465824  2456
2.546542663478131  2452
2.5477747053878224  2497
2.5490032620257876  2459
2.550228353055094  2503
2.5514499979728753  2461
2.552668216112193  2476
2.5538830266438746  2463
2.5550944485783194  2507
2.5563025007672873  2443
2.5575072019056577  2499
2.558708570533166  2447
2.5599066250361124  2492
2.561101383649056  2453
2.5622928644564746  2427
2.5634810853944106  2481
2.5646660642520893  2491
2.5658478186735176  2424
2.56702636615906  2438
2.568201724066995  2493
2.569373909615046  2461
2.5705429398818973  2493
2.571708831808688  2500
2.5728716022004803  2529
2.574031267727719  2486
2.575187844927661  2427
2.576341350205793  2469
2.5774917998372255  2459
2.578639209968072  2480
2.57978359661681  2453
2.5809249756756194  2518
2.582063362911709  2438
2.583198773968623  2464
2.584331224367531  2437
2.5854607295085006  2503
2.586587304671755  2493
2.5877109650189114  2518
2.5888317255942073  2488
2.5899496013257077  2478
2.591064607026499  2405
2.5921767573958667  2470
2.593286067020457  2468
2.5943925503754266  2472
2.595496221825574  2408
2.59659709562646  2426
2.597695185925512  2460
2.598790506763115  2499
2.5998830720736876  2464
2.6009728956867484  2457
2.6020599913279625  2442
2.603144372620182  2497
2.60422605308447  2499
2.6053050461411096  2484
2.606381365110605  2463
2.6074550232146687  2471
2.6085260335771943  2466
2.60959440922522  2474
2.61066016308988  2459
2.611723308007342  2458
2.6127838567197355  2475
2.6138418218760693  2467
2.6148972160331345  2480
2.615950051656401  2481
2.617000341120899  2455
2.6180480967120925  2466
2.6190933306267428  2422
2.6201360549737576  2471
2.621176281775035  2452
2.622214022966295  2476
2.6232492903979003  2410
2.6242820958356683  2425
2.625312450961674  2481
2.6263403673750423  2438
2.6273658565927325  2409
2.6283889300503116  2462
2.629409599102719  2483
2.630427875025024  2437
2.6314437690131722  2474
2.6324572921847245  2450
2.6334684555795866  2471
2.6344772701607315  2492
2.635483746814912  2451
2.6364878963533656  2439
2.637489729512511  2495
2.6384892569546374  2464
2.639486489268586  2450
2.640481436970422  2469
2.6414741105040997  2450
2.6424645202421213  2501
2.6434526764861874  2475
2.6444385894678386  2475
2.645422269349092  2470
2.6464037262230695  2516
2.6473829701146196  2479
2.6483600109809315  2517
2.649334858712142  2443
2.6503075231319366  2460
2.651278013998144  2496
2.6522463410033232  2445
2.6532125137753435  2492
2.6541765418779604  2467
2.655138434811382  2485
2.656098202012832  2457
2.6570558528571038  2443
2.6580113966571126  2470
2.658964842664435  2464
2.6599162000698504  2429
2.660865478003869  2478
2.661812685537261  2484
2.662757831681574  2497
2.663700925389648  2459
2.6646419755561257  2485
2.6655809910179533  2506
2.6665179805548807  2461
2.667452952889954  2518
2.66838591669  2456
2.6693168805661123  2485
2.670245853074124  2482
2.6711728427150834  2454
2.6720978579357175  2525
2.673020907128896  2435
2.673941998634088  2479
2.6748611407378116  2476
2.6757783416740852  2473
2.6766936096248664  2476
2.677606952720493  2482
2.678518379040114  2422
2.6794278966121188  2461
2.680335513414563  2431
2.681241237375587  2490
2.682145076373832  2422
2.6830470382388496  2444
2.683947130751512  2407
2.6848453616444123  2453
2.6857417386022635  2489
2.6866362692622934  2434
2.6875289612146345  2425
2.6884198220027105  2467
2.6893088591236203  2466
2.690196080028514  2493
2.6910814921229687  2504
2.69196510276736  2440
2.69284691927723  2522
2.693726948923647  2446
2.694605198933569  2498
2.6954816764901977  2461
2.696356388733332  2420
2.6972293427597176  2480
2.6981005456233897  2468
2.6989700043360187  2453
2.699837725867246  2484
2.7007037171450192  2457
2.7015679850559273  2416
2.7024305364455254  2490
2.7032913781186614  2388
2.7041505168397992  2450
2.705007959333336  2489
2.7058637122839193  2500
2.7067177823367587  2499
2.7075701760979363  2477
2.708420900134713  2427
2.709269960975831  2421
2.7101173651118162  2471
2.710963118995276  2482
2.711807229041191  2506
2.7126497016272113  2541
2.7134905430939424  2479
2.714329759745233  2468
2.7151673578484576  2474
2.716003343634799  2467
2.7168377232995247  2439
2.717670503002262  2503
2.718501688867274  2441
2.7193312869837265  2474
2.720159303405957  2447
2.7209857441537393  2461
2.7218106152125467  2461
2.722633922533812  2453
2.7234556720351857  2444
2.724275869600789  2514
2.725094521081469  2487
2.7259116322950483  2491
2.7267272090265724  2475
2.727541257028556  2463
2.7283537820212285  2538
2.72916478969277  2462
2.7299742856995555  2465
2.7307822756663893  2499
2.7315887651867388  2483
2.7323937598229686  2448
2.7331972651065692  2444
2.733999286538387  2463
2.734799829588847  2466
2.73559889969818  2452
2.7363965022766426  2437
2.7371926427047373  2453
2.737987326333431  2512
2.738780558484369  2466
2.739572344450092  2483
2.7403626894942437  2469
2.741151598851785  2497
2.741939077729199  2431
2.7427251313046983  2481
2.74350976472843  2486
2.7442929831226763  2495
2.7450747915820575  2494
2.745855195173729  2458
2.7466341989375787  2438
2.747411807886423  2470
2.7481880270062002  2465
2.7489628612561616  2486
2.749736315569061  2484
2.7505083948513462  2436
2.751279103983342  2445
2.7520484478194387  2525
2.7528164311882715  2440
2.7535830588929064  2527
2.754348335711019  2482
2.7551122663950713  2400
2.7558748556724915  2472
2.756636108245848  2455
2.7573960287930244  2471
2.75815462196739  2451
2.7589118923979736  2452
2.7596678446896306  2479
2.760422483423212  2466
2.7611758131557314  2470
2.761927838420529  2444
2.762678563727436  2469
2.7634279935629373  2459
2.7641761323903307  2494
2.7649229846498886  2444
2.765668554759014  2522
2.7664128471123997  2474
2.7671558660821804  2485
2.767897616018091  2411
2.7686381012476144  2471
2.7693773260761385  2489
2.7701152947871015  2465
2.7708520116421442  2481
2.7715874808812555  2489
2.77232170672292  2480
2.7730546933642626  2482
2.7737864449811935  2510
2.7745169657285498  2465
2.7752462597402365  2442
2.775974331129369  2475
2.776701183988411  2467
2.7774268223893115  2494
2.7781512503836434  2483
2.7788744720027396  2472
2.7795964912578244  2438
2.780317312140151  2479
2.7810369386211318  2465
2.781755374652469  2459
2.782472624166286  2470
2.7831886910752575  2462
2.783903579272735  2450
2.784617292632875  2417
2.785329835010767  2527
2.786041210242554  2517
2.7867514221455614  2448
2.787460474518415  2466
2.788168371141168  2502
2.788875115775417  2481
2.7895807121644256  2480
2.7902851640332416  2475
2.790988475088816  2395
2.791690649020118  2490
2.792391689498254  2477
2.79309160017658  2465
2.7937903846908188  2458
2.7944880466591697  2509
2.795184589682424  2469
2.7958800173440754  2487
2.7965743332104296  2502
2.7972675408307164  2485
2.797959643737196  2467
2.798650645445269  2477
2.7993405494535817  2441
2.8000293592441343  2474
2.800717078282385  2456
2.801403710017355  2476
2.802089257881733  2445
2.8027737252919755  2460
2.803457115648414  2428
2.8041394323353503  2464
2.8048206787211623  2452
2.8055008581584002  2486
2.806179973983887  2441
2.8068580295188172  2522
2.807535028068853  2491
2.808210972924222  2503
2.808885867359812  2482
2.8095597146352675  2476
2.8102325179950842  2455
2.8109042806687006  2495
2.8115750058705933  2425
2.812244696800369  2487
2.8129133566428557  2466
2.813580988568192  2484
2.81424759573192  2445
2.814913181275074  2456
2.815577748324267  2477
2.816241299991783  2454
2.8169038393756605  2461
2.8175653695597807  2479
2.8182258936139557  2523
2.8188854145940097  2459
2.8195439355418688  2482
2.82020145948564  2476
2.8208579894397  2472
2.821513528404773  2467
2.8221680793680175  2407
2.8228216453031045  2448
2.823474229170301  2450
2.824125833916549  2445
2.824776462475546  2464
2.8254261177678233  2472
2.8260748027008264  2495
2.826722520168992  2511
2.8273692730538253  2529
2.828015064223977  2465
2.82865989653532  2472
2.829303772831025  2538
2.829946695941636  2504
2.8305886686851442  2413
2.8312296938670634  2463
2.8318697742805017  2450
2.832508912706236  2484
2.833147111912785  2427
2.833784374656479  2457
2.8344207036815328  2465
2.835056101720116  2508
2.8356905714924254  2536
2.8363241157067516  2447
2.8369567370595505  2487
2.837588438235511  2463
2.8382192219076257  2478
2.838849090737255  2435
2.8394780473741985  2512
2.840106094456758  2490
2.8407332346118066  2475
2.841359470454855  2504
2.8419848045901137  2512
2.842609239610562  2489
2.8432327780980096  2436
2.843855422623161  2452
2.8444771757456815  2493
2.845098040014257  2454
2.8457180179666586  2434
2.846337112129805  2463
2.846955325019824  2421
2.847572659142112  2472
2.848189116991399  2439
2.8488047010518036  2466
2.8494194137968996  2470
2.850033257689769  2476
2.8506462351830666  2457
2.8512583487190755  2430
2.851869600729766  2458
2.8524799936368566  2482
2.8530895298518657  2515
2.8536982117761744  2495
2.8543060418010806  2470
2.8549130223078554  2475
2.8555191556678  2475
2.8561244442423  2479
2.8567288903828825  2399
2.8573324964312685  2466
2.857935264719429  2496
2.858537197569639  2474
2.859138297294531  2480
2.859738566197147  2427
2.8603380065709936  2446
2.8609366207000937  2487
2.8615344108590377  2429
2.862131379313037  2460
2.8627275283179747  2490
2.863322860120456  2428
2.8639173769578603  2432
2.864511081058392  2477
2.8651039746411278  2456
2.8656960599160706  2472
2.8662873390841948  2495
2.866877814337499  2435
2.8674674878590514  2474
2.8680563618230415  2468
2.8686444383948255  2481
2.8692317197309762  2469
2.869818207979328  2436
2.870403905279027  2479
2.8709888137605755  2429
2.8715729355458786  2513
2.8721562727482928  2438
2.8727388274726686  2468
2.873320601815399  2454
2.8739015978644615  2450
2.8744818176994666  2480
2.8750612633917  2452
2.8756399370041685  2414
2.876217840591642  2471
2.8767949762007006  2461
2.877371345869774  2488
2.8779469516291885  2406
2.8785217955012063  2408
2.8790958795000727  2498
2.8796692056320534  2482
2.88024177589548  2478
2.8808135922807914  2466
2.8813846567705728  2461
2.8819549713396007  2464
2.8825245379548803  2488
2.8830933585756897  2504
2.8836614351536176  2456
2.884228769632604  2467
2.884795363948981  2500
2.885361220031512  2462
2.885926339801431  2499
2.886490725172482  2440
2.8870543780509568  2390
2.887617300335736  2475
2.888179493918325  2439
2.8887409606828927  2488
2.88930170250631  2536
2.8898617212581885  2501
2.890421018800914  2425
2.890979596989689  2491
2.8915374576725643  2452
2.8920946026904804  2455
2.8926510338773004  2492
2.893206753059848  2483
2.8937617620579434  2473
2.8943160626844384  2458
2.8948696567452528  2490
2.895422546039408  2465
2.8959747323590648  2428
2.8965262174895554  2456
2.89707700320942  2516
2.8976270912904414  2443
2.8981764834976764  2434
2.8987251815894934  2470
2.8992731873176036  2488
2.8998205024270964  2438
2.9003671286564705  2469
2.900913067737669  2472
2.9014583213961123  2415
2.9020028913507296  2468
2.902546779313991  2468
2.9030899869919438  2490
2.9036325160842376  2479
2.9041743682841634  2454
2.904715545278681  2486
2.905256048748451  2430
2.9057958803678687  2468
2.906335041805091  2459
2.90687353472207  2476
2.907411360774586  2455
2.9079485216122722  2461
2.90848501887865  2456
2.909020854211156  2465
2.9095560292411755  2402
2.910090545594068  2492
2.910624404889201  2497
2.9111576087399764  2457
2.9116901587538613  2429
2.9122220565324155  2496
2.912753303671323  2468
2.9132839017604186  2479
2.9138138523837167  2442
2.9143431571194407  2405
2.9148718175400505  2515
2.91539983521227  2493
2.9159272116971158  2458
2.916453948549925  2441
2.9169800473203824  2439
2.9175055095525466  2527
2.9180303367848803  2520
2.9185545305502734  2468
2.9190780923760737  2444
2.919601023784111  2437
2.920123326290724  2449
2.9206450014067875  2496
2.921166050637739  2455
2.921686475483602  2464
2.9222062774390163  2497
2.92272545799326  2470
2.9232440186302764  2545
2.9237619608287004  2437
2.9242792860618816  2494
2.924795995797912  2469
2.9253120914996495  2461
2.9258275746247424  2459
2.926342446625655  2484
2.926856708949692  2458
2.9273703630390235  2448
2.9278834103307068  2475
2.9283958522567137  2524
2.928907690243953  2515
2.929418925714293  2437
2.929929560084588  2435
2.9304395947667  2505
2.930949031167523  2519
2.931457870689005  2441
2.931966114728173  2463
2.932473764677153  2459
2.932980821923198  2441
2.9334872878487053  2463
2.9339931638312424  2520
2.934498451243568  2476
2.935003151453655  2429
2.9355072658247128  2419
2.9360107957152097  2505
2.936513742478893  2453
2.9370161074648142  2476
2.937517892017347  2513
2.9380190974762104  2470
2.938519725176492  2509
2.9390197764486663  2448
2.9395192526186187  2446
2.9400181550076634  2491
2.940516484932567  2428
2.9410142437055695  2473
2.941511432634403  2449
2.942008053022313  2453
2.9425041061680806  2456
2.9429995933660407  2522
2.9434945159061026  2459
2.9439888750737717  2432
2.9444826721501687  2456
2.9449759084120477  2474
2.94546858513182  2461
2.9459607035775686  2473
2.946452265013073  2441
2.9469432706978256  2417
2.9474337218870508  2490
2.9479236198317262  2482
2.948412965778601  2457
2.9489017609702137  2477
2.949390006644913  2472
2.949877704036875  2446
2.950364854376123  2481
2.9508514588885464  2481
2.951337518795918  2420
2.951823035315912  2463
2.9523080096621253  2502
2.952792443044092  2492
2.9532763366673045  2493
2.9537596917332287  2433
2.9542425094393248  2439
2.954724790979063  2467
2.9552065375419416  2454
2.9556877503135057  2455
2.9561684304753633  2459
2.9566485792052033  2496
2.957128197676813  2392
2.957607287060095  2500
2.958085848521085  2454
2.9585638832219674  2417
2.9590413923210934  2477
2.9595183769729982  2485
2.959994838328416  2440
2.960470777534299  2478
2.960946195733831  2472
2.9614210940664485  2441
2.9618954736678504  2454
2.962369335670021  2494
2.9628426812012423  2487
2.9633155113861114  2476
2.963787827345555  2437
2.964259630196849  2461
2.9647309210536292  2483
2.965201701025912  2463
2.9656719712201065  2485
2.9661417327390325  2496
2.966610986681934  2494
2.967079734144497  2436
2.967547976218862  2466
2.968015713993642  2461
2.9684829485539352  2433
2.9689496809813427  2477
2.9694159123539814  2467
2.9698816437465  2509
2.9703468762300935  2486
2.9708116108725178  2436
2.971275848738105  2428
2.971739590887778  2529
2.9722028383790646  2489
2.972665592266111  2449
2.9731278535996988  2525
2.973589623427257  2503
2.9740509027928774  2459
2.9745116927373285  2438
2.974971994298069  2461
2.975431808509263  2472
2.975891136401793  2481
2.9763499790032735  2592
2.976808337338066  2486
2.977266212427293  2471
2.9777236052888476  2420
2.978180516937414  2466
2.9786369483844743  2483
2.979092900638326  2433
2.979548374704095  2433
2.9800033715837464  2482
2.9804578922761  2458
2.9809119377768436  2450
2.9813655090785445  2478
2.9818186071706636  2438
2.9822712330395684  2404
2.9827233876685453  2462
2.983175072037813  2523
2.9836262871245345  2492
2.984077033902831  2487
2.9845273133437926  2482
2.9849771264154934  2475
2.9854264740830017  2465
2.9858753573083936  2451
2.986323777050765  2479
2.9867717342662448  2459
2.9872192299080047  2446
2.9876662649262746  2468
2.988112840268352  2475
2.9885589568786157  2500
2.989004615698537  2445
2.9894498176666917  2473
2.989894563718773  2473
2.9903388547876015  2509
2.9907826918031377  2490
2.9912260756924947  2433
2.9916690073799486  2456
2.9921114877869495  2457
2.9925535178321354  2443
2.9929950984313414  2484
2.9934362304976116  2491
2.993876914941211  2443
2.9943171526696366  2480
2.9947569445876283  2488
2.9951962915971793  2497
2.99563519459755  2476
2.9960736544852753  2430
2.9965116721541785  2482
2.996949248495381  2455
2.997386384397313  2437
2.9978230807457256  2457
2.998259338423699  2477
2.998695158311656  2483
2.999130541287371  2482
2.9995654882259823  2504
3.0  2489
3.000434077479319  2476
3.0008677215312267  2444
3.0013009330204183  2460
3.0017337128090005  2458
3.002166061756508  2461
3.0025979807199086  2466
3.003029470553618  2473
3.0034605321095067  2424
3.0038911662369103  2437
3.0043213737826426  2472
3.004751155591001  2458
3.0051805125037805  2460
3.0056094453602804  2442
3.0060379549973173  2483
3.0064660422492318  2489
3.0068937079479006  2459
3.0073209529227447  2467
3.00774777800074  2501
3.0081741840064264  2483
3.0086001717619175  2478
3.0090257420869104  2414
3.009450895798694  2481
3.00987563371216  2462
3.010299956639812  2473
3.010723865391773  2435
3.0111473607757975  2445
3.0115704435972783  2460
3.011993114659257  2395
3.012415374762433  2449
3.012837224705172  2441
3.0132586652835167  2472
3.0136796972911926  2470
3.0141003215196207  2480
3.0145205387579237  2479
3.0149403497929366  2476
3.0153597554092144  2459
3.015778756389041  2470
3.016197353512439  2444
3.016615547557177  2517
3.0170333392987803  2469
3.017450729510536  2441
3.0178677189635055  2455
3.018284308426531  2466
3.0187004986662433  2468
3.019116290447073  2473
3.0195316845312554  2402
3.0199466816788423  2450
3.0203612826477078  2462
3.020775488193558  2438
3.0211892990699383  2481
3.021602716028242  2427
3.02201573981772  2458
3.0224283711854865  2511
3.022840610876528  2485
3.0232524596337114  2466
3.0236639181977933  2464
3.024074987307426  2509
3.024485667699167  2429
3.024895960107485  2487
3.0253058652647704  2497
3.025715383901341  2433
3.0261245167454502  2447
3.0265332645232967  2498
3.0269416279590295  2389
3.0273496077747564  2437
3.0277572046905536  2523
3.0281644194244697  2519
3.0285712526925375  2458
3.028977705208778  2454
3.0293837776852097  2432
3.029789470831856  2493
3.030194785356751  2482
3.030599721965951  2462
3.0310042813635367  2434
3.031408464251624  2473
3.0318122713303706  2462
3.0322157032979815  2435
3.03261876085072  2452
3.0330214446829107  2478
3.03342375548695  2475
3.03382569395331  2478
3.0342272607705505  2460
3.0346284566253203  2447
3.0350292822023683  2459
3.0354297381845483  2540
3.035829825252828  2421
3.0362295440862948  2419
3.036628895362161  2503
3.037027879755775  2446
3.037426497940624  2423
3.037824750588342  2459
3.0382226383687185  2461
3.038620161949703  2471
3.039017321997412  2476
3.0394141191761372  2419
3.0398105541483504  2531
3.0402066275747113  2474
3.040602340114073  2458
3.0409976924234905  2472
3.041392685158225  2498
3.041787318971752  2457
3.042181594515766  2458
3.0425755124401905  2462
3.0429690733931802  2431
3.0433622780211294  2460
3.0437551269686796  2483
3.044147620878723  2442
3.044539760392411  2453
3.04493154614916  2442
3.0453229787866576  2437
3.0457140589408676  2506
3.0461047872460387  2460
3.0464951643347082  2437
3.04688519083771  2453
3.0472748673841794  2463
3.04766419460156  2428
3.048053173115609  2464
3.0484418035504044  2492
3.04883008652835  2486
3.0492180226701815  2459
3.049605612594973  2507
3.0499928569201424  2451
3.050379756261458  2475
3.0507663112330423  2485
3.0511525224473814  2467
3.0515383905153275  2451
3.0519239160461065  2464
3.0523090996473234  2527
3.052693941924968  2463
3.0530784434834195  2502
3.053462604925455  2459
3.0538464268522527  2462
3.0542299098633974  2449
3.0546130545568877  2476
3.0549958615291417  2468
3.055378331375  2480
3.0557604646877348  2412
3.056142262059052  2451
3.0565237240791006  2446
3.0569048513364727  2465
3.0572856444182146  2496
3.0576661039098294  2454
3.0580462303952816  2506
3.058426024457005  2493
3.0588054866759067  2452
3.059184617631371  2436
3.0595634179012676  2456
3.059941888061955  2435
3.060320028688285  2436
3.060697840353612  2407
3.0610753236297916  2495
3.061452479087193  2460
3.061829307294699  2423
3.0622058088197126  2427
3.062581984228163  2439
3.0629578340845103  2442
3.0633333589517497  2482
3.0637085593914173  2505
3.064083435963596  2465
3.0644579892269186  2476
3.064832219738574  2425
3.065206128054312  2492
3.0655797147284485  2499
3.06595298031387  2499
3.0663259253620376  2542
3.0666985504229953  2440
3.0670708560453703  2483
3.0674428427763805  2480
3.0678145111618402  2457
3.0681858617461617  2414
3.068556895072363  2444
3.068927611682072  2440
3.0692980121155293  2428
3.0696680969115957  2490
3.070037866607755  2504
3.0704073217401198  2461
3.0707764628434346  2478
3.0711452904510828  2451
3.071513805095089  2497
3.0718820073061255  2453
3.072249897613515  2476
3.0726174765452368  2493
3.0729847446279304  2457
3.073351702386901  2403
3.0737183503461227  2461
3.074084689028244  2493
3.074450718954591  2496
3.074816440645175  2481
3.0751818546186915  2517
3.0755469613925306  2484
3.0759117614827773  2498
3.076276255404218  2451
3.076640443670342  2488
3.0770043267933502  2469
3.0773679052841563  2454
3.077731179652392  2446
3.0780941504064105  2498
3.0784568180532927  2468
3.0788191830988487  2460
3.0791812460476247  2464
3.079543007402906  2526
3.079904467666721  2447
3.0802656273398448  2460
3.0806264869218056  2454
3.080987046910887  2478
3.0813473078041325  2439
3.081707270097349  2476
3.082066934285113  2465
3.0824263008607717  2451
3.0827853703164503  2433
3.0831441431430524  2485
3.0835026198302673  2491
3.083860800866573  2439
3.0842186867392387  2453
3.084576277934331  2459
3.084933574936716  2474
3.085290578230065  2468
3.0856472882968564  2475
3.0860037056183818  2457
3.0863598306747484  2465
3.0867156639448825  2449
3.0870712059065353  2434
3.0874264570362855  2455
3.087781417809542  2477
3.0881360887005513  2420
3.0884904701823963  2519
3.088844562727004  2435
3.089198366805149  2429
3.089551882886454  2377
3.089905111439398  2488
3.090258052931316  2421
3.090610707828407  2527
3.0909630765957314  2488
3.091315159697223  2460
3.0916669575956846  2453
3.092018470752797  2427
3.0923696996291206  2443
3.0927206446840994  2432
3.0930713063760633  2459
3.093421685162235  2437
3.09377178149873  2490
3.0941215958405612  2454
3.094471128641645  2450
3.0948203803548  2492
3.095169351431755  2451
3.095518042323151  2496
3.0958664534785427  2455
3.0962145853464054  2460
3.0965624383741357  2455
3.0969100130080562  2519
3.09725730969342  2474
3.097604328874411  2508
3.09795107099415  2458
3.0982975364946976  2466
3.098643725817057  2509
3.0989896394011773  2520
3.0993352776859577  2453
3.09968064110925  2513
3.1000257301078626  2480
3.100370545117563  2501
3.1007150865730817  2456
3.1010593549081156  2479
3.101403350555331  2439
3.1017470739463664  2464
3.1020905255118367  2409
3.1024337056813365  2463
3.1027766148834415  2495
3.1031192535457137  2474
3.103461622094705  2492
3.103803720955957  2445
3.104145550554008  2445
3.104487111312395  2448
3.1048284036536553  2489
3.1051694279993316  2473
3.1055101847699738  2472
3.1058506743851435  2427
3.1061908972634154  2405
3.1065308538223815  2438
3.106870544478654  2455
3.1072099696478683  2459
3.1075491297446862  2474
3.1078880251827985  2452
3.1082266563749283  2465
3.1085650237328344  2459
3.1089031276673134  2470
3.109240968588203  2495
3.1095785469043866  2434
3.1099158630237933  2474
3.110252917353403  2407
3.110589710299249  2456
3.1109262422664203  2452
3.1112625136590655  2485
3.111598524880394  2481
3.1119342763326814  2429
3.1122697684172707  2428
3.1126050015345745  2448
3.11293997608408  2490
3.1132746924643504  2465
3.1136091510730277  2495
3.113943352306837  2485
3.1142772965615864  2447
3.114610984232173  2472
3.1149444157125847  2520
3.1152775913959014  2502
3.1156105116742996  2462
3.115943176939055  2505
3.116275587580544  2473
3.1166077439882485  2438
3.116939646550756  2469
3.1172712956557644  2540
3.117602691690084  2497
3.1179338350396413  2450
3.118264726089479  2469
3.118595365223762  2454
3.1189257528257768  2475
3.1192558892779365  2438
3.119585774961784  2457
3.119915410257991  2512
3.1202447955463652  2387
3.12057393120585  2485
3.1209028176145273  2455
3.1212314551496214  2427
3.1215598441875008  2449
3.121887985103681  2479
3.1222158782728267  2465
3.1225435240687545  2494
3.1228709228644354  2456
3.1231980750319988  2414
3.123524980942732  2488
3.123851640967086  2529
3.124178055474675  2469
3.1245042248342823  2503
3.1248301494138593  2425
3.12515582958053  2519
3.125481265700594  2446
3.125806458139527  2460
3.1261314072619846  2458
3.1264561134318045  2452
3.126780577012009  2481
3.1271047983648077  2449
3.127428777851599  2441
3.1277525158329733  2485
3.1280760126687155  2504
3.1283992687178066  2514
3.128722284338427  2442
3.1290450598879582  2453
3.1293675957229854  2454
3.129689892199301  2461
3.1300119496719043  2493
3.130333768495006  2522
3.130655349022031  2492
3.130976691605617  2470
3.131297796597623  2500
3.1316186643491255  2441
3.1319392952104246  2513
3.1322596895310446  2483
3.132579847659737  2446
3.132899769944483  2442
3.1332194567324945  2404
3.1335389083702174  2507
3.133858125203335  2477
3.1341771075767664  2440
3.1344958558346736  2474
3.13481437032046  2460
3.1351326513767748  2435
3.1354506993455136  2493
3.1357685145678222  2457
3.1360860973840974  2428
3.13640344813399  2475
3.1367205671564067  2448
3.1370374547895126  2507
3.137354111370733  2446
3.137670537236755  2484
3.137986732723532  2496
3.1383026981662816  2495
3.1386184338994925  2484
3.1389339402569236  2462
3.139249217571607  2501
3.13956426617585  2458
3.1398790864012365  2410
3.140193678578631  2441
3.1405080430381798  2459
3.1408221801093106  2465
3.141136090120739  2425
3.1414497734004674  2446
3.141763230275788  2452
3.1420764610732848  2504
3.142389466118836  2485
3.1427022457376155  2470
3.143014800254095  2470
3.143327129992046  2476
3.1436392352745433  2467
3.1439511164239633  2451
3.144262773761991  2435
3.144574207609616  2476
3.144885418287142  2393
3.1451964061141817  2454
3.1455071714096627  2439
3.1458177144918276  2451
3.146128035678238  2501
3.1464381352857744  2494
3.14674801363064  2511
3.1470576710283598  2435
3.1473671077937864  2493
3.1476763242410986  2456
3.147985320683805  2483
3.1482940974347455  2538
3.1486026548060932  2444
3.1489109931093564  2473
3.1492191126553797  2452
3.149527013754348  2491
3.149834696715785  2433
3.1501421618485588  2522
3.150449409460881  2508
3.150756439860309  2478
3.15106325335375  2434
3.1513698502474603  2467
3.151676230847048  2490
3.151982395457474  2476
3.1522883443830563  2461
3.15259407792747  2492
3.1528995963937474  2426
3.153204900084284  2463
3.1535099893008374  2504
3.153814864344529  2468
3.154119525515847  2481
3.154423973114647  2449
3.1547282074401557  2422
3.1550322287909704  2491
3.155336037465062  2509
3.1556396337597765  2481
3.1559430179718366  2438
3.1562461903973444  2452
3.1565491513317814  2435
3.156851901070011  2469
3.1571544399062814  2463
3.157456768134226  2468
3.1577588860468637  2423
3.158060793936605  2446
3.1583624920952498  2472
3.1586639808139894  2439
3.15896526038341  2439
3.159266331093494  2392
3.1595671932336202  2488
3.1598678470925665  2417
3.160168292958512  2452
3.1604685311190375  2457
3.1607685618611283  2522
3.1610683854711747  2478
3.161368002234975  2401
3.161667412437736  2508
3.161966616364075  2445
3.1622656142980214  2463
3.162564406523019  2448
3.162862993321926  2500
3.1631613749770184  2445
3.16345955176999  2463
3.163757523981956  2469
3.1640552918934515  2485
3.164352855784437  2463
3.1646502159342966  2433
3.1649473726218416  2459
3.1652443261253107  2512
3.165541076722373  2508
3.1658376246901283  2455
3.166133970305109  2454
3.166430113843283  2440
3.166726055580052  2443
3.1670217957902564  2488
3.167317334748176  2429
3.16761267272753  2538
3.16790781000148  2478
3.168202746842631  2487
3.1684974835230326  2483
3.1687920203141817  2486
3.1690863574870227  2451
3.1693804953119495  2467
3.1696744340588068  2417
3.1699681739968923  2474
3.1702617153949575  2464
3.1705550585212086  2461
3.170848203643309  2484
3.1711411510283822  2458
3.171433900943008  2482
3.171726453653231  2471
3.1720188094245563  2423
3.172310968521954  2459
3.17260293120986  2440
3.1728946977521764  2457
3.173186268412274  2520
3.1734776434529945  2461
3.17376882313665  2490
3.1740598077250253  2454
3.1743505974793798  2462
3.1746411926604483  2446
3.1749315935284423  2418
3.1752218003430523  2493
3.1755118133634475  2524
3.1758016328482794  2503
3.1760912590556813  2472
3.1763806922432702  2450
3.17666993266815  2400
3.176958980586908  2440
3.1772478362556233  2452
3.1775364999298623  2422
3.177824971864682  2409
3.1781132523146316  2441
3.178401341533755  2492
3.17868923977559  2467
3.1789769472931693  2453
3.1792644643390253  2450
3.1795517911651876  2446
3.179838928023187  2454
3.180125875164054  2481
3.180412632838324  2458
3.1806992012960347  2495
3.1809855807867304  2456
3.1812717715594614  2457
3.1815577738627865  2465
3.1818435879447726  2459
3.182129214052998  2457
3.182414652434554  2469
3.1826999033360424  2460
3.182984967003582  2503
3.1832698436828046  2492
3.1835545336188615  2452
3.1838390370564214  2471
3.184123354239671  2457
3.1844074854123203  2503
3.184691430817599  2474
3.184975190698261  2475
3.185258765296585  2452
3.185542154854375  2482
3.185825359612962  2483
3.1861083798132053  2424
3.186391215695493  2505
3.1866738674997452  2425
3.1869563354654122  2519
3.187238619831479  2462
3.187520720836463  2479
3.1878026387184195  2473
3.188084373714938  2476
3.188365926063148  2437
3.188647295999717  2531
3.1889284837608534  2446
3.189209489582306  2505
3.1894903136993675  2477
3.189770956346874  2470
3.190051417759206  2476
3.1903316981702914  2511
3.190611797813605  2446
3.1908917169221698  2469
3.1911714557285586  2504
3.1914510144648953  2481
3.1917303933628562  2448
3.1920095926536702  2442
3.1922886125681202  2453
3.1925674533365456  2436
3.192846115188842  2472
3.1931245983544616  2464
3.1934029030624176  2519
3.1936810295412816  2460
3.193958978019187  2494
3.1942367487238292  2496
3.194514341882467  2484
3.1947917577219247  2470
3.1950689964685903  2443
3.1953460583484197  2495
3.1956229435869368  2510
3.1958996524092336  2506
3.1961761850399735  2481
3.196452541703389  2487
3.196728722623287  2482
3.1970047280230456  2452
3.197280558125619  2424
3.1975562131535367  2454
3.197831693328903  2458
3.1981069988734014  2459
3.1983821300082944  2460
3.1986570869544226  2397
3.198931869932209  2483
3.1992064791616577  2519
3.199480914862356  2441
3.1997551772534747  2490
3.2000292665537704  2480
3.200303182981585  2407
3.2005769267548483  2509
3.2008504980910772  2482
3.2011238972073794  2485
3.2013971243204513  2443
3.2016701796465816  2520
3.20194306340165  2471
3.2022157758011316  2434
3.2024883170600935  2480
3.2027606873931997  2490
3.2030328870147105  2425
3.203304916138483  2485
3.2035767749779724  2457
3.2038484637462346  2454
3.2041199826559246  2499
3.2043913319193  2469
3.204662511748219  2505
3.204933522354145  2455
3.2052043639481447  2440
3.205475036740891  2444
3.205745540942662  2475
3.2060158767633444  2473
3.2062860444124324  2474
3.2065560440990297  2414
3.2068258760318495  2438
3.207095540419218  2464
3.2073650374690716  2481
3.2076343673889616  2497
3.2079035303860515  2421
3.2081725266671217  2463
3.208441356438567  2451
3.208710019906401  2506
3.2089785172762535  2461
3.2092468487533736  2460
3.2095150145426308  2473
3.209783014848515  2478
3.2100508498751372  2463
3.210318519826232  2451
3.2105860249051563  2443
3.210853365314893  2473
3.2111205412580492  2468
3.2113875529368587  2422
3.2116544005531824  2451
3.2119210843085093  2489
3.2121876044039577  2477
3.212453961040276  2457
3.2127201544178425  2424
3.212986184736668  2512
3.2132520521963968  2447
3.2135177569963047  2469
3.2137832993353044  2418
3.2140486794119414  2436
3.2143138974244  2481
3.214578953570499  2442
3.214843848047698  2444
3.215108581053093  2421
3.215373152783422  2477
3.215637563435062  2415
3.215901813204032  2438
3.216165902285993  2454
3.216429830876251  2453
3.2166935991697545  2473
3.216957207361097  2444
3.217220655644519  2448
3.2174839442139063  2451
3.2177470732627937  2467
3.218010042984363  2473
3.2182728535714475  2468
3.218535505216528  2436
3.2187979981117376  2464
3.219060332448861  2510
3.219322508419337  2421
3.2195845262142546  2469
3.219846386024361  2449
3.220108088040055  2462
3.2203696324513946  2454
3.220631019448092  2515
3.2208922492195193  2477
3.2211533219547053  2442
3.2214142378423385  2436
3.2216749970707688  2487
3.2219355998280053  2497
3.22219604630172  2485
3.222456336679247  2502
3.2227164711475833  2467
3.2229764498933915  2409
3.2232362731029975  2456
3.2234959409623944  2499
3.2237554536572413  2462
3.224014811372864  2497
3.2242740142942576  2521
3.2245330626060857  2454
3.2247919564926817  2484
3.225050696138049  2475
3.225309281725863  2476
3.225567713439471  2536
3.2258259914618934  2493
3.226084115975824  2463
3.226342087163631  2441
3.2265999052073573  2507
3.2268575702887237  2422
3.2271150825891253  2419
3.2273724422896364  2425
3.227629649571009  2459
3.2278867046136734  2494
3.2281436075977417  2478
3.228400358703005  2469
3.2286569581089353  2431
3.228913405994688  2446
3.229169702539101  2530
3.229425847920695  2486
3.229681842317676  2492
3.229937685907934  2448
3.230193378869046  2497
3.230448921378274  2481
3.230704313612569  2484
3.230959555748569  2485
3.231214647962601  2485
3.2314695904306814  2431
3.2317243833285163  2475
3.231979026831504  2424
3.2322335211147335  2507
3.232487866352986  2491
3.232742062720737  2491
3.2329961103921536  2464
3.2332500095411003  2501
3.2335037603411343  2409
3.2337573629655103  2461
3.2340108175871793  2469
3.2342641243787895  2459
3.2345172835126865  2452
3.2347702951609163  2485
3.2350231594952237  2531
3.2352758766870524  2495
3.2355284469075487  2440
3.2357808703275603  2421
3.236033147117636  2498
3.2362852774480286  2449
3.236537261488694  2436
3.2367890994092927  2446
3.237040791379191  2502
3.237292337567459  2436
3.2375437381428744  2471
3.2377949932739227  2451
3.2380461031287955  2471
3.238297067875394  2459
3.2385478876813276  2464
3.238798562713917  2408
3.2390490931401916  2472
3.2392994791268923  2430
3.239549720840473  2457
3.2397998184470986  2456
3.2400497721126476  2464
3.2402995820027125  2439
3.2405492482826  2380
3.240798771117331  2465
3.241048150671644  2478
3.2412973871099933  2461
3.2415464805965484  2446
3.241795431295199  2413
3.2420442393695508  2478
3.2422929049829308  2435
3.2425414282983844  2393
3.2427898094786767  2449
3.2430380486862944  2473
3.243286146083446  2411
3.243534101832062  2454
3.243781916093795  2431
3.244029589030022  2449
3.244277120801843  2432
3.244524511570084  2451
3.244771761495295  2402
3.245018870737753  2450
3.245265839457461  2317
3.24551266781415  2358
3.245759355967277  2341
3.246005904076029  2370
3.246252312299322  2349
3.246498580795801  2346
3.2467447097238415  2330
3.24699069924155  2336
3.247236549506764  2388
3.2474822606770544  2302
3.2477278329097232  2267
3.247973266361807  2252
3.248218561190075  2290
3.248463717551032  2278
3.2487087356009177  2277
3.2489536154957075  2232
3.249198357391113  2210
3.249442961442582  2256
3.2496874278053016  2216
3.249931756634195  2184
3.250175948083925  2232
3.250420002308894  2177
3.2506639194632436  2161
3.250907699700856  2179
3.2511513431753545  2166
3.2513948500401044  2120
3.251638220448212  2114
3.2518814545525276  2088
3.252124552505644  2101
3.2523675144598987  2064
3.252610340567373  2067
3.2528530309798933  2050
3.2530955858490316  2017
3.2533380053261065  2020
3.253580289562183  2001
3.2538224387080734  1960
3.254064452914338  1959
3.2543063323312857  1901
3.2545480771089736  1952
3.25478968739721  1933
3.2550311633455515  1862
3.255272505103306  1887
3.2555137128195333  1843
3.255754786643044  1824
3.255995726722402  1793
3.256236533205923  1755
3.256477206241677  1757
3.256717745977487  1694
3.256958152560932  1704
3.2571984261393445  1666
3.257438566859814  1650
3.2576785748691846  1635
3.2579184503140586  1582
3.2581581933407944  1566
3.258397804095509  1537
3.2586372827240764  1528
3.258876629372131  1523
3.2591158441850663  1489
3.2593549273080344  1443
3.2595938788859486  1416
3.2598326990634834  1387
3.2600713879850747  1337
3.26030994579492  1381
3.2605483726369795  1299
3.2607866686549762  1236
3.2610248339923973  1248
3.2612628687924934  1221
3.2615007731982804  1154
3.2617385473525378  1148
3.2619761913978125  1086
3.262213705476417  1090
3.2624510897304293  1066
3.2626883443016963  1048
3.2629254693318317  1014
3.2631624649622166  984
3.263399331334002  954
3.263636068588108  876
3.2638726768652235  876
3.2641091563058082  856
3.2643455070500926  847
3.2645817292380777  819
3.2648178230095364  790
3.2650537885040145  741
3.26528962586083  736
3.2655253352190736  709
3.2657609167176105  674
3.265996370495079  650
3.266231696689893  626
3.2664668954402414  591
3.2667019668840878  594
3.266936911159173  568
3.2671717284030137  522
3.267406418752904  515
3.2676409823459154  502
3.2678754193188975  473
3.2681097298084785  452
3.268343913951065  442
3.268577971882843  440
3.2688119037397803  398
3.269045709657623  382
3.2692793897718984  376
3.2695129442179165  350
3.269746373130767  340
3.269979676645324  318
3.2702128548962426  302
3.2704459080179626  279
3.2706788361447066  259
3.2709116394104814  263
3.2711443179490782  243
3.2713768718940743  242
3.271609301378832  214
3.271841606536499  202
3.27207378750001  184
3.2723058444020863  193
3.2725377773752373  185
3.2727695865517594  162
3.2730012720637376  160
3.2732328340430454  140
3.273464272621346  145
3.273695587930092  131
3.2739267801005254  117
3.27415784926368  109
3.274388795550379  106
3.274619619091238  106
3.274850320016665  91
3.2750808984568587  89
3.2753113545418118  80
3.2755416884013098  80
3.2757719001649312  76
3.27600198996205  65
3.2762319579218335  62
3.2764618041732443  64
3.27669152884504  55
3.276921132065774  46
3.277150613963797  48
3.2773799746672547  45
3.2776092143040914  38
3.2778383330020473  39
3.2780673308886628  33
3.2782962080912736  34
3.2785249647370174  32
3.278753600952829  28
3.278982116865443  29
3.279210512601395  29
3.2794387882870204  22
3.2796669440484556  20
3.279894980011638  23
3.2801228963023075  20
3.280350693046006  21
3.2805783703680764  19
3.280805928393667  17
3.2810333672477277  16
3.281260687055013  19
3.2814878879400813  17
3.281714970027296  14
3.281941933440825  14
3.2821687783046416  13
3.2823955047425257  16
3.2826221128780624  11
3.282848602834645  8
3.2830749747354715  7
3.2833012287035497  7
3.2835273648616936  7
3.2837533833325265  6
3.28397928423848  6
3.284205067701794  5
3.2844307338445193  6
3.2846562827885157  6
3.284881714655453  4
3.285107029566812  4
3.2853322276438846  3
3.285557309007774  4
3.285782273779395  3
3.2860071220794747  3
3.286231854028553  3
3.286456469746983  4
3.28668096935493  4
3.286905352972375  3
3.287129620719111  3
3.2873537727147464  3
3.2875778090787056  5
3.287801729930226  2
3.2880255353883627  2
3.288249225571986  2
3.2884728005997825  2
3.288696260590256  2
3.2889196056617265  2
3.289142835932333  2
3.2893659515200318  1
3.2895889525425965  1
3.2898118391176214  1
3.290034611362518  1
3.2902572693945182  1
3.290479813330673  1
