0.01  0.0000  1.41
0.02  0.0000  1.99
0.03  0.0000  2.33
0.04  0.0000  2.63
0.05  0.0000  3.03
0.06  0.0000  3.37
0.07  0.0000  3.61
0.08  0.0000  4.05
0.09  0.0000  4.41
0.10  0.0000  4.70
0.11  0.0000  5.21
0.12  0.0000  5.61
0.13  0.0000  5.96
0.14  0.0000  6.42
0.15  0.0000  6.76
0.16  0.0000  7.28
0.17  0.0000  7.86
0.18  0.0000  8.35
0.19  0.0000  8.88
0.20  0.0000  9.67
0.21  0.0000  10.21
0.22  0.0000  10.80
0.23  0.0000  11.78
0.24  0.0000  12.46
0.25  0.0000  13.44
0.26  0.0000  14.34
0.27  0.0000  15.27
0.28  0.0000  16.54
0.29  0.0000  17.44
0.30  0.0000  18.91
0.31  0.0000  20.37
0.32  0.0000  21.82
0.33  0.0000  23.58
0.34  0.0000  25.17
0.35  0.0000  27.36
0.36  0.0000  29.96
0.37  0.0000  33.56
0.38  0.0000  35.05
0.39  0.0000  38.65
0.40  0.0000  42.49
0.41  0.0000  46.75
0.42  0.0000  50.72
0.43  0.0000  57.22
0.44  0.0000  64.25
0.45  0.0000  73.00
0.46  0.0000  80.26
0.47  0.0000  90.54
0.48  0.0000  102.27
0.49  0.0000  120.12
0.50  0.0010  136.35
0.51  0.0040  158.52
0.52  0.0020  191.47
0.53  0.0080  225.95
0.54  0.0380  272.32
0.55  0.0450  321.80
0.56  0.1050  385.20
0.57  0.2030  469.22
0.58  0.3190  586.98
0.59  0.4840  711.95
0.60  0.5710  822.72
0.61  0.7280  967.73
0.62  0.8420  1102.25
0.63  0.9130  1242.63
0.64  0.9510  1336.64
0.65  0.9830  1425.49
0.66  0.9940  1500.27
0.67  0.9980  1555.54
0.68  1.0000  1609.45
0.69  1.0000  1651.62
0.70  1.0000  1691.57
0.71  0.9990  1725.31
0.72  1.0000  1761.94
0.73  1.0000  1792.55
0.74  1.0000  1824.38
0.75  1.0000  1853.54
0.76  1.0000  1881.90
0.77  1.0000  1910.39
0.78  1.0000  1938.39
0.79  1.0000  1965.45
0.80  1.0000  1991.89
0.81  1.0000  2019.73
0.82  1.0000  2045.05
0.83  1.0000  2070.77
0.84  1.0000  2096.80
0.85  1.0000  2123.31
0.86  1.0000  2149.04
0.87  1.0000  2173.72
0.88  1.0000  2198.83
0.89  1.0000  2224.59
0.90  1.0000  2248.84
0.91  1.0000  2275.05
0.92  1.0000  2299.88
0.93  1.0000  2324.80
0.94  1.0000  2349.78
0.95  1.0000  2374.77
0.96  1.0000  2400.43
0.97  1.0000  2425.17
0.98  1.0000  2449.73
0.99  1.0000  2474.93
1.00  1.0000  2500.00
