1  75.3640
2  19.1020
3  12.0500
4  8.0130
5  5.8770
6  4.4480
7  3.5610
8  2.8940
9  2.3180
10  2.0750
11  1.8370
12  1.5200
13  1.3330
14  1.1960
15  1.0970
16  0.9490
17  0.9060
18  0.7650
19  0.7560
20  0.7290
21  0.6210
22  0.6200
23  0.5090
24  0.4800
25  0.4970
26  0.4200
27  0.4150
28  0.3380
29  0.3320
30  0.3550
31  0.2960
32  0.2990
33  0.2720
34  0.2610
35  0.2590
36  0.2300
37  0.2510
38  0.1910
39  0.2130
40  0.2080
41  0.1800
42  0.1930
43  0.1900
44  0.1680
45  0.1580
46  0.1530
47  0.1260
48  0.1470
49  0.1490
50  0.1390
51  0.1310
52  0.1010
53  0.0970
54  0.1260
55  0.1040
56  0.0820
57  0.0950
58  0.1010
59  0.1010
60  0.0940
61  0.0820
62  0.0910
63  0.0870
64  0.0820
65  0.0840
66  0.0720
67  0.0850
68  0.0810
69  0.0750
70  0.0660
71  0.0690
72  0.0750
73  0.0660
74  0.0780
75  0.0680
76  0.0610
77  0.0520
78  0.0670
79  0.0640
80  0.0520
81  0.0650
82  0.0400
83  0.0560
84  0.0530
85  0.0490
86  0.0490
87  0.0310
88  0.0410
89  0.0440
90  0.0350
91  0.0460
92  0.0400
93  0.0470
94  0.0300
95  0.0360
96  0.0380
97  0.0390
98  0.0360
99  0.0430
100  0.0410
101  0.0310
102  0.0420
103  0.0360
104  0.0270
105  0.0310
106  0.0250
107  0.0240
108  0.0200
109  0.0300
110  0.0270
111  0.0270
112  0.0210
113  0.0200
114  0.0260
115  0.0210
116  0.0240
117  0.0200
118  0.0290
119  0.0130
120  0.0230
121  0.0280
122  0.0200
123  0.0160
124  0.0180
125  0.0250
126  0.0100
127  0.0190
128  0.0220
129  0.0310
130  0.0160
131  0.0090
132  0.0200
133  0.0210
134  0.0240
135  0.0100
136  0.0110
137  0.0140
138  0.0140
139  0.0180
140  0.0200
141  0.0130
142  0.0140
143  0.0150
144  0.0110
145  0.0090
146  0.0090
147  0.0170
148  0.0130
149  0.0100
150  0.0070
151  0.0170
152  0.0120
153  0.0130
154  0.0140
155  0.0110
156  0.0140
157  0.0060
158  0.0130
159  0.0110
160  0.0080
161  0.0100
162  0.0130
163  0.0090
164  0.0100
165  0.0110
166  0.0120
167  0.0030
168  0.0060
169  0.0050
170  0.0120
171  0.0060
172  0.0050
173  0.0060
174  0.0110
175  0.0130
176  0.0080
177  0.0100
178  0.0070
179  0.0100
180  0.0180
181  0.0110
182  0.0050
183  0.0090
184  0.0080
185  0.0070
186  0.0080
187  0.0100
188  0.0050
189  0.0040
190  0.0040
191  0.0070
192  0.0090
193  0.0100
194  0.0040
195  0.0060
196  0.0060
197  0.0050
198  0.0050
199  0.0060
200  0.0060
202  0.0070
203  0.0020
204  0.0090
205  0.0050
206  0.0030
207  0.0050
208  0.0040
209  0.0050
210  0.0010
211  0.0030
212  0.0050
213  0.0050
214  0.0060
215  0.0060
216  0.0030
217  0.0060
218  0.0080
219  0.0060
220  0.0030
221  0.0050
222  0.0020
223  0.0040
224  0.0050
225  0.0030
226  0.0040
227  0.0020
228  0.0050
229  0.0040
230  0.0040
231  0.0040
232  0.0010
233  0.0030
234  0.0060
235  0.0010
236  0.0020
237  0.0050
238  0.0040
239  0.0020
241  0.0030
242  0.0010
243  0.0010
244  0.0030
245  0.0030
246  0.0020
247  0.0020
248  0.0030
249  0.0030
250  0.0030
251  0.0060
252  0.0010
253  0.0030
254  0.0010
256  0.0040
257  0.0010
258  0.0010
259  0.0020
260  0.0020
261  0.0040
262  0.0030
263  0.0010
264  0.0020
265  0.0030
266  0.0070
268  0.0030
269  0.0010
270  0.0030
271  0.0040
273  0.0050
274  0.0010
275  0.0020
276  0.0010
277  0.0020
281  0.0050
282  0.0010
283  0.0030
284  0.0010
285  0.0010
286  0.0020
287  0.0010
289  0.0050
290  0.0020
291  0.0020
292  0.0010
295  0.0010
296  0.0010
297  0.0040
299  0.0010
301  0.0010
302  0.0020
303  0.0030
304  0.0010
305  0.0030
308  0.0040
309  0.0030
310  0.0020
311  0.0010
312  0.0020
314  0.0010
315  0.0010
316  0.0020
317  0.0010
318  0.0020
319  0.0020
320  0.0010
321  0.0030
322  0.0010
325  0.0020
326  0.0010
327  0.0010
328  0.0010
331  0.0010
332  0.0010
334  0.0010
335  0.0020
336  0.0020
337  0.0010
338  0.0010
339  0.0010
343  0.0010
344  0.0010
345  0.0020
346  0.0030
353  0.0010
354  0.0030
355  0.0010
358  0.0010
359  0.0010
363  0.0010
364  0.0010
366  0.0020
368  0.0020
374  0.0010
376  0.0010
379  0.0020
382  0.0010
383  0.0010
386  0.0010
388  0.0010
396  0.0010
400  0.0030
410  0.0020
415  0.0010
424  0.0010
429  0.0010
435  0.0010
438  0.0010
442  0.0010
447  0.0010
448  0.0010
460  0.0010
461  0.0010
499  0.0010
500  0.0010
501  0.0010
511  0.0010
517  0.0010
536  0.0010
539  0.0010
546  0.0010
547  0.0010
