1  190.7815
2  41.2515
3  24.5315
4  15.9395
5  11.4290
6  8.2385
7  6.4535
8  5.1125
9  4.2060
10  3.4460
11  2.8925
12  2.6185
13  2.2320
14  1.9725
15  1.7385
16  1.5535
17  1.4050
18  1.2695
19  1.1415
20  1.0750
21  0.9640
22  0.8410
23  0.8365
24  0.7550
25  0.7150
26  0.6675
27  0.6070
28  0.5620
29  0.5500
30  0.5110
31  0.4995
32  0.4705
33  0.4200
34  0.4070
35  0.3935
36  0.3830
37  0.3555
38  0.3625
39  0.3340
40  0.3135
41  0.3085
42  0.2820
43  0.2665
44  0.2545
45  0.2430
46  0.2550
47  0.2420
48  0.2395
49  0.2245
50  0.2265
51  0.2110
52  0.2110
53  0.2010
54  0.1800
55  0.1680
56  0.1775
57  0.1690
58  0.1660
59  0.1740
60  0.1650
61  0.1485
62  0.1545
63  0.1530
64  0.1400
65  0.1285
66  0.1325
67  0.1125
68  0.1200
69  0.1270
70  0.1160
71  0.1190
72  0.1160
73  0.1135
74  0.1005
75  0.1125
76  0.1055
77  0.0960
78  0.0985
79  0.1030
80  0.0930
81  0.0975
82  0.0970
83  0.0865
84  0.0720
85  0.0775
86  0.0855
87  0.0825
88  0.0920
89  0.0810
90  0.0710
91  0.0790
92  0.0810
93  0.0755
94  0.0755
95  0.0725
96  0.0680
97  0.0715
98  0.0740
99  0.0710
100  0.0635
101  0.0630
102  0.0690
103  0.0540
104  0.0565
105  0.0605
106  0.0540
107  0.0685
108  0.0605
109  0.0475
110  0.0540
111  0.0460
112  0.0500
113  0.0525
114  0.0495
115  0.0595
116  0.0450
117  0.0550
118  0.0450
119  0.0515
120  0.0525
121  0.0480
122  0.0430
123  0.0440
124  0.0520
125  0.0445
126  0.0445
127  0.0385
128  0.0480
129  0.0405
130  0.0380
131  0.0450
132  0.0410
133  0.0385
134  0.0435
135  0.0350
136  0.0365
137  0.0365
138  0.0455
139  0.0385
140  0.0350
141  0.0340
142  0.0370
143  0.0295
144  0.0340
145  0.0330
146  0.0375
147  0.0350
148  0.0325
149  0.0310
150  0.0340
151  0.0330
152  0.0380
153  0.0255
154  0.0350
155  0.0350
156  0.0285
157  0.0255
158  0.0290
159  0.0260
160  0.0255
161  0.0345
162  0.0275
163  0.0185
164  0.0250
165  0.0265
166  0.0310
167  0.0380
168  0.0260
169  0.0310
170  0.0275
171  0.0265
172  0.0260
173  0.0270
174  0.0255
175  0.0185
176  0.0260
177  0.0285
178  0.0245
179  0.0260
180  0.0230
181  0.0235
182  0.0255
183  0.0190
184  0.0190
185  0.0195
186  0.0215
187  0.0175
188  0.0205
189  0.0190
190  0.0185
191  0.0200
192  0.0195
193  0.0175
194  0.0165
195  0.0200
196  0.0250
197  0.0150
198  0.0210
199  0.0210
200  0.0205
201  0.0210
202  0.0170
203  0.0180
204  0.0190
205  0.0160
206  0.0195
207  0.0180
208  0.0200
209  0.0205
210  0.0140
211  0.0245
212  0.0175
213  0.0180
214  0.0145
215  0.0165
216  0.0130
217  0.0185
218  0.0230
219  0.0205
220  0.0220
221  0.0140
222  0.0180
223  0.0180
224  0.0120
225  0.0150
226  0.0130
227  0.0195
228  0.0135
229  0.0155
230  0.0205
231  0.0180
232  0.0175
233  0.0175
234  0.0185
235  0.0160
236  0.0125
237  0.0110
238  0.0105
239  0.0180
240  0.0090
241  0.0165
242  0.0145
243  0.0120
244  0.0115
245  0.0105
246  0.0115
247  0.0165
248  0.0160
249  0.0125
250  0.0130
251  0.0095
252  0.0120
253  0.0180
254  0.0115
255  0.0140
256  0.0130
257  0.0110
258  0.0075
259  0.0100
260  0.0180
261  0.0110
262  0.0125
263  0.0115
264  0.0165
265  0.0145
266  0.0140
267  0.0130
268  0.0160
269  0.0145
270  0.0110
271  0.0135
272  0.0105
273  0.0135
274  0.0115
275  0.0105
276  0.0105
277  0.0100
278  0.0135
279  0.0100
280  0.0120
281  0.0125
282  0.0135
283  0.0125
284  0.0125
285  0.0080
286  0.0100
287  0.0065
288  0.0110
289  0.0135
290  0.0130
291  0.0110
292  0.0125
293  0.0095
294  0.0110
295  0.0105
296  0.0110
297  0.0095
298  0.0100
299  0.0065
300  0.0125
301  0.0110
302  0.0075
303  0.0095
304  0.0080
305  0.0075
306  0.0080
307  0.0095
308  0.0110
309  0.0140
310  0.0105
311  0.0085
312  0.0080
313  0.0095
314  0.0095
315  0.0075
316  0.0120
317  0.0080
318  0.0065
319  0.0090
320  0.0090
321  0.0060
322  0.0070
323  0.0090
324  0.0110
325  0.0090
326  0.0070
327  0.0090
328  0.0090
329  0.0085
330  0.0065
331  0.0085
332  0.0085
333  0.0090
334  0.0105
335  0.0100
336  0.0055
337  0.0075
338  0.0095
339  0.0060
340  0.0065
341  0.0075
342  0.0085
343  0.0105
344  0.0095
345  0.0070
346  0.0090
347  0.0050
348  0.0100
349  0.0125
350  0.0100
351  0.0060
352  0.0095
353  0.0055
354  0.0065
355  0.0105
356  0.0070
357  0.0085
358  0.0040
359  0.0105
360  0.0040
361  0.0050
362  0.0100
363  0.0070
364  0.0080
365  0.0065
366  0.0085
367  0.0075
368  0.0040
369  0.0070
370  0.0065
371  0.0105
372  0.0080
373  0.0075
374  0.0085
375  0.0060
376  0.0095
377  0.0070
378  0.0050
379  0.0070
380  0.0055
381  0.0050
382  0.0035
383  0.0090
384  0.0070
385  0.0060
386  0.0055
387  0.0065
388  0.0050
389  0.0045
390  0.0045
391  0.0055
392  0.0070
393  0.0060
394  0.0090
395  0.0065
396  0.0065
397  0.0065
398  0.0070
399  0.0075
400  0.0035
401  0.0065
402  0.0045
403  0.0045
404  0.0055
405  0.0050
406  0.0065
407  0.0080
408  0.0045
409  0.0075
410  0.0055
411  0.0045
412  0.0030
413  0.0065
414  0.0085
415  0.0085
416  0.0080
417  0.0040
418  0.0045
419  0.0050
420  0.0060
421  0.0075
422  0.0030
423  0.0060
424  0.0070
425  0.0040
426  0.0060
427  0.0055
428  0.0035
429  0.0060
430  0.0030
431  0.0020
432  0.0070
433  0.0050
434  0.0045
435  0.0035
436  0.0050
437  0.0050
438  0.0055
439  0.0030
440  0.0045
441  0.0045
442  0.0065
443  0.0050
444  0.0065
445  0.0045
446  0.0050
447  0.0035
448  0.0065
449  0.0040
450  0.0050
451  0.0010
452  0.0040
453  0.0050
454  0.0040
455  0.0035
456  0.0060
457  0.0035
458  0.0080
459  0.0095
460  0.0055
461  0.0060
462  0.0065
463  0.0065
464  0.0055
465  0.0045
466  0.0030
467  0.0065
468  0.0045
469  0.0025
470  0.0035
471  0.0040
472  0.0030
473  0.0040
474  0.0060
475  0.0035
476  0.0065
477  0.0060
478  0.0055
479  0.0050
480  0.0025
481  0.0055
482  0.0020
483  0.0025
484  0.0040
485  0.0050
486  0.0030
487  0.0025
488  0.0040
489  0.0035
490  0.0025
491  0.0050
492  0.0060
493  0.0050
494  0.0035
495  0.0045
496  0.0040
497  0.0065
498  0.0040
499  0.0045
500  0.0025
501  0.0030
502  0.0045
503  0.0040
504  0.0050
505  0.0035
506  0.0065
507  0.0035
508  0.0040
509  0.0020
510  0.0035
511  0.0050
512  0.0040
513  0.0030
514  0.0030
515  0.0030
516  0.0040
517  0.0050
518  0.0080
519  0.0050
520  0.0070
521  0.0035
522  0.0040
523  0.0010
524  0.0040
525  0.0035
526  0.0055
527  0.0030
528  0.0035
529  0.0030
530  0.0015
531  0.0050
532  0.0045
533  0.0040
534  0.0040
535  0.0030
536  0.0055
537  0.0055
538  0.0010
539  0.0030
540  0.0010
541  0.0045
542  0.0035
543  0.0035
544  0.0040
545  0.0030
546  0.0035
547  0.0050
548  0.0055
549  0.0005
550  0.0040
551  0.0045
552  0.0045
553  0.0040
554  0.0040
555  0.0015
556  0.0030
557  0.0035
558  0.0040
559  0.0025
560  0.0020
561  0.0020
562  0.0045
563  0.0025
564  0.0050
565  0.0045
566  0.0020
567  0.0025
568  0.0030
569  0.0065
570  0.0045
571  0.0050
572  0.0035
573  0.0030
574  0.0025
575  0.0035
576  0.0030
577  0.0055
578  0.0035
579  0.0030
580  0.0050
581  0.0035
582  0.0050
583  0.0030
584  0.0005
585  0.0020
586  0.0025
587  0.0005
588  0.0015
589  0.0045
590  0.0035
591  0.0030
592  0.0020
593  0.0070
594  0.0030
595  0.0035
596  0.0045
597  0.0025
598  0.0030
599  0.0020
600  0.0035
601  0.0025
602  0.0040
603  0.0020
604  0.0025
605  0.0015
606  0.0030
607  0.0025
608  0.0030
609  0.0035
610  0.0035
611  0.0015
612  0.0045
613  0.0025
614  0.0030
615  0.0005
616  0.0040
617  0.0040
618  0.0020
619  0.0030
620  0.0015
621  0.0030
622  0.0035
623  0.0025
624  0.0030
625  0.0025
626  0.0030
627  0.0030
628  0.0040
629  0.0040
630  0.0030
631  0.0045
632  0.0010
633  0.0025
634  0.0020
635  0.0045
636  0.0020
637  0.0020
638  0.0045
639  0.0045
640  0.0050
641  0.0030
642  0.0015
643  0.0040
644  0.0020
645  0.0020
646  0.0040
647  0.0015
648  0.0035
649  0.0025
650  0.0005
651  0.0030
652  0.0010
653  0.0020
654  0.0020
655  0.0015
656  0.0035
657  0.0025
658  0.0010
659  0.0035
660  0.0020
661  0.0015
662  0.0060
663  0.0020
664  0.0045
665  0.0030
666  0.0020
667  0.0025
668  0.0030
669  0.0020
670  0.0010
671  0.0020
672  0.0055
673  0.0025
674  0.0035
675  0.0040
676  0.0030
677  0.0035
678  0.0030
679  0.0025
680  0.0020
681  0.0025
682  0.0030
683  0.0020
684  0.0025
685  0.0025
686  0.0015
687  0.0020
688  0.0030
689  0.0025
690  0.0025
691  0.0005
692  0.0015
693  0.0010
694  0.0020
695  0.0010
696  0.0025
697  0.0035
698  0.0010
699  0.0015
700  0.0015
701  0.0010
702  0.0025
703  0.0010
704  0.0030
705  0.0025
706  0.0035
707  0.0030
708  0.0015
709  0.0020
710  0.0015
711  0.0010
712  0.0040
713  0.0020
714  0.0025
715  0.0015
716  0.0025
717  0.0045
718  0.0020
719  0.0010
720  0.0030
721  0.0045
722  0.0015
723  0.0025
724  0.0010
725  0.0045
726  0.0010
727  0.0010
728  0.0005
729  0.0015
730  0.0010
731  0.0015
732  0.0030
733  0.0015
734  0.0020
735  0.0015
736  0.0025
737  0.0045
738  0.0045
739  0.0020
740  0.0030
741  0.0020
742  0.0015
743  0.0020
744  0.0015
745  0.0010
746  0.0025
747  0.0030
748  0.0030
749  0.0025
750  0.0015
751  0.0010
752  0.0020
753  0.0015
754  0.0025
755  0.0015
756  0.0020
757  0.0020
758  0.0025
759  0.0030
760  0.0020
761  0.0005
762  0.0040
763  0.0015
764  0.0030
765  0.0025
766  0.0025
767  0.0025
768  0.0015
769  0.0030
770  0.0015
771  0.0030
772  0.0020
773  0.0015
774  0.0005
775  0.0020
776  0.0025
777  0.0025
778  0.0015
779  0.0030
780  0.0005
781  0.0015
782  0.0030
783  0.0020
784  0.0035
785  0.0025
786  0.0030
787  0.0015
788  0.0025
789  0.0015
790  0.0010
791  0.0010
792  0.0030
793  0.0010
794  0.0015
795  0.0015
796  0.0025
797  0.0025
798  0.0025
799  0.0035
800  0.0015
801  0.0025
802  0.0035
803  0.0020
804  0.0040
805  0.0015
807  0.0025
808  0.0010
809  0.0015
810  0.0025
811  0.0030
812  0.0015
813  0.0010
814  0.0020
815  0.0005
816  0.0020
817  0.0010
818  0.0025
819  0.0030
820  0.0015
821  0.0020
822  0.0010
823  0.0030
824  0.0030
825  0.0010
827  0.0020
828  0.0015
829  0.0010
830  0.0010
831  0.0015
832  0.0020
833  0.0010
834  0.0010
835  0.0040
836  0.0030
837  0.0010
838  0.0010
839  0.0015
840  0.0010
841  0.0020
842  0.0015
843  0.0045
844  0.0010
845  0.0005
846  0.0025
847  0.0010
848  0.0025
849  0.0010
850  0.0020
851  0.0020
852  0.0010
853  0.0005
854  0.0010
855  0.0015
856  0.0030
857  0.0005
858  0.0010
859  0.0010
860  0.0020
861  0.0010
862  0.0010
863  0.0010
864  0.0010
865  0.0035
866  0.0015
867  0.0030
868  0.0025
869  0.0010
870  0.0010
872  0.0015
873  0.0015
874  0.0015
876  0.0010
877  0.0025
878  0.0010
879  0.0020
880  0.0010
881  0.0010
882  0.0025
883  0.0025
884  0.0025
885  0.0020
886  0.0015
887  0.0005
888  0.0025
889  0.0035
890  0.0015
891  0.0025
892  0.0005
893  0.0015
894  0.0030
895  0.0030
896  0.0020
897  0.0005
899  0.0015
900  0.0010
901  0.0020
902  0.0050
903  0.0025
904  0.0020
905  0.0020
906  0.0015
907  0.0015
908  0.0020
910  0.0005
911  0.0015
912  0.0025
913  0.0010
914  0.0025
915  0.0005
916  0.0015
917  0.0010
918  0.0015
919  0.0015
920  0.0005
921  0.0015
922  0.0025
923  0.0030
924  0.0020
925  0.0015
927  0.0025
928  0.0010
929  0.0005
930  0.0010
931  0.0005
932  0.0020
933  0.0020
935  0.0010
936  0.0020
937  0.0010
938  0.0015
940  0.0035
941  0.0015
942  0.0015
943  0.0015
944  0.0015
945  0.0015
946  0.0010
947  0.0025
948  0.0010
949  0.0010
950  0.0010
951  0.0010
952  0.0010
953  0.0010
954  0.0020
955  0.0005
956  0.0020
957  0.0010
958  0.0020
959  0.0020
960  0.0005
961  0.0010
962  0.0005
963  0.0010
964  0.0010
966  0.0020
967  0.0020
968  0.0035
969  0.0005
970  0.0010
971  0.0015
972  0.0005
973  0.0015
974  0.0015
975  0.0020
976  0.0010
977  0.0015
978  0.0020
979  0.0025
980  0.0020
981  0.0015
982  0.0010
983  0.0010
984  0.0010
985  0.0005
986  0.0010
987  0.0015
988  0.0025
989  0.0020
990  0.0005
991  0.0010
993  0.0010
994  0.0030
995  0.0010
996  0.0020
997  0.0010
998  0.0010
999  0.0005
1000  0.0005
1001  0.0010
1002  0.0005
1003  0.0005
1004  0.0015
1005  0.0015
1006  0.0030
1007  0.0010
1008  0.0010
1009  0.0015
1010  0.0015
1011  0.0005
1012  0.0015
1013  0.0015
1014  0.0010
1016  0.0020
1017  0.0020
1018  0.0010
1019  0.0015
1020  0.0015
1021  0.0010
1022  0.0025
1023  0.0015
1024  0.0020
1025  0.0015
1026  0.0010
1027  0.0010
1028  0.0015
1029  0.0015
1030  0.0020
1031  0.0010
1032  0.0010
1033  0.0030
1034  0.0010
1035  0.0015
1036  0.0015
1037  0.0020
1038  0.0010
1039  0.0005
1040  0.0015
1041  0.0040
1042  0.0005
1043  0.0025
1044  0.0015
1045  0.0005
1046  0.0015
1048  0.0010
1049  0.0015
1052  0.0015
1053  0.0015
1054  0.0010
1057  0.0005
1058  0.0015
1059  0.0005
1060  0.0010
1062  0.0005
1063  0.0015
1064  0.0005
1065  0.0010
1066  0.0020
1067  0.0020
1068  0.0010
1069  0.0010
1070  0.0010
1071  0.0025
1072  0.0010
1073  0.0005
1075  0.0005
1076  0.0005
1078  0.0025
1080  0.0015
1081  0.0005
1082  0.0010
1084  0.0005
1085  0.0010
1087  0.0015
1088  0.0025
1089  0.0005
1090  0.0020
1091  0.0010
1092  0.0015
1093  0.0020
1094  0.0005
1096  0.0005
1097  0.0030
1098  0.0005
1099  0.0015
1100  0.0005
1101  0.0020
1102  0.0020
1104  0.0005
1105  0.0015
1106  0.0035
1107  0.0015
1108  0.0010
1109  0.0020
1110  0.0010
1111  0.0010
1113  0.0010
1115  0.0015
1116  0.0015
1117  0.0010
1118  0.0020
1119  0.0005
1120  0.0010
1121  0.0005
1122  0.0010
1123  0.0010
1124  0.0005
1125  0.0005
1126  0.0005
1127  0.0005
1128  0.0025
1129  0.0005
1130  0.0015
1131  0.0010
1132  0.0005
1133  0.0015
1134  0.0010
1135  0.0020
1136  0.0005
1137  0.0015
1138  0.0025
1139  0.0015
1140  0.0020
1141  0.0005
1142  0.0015
1143  0.0020
1145  0.0020
1146  0.0025
1147  0.0010
1148  0.0010
1149  0.0005
1150  0.0010
1151  0.0015
1152  0.0010
1153  0.0020
1154  0.0005
1155  0.0010
1156  0.0015
1157  0.0005
1158  0.0005
1159  0.0005
1160  0.0005
1161  0.0010
1163  0.0015
1164  0.0025
1165  0.0005
1166  0.0005
1167  0.0005
1168  0.0025
1169  0.0030
1170  0.0005
1171  0.0010
1172  0.0010
1173  0.0005
1174  0.0015
1175  0.0015
1177  0.0010
1178  0.0010
1179  0.0010
1181  0.0010
1182  0.0010
1183  0.0005
1184  0.0010
1185  0.0005
1186  0.0020
1187  0.0010
1188  0.0005
1189  0.0005
1191  0.0010
1193  0.0010
1194  0.0005
1195  0.0005
1196  0.0015
1197  0.0025
1199  0.0005
1200  0.0010
1201  0.0010
1202  0.0005
1203  0.0005
1204  0.0010
1205  0.0005
1206  0.0005
1207  0.0020
1208  0.0010
1210  0.0005
1211  0.0010
1212  0.0010
1213  0.0015
1214  0.0010
1215  0.0025
1216  0.0015
1217  0.0015
1218  0.0010
1219  0.0025
1221  0.0020
1222  0.0005
1223  0.0010
1224  0.0005
1225  0.0015
1228  0.0005
1229  0.0010
1230  0.0015
1231  0.0015
1232  0.0010
1233  0.0005
1234  0.0015
1235  0.0005
1236  0.0015
1238  0.0010
1239  0.0010
1240  0.0010
1241  0.0010
1242  0.0010
1243  0.0020
1244  0.0015
1245  0.0010
1246  0.0005
1248  0.0015
1249  0.0015
1251  0.0010
1252  0.0025
1253  0.0010
1254  0.0020
1255  0.0010
1256  0.0005
1257  0.0015
1258  0.0010
1259  0.0005
1260  0.0015
1261  0.0010
1262  0.0005
1264  0.0010
1265  0.0010
1268  0.0005
1269  0.0010
1270  0.0015
1271  0.0010
1272  0.0015
1273  0.0005
1274  0.0010
1275  0.0005
1279  0.0005
1280  0.0020
1282  0.0010
1283  0.0005
1284  0.0020
1285  0.0005
1286  0.0010
1288  0.0005
1289  0.0010
1291  0.0010
1292  0.0005
1293  0.0020
1294  0.0030
1295  0.0005
1296  0.0020
1297  0.0005
1300  0.0015
1301  0.0010
1303  0.0005
1304  0.0005
1305  0.0020
1309  0.0005
1310  0.0010
1311  0.0005
1313  0.0010
1314  0.0030
1315  0.0005
1316  0.0015
1317  0.0005
1319  0.0010
1320  0.0010
1321  0.0005
1323  0.0015
1324  0.0005
1325  0.0005
1327  0.0005
1328  0.0010
1329  0.0010
1330  0.0015
1331  0.0005
1334  0.0015
1335  0.0005
1336  0.0010
1337  0.0005
1338  0.0005
1339  0.0005
1340  0.0020
1341  0.0005
1342  0.0005
1343  0.0005
1344  0.0005
1345  0.0015
1346  0.0015
1347  0.0010
1348  0.0015
1349  0.0010
1350  0.0010
1351  0.0015
1352  0.0005
1354  0.0005
1356  0.0005
1357  0.0015
1358  0.0010
1359  0.0010
1360  0.0015
1361  0.0005
1364  0.0005
1365  0.0025
1366  0.0015
1367  0.0010
1368  0.0010
1369  0.0010
1371  0.0010
1372  0.0010
1373  0.0005
1374  0.0010
1376  0.0005
1379  0.0015
1380  0.0010
1382  0.0020
1383  0.0005
1385  0.0005
1386  0.0020
1387  0.0010
1389  0.0010
1391  0.0005
1392  0.0005
1397  0.0010
1398  0.0010
1399  0.0010
1400  0.0010
1401  0.0005
1402  0.0015
1404  0.0005
1405  0.0005
1406  0.0005
1409  0.0005
1410  0.0005
1413  0.0010
1414  0.0005
1417  0.0005
1418  0.0010
1419  0.0015
1420  0.0020
1421  0.0005
1422  0.0005
1423  0.0010
1424  0.0015
1425  0.0010
1426  0.0005
1428  0.0015
1429  0.0010
1430  0.0020
1431  0.0010
1432  0.0005
1433  0.0005
1435  0.0015
1436  0.0005
1437  0.0005
1439  0.0005
1440  0.0010
1441  0.0005
1442  0.0015
1444  0.0005
1445  0.0005
1446  0.0005
1447  0.0010
1451  0.0005
1452  0.0020
1453  0.0015
1457  0.0005
1459  0.0005
1460  0.0005
1461  0.0005
1462  0.0005
1463  0.0010
1465  0.0005
1466  0.0005
1470  0.0005
1471  0.0015
1472  0.0005
1473  0.0010
1474  0.0005
1476  0.0020
1477  0.0005
1479  0.0010
1480  0.0005
1481  0.0005
1482  0.0005
1484  0.0010
1485  0.0005
1486  0.0015
1487  0.0010
1490  0.0010
1492  0.0005
1493  0.0010
1495  0.0015
1496  0.0010
1498  0.0010
1500  0.0010
1501  0.0010
1502  0.0005
1503  0.0005
1505  0.0015
1506  0.0005
1507  0.0025
1508  0.0005
1509  0.0005
1510  0.0005
1511  0.0010
1513  0.0020
1515  0.0005
1516  0.0015
1517  0.0005
1518  0.0010
1519  0.0005
1521  0.0005
1522  0.0010
1524  0.0010
1525  0.0005
1529  0.0005
1530  0.0010
1531  0.0005
1532  0.0005
1533  0.0005
1534  0.0010
1535  0.0005
1539  0.0015
1540  0.0005
1541  0.0005
1542  0.0010
1544  0.0010
1545  0.0005
1546  0.0010
1547  0.0010
1548  0.0005
1549  0.0005
1550  0.0005
1551  0.0005
1552  0.0010
1553  0.0005
1554  0.0005
1555  0.0005
1556  0.0010
1557  0.0010
1559  0.0010
1560  0.0010
1561  0.0010
1562  0.0010
1563  0.0005
1564  0.0015
1566  0.0005
1567  0.0010
1568  0.0005
1570  0.0010
1571  0.0005
1572  0.0005
1573  0.0005
1574  0.0010
1575  0.0010
1577  0.0015
1578  0.0010
1579  0.0005
1580  0.0005
1581  0.0010
1582  0.0005
1583  0.0005
1585  0.0005
1588  0.0005
1589  0.0010
1590  0.0005
1591  0.0005
1593  0.0005
1595  0.0005
1596  0.0015
1597  0.0015
1598  0.0015
1600  0.0015
1603  0.0005
1605  0.0005
1606  0.0005
1607  0.0010
1609  0.0005
1611  0.0005
1612  0.0015
1614  0.0005
1616  0.0015
1617  0.0005
1618  0.0005
1619  0.0005
1620  0.0010
1621  0.0005
1622  0.0005
1624  0.0005
1625  0.0010
1626  0.0005
1627  0.0005
1628  0.0005
1631  0.0010
1633  0.0020
1634  0.0010
1638  0.0010
1639  0.0010
1640  0.0015
1641  0.0005
1643  0.0010
1646  0.0010
1647  0.0005
1651  0.0010
1653  0.0005
1654  0.0015
1655  0.0015
1657  0.0015
1658  0.0005
1659  0.0010
1661  0.0005
1662  0.0005
1664  0.0005
1665  0.0015
1666  0.0010
1670  0.0015
1671  0.0015
1672  0.0005
1673  0.0005
1675  0.0005
1677  0.0010
1679  0.0010
1680  0.0010
1683  0.0010
1685  0.0010
1689  0.0010
1691  0.0005
1692  0.0005
1693  0.0005
1694  0.0020
1695  0.0010
1697  0.0010
1698  0.0005
1702  0.0005
1703  0.0010
1704  0.0005
1705  0.0010
1707  0.0005
1708  0.0005
1711  0.0005
1712  0.0010
1713  0.0005
1714  0.0005
1715  0.0005
1716  0.0005
1717  0.0005
1719  0.0010
1721  0.0010
1722  0.0005
1723  0.0005
1727  0.0010
1729  0.0005
1731  0.0015
1732  0.0010
1733  0.0005
1736  0.0005
1740  0.0015
1742  0.0010
1745  0.0005
1746  0.0010
1747  0.0005
1750  0.0005
1752  0.0005
1754  0.0005
1755  0.0010
1757  0.0010
1758  0.0020
1759  0.0010
1760  0.0005
1761  0.0010
1762  0.0005
1764  0.0005
1765  0.0005
1769  0.0015
1770  0.0015
1771  0.0005
1774  0.0005
1776  0.0005
1778  0.0005
1783  0.0010
1784  0.0010
1785  0.0010
1787  0.0010
1788  0.0010
1790  0.0005
1792  0.0010
1793  0.0005
1794  0.0005
1795  0.0005
1796  0.0005
1798  0.0005
1801  0.0015
1802  0.0005
1803  0.0010
1804  0.0005
1805  0.0020
1806  0.0005
1807  0.0005
1810  0.0005
1811  0.0005
1812  0.0010
1813  0.0010
1814  0.0005
1816  0.0010
1818  0.0015
1819  0.0005
1823  0.0015
1826  0.0015
1827  0.0005
1828  0.0005
1830  0.0010
1831  0.0005
1835  0.0010
1837  0.0010
1841  0.0005
1842  0.0010
1844  0.0005
1845  0.0005
1846  0.0005
1848  0.0015
1851  0.0005
1852  0.0005
1853  0.0010
1862  0.0010
1863  0.0005
1865  0.0015
1869  0.0005
1872  0.0010
1881  0.0005
1882  0.0010
1883  0.0005
1884  0.0010
1885  0.0005
1886  0.0010
1887  0.0005
1889  0.0005
1891  0.0005
1893  0.0005
1894  0.0005
1895  0.0005
1898  0.0005
1900  0.0005
1903  0.0005
1904  0.0005
1905  0.0005
1906  0.0005
1907  0.0015
1908  0.0005
1911  0.0005
1913  0.0005
1916  0.0005
1917  0.0010
1919  0.0005
1920  0.0005
1925  0.0005
1926  0.0010
1927  0.0005
1931  0.0005
1932  0.0005
1933  0.0005
1935  0.0005
1936  0.0015
1938  0.0005
1941  0.0010
1944  0.0005
1945  0.0010
1946  0.0005
1947  0.0005
1948  0.0005
1949  0.0005
1952  0.0010
1953  0.0010
1959  0.0010
1960  0.0010
1961  0.0005
1965  0.0005
1966  0.0005
1967  0.0005
1969  0.0005
1970  0.0010
1971  0.0005
1972  0.0005
1974  0.0010
1982  0.0005
1984  0.0010
1987  0.0010
1988  0.0005
1989  0.0005
1990  0.0020
1991  0.0010
1994  0.0005
1996  0.0005
1997  0.0005
1998  0.0005
1999  0.0010
2003  0.0010
2004  0.0005
2005  0.0015
2008  0.0005
2010  0.0005
2012  0.0020
2016  0.0005
2017  0.0005
2018  0.0005
2020  0.0005
2021  0.0010
2022  0.0005
2023  0.0015
2024  0.0005
2027  0.0010
2028  0.0005
2029  0.0005
2030  0.0010
2031  0.0010
2032  0.0005
2035  0.0005
2036  0.0005
2037  0.0005
2039  0.0005
2043  0.0010
2046  0.0010
2047  0.0005
2049  0.0005
2051  0.0005
2052  0.0005
2053  0.0005
2054  0.0005
2055  0.0010
2057  0.0005
2058  0.0010
2061  0.0005
2064  0.0005
2065  0.0005
2066  0.0010
2068  0.0005
2072  0.0005
2076  0.0005
2079  0.0015
2081  0.0010
2082  0.0005
2083  0.0005
2084  0.0005
2088  0.0005
2089  0.0005
2091  0.0010
2098  0.0005
2100  0.0005
2101  0.0015
2102  0.0010
2103  0.0005
2104  0.0005
2107  0.0010
2108  0.0010
2109  0.0005
2111  0.0010
2112  0.0005
2113  0.0010
2118  0.0010
2119  0.0010
2121  0.0005
2122  0.0005
2123  0.0005
2127  0.0005
2128  0.0005
2129  0.0005
2132  0.0005
2133  0.0005
2139  0.0005
2141  0.0005
2142  0.0010
2143  0.0005
2145  0.0015
2149  0.0010
2150  0.0010
2151  0.0005
2152  0.0010
2154  0.0010
2155  0.0005
2158  0.0005
2160  0.0015
2161  0.0005
2162  0.0005
2163  0.0005
2164  0.0005
2165  0.0020
2167  0.0015
2169  0.0005
2171  0.0015
2173  0.0005
2177  0.0005
2178  0.0005
2180  0.0005
2184  0.0005
2185  0.0005
2186  0.0010
2188  0.0005
2192  0.0010
2193  0.0005
2194  0.0005
2196  0.0005
2198  0.0010
2199  0.0005
2201  0.0005
2204  0.0010
2206  0.0010
2208  0.0005
2209  0.0005
2210  0.0010
2211  0.0015
2215  0.0005
2216  0.0005
2223  0.0005
2224  0.0005
2226  0.0005
2227  0.0005
2228  0.0015
2234  0.0005
2235  0.0005
2239  0.0010
2240  0.0005
2241  0.0005
2246  0.0005
2249  0.0010
2252  0.0005
2254  0.0005
2256  0.0005
2257  0.0010
2259  0.0005
2263  0.0010
2267  0.0005
2269  0.0015
2274  0.0015
2277  0.0005
2279  0.0005
2280  0.0015
2282  0.0010
2283  0.0005
2285  0.0005
2288  0.0005
2290  0.0005
2295  0.0005
2296  0.0005
2300  0.0005
2303  0.0005
2304  0.0005
2305  0.0010
2310  0.0005
2311  0.0005
2313  0.0005
2316  0.0005
2317  0.0005
2318  0.0005
2323  0.0010
2328  0.0005
2329  0.0005
2330  0.0005
2332  0.0020
2334  0.0005
2337  0.0010
2338  0.0005
2342  0.0005
2345  0.0005
2346  0.0005
2347  0.0005
2348  0.0010
2352  0.0005
2354  0.0005
2356  0.0005
2358  0.0005
2359  0.0005
2360  0.0015
2363  0.0005
2364  0.0005
2367  0.0005
2369  0.0005
2370  0.0005
2372  0.0010
2374  0.0005
2375  0.0005
2381  0.0005
2384  0.0005
2387  0.0005
2388  0.0005
2389  0.0010
2391  0.0005
2394  0.0005
2396  0.0010
2397  0.0010
2401  0.0005
2402  0.0005
2403  0.0005
2406  0.0005
2410  0.0005
2411  0.0005
2412  0.0005
2413  0.0005
2416  0.0005
2417  0.0005
2419  0.0005
2420  0.0005
2426  0.0005
2428  0.0010
2429  0.0005
2430  0.0010
2431  0.0005
2437  0.0005
2438  0.0005
2440  0.0010
2442  0.0005
2447  0.0005
2450  0.0005
2451  0.0005
2454  0.0005
2455  0.0005
2460  0.0005
2466  0.0005
2471  0.0005
2475  0.0010
2476  0.0005
2478  0.0005
2479  0.0010
2483  0.0010
2484  0.0015
2485  0.0005
2487  0.0005
2489  0.0005
2490  0.0010
2494  0.0010
2495  0.0005
2497  0.0005
2499  0.0010
2500  0.0005
2501  0.0005
2504  0.0005
2505  0.0010
2508  0.0005
2510  0.0005
2514  0.0005
2515  0.0005
2516  0.0005
2518  0.0010
2520  0.0005
2521  0.0010
2522  0.0005
2524  0.0005
2529  0.0010
2530  0.0015
2533  0.0005
2534  0.0005
2542  0.0010
2544  0.0010
2546  0.0005
2547  0.0010
2551  0.0005
2556  0.0010
2557  0.0005
2559  0.0005
2561  0.0005
2563  0.0005
2565  0.0005
2569  0.0005
2573  0.0005
2574  0.0005
2575  0.0005
2576  0.0005
2577  0.0005
2579  0.0010
2581  0.0005
2583  0.0005
2584  0.0005
2587  0.0005
2593  0.0005
2597  0.0005
2600  0.0005
2603  0.0005
2604  0.0005
2608  0.0005
2610  0.0005
2612  0.0005
2620  0.0005
2621  0.0010
2622  0.0010
2625  0.0005
2626  0.0005
2627  0.0005
2641  0.0005
2644  0.0005
2654  0.0005
2656  0.0005
2657  0.0010
2658  0.0005
2659  0.0005
2661  0.0005
2663  0.0005
2664  0.0005
2669  0.0005
2679  0.0005
2682  0.0005
2683  0.0005
2686  0.0005
2687  0.0010
2689  0.0005
2694  0.0010
2696  0.0005
2701  0.0010
2702  0.0005
2704  0.0005
2709  0.0005
2712  0.0005
2714  0.0005
2719  0.0005
2721  0.0005
2724  0.0005
2725  0.0005
2726  0.0005
2728  0.0010
2732  0.0005
2736  0.0005
2737  0.0005
2742  0.0005
2747  0.0005
2750  0.0005
2754  0.0005
2759  0.0005
2766  0.0005
2768  0.0010
2770  0.0005
2773  0.0010
2774  0.0005
2775  0.0005
2776  0.0005
2778  0.0005
2781  0.0005
2782  0.0005
2785  0.0005
2786  0.0005
2788  0.0005
2790  0.0005
2792  0.0005
2800  0.0005
2801  0.0005
2803  0.0005
2806  0.0005
2807  0.0005
2809  0.0005
2810  0.0005
2817  0.0005
2818  0.0005
2822  0.0005
2825  0.0005
2826  0.0005
2831  0.0005
2832  0.0010
2834  0.0005
2838  0.0005
2842  0.0005
2846  0.0005
2855  0.0005
2856  0.0005
2864  0.0010
2865  0.0005
2868  0.0005
2876  0.0005
2883  0.0005
2885  0.0005
2887  0.0005
2889  0.0005
2891  0.0005
2895  0.0005
2900  0.0005
2904  0.0005
2905  0.0005
2908  0.0005
2909  0.0005
2910  0.0005
2915  0.0005
2918  0.0005
2922  0.0005
2928  0.0005
2929  0.0005
2930  0.0005
2934  0.0005
2938  0.0005
2939  0.0005
2941  0.0010
2943  0.0005
2945  0.0005
2953  0.0010
2955  0.0005
2959  0.0005
2963  0.0005
2966  0.0005
2967  0.0005
2969  0.0005
2971  0.0005
2977  0.0005
2979  0.0005
2980  0.0005
2983  0.0005
2984  0.0005
2988  0.0005
2993  0.0005
2997  0.0005
3004  0.0005
3006  0.0005
3008  0.0005
3009  0.0010
3011  0.0005
3013  0.0005
3015  0.0005
3020  0.0005
3021  0.0005
3025  0.0010
3029  0.0005
3030  0.0005
3038  0.0010
3046  0.0005
3047  0.0005
3051  0.0005
3053  0.0005
3054  0.0005
3059  0.0010
3063  0.0005
3067  0.0005
3071  0.0005
3073  0.0005
3080  0.0005
3081  0.0010
3099  0.0005
3102  0.0005
3105  0.0005
3106  0.0005
3124  0.0005
3131  0.0005
3134  0.0010
3149  0.0005
3151  0.0005
3152  0.0005
3156  0.0010
3157  0.0005
3166  0.0005
3170  0.0005
3173  0.0005
3175  0.0005
3178  0.0005
3184  0.0005
3185  0.0005
3186  0.0005
3199  0.0005
3205  0.0005
3209  0.0005
3211  0.0005
3213  0.0005
3216  0.0005
3222  0.0005
3229  0.0005
3233  0.0010
3235  0.0005
3236  0.0005
3240  0.0005
3250  0.0010
3253  0.0005
3255  0.0005
3256  0.0005
3262  0.0005
3266  0.0005
3272  0.0005
3279  0.0005
3280  0.0005
3281  0.0005
3284  0.0005
3288  0.0005
3291  0.0005
3295  0.0005
3297  0.0005
3299  0.0005
3307  0.0005
3308  0.0005
3314  0.0005
3318  0.0005
3325  0.0005
3326  0.0005
3337  0.0010
3338  0.0005
3339  0.0005
3347  0.0005
3349  0.0005
3351  0.0010
3365  0.0005
3372  0.0005
3375  0.0005
3381  0.0005
3382  0.0005
3422  0.0010
3428  0.0005
3429  0.0005
3433  0.0005
3434  0.0005
3442  0.0005
3444  0.0005
3449  0.0010
3470  0.0005
3480  0.0005
3486  0.0005
3490  0.0005
3491  0.0005
3497  0.0005
3503  0.0005
3513  0.0005
3516  0.0005
3525  0.0005
3531  0.0005
3532  0.0005
3541  0.0005
3560  0.0005
3561  0.0010
3563  0.0005
3605  0.0005
3612  0.0010
3614  0.0005
3615  0.0005
3617  0.0005
3623  0.0005
3635  0.0010
3650  0.0005
3653  0.0005
3676  0.0005
3695  0.0005
3699  0.0005
3703  0.0005
3722  0.0005
3726  0.0010
3739  0.0005
3787  0.0005
3791  0.0005
3799  0.0005
3802  0.0005
3807  0.0005
3840  0.0005
3847  0.0005
3857  0.0010
3871  0.0005
3900  0.0005
3938  0.0005
3941  0.0005
3967  0.0005
3993  0.0005
3996  0.0005
4023  0.0005
4035  0.0005
4038  0.0005
4069  0.0005
4071  0.0005
4112  0.0005
4117  0.0005
4129  0.0005
4139  0.0005
4163  0.0005
4251  0.0005
4255  0.0005
4322  0.0005
4325  0.0005
4353  0.0005
4384  0.0005
4397  0.0005
4688  0.0005
4712  0.0005
