1  0.6100
2  0.0450
3  0.0170
4  0.0060
5  0.0020
11  0.0010
12  0.0010
2172  0.0010
2178  0.0010
2182  0.0020
2183  0.0010
2184  0.0010
2185  0.0010
2186  0.0010
2187  0.0020
2188  0.0010
2189  0.0040
2190  0.0020
2191  0.0030
2193  0.0010
2194  0.0020
2195  0.0010
2196  0.0020
2197  0.0060
2198  0.0070
2199  0.0040
2200  0.0090
2201  0.0070
2202  0.0090
2203  0.0120
2204  0.0120
2205  0.0160
2206  0.0180
2207  0.0140
2208  0.0130
2209  0.0200
2210  0.0230
2211  0.0200
2212  0.0160
2213  0.0190
2214  0.0250
2215  0.0220
2216  0.0210
2217  0.0210
2218  0.0160
2219  0.0170
2220  0.0190
2221  0.0260
2222  0.0280
2223  0.0250
2224  0.0260
2225  0.0270
2226  0.0390
2227  0.0300
2228  0.0290
2229  0.0230
2230  0.0270
2231  0.0310
2232  0.0240
2233  0.0270
2234  0.0100
2235  0.0150
2236  0.0190
2237  0.0210
2238  0.0200
2239  0.0140
2240  0.0160
2241  0.0100
2242  0.0110
2243  0.0110
2244  0.0090
2245  0.0070
2246  0.0110
2247  0.0110
2248  0.0070
2249  0.0050
2250  0.0080
2251  0.0070
2252  0.0060
2253  0.0040
2254  0.0030
2255  0.0030
2257  0.0010
2258  0.0020
2259  0.0020
2260  0.0020
2261  0.0020
2262  0.0020
2263  0.0030
2266  0.0030
2274  0.0010
