1  95.1125
2  15.8005
3  8.6905
4  5.2305
5  3.3710
6  2.3020
7  1.6865
8  1.2800
9  0.9670
10  0.8055
11  0.6610
12  0.5465
13  0.4350
14  0.3605
15  0.3165
16  0.2800
17  0.2290
18  0.2160
19  0.1870
20  0.1800
21  0.1465
22  0.1275
23  0.1390
24  0.1060
25  0.1050
26  0.0925
27  0.0800
28  0.0835
29  0.0695
30  0.0695
31  0.0635
32  0.0615
33  0.0560
34  0.0530
35  0.0410
36  0.0425
37  0.0330
38  0.0350
39  0.0385
40  0.0335
41  0.0280
42  0.0310
43  0.0200
44  0.0215
45  0.0245
46  0.0195
47  0.0280
48  0.0195
49  0.0210
50  0.0200
51  0.0225
52  0.0115
53  0.0170
54  0.0140
55  0.0175
56  0.0150
57  0.0140
58  0.0115
59  0.0110
60  0.0165
61  0.0130
62  0.0115
63  0.0070
64  0.0150
65  0.0095
66  0.0105
67  0.0095
68  0.0085
69  0.0095
70  0.0095
71  0.0055
72  0.0070
73  0.0065
74  0.0080
75  0.0075
76  0.0055
77  0.0065
78  0.0060
79  0.0055
80  0.0050
81  0.0050
82  0.0050
83  0.0065
84  0.0080
85  0.0030
86  0.0085
87  0.0035
88  0.0050
89  0.0050
90  0.0025
91  0.0060
92  0.0050
93  0.0015
94  0.0035
95  0.0015
96  0.0035
97  0.0010
98  0.0045
99  0.0050
100  0.0045
101  0.0040
102  0.0025
103  0.0035
104  0.0030
105  0.0010
106  0.0020
107  0.0015
108  0.0005
109  0.0015
110  0.0010
111  0.0010
112  0.0025
113  0.0015
114  0.0010
115  0.0015
116  0.0025
117  0.0035
118  0.0010
119  0.0035
120  0.0030
121  0.0015
122  0.0025
123  0.0015
124  0.0035
125  0.0020
126  0.0010
127  0.0015
128  0.0020
129  0.0005
130  0.0010
131  0.0025
132  0.0020
134  0.0005
135  0.0010
136  0.0010
137  0.0035
138  0.0010
139  0.0015
140  0.0020
141  0.0005
142  0.0010
143  0.0020
144  0.0005
145  0.0005
146  0.0005
147  0.0015
148  0.0005
150  0.0005
151  0.0020
152  0.0010
153  0.0010
154  0.0010
155  0.0010
156  0.0005
157  0.0010
159  0.0010
160  0.0020
161  0.0015
163  0.0010
164  0.0010
165  0.0005
166  0.0010
167  0.0005
168  0.0005
170  0.0010
171  0.0015
174  0.0005
176  0.0010
177  0.0020
178  0.0020
179  0.0005
180  0.0005
181  0.0005
182  0.0005
184  0.0010
186  0.0010
187  0.0005
188  0.0015
192  0.0005
194  0.0005
197  0.0005
198  0.0005
199  0.0005
200  0.0015
201  0.0005
205  0.0010
206  0.0005
207  0.0010
211  0.0005
212  0.0005
213  0.0005
214  0.0010
216  0.0005
218  0.0005
219  0.0005
221  0.0010
223  0.0005
224  0.0005
225  0.0005
230  0.0010
231  0.0010
232  0.0005
234  0.0005
235  0.0010
240  0.0010
244  0.0005
247  0.0010
250  0.0010
251  0.0010
252  0.0005
253  0.0005
254  0.0005
256  0.0005
258  0.0005
262  0.0015
267  0.0005
268  0.0005
272  0.0010
274  0.0005
279  0.0005
283  0.0005
285  0.0005
286  0.0005
293  0.0005
313  0.0005
337  0.0005
340  0.0005
341  0.0005
356  0.0005
366  0.0005
371  0.0005
373  0.0005
388  0.0005
402  0.0005
427  0.0005
430  0.0005
433  0.0005
447  0.0005
450  0.0005
452  0.0005
480  0.0005
485  0.0005
489  0.0005
493  0.0005
524  0.0010
558  0.0005
611  0.0005
612  0.0005
616  0.0005
622  0.0005
653  0.0005
747  0.0005
896  0.0005
1360  0.0005
4819  0.0005
5062  0.0005
5215  0.0005
5317  0.0005
5393  0.0005
5423  0.0005
5521  0.0005
5544  0.0005
5548  0.0005
5558  0.0005
5563  0.0005
5581  0.0005
5598  0.0005
5605  0.0005
5640  0.0005
5643  0.0005
5656  0.0005
5671  0.0005
5682  0.0005
5694  0.0005
5702  0.0005
5708  0.0005
5710  0.0005
5712  0.0005
5718  0.0005
5723  0.0005
5728  0.0005
5730  0.0005
5734  0.0005
5735  0.0005
5738  0.0005
5743  0.0005
5752  0.0005
5773  0.0005
5782  0.0005
5783  0.0005
5785  0.0005
5796  0.0005
5805  0.0005
5810  0.0010
5813  0.0005
5816  0.0005
5820  0.0005
5829  0.0005
5830  0.0005
5831  0.0005
5833  0.0005
5836  0.0010
5837  0.0005
5838  0.0005
5839  0.0005
5842  0.0005
5845  0.0005
5846  0.0005
5847  0.0005
5848  0.0015
5856  0.0005
5862  0.0005
5864  0.0005
5867  0.0005
5873  0.0010
5875  0.0005
5878  0.0005
5881  0.0010
5882  0.0005
5883  0.0005
5889  0.0010
5891  0.0005
5892  0.0005
5893  0.0010
5895  0.0010
5901  0.0005
5902  0.0005
5904  0.0005
5906  0.0005
5907  0.0005
5909  0.0010
5910  0.0005
5912  0.0005
5916  0.0005
5917  0.0005
5918  0.0005
5921  0.0005
5922  0.0005
5923  0.0005
5925  0.0005
5928  0.0005
5929  0.0005
5930  0.0010
5932  0.0015
5934  0.0010
5935  0.0010
5936  0.0005
5938  0.0005
5939  0.0010
5941  0.0015
5944  0.0010
5945  0.0005
5946  0.0005
5948  0.0010
5951  0.0010
5952  0.0005
5953  0.0015
5954  0.0005
5955  0.0010
5959  0.0005
5961  0.0005
5962  0.0005
5964  0.0005
5965  0.0025
5966  0.0005
5968  0.0005
5969  0.0005
5970  0.0010
5971  0.0015
5972  0.0005
5974  0.0005
5975  0.0005
5976  0.0010
5982  0.0010
5984  0.0005
5985  0.0005
5987  0.0005
5988  0.0025
5989  0.0010
5992  0.0005
5993  0.0010
5995  0.0010
5996  0.0010
5997  0.0010
6000  0.0010
6001  0.0010
6002  0.0010
6003  0.0005
6004  0.0005
6005  0.0010
6006  0.0010
6007  0.0005
6008  0.0005
6009  0.0005
6010  0.0015
6012  0.0010
6013  0.0005
6014  0.0005
6016  0.0010
6017  0.0010
6018  0.0010
6019  0.0005
6020  0.0010
6021  0.0005
6023  0.0015
6024  0.0005
6025  0.0010
6026  0.0005
6027  0.0010
6029  0.0015
6030  0.0005
6031  0.0005
6032  0.0005
6033  0.0010
6034  0.0005
6035  0.0015
6036  0.0020
6037  0.0020
6038  0.0015
6039  0.0005
6040  0.0005
6041  0.0005
6042  0.0010
6043  0.0010
6044  0.0030
6045  0.0005
6046  0.0010
6047  0.0010
6049  0.0015
6050  0.0015
6051  0.0020
6052  0.0015
6053  0.0010
6054  0.0005
6055  0.0020
6056  0.0010
6057  0.0005
6058  0.0005
6059  0.0010
6060  0.0010
6061  0.0010
6062  0.0020
6063  0.0020
6064  0.0010
6065  0.0020
6066  0.0005
6067  0.0015
6068  0.0015
6069  0.0025
6070  0.0020
6071  0.0025
6072  0.0015
6073  0.0015
6074  0.0010
6075  0.0010
6077  0.0015
6078  0.0005
6079  0.0010
6080  0.0015
6081  0.0005
6082  0.0005
6083  0.0025
6084  0.0005
6085  0.0020
6086  0.0010
6087  0.0005
6088  0.0020
6089  0.0010
6090  0.0015
6091  0.0025
6092  0.0025
6093  0.0020
6094  0.0025
6095  0.0020
6097  0.0010
6098  0.0035
6099  0.0005
6100  0.0020
6101  0.0030
6102  0.0030
6103  0.0010
6104  0.0015
6106  0.0025
6107  0.0025
6108  0.0015
6109  0.0020
6110  0.0015
6111  0.0025
6112  0.0025
6113  0.0020
6114  0.0005
6115  0.0010
6116  0.0010
6117  0.0020
6118  0.0010
6119  0.0015
6120  0.0025
6121  0.0020
6122  0.0020
6123  0.0010
6124  0.0010
6126  0.0015
6127  0.0005
6128  0.0030
6129  0.0015
6130  0.0010
6131  0.0025
6132  0.0020
6133  0.0020
6134  0.0025
6135  0.0010
6136  0.0025
6137  0.0015
6138  0.0040
6139  0.0025
6140  0.0025
6141  0.0025
6142  0.0025
6143  0.0030
6144  0.0025
6145  0.0030
6146  0.0020
6147  0.0015
6148  0.0040
6149  0.0025
6150  0.0030
6151  0.0015
6152  0.0030
6153  0.0010
6154  0.0030
6155  0.0015
6156  0.0035
6157  0.0045
6158  0.0010
6159  0.0025
6160  0.0025
6161  0.0020
6162  0.0025
6163  0.0025
6164  0.0040
6165  0.0035
6166  0.0020
6167  0.0030
6168  0.0040
6169  0.0025
6170  0.0030
6171  0.0015
6172  0.0030
6173  0.0005
6174  0.0025
6175  0.0025
6176  0.0035
6177  0.0015
6178  0.0065
6179  0.0005
6180  0.0020
6181  0.0035
6182  0.0020
6183  0.0010
6184  0.0035
6185  0.0020
6186  0.0015
6187  0.0020
6188  0.0020
6189  0.0020
6190  0.0015
6191  0.0025
6192  0.0050
6193  0.0050
6194  0.0035
6195  0.0035
6196  0.0010
6197  0.0030
6198  0.0030
6199  0.0035
6200  0.0040
6201  0.0010
6202  0.0030
6203  0.0045
6204  0.0050
6205  0.0020
6206  0.0015
6207  0.0015
6208  0.0035
6209  0.0035
6210  0.0035
6211  0.0030
6212  0.0045
6213  0.0015
6214  0.0035
6215  0.0020
6216  0.0045
6217  0.0030
6218  0.0035
6219  0.0015
6220  0.0055
6221  0.0025
6222  0.0060
6223  0.0040
6224  0.0035
6225  0.0045
6226  0.0020
6227  0.0025
6228  0.0025
6229  0.0025
6230  0.0040
6231  0.0035
6232  0.0035
6233  0.0020
6234  0.0030
6235  0.0030
6236  0.0035
6237  0.0040
6238  0.0035
6239  0.0020
6240  0.0045
6241  0.0045
6242  0.0040
6243  0.0015
6244  0.0040
6245  0.0040
6246  0.0030
6247  0.0040
6248  0.0045
6249  0.0080
6250  0.0015
6251  0.0045
6252  0.0050
6253  0.0025
6254  0.0050
6255  0.0030
6256  0.0030
6257  0.0035
6258  0.0025
6259  0.0035
6260  0.0015
6261  0.0055
6262  0.0040
6263  0.0025
6264  0.0050
6265  0.0030
6266  0.0035
6267  0.0040
6268  0.0030
6269  0.0035
6271  0.0035
6272  0.0020
6273  0.0040
6274  0.0040
6275  0.0030
6276  0.0030
6277  0.0045
6278  0.0045
6279  0.0015
6280  0.0040
6281  0.0045
6282  0.0060
6283  0.0030
6284  0.0005
6285  0.0030
6286  0.0015
6287  0.0030
6288  0.0025
6289  0.0035
6290  0.0025
6291  0.0020
6292  0.0040
6293  0.0015
6294  0.0035
6295  0.0050
6296  0.0025
6297  0.0045
6298  0.0020
6299  0.0040
6300  0.0025
6301  0.0015
6302  0.0030
6303  0.0035
6304  0.0035
6305  0.0030
6306  0.0050
6307  0.0040
6308  0.0040
6309  0.0030
6310  0.0035
6311  0.0040
6312  0.0015
6313  0.0020
6314  0.0015
6315  0.0055
6316  0.0040
6317  0.0040
6318  0.0025
6319  0.0040
6320  0.0050
6321  0.0030
6322  0.0020
6323  0.0020
6324  0.0020
6325  0.0035
6326  0.0005
6327  0.0015
6328  0.0030
6329  0.0020
6330  0.0015
6332  0.0010
6333  0.0025
6334  0.0030
6335  0.0015
6336  0.0015
6337  0.0015
6338  0.0005
6339  0.0025
6340  0.0025
6341  0.0010
6342  0.0030
6343  0.0030
6344  0.0015
6345  0.0035
6346  0.0040
6347  0.0020
6348  0.0020
6349  0.0030
6350  0.0015
6351  0.0015
6352  0.0020
6353  0.0030
6354  0.0005
6355  0.0035
6356  0.0005
6357  0.0030
6358  0.0015
6359  0.0020
6360  0.0005
6361  0.0010
6362  0.0005
6363  0.0020
6364  0.0010
6365  0.0035
6366  0.0015
6368  0.0005
6369  0.0025
6370  0.0015
6371  0.0005
6372  0.0030
6373  0.0010
6374  0.0020
6375  0.0005
6376  0.0025
6377  0.0025
6378  0.0005
6379  0.0015
6380  0.0005
6381  0.0030
6382  0.0025
6383  0.0010
6384  0.0010
6385  0.0005
6386  0.0015
6388  0.0010
6390  0.0010
6391  0.0020
6392  0.0010
6393  0.0010
6394  0.0025
6396  0.0010
6398  0.0035
6399  0.0005
6400  0.0010
6401  0.0015
6402  0.0010
6403  0.0005
6404  0.0025
6405  0.0015
6406  0.0005
6407  0.0005
6408  0.0005
6409  0.0005
6410  0.0010
6411  0.0010
6415  0.0010
6416  0.0010
6417  0.0005
6418  0.0005
6419  0.0020
6420  0.0010
6421  0.0005
6422  0.0010
6423  0.0005
6424  0.0005
6425  0.0015
6428  0.0005
6430  0.0005
6431  0.0005
6434  0.0020
6436  0.0005
6437  0.0005
6443  0.0010
6444  0.0015
6446  0.0005
6447  0.0010
6448  0.0005
6450  0.0015
6451  0.0005
6452  0.0005
6453  0.0010
6454  0.0005
6463  0.0005
6464  0.0005
6466  0.0005
6468  0.0010
6475  0.0005
6487  0.0005
6494  0.0005
6497  0.0005
6541  0.0005
6548  0.0005
