1  3.0710
2  0.1980
3  0.0590
4  0.0290
5  0.0080
6  0.0030
7  0.0020
8  0.0010
8586  0.0010
8592  0.0010
8597  0.0010
8602  0.0010
8606  0.0020
8608  0.0020
8615  0.0010
8616  0.0030
8621  0.0010
8624  0.0030
8625  0.0010
8626  0.0010
8627  0.0030
8629  0.0010
8630  0.0010
8631  0.0030
8632  0.0030
8634  0.0040
8635  0.0070
8636  0.0020
8637  0.0020
8638  0.0020
8639  0.0030
8640  0.0060
8641  0.0040
8642  0.0030
8643  0.0010
8644  0.0030
8645  0.0050
8646  0.0040
8647  0.0030
8648  0.0040
8649  0.0040
8650  0.0020
8651  0.0050
8652  0.0060
8653  0.0010
8654  0.0050
8655  0.0070
8656  0.0080
8657  0.0070
8658  0.0080
8659  0.0020
8660  0.0050
8661  0.0090
8662  0.0060
8663  0.0030
8664  0.0080
8665  0.0040
8666  0.0090
8667  0.0100
8668  0.0120
8669  0.0080
8670  0.0110
8671  0.0150
8672  0.0120
8673  0.0120
8674  0.0090
8675  0.0090
8676  0.0100
8677  0.0070
8678  0.0050
8679  0.0120
8680  0.0050
8681  0.0110
8682  0.0120
8683  0.0100
8684  0.0130
8685  0.0030
8686  0.0050
8687  0.0100
8688  0.0150
8689  0.0090
8690  0.0160
8691  0.0110
8692  0.0120
8693  0.0110
8694  0.0070
8695  0.0150
8696  0.0120
8697  0.0130
8698  0.0110
8699  0.0130
8700  0.0190
8701  0.0140
8702  0.0100
8703  0.0030
8704  0.0080
8705  0.0130
8706  0.0100
8707  0.0090
8708  0.0120
8709  0.0080
8710  0.0130
8711  0.0110
8712  0.0090
8713  0.0130
8714  0.0110
8715  0.0100
8716  0.0130
8717  0.0090
8718  0.0090
8719  0.0080
8720  0.0110
8721  0.0070
8722  0.0090
8723  0.0100
8724  0.0090
8725  0.0060
8726  0.0090
8727  0.0060
8728  0.0100
8729  0.0080
8730  0.0080
8731  0.0150
8732  0.0060
8733  0.0080
8734  0.0070
8735  0.0090
8736  0.0060
8737  0.0050
8738  0.0060
8739  0.0070
8740  0.0070
8741  0.0010
8742  0.0040
8743  0.0020
8744  0.0060
8745  0.0060
8746  0.0020
8747  0.0050
8749  0.0040
8750  0.0020
8751  0.0050
8752  0.0020
8753  0.0040
8754  0.0030
8755  0.0030
8756  0.0010
8757  0.0030
8758  0.0040
8760  0.0040
8761  0.0010
8762  0.0020
8763  0.0020
8764  0.0030
8765  0.0010
8766  0.0010
8767  0.0010
8768  0.0020
8769  0.0020
8770  0.0010
8771  0.0020
8772  0.0010
8773  0.0020
8774  0.0010
8775  0.0010
8782  0.0010
8785  0.0010
8792  0.0010
8793  0.0010
8795  0.0010
8796  0.0010
8804  0.0010
8814  0.0010
