1  115.2225
2  20.7200
3  11.6610
4  7.0855
5  4.7635
6  3.4075
7  2.4340
8  1.8770
9  1.4795
10  1.2105
11  0.9960
12  0.8655
13  0.7005
14  0.6115
15  0.5255
16  0.4625
17  0.3875
18  0.3535
19  0.3120
20  0.2895
21  0.2465
22  0.2305
23  0.1925
24  0.1935
25  0.1870
26  0.1640
27  0.1595
28  0.1425
29  0.1240
30  0.1135
31  0.1115
32  0.1005
33  0.0985
34  0.0970
35  0.0855
36  0.0860
37  0.0680
38  0.0775
39  0.0660
40  0.0650
41  0.0555
42  0.0645
43  0.0675
44  0.0430
45  0.0515
46  0.0420
47  0.0470
48  0.0410
49  0.0430
50  0.0390
51  0.0375
52  0.0335
53  0.0285
54  0.0285
55  0.0280
56  0.0280
57  0.0270
58  0.0255
59  0.0210
60  0.0255
61  0.0235
62  0.0260
63  0.0210
64  0.0240
65  0.0220
66  0.0215
67  0.0180
68  0.0180
69  0.0245
70  0.0170
71  0.0110
72  0.0160
73  0.0110
74  0.0180
75  0.0175
76  0.0140
77  0.0190
78  0.0135
79  0.0105
80  0.0100
81  0.0150
82  0.0130
83  0.0130
84  0.0115
85  0.0135
86  0.0090
87  0.0140
88  0.0135
89  0.0135
90  0.0125
91  0.0100
92  0.0100
93  0.0125
94  0.0085
95  0.0070
96  0.0095
97  0.0120
98  0.0075
99  0.0095
100  0.0060
101  0.0070
102  0.0115
103  0.0060
104  0.0020
105  0.0080
106  0.0060
107  0.0065
108  0.0055
109  0.0055
110  0.0070
111  0.0030
112  0.0080
113  0.0070
114  0.0065
115  0.0055
116  0.0035
117  0.0065
118  0.0040
119  0.0035
120  0.0065
121  0.0060
122  0.0055
123  0.0070
124  0.0080
125  0.0050
126  0.0025
127  0.0065
128  0.0035
129  0.0070
130  0.0090
131  0.0025
132  0.0045
133  0.0050
134  0.0040
135  0.0045
136  0.0040
137  0.0045
138  0.0025
139  0.0060
140  0.0040
141  0.0010
142  0.0025
143  0.0030
144  0.0030
145  0.0030
146  0.0035
147  0.0050
148  0.0025
149  0.0020
150  0.0050
151  0.0060
152  0.0055
153  0.0030
154  0.0045
155  0.0020
156  0.0010
157  0.0025
158  0.0060
159  0.0030
160  0.0030
161  0.0015
162  0.0065
163  0.0020
164  0.0030
165  0.0015
166  0.0025
167  0.0015
168  0.0015
169  0.0020
170  0.0020
171  0.0015
172  0.0040
173  0.0035
174  0.0005
175  0.0015
176  0.0010
177  0.0025
178  0.0025
179  0.0005
180  0.0005
181  0.0025
182  0.0015
183  0.0025
184  0.0015
185  0.0005
186  0.0015
187  0.0010
188  0.0030
189  0.0025
190  0.0005
191  0.0025
192  0.0010
193  0.0005
194  0.0035
195  0.0020
196  0.0025
197  0.0020
198  0.0035
199  0.0025
200  0.0010
201  0.0005
202  0.0020
204  0.0020
205  0.0005
206  0.0005
207  0.0005
208  0.0025
209  0.0030
210  0.0005
211  0.0010
212  0.0020
214  0.0015
215  0.0005
216  0.0010
217  0.0010
218  0.0020
219  0.0015
220  0.0010
221  0.0010
223  0.0015
224  0.0005
225  0.0015
226  0.0010
227  0.0005
228  0.0015
229  0.0010
230  0.0015
231  0.0005
232  0.0015
233  0.0010
234  0.0005
235  0.0015
236  0.0005
239  0.0005
240  0.0015
241  0.0015
242  0.0010
243  0.0010
244  0.0005
245  0.0005
246  0.0025
247  0.0005
248  0.0005
250  0.0005
251  0.0010
252  0.0015
253  0.0015
254  0.0015
256  0.0020
257  0.0010
258  0.0010
260  0.0005
261  0.0005
262  0.0010
263  0.0015
264  0.0020
266  0.0010
267  0.0005
268  0.0010
270  0.0005
271  0.0005
272  0.0015
275  0.0020
276  0.0010
277  0.0010
278  0.0005
281  0.0010
282  0.0005
283  0.0010
284  0.0005
285  0.0010
286  0.0010
287  0.0010
288  0.0005
289  0.0005
293  0.0005
294  0.0010
296  0.0005
297  0.0005
300  0.0005
301  0.0015
303  0.0010
305  0.0010
307  0.0010
309  0.0005
310  0.0010
311  0.0010
312  0.0030
313  0.0005
319  0.0005
322  0.0005
323  0.0010
324  0.0010
325  0.0005
326  0.0005
328  0.0005
330  0.0005
331  0.0005
332  0.0005
333  0.0010
336  0.0015
340  0.0005
342  0.0010
345  0.0010
346  0.0010
348  0.0005
349  0.0005
351  0.0005
352  0.0010
354  0.0005
355  0.0010
356  0.0005
359  0.0005
360  0.0005
362  0.0005
363  0.0005
367  0.0005
370  0.0005
371  0.0005
372  0.0005
376  0.0005
377  0.0010
378  0.0005
383  0.0010
384  0.0005
385  0.0010
387  0.0005
397  0.0005
403  0.0005
404  0.0005
407  0.0005
409  0.0010
411  0.0005
413  0.0010
414  0.0010
415  0.0005
418  0.0005
420  0.0015
421  0.0005
423  0.0005
426  0.0005
427  0.0005
431  0.0005
432  0.0005
442  0.0005
446  0.0005
447  0.0005
448  0.0005
449  0.0005
455  0.0010
460  0.0005
463  0.0010
468  0.0005
470  0.0010
471  0.0005
474  0.0005
476  0.0005
481  0.0005
482  0.0005
483  0.0005
485  0.0005
489  0.0005
490  0.0005
496  0.0005
501  0.0010
505  0.0005
509  0.0005
513  0.0005
515  0.0010
517  0.0005
523  0.0005
525  0.0005
535  0.0005
536  0.0005
537  0.0005
540  0.0005
545  0.0005
552  0.0005
553  0.0005
555  0.0005
559  0.0005
566  0.0005
572  0.0005
573  0.0005
583  0.0005
584  0.0005
591  0.0005
592  0.0005
608  0.0005
624  0.0005
626  0.0005
646  0.0005
654  0.0005
656  0.0005
657  0.0005
658  0.0005
670  0.0005
688  0.0005
692  0.0005
694  0.0005
706  0.0005
714  0.0005
715  0.0005
746  0.0005
756  0.0005
762  0.0005
771  0.0005
773  0.0005
794  0.0005
813  0.0005
820  0.0005
824  0.0005
843  0.0005
860  0.0005
864  0.0005
865  0.0005
902  0.0005
907  0.0005
967  0.0005
978  0.0005
1026  0.0005
1030  0.0005
1043  0.0005
1180  0.0005
1186  0.0005
1205  0.0005
1227  0.0005
1236  0.0005
1240  0.0005
1279  0.0005
1281  0.0005
1293  0.0005
1432  0.0005
1456  0.0005
1474  0.0005
1491  0.0005
1577  0.0005
1882  0.0005
2081  0.0005
2510  0.0005
2757  0.0005
2871  0.0005
2972  0.0005
3673  0.0005
3813  0.0005
3820  0.0005
3937  0.0005
4024  0.0005
4130  0.0005
4133  0.0005
4172  0.0005
4259  0.0005
4290  0.0005
4334  0.0005
4395  0.0005
4422  0.0005
4454  0.0010
4459  0.0005
4474  0.0005
4490  0.0005
4506  0.0005
4516  0.0005
4538  0.0005
4544  0.0005
4573  0.0005
4583  0.0005
4611  0.0005
4640  0.0005
4670  0.0005
4673  0.0005
4686  0.0005
4697  0.0005
4707  0.0005
4713  0.0005
4721  0.0005
4722  0.0010
4758  0.0005
4772  0.0005
4786  0.0005
4790  0.0005
4801  0.0005
4802  0.0005
4828  0.0005
4830  0.0005
4852  0.0005
4866  0.0005
4892  0.0010
4908  0.0010
4917  0.0005
4934  0.0005
4949  0.0005
4965  0.0005
4966  0.0005
4973  0.0005
4988  0.0005
4993  0.0015
4997  0.0005
5005  0.0005
5008  0.0005
5019  0.0005
5020  0.0005
5034  0.0005
5038  0.0005
5059  0.0005
5061  0.0005
5062  0.0005
5071  0.0005
5072  0.0005
5086  0.0005
5089  0.0005
5091  0.0005
5117  0.0005
5122  0.0005
5125  0.0005
5127  0.0005
5140  0.0010
5143  0.0005
5145  0.0005
5147  0.0005
5148  0.0005
5149  0.0005
5150  0.0005
5158  0.0005
5159  0.0005
5160  0.0005
5161  0.0005
5162  0.0010
5164  0.0005
5167  0.0005
5168  0.0005
5169  0.0005
5170  0.0005
5174  0.0005
5175  0.0005
5176  0.0005
5183  0.0005
5184  0.0005
5185  0.0005
5190  0.0005
5196  0.0010
5197  0.0005
5198  0.0005
5202  0.0005
5204  0.0005
5206  0.0005
5210  0.0005
5211  0.0005
5213  0.0005
5214  0.0005
5215  0.0015
5224  0.0005
5225  0.0005
5232  0.0005
5235  0.0005
5241  0.0005
5242  0.0005
5244  0.0005
5251  0.0005
5254  0.0005
5255  0.0005
5264  0.0005
5265  0.0005
5266  0.0005
5267  0.0010
5269  0.0010
5270  0.0010
5271  0.0010
5272  0.0005
5274  0.0005
5275  0.0005
5276  0.0005
5278  0.0005
5282  0.0005
5284  0.0010
5286  0.0005
5290  0.0010
5291  0.0005
5296  0.0005
5297  0.0005
5298  0.0010
5303  0.0010
5306  0.0015
5308  0.0005
5311  0.0005
5320  0.0005
5324  0.0005
5326  0.0005
5328  0.0005
5329  0.0005
5332  0.0005
5338  0.0005
5339  0.0010
5340  0.0005
5343  0.0010
5346  0.0005
5349  0.0010
5350  0.0005
5351  0.0005
5353  0.0005
5354  0.0005
5357  0.0005
5358  0.0005
5361  0.0005
5363  0.0005
5364  0.0005
5365  0.0010
5367  0.0010
5368  0.0010
5374  0.0005
5378  0.0005
5380  0.0020
5382  0.0005
5383  0.0010
5384  0.0005
5385  0.0005
5386  0.0015
5387  0.0010
5390  0.0005
5392  0.0010
5394  0.0010
5395  0.0010
5397  0.0005
5398  0.0005
5399  0.0005
5400  0.0005
5401  0.0010
5404  0.0010
5405  0.0005
5406  0.0010
5407  0.0005
5409  0.0010
5410  0.0005
5412  0.0005
5414  0.0005
5417  0.0020
5421  0.0005
5423  0.0005
5426  0.0010
5428  0.0005
5429  0.0010
5430  0.0005
5434  0.0005
5435  0.0005
5437  0.0010
5438  0.0005
5439  0.0005
5440  0.0005
5441  0.0010
5445  0.0005
5446  0.0005
5448  0.0015
5449  0.0005
5450  0.0005
5452  0.0005
5454  0.0010
5455  0.0005
5456  0.0005
5457  0.0010
5459  0.0005
5463  0.0010
5464  0.0005
5466  0.0010
5467  0.0005
5468  0.0005
5469  0.0005
5470  0.0005
5471  0.0005
5472  0.0005
5474  0.0005
5475  0.0015
5476  0.0005
5478  0.0010
5479  0.0005
5480  0.0010
5483  0.0010
5484  0.0005
5485  0.0010
5486  0.0010
5488  0.0010
5489  0.0015
5490  0.0005
5491  0.0010
5493  0.0010
5494  0.0005
5495  0.0005
5496  0.0005
5497  0.0005
5501  0.0025
5502  0.0005
5508  0.0010
5510  0.0010
5511  0.0005
5512  0.0010
5513  0.0005
5516  0.0005
5517  0.0015
5519  0.0005
5520  0.0005
5521  0.0015
5522  0.0010
5525  0.0005
5526  0.0015
5527  0.0010
5528  0.0005
5530  0.0010
5531  0.0005
5532  0.0010
5535  0.0005
5539  0.0020
5540  0.0005
5542  0.0015
5543  0.0005
5544  0.0005
5545  0.0020
5546  0.0005
5547  0.0005
5548  0.0005
5549  0.0005
5550  0.0010
5551  0.0010
5552  0.0020
5553  0.0010
5554  0.0010
5555  0.0010
5556  0.0005
5557  0.0030
5558  0.0005
5559  0.0015
5561  0.0010
5562  0.0015
5563  0.0015
5564  0.0015
5565  0.0005
5566  0.0015
5567  0.0005
5568  0.0015
5569  0.0015
5570  0.0005
5571  0.0010
5572  0.0010
5574  0.0005
5575  0.0015
5576  0.0010
5577  0.0005
5578  0.0010
5579  0.0015
5580  0.0015
5581  0.0010
5582  0.0005
5583  0.0010
5584  0.0005
5585  0.0005
5586  0.0025
5587  0.0005
5588  0.0020
5589  0.0005
5590  0.0020
5591  0.0005
5592  0.0015
5593  0.0010
5594  0.0010
5596  0.0010
5597  0.0020
5599  0.0025
5600  0.0020
5601  0.0010
5602  0.0005
5604  0.0010
5606  0.0015
5607  0.0005
5608  0.0010
5609  0.0025
5610  0.0010
5611  0.0010
5612  0.0010
5613  0.0005
5615  0.0005
5616  0.0010
5618  0.0025
5621  0.0025
5622  0.0005
5623  0.0015
5625  0.0015
5626  0.0010
5627  0.0010
5629  0.0010
5630  0.0025
5631  0.0015
5632  0.0015
5633  0.0025
5634  0.0010
5635  0.0015
5636  0.0005
5637  0.0010
5638  0.0015
5639  0.0010
5640  0.0005
5641  0.0025
5642  0.0015
5643  0.0005
5644  0.0010
5645  0.0010
5646  0.0025
5647  0.0025
5648  0.0015
5649  0.0025
5650  0.0020
5651  0.0015
5652  0.0010
5653  0.0005
5654  0.0015
5655  0.0015
5656  0.0020
5657  0.0015
5658  0.0020
5659  0.0015
5660  0.0015
5661  0.0020
5662  0.0010
5663  0.0015
5664  0.0005
5665  0.0015
5666  0.0015
5668  0.0020
5669  0.0020
5670  0.0010
5672  0.0010
5673  0.0015
5674  0.0025
5676  0.0020
5677  0.0020
5678  0.0015
5679  0.0010
5680  0.0010
5681  0.0015
5682  0.0025
5683  0.0010
5684  0.0005
5685  0.0015
5686  0.0010
5687  0.0020
5688  0.0010
5690  0.0005
5692  0.0020
5693  0.0010
5694  0.0015
5695  0.0020
5696  0.0020
5697  0.0040
5698  0.0010
5699  0.0005
5700  0.0015
5701  0.0040
5702  0.0025
5703  0.0030
5704  0.0005
5705  0.0005
5706  0.0015
5707  0.0015
5708  0.0020
5709  0.0030
5710  0.0020
5711  0.0010
5712  0.0015
5713  0.0005
5714  0.0030
5715  0.0010
5716  0.0010
5717  0.0015
5718  0.0030
5719  0.0025
5720  0.0010
5721  0.0030
5722  0.0020
5723  0.0020
5724  0.0005
5725  0.0020
5726  0.0005
5727  0.0015
5728  0.0020
5729  0.0005
5731  0.0015
5732  0.0025
5733  0.0020
5734  0.0010
5735  0.0015
5736  0.0005
5737  0.0015
5738  0.0010
5739  0.0010
5740  0.0005
5741  0.0025
5742  0.0030
5743  0.0010
5744  0.0005
5745  0.0015
5746  0.0010
5747  0.0010
5748  0.0020
5749  0.0030
5750  0.0015
5751  0.0015
5752  0.0015
5753  0.0005
5754  0.0010
5755  0.0015
5756  0.0020
5757  0.0010
5758  0.0030
5759  0.0020
5760  0.0010
5761  0.0015
5762  0.0010
5763  0.0045
5764  0.0020
5765  0.0010
5766  0.0020
5767  0.0020
5768  0.0020
5769  0.0025
5770  0.0025
5771  0.0015
5772  0.0040
5773  0.0020
5774  0.0015
5775  0.0020
5776  0.0025
5777  0.0035
5778  0.0020
5779  0.0005
5780  0.0030
5781  0.0035
5782  0.0005
5783  0.0015
5784  0.0035
5785  0.0015
5786  0.0020
5787  0.0020
5788  0.0035
5789  0.0010
5790  0.0030
5791  0.0015
5792  0.0010
5793  0.0015
5794  0.0010
5795  0.0025
5796  0.0020
5797  0.0030
5798  0.0030
5799  0.0020
5800  0.0020
5801  0.0010
5802  0.0020
5803  0.0010
5804  0.0015
5805  0.0035
5806  0.0030
5807  0.0020
5808  0.0010
5809  0.0015
5810  0.0010
5811  0.0025
5812  0.0030
5813  0.0020
5814  0.0045
5815  0.0040
5816  0.0010
5817  0.0020
5818  0.0025
5819  0.0025
5820  0.0015
5821  0.0005
5822  0.0015
5823  0.0025
5824  0.0025
5825  0.0020
5826  0.0045
5827  0.0015
5828  0.0030
5829  0.0010
5830  0.0040
5831  0.0015
5832  0.0020
5833  0.0020
5834  0.0035
5835  0.0025
5836  0.0015
5837  0.0020
5838  0.0030
5839  0.0005
5840  0.0030
5841  0.0020
5842  0.0020
5843  0.0025
5844  0.0005
5845  0.0020
5846  0.0010
5847  0.0010
5848  0.0015
5849  0.0010
5850  0.0035
5851  0.0015
5852  0.0020
5853  0.0015
5854  0.0010
5855  0.0015
5856  0.0025
5857  0.0030
5858  0.0025
5859  0.0020
5860  0.0025
5861  0.0010
5862  0.0005
5863  0.0020
5864  0.0015
5865  0.0015
5866  0.0020
5867  0.0015
5868  0.0020
5869  0.0010
5870  0.0015
5871  0.0015
5872  0.0010
5873  0.0015
5874  0.0020
5875  0.0025
5876  0.0010
5877  0.0020
5878  0.0025
5879  0.0025
5880  0.0010
5881  0.0030
5882  0.0005
5883  0.0040
5884  0.0020
5885  0.0020
5886  0.0005
5887  0.0015
5888  0.0035
5889  0.0005
5890  0.0040
5891  0.0015
5892  0.0025
5893  0.0030
5894  0.0030
5896  0.0015
5897  0.0025
5898  0.0015
5899  0.0030
5900  0.0010
5901  0.0005
5902  0.0015
5903  0.0020
5904  0.0010
5905  0.0020
5906  0.0015
5907  0.0010
5908  0.0020
5909  0.0020
5910  0.0035
5911  0.0015
5912  0.0015
5914  0.0010
5915  0.0025
5916  0.0010
5917  0.0040
5918  0.0020
5919  0.0020
5920  0.0030
5921  0.0025
5922  0.0005
5923  0.0030
5924  0.0025
5925  0.0020
5926  0.0030
5927  0.0010
5928  0.0020
5929  0.0010
5930  0.0025
5931  0.0020
5932  0.0010
5933  0.0015
5934  0.0015
5935  0.0005
5936  0.0005
5937  0.0015
5938  0.0030
5939  0.0005
5940  0.0010
5941  0.0010
5942  0.0005
5943  0.0020
5944  0.0015
5945  0.0015
5946  0.0030
5947  0.0010
5948  0.0010
5949  0.0020
5950  0.0010
5951  0.0015
5952  0.0010
5953  0.0020
5954  0.0015
5955  0.0015
5956  0.0025
5957  0.0015
5958  0.0015
5959  0.0015
5960  0.0015
5961  0.0015
5962  0.0015
5963  0.0005
5964  0.0015
5965  0.0020
5966  0.0035
5967  0.0030
5968  0.0010
5969  0.0025
5970  0.0005
5971  0.0010
5972  0.0010
5974  0.0030
5975  0.0010
5976  0.0020
5977  0.0015
5978  0.0025
5979  0.0025
5980  0.0025
5981  0.0005
5982  0.0010
5983  0.0025
5984  0.0015
5985  0.0025
5986  0.0015
5989  0.0010
5990  0.0020
5991  0.0015
5992  0.0010
5993  0.0010
5994  0.0015
5995  0.0025
5996  0.0005
5997  0.0005
5998  0.0015
5999  0.0010
6000  0.0015
6001  0.0010
6002  0.0015
6003  0.0015
6004  0.0010
6005  0.0005
6006  0.0015
6007  0.0020
6008  0.0015
6009  0.0005
6010  0.0025
6011  0.0015
6013  0.0010
6014  0.0020
6016  0.0035
6018  0.0005
6019  0.0010
6020  0.0010
6021  0.0010
6022  0.0015
6023  0.0005
6024  0.0015
6025  0.0005
6026  0.0010
6027  0.0005
6028  0.0020
6030  0.0010
6031  0.0010
6032  0.0010
6033  0.0010
6034  0.0005
6035  0.0010
6036  0.0010
6037  0.0005
6038  0.0005
6039  0.0010
6040  0.0020
6041  0.0010
6042  0.0015
6043  0.0005
6044  0.0015
6045  0.0010
6046  0.0015
6047  0.0015
6049  0.0005
6050  0.0005
6051  0.0005
6052  0.0010
6053  0.0005
6055  0.0005
6056  0.0005
6057  0.0015
6059  0.0010
6060  0.0010
6061  0.0005
6062  0.0005
6064  0.0005
6065  0.0020
6066  0.0015
6067  0.0010
6068  0.0015
6070  0.0005
6071  0.0005
6073  0.0020
6074  0.0005
6075  0.0010
6077  0.0005
6078  0.0005
6080  0.0010
6084  0.0005
6086  0.0010
6089  0.0010
6090  0.0005
6091  0.0010
6093  0.0010
6094  0.0005
6095  0.0005
6097  0.0005
6099  0.0005
6101  0.0005
6103  0.0010
6104  0.0015
6106  0.0005
6108  0.0005
6109  0.0005
6110  0.0010
6113  0.0005
6115  0.0005
6119  0.0005
6121  0.0005
6124  0.0005
6126  0.0005
6127  0.0005
6128  0.0005
6130  0.0005
6131  0.0010
6138  0.0005
6141  0.0005
6145  0.0005
6147  0.0010
6154  0.0010
6158  0.0005
6164  0.0010
6172  0.0005
6176  0.0005
6189  0.0005
6192  0.0005
6203  0.0005
6207  0.0005
6230  0.0005
