1  2.3340
2  0.1550
3  0.0410
4  0.0100
5  0.0030
6  0.0060
7  0.0010
8  0.0010
9  0.0010
29  0.0010
8687  0.0010
8695  0.0010
8697  0.0010
8700  0.0020
8704  0.0010
8705  0.0010
8706  0.0020
8709  0.0010
8712  0.0010
8713  0.0010
8714  0.0010
8716  0.0010
8720  0.0010
8721  0.0020
8722  0.0020
8723  0.0010
8724  0.0010
8727  0.0010
8731  0.0020
8732  0.0010
8733  0.0040
8734  0.0020
8735  0.0030
8736  0.0020
8737  0.0010
8738  0.0040
8739  0.0040
8740  0.0030
8741  0.0020
8742  0.0050
8743  0.0040
8744  0.0040
8745  0.0020
8746  0.0040
8747  0.0040
8748  0.0020
8749  0.0050
8750  0.0060
8751  0.0060
8752  0.0040
8753  0.0080
8754  0.0020
8755  0.0090
8756  0.0060
8757  0.0060
8758  0.0060
8759  0.0040
8760  0.0130
8761  0.0040
8762  0.0070
8763  0.0030
8764  0.0050
8765  0.0060
8766  0.0080
8767  0.0100
8768  0.0020
8769  0.0030
8770  0.0140
8771  0.0080
8772  0.0130
8773  0.0060
8774  0.0080
8775  0.0070
8776  0.0120
8777  0.0120
8778  0.0120
8779  0.0080
8780  0.0110
8781  0.0100
8782  0.0090
8783  0.0100
8784  0.0070
8785  0.0070
8786  0.0150
8787  0.0040
8788  0.0130
8789  0.0140
8790  0.0090
8791  0.0160
8792  0.0120
8793  0.0050
8794  0.0120
8795  0.0120
8796  0.0120
8797  0.0140
8798  0.0160
8799  0.0050
8800  0.0130
8801  0.0110
8802  0.0120
8803  0.0150
8804  0.0100
8805  0.0140
8806  0.0180
8807  0.0100
8808  0.0120
8809  0.0130
8810  0.0120
8811  0.0150
8812  0.0080
8813  0.0140
8814  0.0130
8815  0.0070
8816  0.0030
8817  0.0140
8818  0.0120
8819  0.0080
8820  0.0080
8821  0.0100
8822  0.0110
8823  0.0100
8824  0.0150
8825  0.0100
8826  0.0040
8827  0.0110
8828  0.0090
8829  0.0110
8830  0.0090
8831  0.0090
8832  0.0070
8833  0.0080
8834  0.0080
8835  0.0090
8836  0.0080
8837  0.0080
8838  0.0050
8839  0.0020
8840  0.0070
8841  0.0080
8842  0.0040
8843  0.0040
8844  0.0030
8845  0.0050
8846  0.0010
8847  0.0020
8849  0.0020
8850  0.0010
8851  0.0010
8852  0.0030
8853  0.0020
8854  0.0030
8855  0.0040
8856  0.0030
8857  0.0010
8858  0.0010
8859  0.0020
8860  0.0020
8861  0.0020
8863  0.0020
8864  0.0020
8865  0.0030
8866  0.0010
8868  0.0010
8871  0.0020
8874  0.0030
8875  0.0010
8876  0.0020
8882  0.0020
8885  0.0010
8890  0.0010
8898  0.0010
