1  204.3040
2  45.4540
3  27.4965
4  18.1240
5  12.7710
6  9.3660
7  7.3090
8  5.9490
9  4.7745
10  4.0585
11  3.4670
12  3.0030
13  2.5430
14  2.3290
15  2.0435
16  1.8070
17  1.7090
18  1.5390
19  1.4010
20  1.2745
21  1.1400
22  1.0625
23  0.9710
24  0.9045
25  0.8755
26  0.8025
27  0.7695
28  0.7125
29  0.6635
30  0.6065
31  0.5970
32  0.5505
33  0.5095
34  0.4815
35  0.4700
36  0.4540
37  0.4525
38  0.4175
39  0.3970
40  0.4080
41  0.3745
42  0.3655
43  0.3425
44  0.3345
45  0.2890
46  0.3015
47  0.2725
48  0.2780
49  0.2870
50  0.2595
51  0.2530
52  0.2805
53  0.2655
54  0.2290
55  0.2310
56  0.2130
57  0.2195
58  0.2045
59  0.2035
60  0.1795
61  0.1795
62  0.1910
63  0.1860
64  0.1720
65  0.1570
66  0.1660
67  0.1530
68  0.1610
69  0.1650
70  0.1485
71  0.1325
72  0.1440
73  0.1325
74  0.1350
75  0.1465
76  0.1225
77  0.1230
78  0.1295
79  0.0975
80  0.1070
81  0.1280
82  0.1055
83  0.1170
84  0.1035
85  0.1080
86  0.1240
87  0.0970
88  0.1025
89  0.0925
90  0.1010
91  0.0910
92  0.0865
93  0.0925
94  0.1030
95  0.0885
96  0.0820
97  0.0905
98  0.0815
99  0.0840
100  0.0690
101  0.0760
102  0.0875
103  0.0790
104  0.0855
105  0.0800
106  0.0775
107  0.0740
108  0.0790
109  0.0650
110  0.0715
111  0.0740
112  0.0750
113  0.0630
114  0.0695
115  0.0595
116  0.0565
117  0.0575
118  0.0585
119  0.0595
120  0.0575
121  0.0545
122  0.0640
123  0.0560
124  0.0560
125  0.0650
126  0.0600
127  0.0520
128  0.0580
129  0.0510
130  0.0425
131  0.0530
132  0.0510
133  0.0415
134  0.0475
135  0.0505
136  0.0450
137  0.0550
138  0.0520
139  0.0500
140  0.0495
141  0.0480
142  0.0485
143  0.0470
144  0.0460
145  0.0355
146  0.0415
147  0.0510
148  0.0395
149  0.0470
150  0.0455
151  0.0490
152  0.0355
153  0.0320
154  0.0360
155  0.0355
156  0.0435
157  0.0385
158  0.0375
159  0.0325
160  0.0290
161  0.0350
162  0.0350
163  0.0365
164  0.0340
165  0.0385
166  0.0380
167  0.0315
168  0.0355
169  0.0375
170  0.0295
171  0.0315
172  0.0295
173  0.0335
174  0.0280
175  0.0285
176  0.0260
177  0.0260
178  0.0315
179  0.0305
180  0.0240
181  0.0280
182  0.0210
183  0.0280
184  0.0290
185  0.0270
186  0.0275
187  0.0230
188  0.0275
189  0.0320
190  0.0280
191  0.0325
192  0.0260
193  0.0235
194  0.0275
195  0.0315
196  0.0250
197  0.0265
198  0.0260
199  0.0225
200  0.0290
201  0.0215
202  0.0285
203  0.0205
204  0.0245
205  0.0290
206  0.0270
207  0.0235
208  0.0235
209  0.0220
210  0.0205
211  0.0245
212  0.0305
213  0.0235
214  0.0170
215  0.0215
216  0.0265
217  0.0190
218  0.0180
219  0.0205
220  0.0155
221  0.0225
222  0.0225
223  0.0210
224  0.0190
225  0.0145
226  0.0185
227  0.0200
228  0.0190
229  0.0205
230  0.0150
231  0.0180
232  0.0175
233  0.0165
234  0.0185
235  0.0175
236  0.0200
237  0.0170
238  0.0165
239  0.0155
240  0.0215
241  0.0240
242  0.0150
243  0.0180
244  0.0175
245  0.0185
246  0.0245
247  0.0125
248  0.0165
249  0.0180
250  0.0200
251  0.0225
252  0.0125
253  0.0155
254  0.0185
255  0.0170
256  0.0210
257  0.0175
258  0.0160
259  0.0180
260  0.0170
261  0.0175
262  0.0185
263  0.0185
264  0.0155
265  0.0165
266  0.0130
267  0.0115
268  0.0170
269  0.0155
270  0.0110
271  0.0150
272  0.0150
273  0.0155
274  0.0125
275  0.0160
276  0.0130
277  0.0120
278  0.0110
279  0.0130
280  0.0175
281  0.0120
282  0.0130
283  0.0165
284  0.0130
285  0.0165
286  0.0125
287  0.0140
288  0.0115
289  0.0160
290  0.0160
291  0.0100
292  0.0220
293  0.0155
294  0.0205
295  0.0165
296  0.0090
297  0.0170
298  0.0125
299  0.0125
300  0.0110
301  0.0115
302  0.0145
303  0.0180
304  0.0155
305  0.0105
306  0.0065
307  0.0110
308  0.0120
309  0.0080
310  0.0170
311  0.0155
312  0.0080
313  0.0110
314  0.0080
315  0.0105
316  0.0090
317  0.0115
318  0.0145
319  0.0125
320  0.0165
321  0.0110
322  0.0150
323  0.0070
324  0.0125
325  0.0120
326  0.0105
327  0.0085
328  0.0085
329  0.0135
330  0.0085
331  0.0100
332  0.0105
333  0.0105
334  0.0090
335  0.0100
336  0.0095
337  0.0110
338  0.0110
339  0.0120
340  0.0090
341  0.0105
342  0.0070
343  0.0115
344  0.0080
345  0.0115
346  0.0045
347  0.0090
348  0.0090
349  0.0125
350  0.0120
351  0.0090
352  0.0075
353  0.0090
354  0.0080
355  0.0055
356  0.0085
357  0.0090
358  0.0115
359  0.0090
360  0.0120
361  0.0090
362  0.0145
363  0.0080
364  0.0060
365  0.0065
366  0.0105
367  0.0080
368  0.0085
369  0.0070
370  0.0075
371  0.0070
372  0.0090
373  0.0075
374  0.0060
375  0.0070
376  0.0100
377  0.0050
378  0.0065
379  0.0095
380  0.0075
381  0.0075
382  0.0095
383  0.0045
384  0.0055
385  0.0065
386  0.0090
387  0.0110
388  0.0050
389  0.0080
390  0.0110
391  0.0070
392  0.0075
393  0.0070
394  0.0065
395  0.0060
396  0.0095
397  0.0070
398  0.0060
399  0.0075
400  0.0055
401  0.0070
402  0.0095
403  0.0040
404  0.0060
405  0.0080
406  0.0065
407  0.0070
408  0.0075
409  0.0055
410  0.0060
411  0.0060
412  0.0080
413  0.0065
414  0.0100
415  0.0045
416  0.0105
417  0.0075
418  0.0055
419  0.0090
420  0.0085
421  0.0090
422  0.0115
423  0.0055
424  0.0065
425  0.0070
426  0.0055
427  0.0080
428  0.0045
429  0.0035
430  0.0060
431  0.0055
432  0.0050
433  0.0100
434  0.0070
435  0.0055
436  0.0095
437  0.0060
438  0.0100
439  0.0055
440  0.0060
441  0.0025
442  0.0065
443  0.0065
444  0.0065
445  0.0070
446  0.0060
447  0.0030
448  0.0040
449  0.0075
450  0.0075
451  0.0065
452  0.0050
453  0.0070
454  0.0100
455  0.0055
456  0.0045
457  0.0075
458  0.0035
459  0.0060
460  0.0070
461  0.0010
462  0.0045
463  0.0060
464  0.0080
465  0.0065
466  0.0045
467  0.0090
468  0.0045
469  0.0050
470  0.0050
471  0.0055
472  0.0065
473  0.0105
474  0.0040
475  0.0045
476  0.0070
477  0.0040
478  0.0040
479  0.0065
480  0.0080
481  0.0030
482  0.0030
483  0.0040
484  0.0035
485  0.0055
486  0.0065
487  0.0030
488  0.0050
489  0.0045
490  0.0040
491  0.0055
492  0.0045
493  0.0075
494  0.0055
495  0.0055
496  0.0035
497  0.0070
498  0.0045
499  0.0055
500  0.0070
501  0.0035
502  0.0035
503  0.0030
504  0.0050
505  0.0060
506  0.0025
507  0.0055
508  0.0050
509  0.0045
510  0.0060
511  0.0050
512  0.0055
513  0.0035
514  0.0050
515  0.0035
516  0.0020
517  0.0060
518  0.0015
519  0.0085
520  0.0045
521  0.0080
522  0.0055
523  0.0050
524  0.0030
525  0.0035
526  0.0040
527  0.0030
528  0.0030
529  0.0035
530  0.0040
531  0.0025
532  0.0050
533  0.0030
534  0.0030
535  0.0055
536  0.0065
537  0.0055
538  0.0045
539  0.0030
540  0.0035
541  0.0055
542  0.0025
543  0.0040
544  0.0040
545  0.0040
546  0.0070
547  0.0030
548  0.0030
549  0.0045
550  0.0055
551  0.0055
552  0.0040
553  0.0055
554  0.0035
555  0.0025
556  0.0030
557  0.0025
558  0.0045
559  0.0035
560  0.0045
561  0.0055
562  0.0040
563  0.0035
564  0.0050
565  0.0040
566  0.0055
567  0.0020
568  0.0035
569  0.0040
570  0.0060
571  0.0030
572  0.0040
573  0.0035
574  0.0040
575  0.0030
576  0.0040
577  0.0040
578  0.0035
579  0.0055
580  0.0020
581  0.0065
582  0.0025
583  0.0050
584  0.0050
585  0.0030
586  0.0040
587  0.0025
588  0.0030
589  0.0030
590  0.0050
591  0.0025
592  0.0045
593  0.0030
594  0.0050
595  0.0030
596  0.0025
597  0.0045
598  0.0030
599  0.0020
600  0.0025
601  0.0050
602  0.0025
603  0.0015
604  0.0060
605  0.0025
606  0.0040
607  0.0035
608  0.0030
609  0.0020
610  0.0025
611  0.0035
612  0.0035
613  0.0040
614  0.0045
615  0.0030
616  0.0015
617  0.0025
618  0.0030
619  0.0050
620  0.0045
621  0.0045
622  0.0025
623  0.0050
624  0.0025
625  0.0030
626  0.0040
627  0.0030
628  0.0040
629  0.0015
630  0.0030
631  0.0005
632  0.0035
633  0.0010
634  0.0055
635  0.0035
636  0.0025
637  0.0020
638  0.0025
639  0.0035
640  0.0025
641  0.0040
642  0.0035
643  0.0025
644  0.0040
645  0.0045
646  0.0030
647  0.0055
648  0.0025
649  0.0030
650  0.0050
651  0.0025
652  0.0015
653  0.0040
654  0.0025
655  0.0035
656  0.0020
657  0.0035
658  0.0015
659  0.0020
660  0.0020
661  0.0015
662  0.0025
663  0.0025
664  0.0045
665  0.0025
666  0.0020
667  0.0015
668  0.0035
669  0.0035
670  0.0020
671  0.0040
672  0.0040
673  0.0010
674  0.0030
675  0.0020
676  0.0035
677  0.0030
678  0.0035
679  0.0025
680  0.0030
681  0.0030
682  0.0020
683  0.0030
684  0.0020
685  0.0025
686  0.0035
687  0.0040
688  0.0020
689  0.0045
690  0.0035
691  0.0010
692  0.0025
693  0.0040
694  0.0030
695  0.0025
696  0.0020
697  0.0020
698  0.0025
699  0.0015
700  0.0040
701  0.0035
702  0.0005
703  0.0025
704  0.0015
705  0.0030
706  0.0040
707  0.0030
708  0.0010
709  0.0040
710  0.0060
711  0.0030
712  0.0020
713  0.0010
714  0.0015
715  0.0045
716  0.0025
717  0.0020
718  0.0015
719  0.0010
720  0.0015
721  0.0025
722  0.0015
723  0.0025
724  0.0030
725  0.0020
726  0.0030
727  0.0005
728  0.0025
729  0.0035
730  0.0030
731  0.0030
732  0.0005
733  0.0040
734  0.0015
735  0.0035
736  0.0005
737  0.0010
738  0.0020
739  0.0005
740  0.0035
741  0.0025
742  0.0030
743  0.0020
744  0.0010
745  0.0020
746  0.0025
747  0.0040
748  0.0015
749  0.0020
750  0.0020
751  0.0030
752  0.0010
753  0.0015
754  0.0040
755  0.0050
756  0.0030
757  0.0035
758  0.0025
759  0.0030
760  0.0005
761  0.0055
762  0.0035
763  0.0015
764  0.0055
765  0.0025
766  0.0010
767  0.0010
768  0.0025
769  0.0020
770  0.0035
771  0.0010
772  0.0020
774  0.0005
775  0.0015
776  0.0025
777  0.0015
778  0.0015
779  0.0010
780  0.0035
781  0.0035
782  0.0020
783  0.0040
784  0.0025
785  0.0020
786  0.0025
787  0.0020
788  0.0020
789  0.0020
790  0.0040
791  0.0025
792  0.0025
793  0.0010
794  0.0015
795  0.0005
796  0.0030
797  0.0030
798  0.0025
799  0.0020
800  0.0010
801  0.0020
802  0.0035
803  0.0015
804  0.0005
805  0.0015
806  0.0025
807  0.0015
808  0.0020
809  0.0005
810  0.0005
811  0.0030
812  0.0015
813  0.0015
814  0.0025
815  0.0020
816  0.0010
817  0.0005
818  0.0015
819  0.0005
820  0.0025
821  0.0020
822  0.0015
823  0.0010
824  0.0035
825  0.0005
826  0.0015
827  0.0015
829  0.0005
830  0.0010
831  0.0010
832  0.0015
833  0.0020
835  0.0030
836  0.0015
837  0.0010
838  0.0045
839  0.0020
840  0.0005
841  0.0010
842  0.0030
843  0.0035
844  0.0015
845  0.0015
846  0.0025
847  0.0025
849  0.0020
850  0.0020
851  0.0035
852  0.0010
853  0.0005
854  0.0020
855  0.0015
856  0.0015
857  0.0010
858  0.0010
859  0.0010
860  0.0005
861  0.0025
862  0.0030
863  0.0020
864  0.0010
865  0.0005
866  0.0020
867  0.0010
868  0.0020
869  0.0015
870  0.0015
871  0.0015
872  0.0010
873  0.0025
874  0.0015
875  0.0035
876  0.0015
877  0.0015
878  0.0025
879  0.0010
881  0.0015
882  0.0025
883  0.0010
884  0.0035
885  0.0035
886  0.0035
887  0.0030
888  0.0040
889  0.0020
890  0.0010
891  0.0035
892  0.0010
894  0.0015
895  0.0010
896  0.0030
897  0.0020
898  0.0015
899  0.0020
900  0.0010
901  0.0010
902  0.0010
903  0.0010
904  0.0015
905  0.0020
906  0.0020
907  0.0005
908  0.0010
909  0.0025
910  0.0020
911  0.0035
912  0.0010
913  0.0020
914  0.0015
916  0.0010
917  0.0015
918  0.0010
919  0.0015
920  0.0025
921  0.0010
922  0.0015
923  0.0010
924  0.0005
925  0.0015
926  0.0015
927  0.0020
928  0.0010
929  0.0030
930  0.0030
932  0.0015
933  0.0010
934  0.0005
935  0.0015
936  0.0015
937  0.0015
938  0.0015
939  0.0015
940  0.0020
941  0.0015
942  0.0015
943  0.0010
944  0.0015
945  0.0010
946  0.0025
947  0.0015
948  0.0010
949  0.0025
950  0.0025
951  0.0015
952  0.0010
953  0.0025
954  0.0015
955  0.0025
956  0.0010
957  0.0005
958  0.0025
959  0.0010
960  0.0015
961  0.0040
962  0.0015
963  0.0005
964  0.0010
965  0.0010
966  0.0030
967  0.0010
968  0.0015
969  0.0015
970  0.0015
971  0.0015
972  0.0020
973  0.0010
974  0.0020
975  0.0015
978  0.0030
979  0.0010
980  0.0010
982  0.0010
983  0.0020
984  0.0005
985  0.0010
986  0.0010
987  0.0010
989  0.0015
990  0.0020
992  0.0010
993  0.0010
994  0.0025
997  0.0010
999  0.0005
1000  0.0015
1002  0.0010
1003  0.0010
1004  0.0010
1005  0.0015
1006  0.0010
1007  0.0020
1008  0.0005
1009  0.0045
1010  0.0015
1011  0.0010
1013  0.0005
1014  0.0015
1015  0.0015
1016  0.0005
1017  0.0020
1018  0.0015
1020  0.0015
1021  0.0025
1022  0.0005
1023  0.0005
1024  0.0010
1025  0.0025
1026  0.0005
1027  0.0015
1029  0.0005
1031  0.0015
1032  0.0005
1033  0.0010
1034  0.0010
1036  0.0015
1037  0.0005
1038  0.0020
1039  0.0015
1040  0.0010
1041  0.0010
1042  0.0020
1043  0.0005
1044  0.0005
1045  0.0005
1046  0.0010
1047  0.0010
1048  0.0015
1049  0.0015
1050  0.0015
1051  0.0010
1052  0.0010
1053  0.0005
1054  0.0015
1055  0.0015
1057  0.0020
1058  0.0010
1060  0.0015
1061  0.0010
1062  0.0005
1063  0.0005
1064  0.0010
1065  0.0015
1066  0.0010
1067  0.0015
1068  0.0010
1069  0.0010
1070  0.0005
1071  0.0010
1072  0.0015
1073  0.0010
1074  0.0015
1075  0.0015
1076  0.0010
1077  0.0015
1079  0.0010
1080  0.0015
1083  0.0005
1084  0.0015
1086  0.0005
1087  0.0010
1088  0.0015
1089  0.0010
1090  0.0015
1091  0.0010
1092  0.0025
1093  0.0015
1095  0.0005
1096  0.0005
1097  0.0010
1099  0.0015
1100  0.0015
1102  0.0010
1103  0.0010
1104  0.0015
1105  0.0005
1106  0.0015
1109  0.0005
1110  0.0015
1111  0.0010
1112  0.0005
1113  0.0015
1114  0.0005
1115  0.0010
1116  0.0010
1117  0.0010
1118  0.0010
1119  0.0010
1121  0.0005
1122  0.0005
1123  0.0010
1124  0.0015
1125  0.0020
1127  0.0010
1128  0.0025
1130  0.0010
1131  0.0010
1132  0.0005
1133  0.0005
1134  0.0005
1135  0.0015
1136  0.0015
1138  0.0010
1139  0.0005
1140  0.0005
1141  0.0005
1142  0.0010
1143  0.0010
1144  0.0005
1146  0.0015
1147  0.0005
1148  0.0010
1150  0.0020
1151  0.0015
1152  0.0010
1153  0.0005
1154  0.0005
1155  0.0010
1156  0.0010
1157  0.0010
1158  0.0005
1160  0.0010
1161  0.0015
1162  0.0010
1163  0.0010
1164  0.0015
1165  0.0010
1166  0.0005
1167  0.0005
1168  0.0005
1169  0.0010
1170  0.0005
1171  0.0015
1172  0.0010
1175  0.0010
1176  0.0010
1177  0.0010
1178  0.0015
1179  0.0005
1182  0.0020
1185  0.0005
1186  0.0005
1188  0.0010
1189  0.0010
1190  0.0005
1191  0.0010
1193  0.0015
1194  0.0010
1195  0.0015
1196  0.0025
1197  0.0015
1198  0.0005
1201  0.0020
1203  0.0010
1204  0.0005
1205  0.0005
1206  0.0015
1207  0.0005
1208  0.0020
1209  0.0005
1210  0.0010
1213  0.0005
1214  0.0015
1215  0.0005
1216  0.0010
1217  0.0010
1218  0.0010
1219  0.0020
1220  0.0010
1221  0.0015
1222  0.0010
1224  0.0005
1226  0.0020
1227  0.0010
1228  0.0005
1229  0.0010
1231  0.0005
1233  0.0010
1234  0.0005
1235  0.0005
1237  0.0015
1238  0.0005
1240  0.0005
1243  0.0015
1245  0.0005
1246  0.0010
1247  0.0010
1248  0.0005
1249  0.0005
1250  0.0010
1251  0.0005
1252  0.0010
1254  0.0010
1255  0.0005
1256  0.0010
1257  0.0015
1258  0.0005
1259  0.0005
1260  0.0005
1262  0.0005
1263  0.0005
1264  0.0010
1265  0.0005
1266  0.0005
1269  0.0010
1270  0.0015
1271  0.0015
1272  0.0010
1273  0.0015
1274  0.0005
1275  0.0010
1276  0.0005
1277  0.0020
1278  0.0010
1280  0.0010
1282  0.0005
1283  0.0020
1284  0.0020
1285  0.0005
1287  0.0010
1288  0.0010
1289  0.0010
1290  0.0015
1292  0.0010
1294  0.0010
1295  0.0005
1297  0.0005
1298  0.0005
1299  0.0005
1302  0.0005
1303  0.0005
1304  0.0010
1305  0.0005
1306  0.0010
1307  0.0010
1308  0.0010
1309  0.0010
1310  0.0005
1312  0.0015
1313  0.0005
1314  0.0010
1315  0.0015
1316  0.0015
1317  0.0005
1318  0.0020
1320  0.0005
1321  0.0010
1322  0.0015
1324  0.0005
1327  0.0005
1328  0.0015
1329  0.0005
1330  0.0015
1331  0.0010
1332  0.0010
1335  0.0010
1336  0.0005
1337  0.0005
1338  0.0005
1339  0.0020
1340  0.0015
1341  0.0005
1342  0.0005
1344  0.0005
1346  0.0005
1347  0.0010
1351  0.0010
1352  0.0005
1353  0.0005
1354  0.0010
1355  0.0015
1356  0.0010
1358  0.0005
1359  0.0020
1360  0.0015
1362  0.0010
1363  0.0005
1364  0.0015
1365  0.0005
1369  0.0005
1370  0.0005
1371  0.0005
1372  0.0005
1373  0.0010
1375  0.0015
1377  0.0005
1378  0.0010
1381  0.0010
1382  0.0005
1383  0.0010
1384  0.0005
1385  0.0015
1386  0.0015
1387  0.0010
1389  0.0005
1391  0.0010
1393  0.0015
1396  0.0005
1397  0.0010
1398  0.0005
1401  0.0005
1402  0.0020
1403  0.0005
1404  0.0005
1405  0.0005
1406  0.0005
1408  0.0015
1410  0.0005
1411  0.0015
1413  0.0015
1414  0.0005
1416  0.0005
1417  0.0005
1418  0.0015
1419  0.0005
1420  0.0005
1421  0.0015
1422  0.0010
1423  0.0005
1424  0.0005
1425  0.0005
1426  0.0020
1427  0.0010
1428  0.0015
1431  0.0005
1433  0.0010
1435  0.0010
1436  0.0010
1437  0.0005
1438  0.0015
1440  0.0010
1441  0.0005
1442  0.0005
1443  0.0005
1444  0.0010
1446  0.0005
1448  0.0005
1449  0.0010
1450  0.0015
1451  0.0010
1453  0.0010
1454  0.0005
1455  0.0005
1456  0.0010
1458  0.0005
1459  0.0010
1460  0.0005
1462  0.0005
1465  0.0010
1466  0.0005
1467  0.0015
1469  0.0005
1471  0.0005
1472  0.0005
1473  0.0015
1474  0.0010
1475  0.0010
1476  0.0015
1478  0.0005
1480  0.0005
1481  0.0005
1482  0.0005
1483  0.0005
1484  0.0010
1486  0.0010
1489  0.0020
1491  0.0005
1492  0.0015
1495  0.0005
1497  0.0010
1498  0.0005
1499  0.0025
1501  0.0005
1502  0.0005
1503  0.0005
1505  0.0005
1506  0.0015
1507  0.0005
1511  0.0010
1512  0.0010
1513  0.0010
1514  0.0005
1516  0.0005
1517  0.0010
1518  0.0010
1519  0.0005
1520  0.0015
1521  0.0005
1524  0.0010
1525  0.0020
1526  0.0010
1527  0.0020
1528  0.0005
1533  0.0005
1534  0.0010
1535  0.0010
1536  0.0005
1537  0.0005
1540  0.0005
1541  0.0010
1542  0.0005
1544  0.0005
1545  0.0015
1546  0.0005
1547  0.0010
1549  0.0005
1551  0.0020
1552  0.0005
1553  0.0005
1554  0.0010
1555  0.0010
1556  0.0010
1557  0.0015
1558  0.0005
1559  0.0005
1561  0.0010
1562  0.0005
1563  0.0015
1564  0.0005
1565  0.0005
1567  0.0010
1568  0.0005
1574  0.0005
1575  0.0010
1576  0.0005
1577  0.0005
1579  0.0015
1580  0.0005
1581  0.0005
1582  0.0005
1583  0.0010
1586  0.0005
1587  0.0005
1590  0.0005
1591  0.0010
1592  0.0005
1595  0.0005
1596  0.0010
1597  0.0005
1598  0.0005
1600  0.0005
1601  0.0010
1602  0.0005
1603  0.0005
1604  0.0010
1609  0.0005
1611  0.0005
1612  0.0005
1614  0.0005
1615  0.0010
1616  0.0015
1617  0.0005
1618  0.0010
1619  0.0005
1620  0.0010
1621  0.0010
1623  0.0010
1624  0.0010
1625  0.0015
1627  0.0010
1628  0.0005
1630  0.0005
1632  0.0005
1635  0.0005
1637  0.0005
1638  0.0005
1640  0.0005
1641  0.0005
1644  0.0005
1645  0.0005
1647  0.0005
1649  0.0005
1654  0.0005
1656  0.0005
1659  0.0005
1662  0.0005
1673  0.0005
1675  0.0005
1677  0.0005
1680  0.0010
1681  0.0010
1682  0.0005
1683  0.0005
1685  0.0010
1686  0.0010
1689  0.0010
1695  0.0005
1698  0.0005
1700  0.0005
1701  0.0010
1704  0.0005
1705  0.0005
1708  0.0005
1709  0.0010
1711  0.0005
1714  0.0005
1715  0.0015
1717  0.0005
1718  0.0005
1719  0.0005
1722  0.0015
1723  0.0010
1725  0.0010
1726  0.0005
1728  0.0015
1729  0.0005
1730  0.0010
1731  0.0005
1736  0.0005
1737  0.0010
1740  0.0005
1744  0.0005
1745  0.0005
1746  0.0005
1747  0.0005
1750  0.0005
1752  0.0005
1755  0.0010
1757  0.0005
1758  0.0005
1761  0.0010
1763  0.0005
1770  0.0015
1774  0.0010
1776  0.0005
1777  0.0005
1780  0.0005
1781  0.0005
1785  0.0005
1788  0.0005
1790  0.0005
1791  0.0005
1792  0.0005
1794  0.0005
1797  0.0010
1799  0.0010
1800  0.0005
1801  0.0005
1802  0.0005
1803  0.0005
1805  0.0005
1806  0.0005
1807  0.0010
1811  0.0005
1814  0.0015
1815  0.0005
1816  0.0015
1817  0.0010
1821  0.0005
1823  0.0005
1824  0.0005
1827  0.0005
1831  0.0005
1839  0.0010
1844  0.0005
1846  0.0005
1848  0.0005
1849  0.0005
1852  0.0005
1854  0.0015
1855  0.0015
1856  0.0005
1857  0.0005
1858  0.0005
1865  0.0005
1868  0.0005
1870  0.0010
1871  0.0005
1872  0.0005
1874  0.0010
1878  0.0005
1883  0.0005
1885  0.0005
1886  0.0010
1890  0.0005
1893  0.0010
1895  0.0005
1898  0.0005
1899  0.0010
1901  0.0005
1902  0.0010
1903  0.0010
1904  0.0015
1906  0.0005
1910  0.0005
1911  0.0010
1912  0.0005
1916  0.0005
1918  0.0010
1919  0.0010
1920  0.0005
1921  0.0015
1926  0.0005
1928  0.0005
1932  0.0005
1936  0.0005
1937  0.0005
1938  0.0005
1939  0.0005
1942  0.0005
1943  0.0005
1944  0.0005
1945  0.0005
1949  0.0010
1950  0.0005
1953  0.0005
1954  0.0005
1955  0.0005
1963  0.0010
1965  0.0005
1966  0.0005
1970  0.0005
1980  0.0005
1982  0.0005
1984  0.0015
1986  0.0010
1987  0.0005
1990  0.0015
1991  0.0010
1993  0.0005
1994  0.0005
1995  0.0005
2000  0.0005
2001  0.0005
2007  0.0010
2013  0.0005
2017  0.0005
2024  0.0015
2025  0.0010
2026  0.0010
2027  0.0010
2028  0.0005
2031  0.0010
2035  0.0005
2036  0.0005
2041  0.0015
2042  0.0005
2044  0.0010
2045  0.0005
2050  0.0005
2052  0.0005
2053  0.0005
2058  0.0005
2059  0.0005
2063  0.0005
2072  0.0005
2078  0.0005
2079  0.0010
2080  0.0010
2081  0.0005
2089  0.0005
2094  0.0005
2095  0.0005
2096  0.0005
2099  0.0005
2100  0.0010
2101  0.0005
2105  0.0010
2110  0.0005
2114  0.0005
2117  0.0010
2120  0.0005
2121  0.0005
2124  0.0005
2127  0.0005
2135  0.0005
2138  0.0005
2140  0.0005
2149  0.0005
2151  0.0010
2152  0.0005
2156  0.0010
2159  0.0005
2161  0.0005
2162  0.0005
2165  0.0005
2166  0.0010
2170  0.0005
2173  0.0010
2180  0.0005
2188  0.0005
2190  0.0005
2191  0.0005
2192  0.0005
2197  0.0005
2200  0.0005
2203  0.0005
2204  0.0010
2205  0.0005
2209  0.0005
2211  0.0005
2221  0.0005
2224  0.0005
2227  0.0005
2231  0.0005
2235  0.0005
2240  0.0005
2246  0.0005
2247  0.0005
2249  0.0010
2252  0.0005
2256  0.0005
2258  0.0005
2262  0.0005
2267  0.0005
2268  0.0010
2269  0.0005
2273  0.0005
2277  0.0005
2279  0.0005
2288  0.0005
2292  0.0005
2302  0.0005
2308  0.0005
2310  0.0005
2311  0.0005
2323  0.0005
2328  0.0005
2331  0.0005
2334  0.0005
2339  0.0005
2352  0.0010
2353  0.0010
2361  0.0005
2363  0.0005
2365  0.0005
2368  0.0005
2370  0.0005
2371  0.0005
2373  0.0005
2375  0.0005
2377  0.0010
2382  0.0005
2384  0.0010
2387  0.0005
2401  0.0005
2402  0.0005
2405  0.0005
2406  0.0010
2408  0.0005
2414  0.0005
2415  0.0010
2420  0.0010
2427  0.0005
2433  0.0010
2441  0.0005
2457  0.0005
2459  0.0005
2461  0.0005
2464  0.0005
2465  0.0010
2468  0.0005
2481  0.0005
2500  0.0005
2505  0.0005
2507  0.0005
2516  0.0005
2520  0.0005
2523  0.0005
2524  0.0005
2529  0.0010
2551  0.0005
2561  0.0005
2579  0.0005
2582  0.0005
2583  0.0005
2585  0.0005
2594  0.0005
2603  0.0005
2611  0.0010
2634  0.0010
2635  0.0005
2638  0.0010
2639  0.0005
2643  0.0005
2646  0.0005
2647  0.0005
2656  0.0010
2657  0.0005
2670  0.0005
2677  0.0005
2680  0.0005
2684  0.0005
2685  0.0010
2700  0.0005
2701  0.0005
2721  0.0005
2728  0.0005
2748  0.0010
2750  0.0005
2753  0.0005
2765  0.0005
2775  0.0005
2784  0.0005
2805  0.0005
2808  0.0005
2810  0.0005
2820  0.0005
2824  0.0005
2850  0.0005
2856  0.0005
2858  0.0005
2861  0.0005
2862  0.0005
2873  0.0005
2886  0.0005
2888  0.0015
2905  0.0005
2914  0.0005
2921  0.0005
2986  0.0005
2992  0.0005
2993  0.0005
3046  0.0005
3110  0.0005
3120  0.0005
3134  0.0005
3141  0.0005
3173  0.0005
3185  0.0005
3205  0.0005
3224  0.0005
3249  0.0005
3276  0.0005
3290  0.0005
3318  0.0005
3325  0.0005
3376  0.0005
3380  0.0005
3383  0.0005
3408  0.0005
3630  0.0005
3722  0.0005
