1  136.2420
2  40.0720
3  24.9450
4  16.5480
5  11.5530
6  8.7270
7  6.7060
8  5.2690
9  4.2310
10  3.4310
11  2.8320
12  2.3830
13  2.0470
14  1.6330
15  1.4010
16  1.1950
17  1.0210
18  0.8850
19  0.7690
20  0.6740
21  0.5690
22  0.5080
23  0.4610
24  0.3900
25  0.3590
26  0.3160
27  0.2660
28  0.2450
29  0.2440
30  0.1690
31  0.1700
32  0.1830
33  0.1210
34  0.1290
35  0.1060
36  0.0910
37  0.0900
38  0.0730
39  0.0720
40  0.0560
41  0.0640
42  0.0490
43  0.0600
44  0.0450
45  0.0440
46  0.0410
47  0.0250
48  0.0310
49  0.0320
50  0.0290
51  0.0190
52  0.0260
53  0.0250
54  0.0160
55  0.0210
56  0.0160
57  0.0140
58  0.0110
59  0.0040
60  0.0150
61  0.0040
62  0.0090
63  0.0090
64  0.0070
65  0.0060
66  0.0070
67  0.0090
68  0.0030
69  0.0010
70  0.0030
71  0.0050
72  0.0020
73  0.0010
74  0.0030
75  0.0030
76  0.0020
77  0.0030
78  0.0010
79  0.0030
80  0.0010
81  0.0020
82  0.0010
83  0.0020
84  0.0030
85  0.0010
87  0.0010
88  0.0020
89  0.0010
90  0.0010
91  0.0020
92  0.0020
96  0.0010
101  0.0020
102  0.0010
117  0.0010
118  0.0020
128  0.0010
