1  24.5740
2  2.5570
3  1.0570
4  0.5610
5  0.2750
6  0.1780
7  0.1150
8  0.0710
9  0.0590
10  0.0460
11  0.0260
12  0.0280
13  0.0220
14  0.0110
15  0.0070
16  0.0080
17  0.0080
18  0.0070
19  0.0050
20  0.0020
21  0.0050
22  0.0020
23  0.0030
24  0.0020
26  0.0010
27  0.0010
29  0.0020
32  0.0010
33  0.0010
36  0.0010
40  0.0010
66  0.0010
116  0.0010
7508  0.0010
7516  0.0010
7518  0.0010
7529  0.0010
7530  0.0010
7540  0.0010
7543  0.0010
7544  0.0030
7547  0.0010
7548  0.0010
7550  0.0010
7553  0.0020
7554  0.0020
7556  0.0010
7557  0.0010
7558  0.0020
7559  0.0040
7562  0.0010
7563  0.0010
7566  0.0020
7567  0.0020
7568  0.0010
7569  0.0030
7570  0.0010
7571  0.0020
7572  0.0010
7573  0.0030
7574  0.0040
7575  0.0010
7576  0.0020
7577  0.0010
7578  0.0030
7580  0.0020
7581  0.0010
7582  0.0030
7583  0.0020
7585  0.0030
7586  0.0030
7588  0.0040
7589  0.0040
7590  0.0030
7591  0.0020
7592  0.0040
7594  0.0040
7595  0.0010
7596  0.0030
7597  0.0030
7598  0.0050
7599  0.0060
7600  0.0010
7601  0.0050
7602  0.0050
7603  0.0060
7604  0.0030
7605  0.0080
7606  0.0040
7607  0.0040
7608  0.0050
7609  0.0020
7610  0.0060
7611  0.0060
7612  0.0080
7613  0.0080
7614  0.0020
7615  0.0070
7616  0.0070
7617  0.0080
7618  0.0040
7619  0.0050
7620  0.0070
7621  0.0070
7622  0.0050
7623  0.0080
7624  0.0070
7625  0.0080
7626  0.0030
7627  0.0060
7628  0.0060
7629  0.0050
7630  0.0100
7631  0.0080
7632  0.0070
7633  0.0070
7634  0.0080
7635  0.0020
7636  0.0060
7637  0.0120
7638  0.0040
7639  0.0050
7640  0.0100
7641  0.0060
7642  0.0100
7643  0.0040
7644  0.0120
7645  0.0070
7646  0.0080
7647  0.0120
7648  0.0020
7649  0.0070
7650  0.0080
7651  0.0120
7652  0.0060
7653  0.0100
7654  0.0070
7655  0.0100
7656  0.0130
7657  0.0070
7658  0.0100
7659  0.0100
7660  0.0040
7661  0.0050
7662  0.0090
7663  0.0110
7664  0.0120
7665  0.0080
7666  0.0080
7667  0.0070
7668  0.0030
7669  0.0050
7670  0.0050
7671  0.0100
7672  0.0060
7673  0.0070
7674  0.0080
7675  0.0080
7676  0.0100
7677  0.0040
7678  0.0080
7679  0.0100
7680  0.0130
7681  0.0070
7682  0.0140
7683  0.0040
7684  0.0090
7685  0.0060
7686  0.0050
7687  0.0090
7688  0.0060
7689  0.0070
7690  0.0130
7691  0.0090
7692  0.0040
7693  0.0070
7694  0.0100
7695  0.0090
7696  0.0030
7697  0.0050
7698  0.0090
7699  0.0050
7700  0.0030
7701  0.0070
7702  0.0080
7703  0.0050
7704  0.0050
7705  0.0040
7706  0.0050
7707  0.0080
7708  0.0030
7709  0.0050
7710  0.0040
7711  0.0030
7712  0.0060
7713  0.0030
7714  0.0040
7715  0.0020
7716  0.0050
7717  0.0080
7718  0.0030
7719  0.0050
7720  0.0030
7721  0.0010
7722  0.0020
7723  0.0050
7724  0.0060
7725  0.0040
7726  0.0040
7727  0.0010
7728  0.0030
7729  0.0040
7730  0.0030
7731  0.0030
7733  0.0010
7734  0.0010
7735  0.0010
7736  0.0010
7737  0.0060
7739  0.0010
7740  0.0020
7742  0.0030
7743  0.0010
7744  0.0010
7745  0.0030
7746  0.0010
7747  0.0030
7748  0.0020
7749  0.0010
7751  0.0020
7752  0.0010
7753  0.0010
7754  0.0020
7755  0.0020
7756  0.0020
7758  0.0010
7759  0.0010
7760  0.0010
7761  0.0010
7762  0.0020
7765  0.0010
7767  0.0010
7770  0.0010
7773  0.0020
7778  0.0010
7802  0.0010
