1  253.0490
2  60.3420
3  37.2500
4  24.7440
5  17.9080
6  13.3520
7  10.4700
8  8.5120
9  7.0020
10  6.1130
11  5.1600
12  4.4890
13  3.9410
14  3.4680
15  3.1170
16  2.8300
17  2.5090
18  2.3150
19  2.1500
20  1.9920
21  1.8290
22  1.7020
23  1.5390
24  1.4660
25  1.3250
26  1.2520
27  1.1560
28  1.0770
29  1.0890
30  0.9840
31  0.9460
32  0.8950
33  0.7990
34  0.8380
35  0.7710
36  0.6940
37  0.7440
38  0.6450
39  0.6390
40  0.6140
41  0.6370
42  0.5850
43  0.5510
44  0.5130
45  0.5340
46  0.5040
47  0.4610
48  0.4290
49  0.4360
50  0.4460
51  0.4010
52  0.4170
53  0.3750
54  0.4000
55  0.3850
56  0.3580
57  0.3430
58  0.3630
59  0.3500
60  0.3220
61  0.2780
62  0.3250
63  0.2890
64  0.2600
65  0.2920
66  0.2620
67  0.2480
68  0.2560
69  0.2400
70  0.2460
71  0.2300
72  0.2210
73  0.2190
74  0.2270
75  0.2280
76  0.1770
77  0.2060
78  0.1790
79  0.2080
80  0.2030
81  0.1740
82  0.1810
83  0.1830
84  0.1690
85  0.1660
86  0.1650
87  0.1630
88  0.1570
89  0.1510
90  0.1410
91  0.1550
92  0.1580
93  0.1340
94  0.1490
95  0.1370
96  0.1480
97  0.1380
98  0.1460
99  0.1350
100  0.1310
101  0.1390
102  0.1090
103  0.1160
104  0.1370
105  0.1320
106  0.1120
107  0.0930
108  0.1180
109  0.1060
110  0.0930
111  0.1100
112  0.1050
113  0.0980
114  0.1000
115  0.1000
116  0.0910
117  0.1110
118  0.0970
119  0.0930
120  0.0900
121  0.0880
122  0.0920
123  0.0990
124  0.0960
125  0.0960
126  0.0860
127  0.0640
128  0.0710
129  0.0930
130  0.0740
131  0.0680
132  0.0750
133  0.0730
134  0.0700
135  0.0680
136  0.0720
137  0.0700
138  0.0560
139  0.0760
140  0.0620
141  0.0630
142  0.0630
143  0.0650
144  0.0640
145  0.0770
146  0.0600
147  0.0650
148  0.0590
149  0.0630
150  0.0610
151  0.0500
152  0.0580
153  0.0670
154  0.0460
155  0.0450
156  0.0420
157  0.0650
158  0.0550
159  0.0440
160  0.0450
161  0.0600
162  0.0510
163  0.0480
164  0.0460
165  0.0540
166  0.0540
167  0.0410
168  0.0520
169  0.0450
170  0.0430
171  0.0510
172  0.0470
173  0.0340
174  0.0400
175  0.0440
176  0.0420
177  0.0550
178  0.0330
179  0.0390
180  0.0310
181  0.0500
182  0.0450
183  0.0450
184  0.0410
185  0.0430
186  0.0370
187  0.0260
188  0.0340
189  0.0260
190  0.0300
191  0.0400
192  0.0290
193  0.0370
194  0.0320
195  0.0390
196  0.0270
197  0.0330
198  0.0380
199  0.0380
200  0.0290
201  0.0370
202  0.0320
203  0.0290
204  0.0330
205  0.0210
206  0.0330
207  0.0360
208  0.0260
209  0.0310
210  0.0300
211  0.0400
212  0.0200
213  0.0350
214  0.0210
215  0.0310
216  0.0240
217  0.0280
218  0.0370
219  0.0210
220  0.0300
221  0.0240
222  0.0340
223  0.0310
224  0.0300
225  0.0230
226  0.0230
227  0.0270
228  0.0340
229  0.0190
230  0.0220
231  0.0290
232  0.0210
233  0.0240
234  0.0230
235  0.0190
236  0.0250
237  0.0130
238  0.0210
239  0.0290
240  0.0240
241  0.0200
242  0.0150
243  0.0230
244  0.0220
245  0.0250
246  0.0240
247  0.0210
248  0.0200
249  0.0250
250  0.0130
251  0.0190
252  0.0150
253  0.0290
254  0.0200
255  0.0180
256  0.0220
257  0.0170
258  0.0190
259  0.0170
260  0.0160
261  0.0160
262  0.0180
263  0.0190
264  0.0190
265  0.0150
266  0.0210
267  0.0200
268  0.0140
269  0.0220
270  0.0180
271  0.0150
272  0.0150
273  0.0210
274  0.0210
275  0.0260
276  0.0250
277  0.0120
278  0.0130
279  0.0160
280  0.0120
281  0.0150
282  0.0140
283  0.0150
284  0.0170
285  0.0140
286  0.0130
287  0.0130
288  0.0140
289  0.0140
290  0.0120
291  0.0140
292  0.0150
293  0.0180
294  0.0150
295  0.0090
296  0.0120
297  0.0150
298  0.0150
299  0.0080
300  0.0150
301  0.0150
302  0.0130
303  0.0080
304  0.0100
305  0.0080
306  0.0090
307  0.0100
308  0.0150
309  0.0120
310  0.0120
311  0.0090
312  0.0120
313  0.0120
314  0.0100
315  0.0040
316  0.0080
317  0.0170
318  0.0080
319  0.0090
320  0.0110
321  0.0080
322  0.0100
323  0.0100
324  0.0130
325  0.0110
326  0.0090
327  0.0080
328  0.0060
329  0.0090
330  0.0080
331  0.0120
332  0.0100
333  0.0070
334  0.0110
335  0.0120
336  0.0150
337  0.0080
338  0.0100
339  0.0120
340  0.0100
341  0.0050
342  0.0090
343  0.0120
344  0.0030
345  0.0080
346  0.0090
347  0.0090
348  0.0060
349  0.0120
350  0.0050
351  0.0090
352  0.0060
353  0.0100
354  0.0090
355  0.0130
356  0.0100
357  0.0090
358  0.0110
359  0.0060
360  0.0100
361  0.0060
362  0.0080
363  0.0060
364  0.0080
365  0.0030
366  0.0090
367  0.0090
368  0.0050
369  0.0120
370  0.0060
371  0.0030
372  0.0020
373  0.0060
374  0.0120
375  0.0100
376  0.0040
377  0.0070
378  0.0050
379  0.0080
380  0.0070
381  0.0080
382  0.0070
383  0.0110
384  0.0110
385  0.0030
386  0.0060
387  0.0120
388  0.0110
389  0.0050
390  0.0050
391  0.0100
392  0.0060
393  0.0070
394  0.0060
395  0.0060
396  0.0080
397  0.0070
398  0.0020
399  0.0030
400  0.0060
401  0.0060
402  0.0060
403  0.0050
404  0.0030
405  0.0100
406  0.0040
407  0.0020
408  0.0060
409  0.0030
410  0.0040
411  0.0020
412  0.0050
413  0.0020
414  0.0030
415  0.0020
416  0.0090
417  0.0050
418  0.0030
419  0.0030
420  0.0020
421  0.0100
422  0.0090
423  0.0050
424  0.0030
425  0.0060
426  0.0020
427  0.0060
428  0.0050
429  0.0080
430  0.0020
431  0.0020
432  0.0050
433  0.0070
434  0.0040
435  0.0040
436  0.0030
437  0.0040
438  0.0040
439  0.0040
440  0.0030
441  0.0090
442  0.0060
443  0.0100
444  0.0050
445  0.0070
446  0.0060
447  0.0020
448  0.0070
449  0.0040
450  0.0030
451  0.0040
452  0.0070
453  0.0080
454  0.0020
455  0.0040
456  0.0050
457  0.0070
458  0.0060
459  0.0030
460  0.0040
461  0.0030
462  0.0030
463  0.0050
465  0.0110
466  0.0030
467  0.0050
468  0.0050
469  0.0050
470  0.0020
471  0.0030
472  0.0010
473  0.0040
474  0.0050
475  0.0040
476  0.0050
477  0.0030
478  0.0030
479  0.0020
480  0.0060
481  0.0040
482  0.0040
483  0.0040
484  0.0010
485  0.0020
486  0.0010
487  0.0060
488  0.0040
489  0.0030
490  0.0050
491  0.0030
492  0.0050
493  0.0020
494  0.0010
495  0.0030
496  0.0030
497  0.0020
498  0.0040
499  0.0070
500  0.0040
501  0.0030
502  0.0030
503  0.0010
504  0.0020
505  0.0020
506  0.0020
507  0.0030
508  0.0020
509  0.0050
510  0.0010
511  0.0020
513  0.0020
514  0.0040
515  0.0050
516  0.0010
517  0.0020
518  0.0020
519  0.0040
520  0.0020
521  0.0050
522  0.0040
523  0.0020
524  0.0020
525  0.0010
526  0.0030
527  0.0010
528  0.0020
529  0.0040
530  0.0030
531  0.0060
532  0.0020
533  0.0030
534  0.0030
535  0.0030
536  0.0030
537  0.0010
539  0.0020
540  0.0030
541  0.0020
543  0.0030
544  0.0030
545  0.0010
546  0.0030
547  0.0030
548  0.0010
549  0.0040
550  0.0010
551  0.0020
553  0.0020
554  0.0020
555  0.0040
556  0.0010
557  0.0010
558  0.0020
559  0.0010
560  0.0020
562  0.0020
563  0.0020
564  0.0030
565  0.0020
566  0.0030
567  0.0040
568  0.0040
569  0.0030
570  0.0020
571  0.0040
572  0.0010
573  0.0020
574  0.0050
575  0.0030
576  0.0020
577  0.0020
578  0.0010
579  0.0030
580  0.0010
582  0.0020
583  0.0030
585  0.0040
587  0.0020
588  0.0030
589  0.0010
591  0.0010
592  0.0020
595  0.0040
596  0.0040
597  0.0020
599  0.0030
600  0.0040
601  0.0030
602  0.0010
603  0.0020
604  0.0020
605  0.0030
606  0.0010
607  0.0010
608  0.0020
609  0.0010
610  0.0010
612  0.0010
613  0.0020
614  0.0020
615  0.0020
616  0.0010
617  0.0010
619  0.0050
620  0.0020
621  0.0010
623  0.0040
625  0.0020
628  0.0030
629  0.0010
631  0.0010
632  0.0030
633  0.0020
634  0.0030
635  0.0020
636  0.0010
637  0.0010
638  0.0010
639  0.0020
640  0.0010
641  0.0020
642  0.0020
643  0.0010
645  0.0030
646  0.0010
647  0.0040
648  0.0010
649  0.0010
651  0.0010
652  0.0030
653  0.0010
659  0.0010
660  0.0020
661  0.0010
663  0.0010
664  0.0030
665  0.0030
667  0.0030
668  0.0020
670  0.0020
672  0.0020
673  0.0020
674  0.0030
675  0.0010
676  0.0010
677  0.0010
678  0.0010
680  0.0010
683  0.0030
684  0.0010
685  0.0040
688  0.0010
689  0.0030
691  0.0020
692  0.0010
693  0.0020
697  0.0010
698  0.0020
699  0.0010
700  0.0010
702  0.0020
703  0.0010
704  0.0010
706  0.0010
707  0.0030
709  0.0010
710  0.0010
711  0.0010
713  0.0030
714  0.0010
715  0.0010
716  0.0010
718  0.0020
721  0.0010
722  0.0010
725  0.0010
728  0.0030
729  0.0020
730  0.0010
731  0.0010
732  0.0010
733  0.0010
736  0.0010
737  0.0020
738  0.0010
746  0.0010
748  0.0010
750  0.0020
751  0.0020
752  0.0010
753  0.0010
755  0.0020
756  0.0010
757  0.0020
759  0.0020
764  0.0010
765  0.0010
768  0.0010
769  0.0020
770  0.0010
771  0.0020
776  0.0020
780  0.0010
781  0.0010
782  0.0020
784  0.0010
786  0.0010
791  0.0010
792  0.0020
795  0.0010
796  0.0020
797  0.0010
798  0.0010
799  0.0010
801  0.0010
805  0.0010
808  0.0010
810  0.0020
812  0.0010
813  0.0010
814  0.0010
816  0.0010
817  0.0020
818  0.0010
822  0.0010
824  0.0020
830  0.0010
835  0.0010
836  0.0010
839  0.0010
842  0.0010
843  0.0020
846  0.0010
853  0.0010
856  0.0010
858  0.0010
859  0.0010
861  0.0010
862  0.0010
863  0.0010
867  0.0010
870  0.0010
873  0.0010
878  0.0010
880  0.0010
882  0.0010
884  0.0010
885  0.0010
888  0.0010
889  0.0010
891  0.0010
892  0.0020
899  0.0010
902  0.0010
904  0.0010
916  0.0020
919  0.0010
920  0.0010
925  0.0010
926  0.0010
930  0.0010
939  0.0010
949  0.0010
953  0.0010
964  0.0010
981  0.0010
984  0.0010
987  0.0010
999  0.0010
1010  0.0010
1011  0.0010
1017  0.0010
1023  0.0010
1033  0.0010
1037  0.0010
1041  0.0010
1054  0.0010
1061  0.0010
1067  0.0020
1079  0.0010
1148  0.0010
1153  0.0010
1156  0.0010
1165  0.0010
1190  0.0020
1200  0.0010
1214  0.0010
1228  0.0010
1249  0.0010
1277  0.0010
1351  0.0010
1370  0.0010
1380  0.0010
1388  0.0010
1410  0.0010
1416  0.0010
1616  0.0010
