1  306.9580
2  77.4480
3  48.2850
4  32.6430
5  23.9400
6  17.7950
7  14.4300
8  11.5850
9  9.5800
10  8.1000
11  6.9930
12  6.0860
13  5.3730
14  4.8500
15  4.3770
16  3.7970
17  3.6650
18  3.2350
19  2.9670
20  2.7230
21  2.4080
22  2.3120
23  2.0880
24  1.9620
25  1.8910
26  1.7480
27  1.5690
28  1.5540
29  1.4810
30  1.3930
31  1.3920
32  1.1850
33  1.1700
34  1.1000
35  1.0230
36  1.0310
37  0.9180
38  0.8660
39  0.7950
40  0.7810
41  0.7610
42  0.7360
43  0.6810
44  0.6480
45  0.6670
46  0.6450
47  0.6160
48  0.5960
49  0.5680
50  0.5070
51  0.4930
52  0.4730
53  0.4760
54  0.4890
55  0.4190
56  0.3940
57  0.4320
58  0.3830
59  0.3870
60  0.3810
61  0.3810
62  0.3420
63  0.3340
64  0.3690
65  0.3380
66  0.3230
67  0.2920
68  0.2890
69  0.3010
70  0.2980
71  0.2980
72  0.2590
73  0.2390
74  0.2420
75  0.2490
76  0.2140
77  0.1950
78  0.2300
79  0.1990
80  0.2340
81  0.1980
82  0.1850
83  0.1970
84  0.2060
85  0.1670
86  0.1870
87  0.1740
88  0.1730
89  0.1680
90  0.1380
91  0.1470
92  0.1610
93  0.1570
94  0.1770
95  0.1700
96  0.1320
97  0.1350
98  0.1370
99  0.1290
100  0.1170
101  0.1340
102  0.0980
103  0.1140
104  0.1270
105  0.1140
106  0.1080
107  0.1260
108  0.1160
109  0.0960
110  0.1030
111  0.1120
112  0.1020
113  0.0990
114  0.0880
115  0.0790
116  0.0880
117  0.0810
118  0.0910
119  0.0730
120  0.0890
121  0.0800
122  0.0790
123  0.0710
124  0.0680
125  0.0760
126  0.0690
127  0.0640
128  0.0710
129  0.0640
130  0.0590
131  0.0570
132  0.0640
133  0.0440
134  0.0600
135  0.0580
136  0.0510
137  0.0660
138  0.0600
139  0.0600
140  0.0510
141  0.0560
142  0.0390
143  0.0540
144  0.0480
145  0.0560
146  0.0500
147  0.0440
148  0.0610
149  0.0490
150  0.0470
151  0.0450
152  0.0520
153  0.0400
154  0.0370
155  0.0470
156  0.0460
157  0.0570
158  0.0550
159  0.0390
160  0.0250
161  0.0420
162  0.0400
163  0.0380
164  0.0420
165  0.0490
166  0.0360
167  0.0220
168  0.0360
169  0.0320
170  0.0350
171  0.0280
172  0.0370
173  0.0300
174  0.0400
175  0.0310
176  0.0270
177  0.0280
178  0.0320
179  0.0310
180  0.0360
181  0.0340
182  0.0260
183  0.0330
184  0.0320
185  0.0300
186  0.0190
187  0.0310
188  0.0220
189  0.0210
190  0.0160
191  0.0120
192  0.0110
193  0.0300
194  0.0220
195  0.0290
196  0.0200
197  0.0220
198  0.0160
199  0.0190
200  0.0210
201  0.0190
202  0.0190
203  0.0150
204  0.0190
205  0.0130
206  0.0130
207  0.0210
208  0.0220
209  0.0130
210  0.0170
211  0.0160
212  0.0210
213  0.0160
214  0.0230
215  0.0220
216  0.0150
217  0.0190
218  0.0200
219  0.0080
220  0.0130
221  0.0140
222  0.0170
223  0.0120
224  0.0130
225  0.0170
226  0.0100
227  0.0060
228  0.0120
229  0.0110
230  0.0120
231  0.0110
232  0.0090
233  0.0100
234  0.0130
235  0.0110
236  0.0130
237  0.0080
238  0.0130
239  0.0070
240  0.0080
241  0.0140
242  0.0090
243  0.0050
244  0.0140
245  0.0050
246  0.0050
247  0.0100
248  0.0120
249  0.0110
250  0.0080
251  0.0080
252  0.0050
253  0.0100
254  0.0040
255  0.0070
256  0.0080
257  0.0090
258  0.0120
259  0.0100
260  0.0090
261  0.0090
262  0.0040
263  0.0040
264  0.0050
265  0.0040
266  0.0020
267  0.0070
268  0.0080
269  0.0050
270  0.0080
271  0.0040
272  0.0050
273  0.0020
274  0.0040
275  0.0070
276  0.0080
277  0.0040
278  0.0050
279  0.0090
280  0.0020
281  0.0020
282  0.0070
283  0.0050
284  0.0060
285  0.0110
286  0.0030
287  0.0050
288  0.0050
289  0.0050
290  0.0080
291  0.0050
292  0.0050
293  0.0020
294  0.0030
295  0.0020
296  0.0070
297  0.0050
298  0.0020
299  0.0050
300  0.0050
301  0.0060
302  0.0030
303  0.0030
304  0.0020
305  0.0040
306  0.0020
307  0.0030
308  0.0030
309  0.0040
310  0.0050
311  0.0040
312  0.0060
313  0.0050
314  0.0050
315  0.0030
316  0.0020
317  0.0010
318  0.0050
319  0.0020
320  0.0040
322  0.0040
323  0.0010
324  0.0040
325  0.0010
326  0.0030
327  0.0050
328  0.0020
329  0.0050
330  0.0010
331  0.0040
332  0.0040
333  0.0030
335  0.0040
336  0.0050
337  0.0030
338  0.0010
339  0.0010
340  0.0040
341  0.0010
342  0.0060
344  0.0030
345  0.0010
346  0.0020
347  0.0020
348  0.0010
349  0.0020
350  0.0020
351  0.0010
352  0.0020
353  0.0040
354  0.0020
355  0.0020
356  0.0030
359  0.0040
360  0.0020
361  0.0010
362  0.0040
363  0.0070
364  0.0040
365  0.0010
366  0.0030
367  0.0010
368  0.0010
369  0.0040
370  0.0020
371  0.0020
373  0.0020
374  0.0030
375  0.0020
376  0.0010
377  0.0030
378  0.0030
380  0.0030
382  0.0020
383  0.0050
384  0.0030
385  0.0010
386  0.0020
387  0.0010
390  0.0020
391  0.0010
393  0.0020
394  0.0020
395  0.0010
396  0.0010
397  0.0010
398  0.0010
399  0.0010
400  0.0020
401  0.0020
402  0.0010
404  0.0010
405  0.0010
406  0.0010
407  0.0010
409  0.0020
410  0.0040
411  0.0010
412  0.0020
414  0.0020
415  0.0020
416  0.0010
417  0.0010
418  0.0020
420  0.0010
421  0.0020
423  0.0020
424  0.0020
426  0.0010
429  0.0020
430  0.0020
431  0.0030
434  0.0010
436  0.0010
438  0.0010
439  0.0020
440  0.0020
442  0.0010
443  0.0010
444  0.0010
445  0.0030
446  0.0010
449  0.0010
451  0.0020
452  0.0010
453  0.0010
454  0.0010
455  0.0010
460  0.0010
461  0.0020
464  0.0010
465  0.0010
466  0.0010
469  0.0010
473  0.0020
475  0.0030
482  0.0010
486  0.0030
489  0.0010
492  0.0020
497  0.0010
499  0.0010
509  0.0010
511  0.0010
513  0.0020
514  0.0010
523  0.0010
526  0.0020
530  0.0010
540  0.0020
541  0.0010
544  0.0010
547  0.0010
556  0.0010
558  0.0010
590  0.0010
591  0.0010
614  0.0010
636  0.0010
642  0.0010
673  0.0010
688  0.0010
711  0.0010
764  0.0010
767  0.0010
784  0.0010
791  0.0020
