1  146.9780
2  43.6580
3  26.8740
4  17.4920
5  12.1740
6  8.8570
7  6.7220
8  5.2020
9  4.0030
10  3.2710
11  2.7400
12  2.1860
13  1.8570
14  1.4990
15  1.2370
16  1.0210
17  0.9210
18  0.7460
19  0.6260
20  0.5650
21  0.5280
22  0.4110
23  0.3610
24  0.3000
25  0.2580
26  0.2440
27  0.1780
28  0.1740
29  0.1400
30  0.1280
31  0.1300
32  0.1040
33  0.1030
34  0.0820
35  0.0720
36  0.0780
37  0.0560
38  0.0450
39  0.0400
40  0.0350
41  0.0300
42  0.0340
43  0.0190
44  0.0160
45  0.0240
46  0.0140
47  0.0220
48  0.0190
49  0.0150
50  0.0180
51  0.0120
52  0.0080
53  0.0040
54  0.0040
55  0.0080
56  0.0070
57  0.0030
58  0.0030
59  0.0030
60  0.0020
61  0.0040
62  0.0050
63  0.0020
64  0.0040
67  0.0010
68  0.0020
69  0.0010
70  0.0020
75  0.0010
78  0.0010
79  0.0010
83  0.0010
87  0.0010
