1  695.4655
2  207.0055
3  120.5630
4  74.1775
5  48.9570
6  33.5575
7  23.5540
8  17.2840
9  12.6065
10  9.5470
11  7.1540
12  5.4760
13  4.1245
14  3.2010
15  2.5255
16  2.0050
17  1.5545
18  1.2400
19  0.9995
20  0.7820
21  0.5815
22  0.4925
23  0.4190
24  0.3215
25  0.2575
26  0.2080
27  0.1525
28  0.1365
29  0.1045
30  0.0915
31  0.0640
32  0.0575
33  0.0415
34  0.0420
35  0.0295
36  0.0250
37  0.0170
38  0.0150
39  0.0205
40  0.0105
41  0.0135
42  0.0140
43  0.0075
44  0.0040
45  0.0030
46  0.0040
47  0.0045
48  0.0035
49  0.0020
50  0.0030
51  0.0010
52  0.0015
53  0.0020
54  0.0005
55  0.0010
56  0.0005
58  0.0005
60  0.0005
69  0.0005
