1  36.6060
2  7.5470
3  4.3780
4  2.7860
5  1.9290
6  1.4060
7  1.0700
8  0.8890
9  0.6740
10  0.5920
11  0.4880
12  0.4040
13  0.3130
14  0.3070
15  0.2750
16  0.2270
17  0.2000
18  0.1870
19  0.1840
20  0.1530
21  0.1550
22  0.1250
23  0.1210
24  0.1080
25  0.1080
26  0.0980
27  0.0930
28  0.0970
29  0.0870
30  0.0730
31  0.0620
32  0.0560
33  0.0650
34  0.0580
35  0.0490
36  0.0620
37  0.0670
38  0.0540
39  0.0430
40  0.0520
41  0.0390
42  0.0390
43  0.0280
44  0.0330
45  0.0380
46  0.0380
47  0.0300
48  0.0320
49  0.0290
50  0.0300
51  0.0290
52  0.0340
53  0.0250
54  0.0270
55  0.0240
56  0.0190
57  0.0280
58  0.0210
59  0.0200
60  0.0250
61  0.0240
62  0.0250
63  0.0160
64  0.0260
65  0.0190
66  0.0190
67  0.0140
68  0.0180
69  0.0150
70  0.0170
71  0.0160
72  0.0160
73  0.0160
74  0.0080
75  0.0110
76  0.0130
77  0.0070
78  0.0110
79  0.0140
80  0.0210
81  0.0120
82  0.0090
83  0.0130
84  0.0080
85  0.0140
86  0.0060
87  0.0040
88  0.0090
89  0.0070
90  0.0090
91  0.0150
92  0.0090
93  0.0150
94  0.0090
95  0.0140
96  0.0080
97  0.0120
98  0.0090
99  0.0110
100  0.0100
101  0.0100
102  0.0080
103  0.0110
104  0.0060
105  0.0130
106  0.0100
107  0.0140
108  0.0120
109  0.0060
110  0.0050
111  0.0050
112  0.0140
113  0.0050
114  0.0060
115  0.0050
116  0.0030
117  0.0020
118  0.0070
119  0.0060
120  0.0040
121  0.0040
122  0.0080
123  0.0070
124  0.0060
125  0.0040
126  0.0040
127  0.0080
128  0.0050
129  0.0050
130  0.0030
131  0.0050
132  0.0040
133  0.0050
134  0.0030
135  0.0060
136  0.0040
137  0.0040
138  0.0050
139  0.0040
140  0.0040
141  0.0050
142  0.0030
143  0.0050
144  0.0050
145  0.0040
146  0.0060
147  0.0030
148  0.0030
149  0.0060
150  0.0050
151  0.0010
152  0.0030
153  0.0060
154  0.0050
155  0.0030
156  0.0050
157  0.0010
158  0.0070
159  0.0050
160  0.0030
161  0.0030
162  0.0020
163  0.0030
164  0.0040
165  0.0020
166  0.0030
167  0.0030
168  0.0010
169  0.0040
170  0.0010
171  0.0020
172  0.0010
174  0.0020
175  0.0010
177  0.0010
178  0.0020
179  0.0080
180  0.0030
181  0.0020
182  0.0040
183  0.0020
184  0.0040
185  0.0030
186  0.0020
187  0.0040
188  0.0020
189  0.0030
190  0.0010
191  0.0020
192  0.0030
193  0.0010
194  0.0030
195  0.0020
196  0.0010
197  0.0030
198  0.0040
199  0.0010
200  0.0040
201  0.0020
202  0.0030
203  0.0030
205  0.0040
206  0.0040
207  0.0030
208  0.0020
209  0.0010
210  0.0040
212  0.0030
213  0.0020
214  0.0040
216  0.0050
217  0.0020
219  0.0030
221  0.0020
222  0.0040
223  0.0020
224  0.0010
225  0.0010
226  0.0010
227  0.0040
229  0.0010
230  0.0050
231  0.0010
232  0.0010
234  0.0010
235  0.0020
236  0.0030
237  0.0040
238  0.0020
240  0.0030
241  0.0010
243  0.0040
244  0.0010
245  0.0020
246  0.0020
247  0.0020
248  0.0010
249  0.0020
250  0.0020
251  0.0030
252  0.0010
253  0.0010
255  0.0010
256  0.0030
257  0.0010
258  0.0020
259  0.0020
263  0.0050
264  0.0010
265  0.0010
266  0.0050
267  0.0030
270  0.0010
271  0.0020
273  0.0010
274  0.0030
275  0.0010
276  0.0010
277  0.0020
278  0.0030
279  0.0030
280  0.0010
281  0.0010
282  0.0020
285  0.0020
286  0.0020
287  0.0010
288  0.0010
289  0.0020
291  0.0030
292  0.0010
293  0.0030
294  0.0020
295  0.0020
296  0.0040
299  0.0010
300  0.0010
302  0.0010
304  0.0010
306  0.0020
307  0.0050
308  0.0010
309  0.0010
310  0.0020
312  0.0020
313  0.0020
315  0.0010
316  0.0010
318  0.0020
319  0.0020
320  0.0010
322  0.0030
325  0.0020
326  0.0010
327  0.0010
330  0.0020
331  0.0010
332  0.0010
333  0.0010
335  0.0010
337  0.0010
338  0.0020
339  0.0010
341  0.0020
342  0.0020
343  0.0020
344  0.0010
346  0.0010
347  0.0010
348  0.0010
349  0.0010
350  0.0010
351  0.0010
352  0.0010
353  0.0010
355  0.0010
356  0.0020
357  0.0010
359  0.0010
360  0.0020
362  0.0010
365  0.0010
370  0.0010
373  0.0010
375  0.0010
376  0.0030
378  0.0010
379  0.0010
385  0.0010
386  0.0020
387  0.0010
388  0.0010
390  0.0010
392  0.0010
393  0.0010
394  0.0030
395  0.0010
396  0.0010
398  0.0010
399  0.0020
400  0.0010
401  0.0010
403  0.0010
404  0.0010
408  0.0020
412  0.0020
413  0.0010
415  0.0010
419  0.0010
421  0.0010
423  0.0010
426  0.0020
429  0.0010
430  0.0010
432  0.0010
436  0.0010
441  0.0010
442  0.0010
443  0.0010
444  0.0010
445  0.0020
447  0.0020
448  0.0020
449  0.0020
450  0.0010
452  0.0010
455  0.0010
457  0.0020
458  0.0020
460  0.0010
463  0.0010
464  0.0010
465  0.0020
469  0.0030
470  0.0020
472  0.0010
473  0.0010
476  0.0020
480  0.0010
481  0.0010
486  0.0010
488  0.0010
491  0.0010
494  0.0010
495  0.0010
498  0.0010
500  0.0010
501  0.0020
505  0.0010
506  0.0020
509  0.0020
510  0.0010
512  0.0010
515  0.0010
516  0.0010
518  0.0020
519  0.0010
521  0.0010
522  0.0020
524  0.0010
527  0.0010
535  0.0020
537  0.0010
539  0.0010
543  0.0010
544  0.0010
545  0.0010
554  0.0010
559  0.0010
562  0.0010
563  0.0020
566  0.0010
571  0.0010
573  0.0010
577  0.0020
580  0.0020
585  0.0010
590  0.0010
591  0.0010
592  0.0010
597  0.0010
607  0.0010
608  0.0010
609  0.0010
610  0.0010
611  0.0010
613  0.0010
617  0.0020
619  0.0020
622  0.0020
625  0.0010
627  0.0010
628  0.0010
632  0.0010
633  0.0010
638  0.0010
639  0.0010
642  0.0020
643  0.0010
645  0.0010
650  0.0020
651  0.0010
655  0.0010
661  0.0010
662  0.0010
664  0.0010
666  0.0020
672  0.0010
673  0.0010
674  0.0010
675  0.0010
678  0.0010
682  0.0010
688  0.0020
690  0.0020
694  0.0010
695  0.0010
700  0.0020
701  0.0010
704  0.0010
705  0.0010
707  0.0020
709  0.0020
711  0.0010
714  0.0010
719  0.0010
720  0.0010
723  0.0010
729  0.0010
731  0.0010
739  0.0010
741  0.0010
742  0.0010
746  0.0040
748  0.0020
751  0.0010
752  0.0010
753  0.0010
756  0.0010
757  0.0010
759  0.0020
760  0.0010
763  0.0010
767  0.0010
768  0.0010
770  0.0010
771  0.0020
773  0.0010
776  0.0020
777  0.0010
782  0.0010
787  0.0010
788  0.0010
789  0.0020
792  0.0010
795  0.0010
797  0.0010
801  0.0010
804  0.0010
806  0.0020
807  0.0010
808  0.0010
809  0.0010
810  0.0010
814  0.0010
817  0.0010
818  0.0010
819  0.0010
820  0.0010
822  0.0010
825  0.0020
827  0.0010
829  0.0020
832  0.0010
836  0.0020
838  0.0020
839  0.0020
840  0.0010
843  0.0010
846  0.0010
847  0.0010
848  0.0010
849  0.0020
851  0.0030
854  0.0010
855  0.0010
856  0.0010
857  0.0020
858  0.0010
862  0.0010
865  0.0010
869  0.0010
870  0.0010
872  0.0010
874  0.0030
876  0.0010
877  0.0020
878  0.0010
879  0.0020
880  0.0010
882  0.0010
883  0.0010
885  0.0010
888  0.0010
889  0.0010
891  0.0010
896  0.0010
897  0.0010
899  0.0010
903  0.0010
904  0.0020
906  0.0010
907  0.0010
908  0.0010
909  0.0010
910  0.0010
911  0.0010
912  0.0010
918  0.0010
919  0.0010
922  0.0030
923  0.0020
924  0.0010
926  0.0010
927  0.0010
928  0.0010
929  0.0010
931  0.0020
932  0.0010
934  0.0010
936  0.0010
938  0.0010
939  0.0020
941  0.0010
945  0.0010
949  0.0020
951  0.0010
953  0.0010
955  0.0020
957  0.0020
958  0.0010
959  0.0010
960  0.0030
961  0.0010
963  0.0010
964  0.0010
966  0.0010
967  0.0010
968  0.0030
969  0.0010
970  0.0020
971  0.0020
973  0.0030
978  0.0010
981  0.0020
983  0.0030
987  0.0010
988  0.0010
989  0.0010
990  0.0010
991  0.0010
992  0.0010
993  0.0020
994  0.0010
995  0.0020
998  0.0010
999  0.0020
1000  0.0020
1001  0.0020
1003  0.0010
1004  0.0010
1005  0.0010
1006  0.0010
1008  0.0010
1009  0.0010
1010  0.0030
1012  0.0020
1014  0.0010
1015  0.0010
1016  0.0020
1017  0.0020
1018  0.0010
1020  0.0020
1022  0.0030
1023  0.0020
1025  0.0010
1026  0.0010
1027  0.0010
1029  0.0010
1030  0.0020
1031  0.0020
1032  0.0020
1033  0.0020
1034  0.0020
1037  0.0020
1039  0.0010
1040  0.0020
1044  0.0010
1045  0.0010
1046  0.0030
1047  0.0010
1048  0.0020
1049  0.0030
1051  0.0030
1052  0.0020
1055  0.0010
1058  0.0020
1062  0.0010
1063  0.0010
1065  0.0010
1067  0.0010
1070  0.0040
1071  0.0040
1073  0.0010
1074  0.0010
1076  0.0030
1077  0.0020
1079  0.0040
1080  0.0030
1081  0.0010
1082  0.0040
1083  0.0030
1085  0.0020
1087  0.0010
1089  0.0010
1090  0.0010
1092  0.0010
1093  0.0010
1094  0.0040
1096  0.0010
1098  0.0010
1099  0.0030
1100  0.0020
1101  0.0020
1102  0.0020
1103  0.0010
1104  0.0010
1105  0.0010
1106  0.0010
1110  0.0030
1111  0.0020
1112  0.0030
1113  0.0010
1115  0.0010
1116  0.0030
1117  0.0040
1120  0.0020
1121  0.0020
1122  0.0030
1124  0.0020
1128  0.0010
1131  0.0020
1132  0.0020
1133  0.0030
1135  0.0010
1136  0.0010
1137  0.0010
1138  0.0010
1139  0.0010
1140  0.0020
1141  0.0030
1142  0.0010
1143  0.0030
1144  0.0020
1146  0.0020
1148  0.0050
1149  0.0020
1150  0.0030
1152  0.0020
1154  0.0010
1156  0.0030
1158  0.0030
1159  0.0010
1160  0.0020
1163  0.0020
1164  0.0010
1165  0.0030
1167  0.0020
1168  0.0030
1169  0.0030
1170  0.0020
1171  0.0020
1172  0.0040
1173  0.0010
1174  0.0010
1175  0.0040
1176  0.0020
1177  0.0020
1178  0.0030
1179  0.0030
1180  0.0010
1181  0.0020
1182  0.0020
1184  0.0030
1185  0.0010
1187  0.0020
1189  0.0030
1190  0.0020
1192  0.0030
1193  0.0010
1194  0.0020
1195  0.0010
1196  0.0010
1199  0.0010
1200  0.0010
1201  0.0040
1202  0.0020
1203  0.0010
1204  0.0020
1205  0.0020
1206  0.0020
1207  0.0030
1209  0.0010
1211  0.0010
1212  0.0020
1213  0.0030
1215  0.0010
1216  0.0020
1217  0.0020
1218  0.0010
1219  0.0010
1220  0.0010
1221  0.0010
1223  0.0010
1224  0.0020
1225  0.0070
1227  0.0010
1228  0.0010
1230  0.0020
1231  0.0030
1232  0.0010
1234  0.0020
1235  0.0040
1236  0.0030
1237  0.0010
1238  0.0010
1239  0.0010
1241  0.0010
1242  0.0030
1243  0.0020
1244  0.0030
1245  0.0010
1246  0.0030
1247  0.0020
1248  0.0020
1249  0.0020
1251  0.0020
1252  0.0030
1253  0.0020
1254  0.0030
1255  0.0050
1256  0.0010
1257  0.0010
1258  0.0040
1259  0.0040
1260  0.0020
1261  0.0020
1262  0.0030
1263  0.0040
1264  0.0010
1265  0.0020
1266  0.0020
1267  0.0020
1268  0.0010
1269  0.0010
1270  0.0010
1272  0.0020
1273  0.0050
1274  0.0020
1275  0.0020
1276  0.0010
1277  0.0010
1279  0.0020
1280  0.0010
1282  0.0030
1284  0.0060
1285  0.0020
1287  0.0020
1288  0.0010
1290  0.0040
1291  0.0020
1292  0.0030
1293  0.0040
1294  0.0010
1295  0.0010
1296  0.0030
1297  0.0030
1298  0.0060
1299  0.0030
1300  0.0010
1301  0.0010
1302  0.0010
1303  0.0010
1304  0.0020
1305  0.0010
1306  0.0020
1308  0.0050
1311  0.0010
1312  0.0010
1313  0.0010
1314  0.0010
1315  0.0030
1316  0.0010
1317  0.0020
1318  0.0020
1319  0.0030
1320  0.0030
1323  0.0010
1324  0.0020
1325  0.0040
1326  0.0030
1327  0.0010
1328  0.0050
1329  0.0010
1330  0.0020
1331  0.0010
1332  0.0010
1334  0.0010
1335  0.0030
1336  0.0010
1337  0.0040
1338  0.0020
1339  0.0050
1340  0.0020
1341  0.0020
1342  0.0010
1343  0.0020
1345  0.0010
1347  0.0030
1348  0.0050
1349  0.0030
1350  0.0010
1351  0.0030
1352  0.0010
1353  0.0020
1354  0.0050
1355  0.0030
1356  0.0060
1357  0.0010
1358  0.0050
1359  0.0010
1360  0.0020
1361  0.0020
1362  0.0010
1363  0.0010
1364  0.0020
1365  0.0040
1366  0.0050
1367  0.0020
1368  0.0010
1370  0.0030
1371  0.0050
1372  0.0020
1374  0.0010
1378  0.0020
1379  0.0010
1380  0.0040
1381  0.0010
1383  0.0040
1384  0.0010
1385  0.0030
1387  0.0030
1388  0.0020
1389  0.0020
1390  0.0030
1392  0.0010
1393  0.0020
1394  0.0030
1395  0.0040
1396  0.0010
1397  0.0020
1398  0.0050
1399  0.0010
1400  0.0040
1401  0.0020
1403  0.0010
1404  0.0020
1406  0.0020
1407  0.0030
1408  0.0010
1411  0.0010
1412  0.0010
1413  0.0020
1414  0.0020
1418  0.0010
1419  0.0020
1420  0.0010
1421  0.0020
1422  0.0020
1423  0.0010
1425  0.0020
1426  0.0010
1427  0.0040
1428  0.0010
1430  0.0010
1431  0.0010
1435  0.0020
1437  0.0010
1440  0.0010
1443  0.0030
1445  0.0020
1449  0.0010
1450  0.0010
1454  0.0020
1457  0.0010
1459  0.0010
1460  0.0010
1463  0.0010
1468  0.0010
1476  0.0020
1478  0.0010
1479  0.0010
1490  0.0010
1491  0.0010
1497  0.0010
1499  0.0010
1500  0.0010
1507  0.0010
1508  0.0010
1521  0.0010
