1  158.0290
2  47.1640
3  28.6970
4  18.3420
5  12.7350
6  9.0220
7  6.6870
8  5.1030
9  3.8800
10  3.0330
11  2.3580
12  1.9840
13  1.4740
14  1.2910
15  1.0280
16  0.8410
17  0.6770
18  0.5570
19  0.4780
20  0.4470
21  0.3270
22  0.2680
23  0.2470
24  0.2040
25  0.1750
26  0.1390
27  0.1400
28  0.1020
29  0.1040
30  0.0890
31  0.0530
32  0.0650
33  0.0600
34  0.0410
35  0.0300
36  0.0330
37  0.0260
38  0.0210
39  0.0300
40  0.0180
41  0.0170
42  0.0100
43  0.0120
44  0.0080
45  0.0130
46  0.0120
47  0.0050
48  0.0040
49  0.0020
50  0.0010
51  0.0010
52  0.0010
53  0.0040
54  0.0010
55  0.0010
56  0.0010
57  0.0030
58  0.0020
59  0.0040
60  0.0010
61  0.0010
64  0.0010
65  0.0010
66  0.0010
68  0.0010
69  0.0010
72  0.0010
81  0.0010
