1  172.6350
2  51.3750
3  30.3990
4  18.7090
5  12.4170
6  8.6250
7  6.1800
8  4.3640
9  3.4150
10  2.4120
11  1.9200
12  1.4730
13  1.1750
14  0.9070
15  0.7330
16  0.5470
17  0.4470
18  0.3610
19  0.3000
20  0.2450
21  0.1880
22  0.1290
23  0.1030
24  0.1000
25  0.0890
26  0.0660
27  0.0480
28  0.0460
29  0.0400
30  0.0360
31  0.0300
32  0.0190
33  0.0120
34  0.0080
35  0.0210
36  0.0090
37  0.0150
38  0.0030
39  0.0090
40  0.0070
41  0.0020
42  0.0030
43  0.0040
44  0.0020
45  0.0010
46  0.0010
48  0.0020
49  0.0020
54  0.0020
