1  23.1090
2  4.1530
3  2.3320
4  1.3390
5  0.8740
6  0.6040
7  0.4750
8  0.3680
9  0.2430
10  0.2220
11  0.1780
12  0.1580
13  0.1250
14  0.1050
15  0.0970
16  0.0750
17  0.0710
18  0.0660
19  0.0690
20  0.0500
21  0.0490
22  0.0370
23  0.0340
24  0.0240
25  0.0390
26  0.0230
27  0.0300
28  0.0290
29  0.0180
30  0.0270
31  0.0210
32  0.0130
33  0.0240
34  0.0250
35  0.0110
36  0.0100
37  0.0170
38  0.0090
39  0.0120
40  0.0110
41  0.0110
42  0.0140
43  0.0070
44  0.0060
45  0.0100
46  0.0030
47  0.0100
48  0.0070
49  0.0090
50  0.0050
51  0.0020
52  0.0050
53  0.0040
54  0.0060
55  0.0060
56  0.0030
57  0.0040
58  0.0090
59  0.0050
60  0.0060
61  0.0070
62  0.0040
63  0.0010
64  0.0030
65  0.0030
66  0.0030
67  0.0050
68  0.0020
69  0.0030
70  0.0050
71  0.0020
72  0.0010
73  0.0010
74  0.0020
75  0.0020
76  0.0040
77  0.0030
78  0.0020
79  0.0010
80  0.0030
81  0.0040
82  0.0030
83  0.0010
84  0.0030
85  0.0040
86  0.0010
87  0.0030
90  0.0010
91  0.0020
93  0.0040
94  0.0010
97  0.0020
98  0.0010
99  0.0020
100  0.0010
101  0.0010
102  0.0010
103  0.0010
104  0.0010
105  0.0010
106  0.0040
107  0.0010
109  0.0030
110  0.0010
113  0.0010
114  0.0020
118  0.0010
119  0.0020
120  0.0010
121  0.0020
122  0.0010
123  0.0010
124  0.0010
128  0.0020
129  0.0010
131  0.0010
136  0.0010
139  0.0010
140  0.0010
143  0.0010
145  0.0010
146  0.0010
153  0.0010
156  0.0010
163  0.0010
164  0.0010
166  0.0010
170  0.0010
175  0.0010
177  0.0010
178  0.0010
186  0.0010
188  0.0020
198  0.0010
212  0.0010
217  0.0020
230  0.0010
232  0.0020
240  0.0010
241  0.0010
247  0.0010
257  0.0010
266  0.0010
307  0.0020
312  0.0010
319  0.0020
342  0.0010
370  0.0010
383  0.0010
554  0.0010
696  0.0010
726  0.0010
745  0.0010
1041  0.0010
1126  0.0010
1198  0.0010
1213  0.0010
1232  0.0010
1234  0.0010
1243  0.0010
1245  0.0010
1257  0.0010
1261  0.0010
1265  0.0010
1274  0.0010
1278  0.0010
1279  0.0010
1280  0.0010
1290  0.0010
1293  0.0010
1298  0.0020
1305  0.0010
1306  0.0020
1312  0.0010
1316  0.0010
1342  0.0010
1343  0.0010
1345  0.0010
1346  0.0010
1349  0.0010
1354  0.0010
1357  0.0010
1364  0.0010
1366  0.0010
1368  0.0010
1370  0.0010
1373  0.0010
1376  0.0010
1377  0.0010
1379  0.0010
1385  0.0010
1389  0.0010
1390  0.0010
1391  0.0010
1393  0.0020
1397  0.0010
1398  0.0010
1399  0.0010
1402  0.0010
1405  0.0010
1409  0.0010
1410  0.0010
1411  0.0010
1416  0.0010
1421  0.0010
1422  0.0020
1423  0.0010
1425  0.0010
1426  0.0030
1427  0.0010
1433  0.0010
1437  0.0010
1440  0.0020
1441  0.0020
1442  0.0010
1444  0.0020
1445  0.0010
1449  0.0020
1450  0.0030
1451  0.0040
1452  0.0010
1454  0.0020
1455  0.0010
1456  0.0020
1457  0.0040
1459  0.0040
1462  0.0010
1463  0.0020
1464  0.0020
1465  0.0010
1466  0.0030
1470  0.0010
1471  0.0010
1473  0.0020
1475  0.0010
1476  0.0010
1477  0.0010
1478  0.0010
1479  0.0030
1480  0.0020
1481  0.0020
1482  0.0020
1483  0.0010
1484  0.0050
1485  0.0010
1486  0.0060
1487  0.0020
1488  0.0040
1489  0.0020
1490  0.0050
1491  0.0020
1492  0.0010
1493  0.0020
1494  0.0030
1495  0.0030
1496  0.0010
1498  0.0010
1499  0.0010
1500  0.0010
1501  0.0020
1502  0.0030
1503  0.0060
1504  0.0030
1505  0.0040
1506  0.0020
1507  0.0070
1508  0.0010
1509  0.0020
1510  0.0040
1511  0.0020
1512  0.0020
1513  0.0060
1514  0.0010
1515  0.0070
1516  0.0050
1517  0.0010
1518  0.0030
1519  0.0040
1520  0.0020
1521  0.0040
1522  0.0020
1523  0.0010
1524  0.0080
1525  0.0040
1526  0.0050
1527  0.0030
1528  0.0040
1529  0.0020
1530  0.0050
1531  0.0030
1532  0.0060
1533  0.0050
1534  0.0040
1535  0.0030
1536  0.0030
1537  0.0050
1538  0.0020
1539  0.0030
1540  0.0030
1541  0.0050
1542  0.0070
1543  0.0080
1544  0.0070
1545  0.0030
1546  0.0050
1547  0.0020
1548  0.0050
1549  0.0020
1550  0.0060
1551  0.0020
1552  0.0050
1553  0.0040
1554  0.0030
1555  0.0030
1556  0.0070
1557  0.0050
1558  0.0070
1559  0.0030
1560  0.0020
1561  0.0090
1562  0.0070
1563  0.0080
1564  0.0030
1565  0.0080
1566  0.0070
1567  0.0050
1568  0.0080
1569  0.0040
1570  0.0050
1571  0.0100
1572  0.0060
1573  0.0050
1574  0.0050
1575  0.0040
1576  0.0050
1577  0.0010
1578  0.0060
1579  0.0020
1580  0.0070
1581  0.0080
1582  0.0080
1583  0.0080
1584  0.0080
1585  0.0110
1586  0.0030
1587  0.0070
1588  0.0070
1589  0.0080
1590  0.0070
1591  0.0100
1592  0.0120
1593  0.0050
1594  0.0080
1595  0.0050
1596  0.0140
1597  0.0060
1598  0.0110
1599  0.0080
1600  0.0050
1601  0.0060
1602  0.0040
1603  0.0050
1604  0.0040
1605  0.0120
1606  0.0060
1607  0.0110
1608  0.0080
1609  0.0040
1610  0.0060
1611  0.0070
1612  0.0050
1613  0.0070
1614  0.0100
1615  0.0030
1616  0.0060
1617  0.0040
1618  0.0060
1619  0.0080
1620  0.0050
1621  0.0070
1622  0.0010
1623  0.0070
1624  0.0080
1625  0.0070
1626  0.0040
1627  0.0040
1628  0.0070
1629  0.0050
1630  0.0040
1631  0.0010
1632  0.0040
1633  0.0030
1634  0.0050
1635  0.0070
1636  0.0070
1637  0.0070
1638  0.0030
1639  0.0040
1640  0.0040
1641  0.0030
1642  0.0040
1643  0.0020
1644  0.0030
1645  0.0040
1646  0.0010
1647  0.0040
1648  0.0050
1649  0.0040
1650  0.0050
1651  0.0020
1652  0.0040
1653  0.0030
1654  0.0030
1655  0.0030
1656  0.0040
1658  0.0040
1659  0.0010
1660  0.0010
1661  0.0030
1662  0.0030
1663  0.0020
1664  0.0020
1665  0.0030
1666  0.0010
1667  0.0010
1669  0.0050
1670  0.0030
1671  0.0020
1672  0.0030
1674  0.0010
1679  0.0010
1680  0.0010
1681  0.0010
1682  0.0010
1683  0.0010
1685  0.0010
1686  0.0020
1689  0.0010
1691  0.0010
1693  0.0010
1701  0.0010
1718  0.0010
