1  10.2070
2  0.7960
3  0.3075
4  0.1345
5  0.0555
6  0.0420
7  0.0250
8  0.0175
9  0.0105
10  0.0070
11  0.0055
12  0.0025
13  0.0025
14  0.0010
15  0.0015
16  0.0010
17  0.0015
18  0.0010
19  0.0005
20  0.0005
21  0.0005
22  0.0005
23  0.0005
24  0.0010
25  0.0005
32  0.0005
8031  0.0005
8045  0.0005
8061  0.0005
8065  0.0005
8074  0.0010
8076  0.0005
8080  0.0005
8082  0.0005
8083  0.0010
8086  0.0015
8087  0.0005
8088  0.0005
8089  0.0005
8090  0.0005
8092  0.0005
8098  0.0010
8099  0.0005
8100  0.0015
8101  0.0005
8102  0.0015
8103  0.0005
8104  0.0010
8105  0.0010
8106  0.0010
8107  0.0015
8108  0.0005
8109  0.0025
8110  0.0005
8111  0.0035
8112  0.0015
8113  0.0010
8114  0.0010
8115  0.0035
8116  0.0025
8117  0.0025
8118  0.0005
8119  0.0015
8120  0.0035
8121  0.0025
8122  0.0020
8123  0.0020
8124  0.0025
8125  0.0035
8126  0.0040
8127  0.0045
8128  0.0035
8129  0.0035
8130  0.0030
8131  0.0040
8132  0.0035
8133  0.0030
8134  0.0045
8135  0.0035
8136  0.0020
8137  0.0030
8138  0.0055
8139  0.0065
8140  0.0055
8141  0.0040
8142  0.0025
8143  0.0060
8144  0.0115
8145  0.0055
8146  0.0070
8147  0.0080
8148  0.0090
8149  0.0050
8150  0.0090
8151  0.0060
8152  0.0070
8153  0.0045
8154  0.0080
8155  0.0060
8156  0.0085
8157  0.0075
8158  0.0105
8159  0.0080
8160  0.0080
8161  0.0075
8162  0.0075
8163  0.0110
8164  0.0080
8165  0.0100
8166  0.0120
8167  0.0140
8168  0.0100
8169  0.0055
8170  0.0105
8171  0.0100
8172  0.0085
8173  0.0105
8174  0.0105
8175  0.0055
8176  0.0135
8177  0.0090
8178  0.0060
8179  0.0130
8180  0.0135
8181  0.0105
8182  0.0090
8183  0.0100
8184  0.0090
8185  0.0130
8186  0.0110
8187  0.0110
8188  0.0105
8189  0.0100
8190  0.0065
8191  0.0075
8192  0.0115
8193  0.0105
8194  0.0075
8195  0.0075
8196  0.0110
8197  0.0130
8198  0.0070
8199  0.0110
8200  0.0080
8201  0.0070
8202  0.0085
8203  0.0080
8204  0.0080
8205  0.0060
8206  0.0090
8207  0.0095
8208  0.0090
8209  0.0085
8210  0.0070
8211  0.0065
8212  0.0080
8213  0.0065
8214  0.0135
8215  0.0090
8216  0.0050
8217  0.0105
8218  0.0075
8219  0.0065
8220  0.0095
8221  0.0055
8222  0.0090
8223  0.0065
8224  0.0060
8225  0.0045
8226  0.0085
8227  0.0040
8228  0.0030
8229  0.0045
8230  0.0045
8231  0.0030
8232  0.0040
8233  0.0065
8234  0.0045
8235  0.0060
8236  0.0040
8237  0.0020
8238  0.0070
8239  0.0035
8240  0.0055
8241  0.0045
8242  0.0045
8243  0.0015
8244  0.0030
8245  0.0030
8246  0.0025
8247  0.0035
8248  0.0040
8249  0.0035
8250  0.0025
8251  0.0025
8252  0.0045
8253  0.0020
8254  0.0020
8255  0.0030
8256  0.0005
8257  0.0030
8258  0.0020
8259  0.0020
8260  0.0015
8261  0.0015
8262  0.0015
8263  0.0010
8264  0.0010
8265  0.0020
8267  0.0025
8268  0.0005
8269  0.0015
8270  0.0005
8272  0.0005
8273  0.0030
8274  0.0010
8275  0.0015
8276  0.0015
8277  0.0020
8278  0.0010
8279  0.0010
8280  0.0005
8282  0.0005
8283  0.0005
8284  0.0005
8285  0.0005
8286  0.0005
8287  0.0005
8289  0.0005
8292  0.0005
8293  0.0005
8295  0.0005
8297  0.0005
8300  0.0005
8302  0.0005
8304  0.0005
