1  85.9935
2  13.7945
3  7.3580
4  4.3355
5  2.8540
6  1.8760
7  1.3325
8  1.0360
9  0.7850
10  0.6345
11  0.5010
12  0.4080
13  0.3325
14  0.2855
15  0.2420
16  0.2225
17  0.1955
18  0.1675
19  0.1500
20  0.1275
21  0.1160
22  0.0895
23  0.0825
24  0.0725
25  0.0795
26  0.0620
27  0.0545
28  0.0600
29  0.0525
30  0.0530
31  0.0525
32  0.0445
33  0.0420
34  0.0440
35  0.0300
36  0.0280
37  0.0275
38  0.0250
39  0.0165
40  0.0185
41  0.0215
42  0.0235
43  0.0160
44  0.0200
45  0.0195
46  0.0155
47  0.0140
48  0.0130
49  0.0130
50  0.0130
51  0.0100
52  0.0130
53  0.0090
54  0.0070
55  0.0060
56  0.0130
57  0.0105
58  0.0040
59  0.0065
60  0.0085
61  0.0070
62  0.0075
63  0.0060
64  0.0070
65  0.0055
66  0.0090
67  0.0080
68  0.0065
69  0.0045
70  0.0055
71  0.0045
72  0.0040
73  0.0040
74  0.0055
75  0.0035
76  0.0030
77  0.0025
78  0.0040
79  0.0020
80  0.0035
81  0.0045
82  0.0035
83  0.0030
84  0.0035
85  0.0025
86  0.0030
87  0.0030
88  0.0055
89  0.0025
90  0.0025
91  0.0025
92  0.0030
93  0.0025
94  0.0020
95  0.0025
96  0.0020
97  0.0005
98  0.0010
99  0.0035
100  0.0010
101  0.0015
102  0.0005
103  0.0010
104  0.0010
105  0.0005
106  0.0010
107  0.0015
108  0.0010
109  0.0020
110  0.0035
111  0.0020
112  0.0015
113  0.0020
114  0.0025
115  0.0020
116  0.0010
117  0.0015
118  0.0010
119  0.0010
120  0.0010
121  0.0005
122  0.0005
123  0.0010
124  0.0005
125  0.0015
126  0.0015
127  0.0010
128  0.0005
129  0.0010
130  0.0015
131  0.0010
132  0.0010
133  0.0010
134  0.0015
135  0.0015
136  0.0005
137  0.0010
138  0.0005
140  0.0005
141  0.0010
143  0.0005
145  0.0005
146  0.0005
147  0.0010
149  0.0010
150  0.0005
152  0.0005
153  0.0015
155  0.0020
157  0.0010
160  0.0005
161  0.0010
162  0.0010
163  0.0005
164  0.0005
165  0.0005
167  0.0005
168  0.0010
169  0.0005
171  0.0005
172  0.0005
174  0.0005
178  0.0005
179  0.0005
182  0.0010
183  0.0005
184  0.0005
192  0.0005
193  0.0005
194  0.0005
197  0.0005
199  0.0005
201  0.0005
202  0.0005
208  0.0005
209  0.0005
211  0.0005
215  0.0005
217  0.0005
220  0.0005
221  0.0005
237  0.0015
238  0.0005
247  0.0005
249  0.0005
254  0.0005
256  0.0005
257  0.0010
261  0.0005
263  0.0005
264  0.0005
272  0.0005
286  0.0005
289  0.0005
300  0.0005
308  0.0005
330  0.0005
348  0.0005
369  0.0005
382  0.0005
398  0.0005
408  0.0005
453  0.0005
455  0.0005
548  0.0005
610  0.0005
5648  0.0005
5761  0.0005
5850  0.0005
5875  0.0005
5907  0.0005
5917  0.0005
5921  0.0005
5955  0.0005
5966  0.0005
5967  0.0005
5970  0.0005
5978  0.0005
5982  0.0005
5987  0.0005
6000  0.0005
6001  0.0005
6013  0.0005
6016  0.0005
6028  0.0005
6037  0.0005
6039  0.0005
6046  0.0005
6050  0.0005
6067  0.0005
6069  0.0005
6071  0.0005
6072  0.0005
6077  0.0005
6081  0.0005
6084  0.0010
6086  0.0005
6095  0.0005
6097  0.0005
6100  0.0005
6104  0.0010
6109  0.0005
6110  0.0005
6112  0.0005
6121  0.0005
6123  0.0010
6126  0.0010
6128  0.0010
6131  0.0010
6134  0.0005
6135  0.0005
6136  0.0005
6140  0.0010
6144  0.0010
6145  0.0010
6146  0.0005
6148  0.0005
6149  0.0005
6152  0.0010
6153  0.0010
6155  0.0005
6156  0.0010
6160  0.0010
6161  0.0010
6162  0.0005
6164  0.0010
6166  0.0010
6167  0.0005
6168  0.0005
6169  0.0010
6170  0.0010
6171  0.0015
6172  0.0020
6173  0.0015
6174  0.0005
6175  0.0005
6177  0.0005
6180  0.0005
6181  0.0005
6182  0.0005
6183  0.0015
6184  0.0005
6186  0.0005
6189  0.0010
6190  0.0015
6192  0.0005
6193  0.0015
6194  0.0005
6195  0.0010
6197  0.0005
6198  0.0005
6199  0.0015
6200  0.0010
6201  0.0020
6202  0.0010
6203  0.0005
6204  0.0010
6205  0.0010
6206  0.0010
6207  0.0005
6208  0.0005
6209  0.0005
6210  0.0005
6212  0.0015
6213  0.0015
6214  0.0010
6217  0.0005
6218  0.0015
6220  0.0010
6224  0.0005
6227  0.0020
6229  0.0010
6230  0.0020
6231  0.0010
6232  0.0005
6233  0.0010
6235  0.0010
6236  0.0010
6237  0.0010
6238  0.0010
6239  0.0015
6240  0.0030
6241  0.0005
6242  0.0005
6243  0.0015
6244  0.0005
6245  0.0005
6246  0.0025
6247  0.0015
6248  0.0010
6249  0.0010
6250  0.0015
6251  0.0005
6252  0.0020
6253  0.0015
6254  0.0015
6255  0.0015
6256  0.0015
6259  0.0010
6260  0.0025
6261  0.0005
6263  0.0010
6264  0.0020
6265  0.0015
6266  0.0005
6267  0.0020
6268  0.0005
6269  0.0015
6270  0.0010
6271  0.0015
6272  0.0025
6273  0.0055
6274  0.0020
6275  0.0005
6276  0.0015
6277  0.0025
6278  0.0020
6279  0.0020
6280  0.0010
6281  0.0025
6282  0.0015
6283  0.0010
6284  0.0035
6285  0.0015
6286  0.0050
6287  0.0030
6288  0.0015
6289  0.0030
6290  0.0035
6291  0.0010
6292  0.0030
6293  0.0025
6294  0.0020
6295  0.0020
6296  0.0020
6297  0.0025
6298  0.0020
6299  0.0030
6300  0.0020
6301  0.0030
6302  0.0020
6303  0.0025
6304  0.0005
6305  0.0030
6306  0.0050
6307  0.0015
6308  0.0015
6310  0.0035
6311  0.0035
6312  0.0025
6313  0.0020
6314  0.0030
6315  0.0025
6316  0.0030
6317  0.0025
6318  0.0025
6319  0.0035
6320  0.0015
6321  0.0010
6322  0.0035
6323  0.0020
6324  0.0040
6325  0.0035
6326  0.0010
6327  0.0020
6328  0.0030
6329  0.0045
6330  0.0040
6331  0.0035
6332  0.0025
6333  0.0040
6334  0.0020
6335  0.0025
6336  0.0040
6337  0.0040
6338  0.0060
6339  0.0025
6340  0.0035
6341  0.0010
6342  0.0040
6343  0.0025
6344  0.0020
6345  0.0020
6346  0.0030
6347  0.0010
6348  0.0030
6349  0.0045
6350  0.0050
6351  0.0030
6352  0.0025
6353  0.0040
6354  0.0015
6355  0.0040
6356  0.0035
6357  0.0045
6358  0.0050
6359  0.0020
6360  0.0035
6361  0.0015
6362  0.0025
6363  0.0020
6364  0.0025
6365  0.0025
6366  0.0030
6367  0.0040
6368  0.0075
6369  0.0035
6370  0.0040
6371  0.0030
6372  0.0025
6373  0.0060
6374  0.0055
6375  0.0030
6376  0.0045
6377  0.0030
6378  0.0035
6379  0.0020
6380  0.0040
6381  0.0030
6382  0.0010
6383  0.0040
6384  0.0040
6385  0.0055
6386  0.0030
6387  0.0055
6388  0.0035
6389  0.0045
6390  0.0020
6391  0.0025
6392  0.0035
6393  0.0025
6394  0.0045
6395  0.0030
6396  0.0025
6397  0.0045
6398  0.0030
6399  0.0035
6400  0.0005
6401  0.0045
6402  0.0030
6403  0.0035
6404  0.0035
6405  0.0020
6406  0.0015
6407  0.0015
6408  0.0030
6409  0.0045
6410  0.0060
6411  0.0035
6412  0.0040
6413  0.0045
6414  0.0015
6415  0.0055
6416  0.0050
6417  0.0040
6418  0.0045
6419  0.0025
6420  0.0030
6421  0.0040
6422  0.0040
6423  0.0010
6424  0.0040
6425  0.0040
6426  0.0040
6427  0.0050
6428  0.0055
6429  0.0035
6430  0.0040
6431  0.0050
6432  0.0035
6433  0.0055
6434  0.0025
6435  0.0030
6436  0.0045
6437  0.0050
6438  0.0045
6439  0.0035
6440  0.0060
6441  0.0025
6442  0.0025
6443  0.0045
6444  0.0020
6445  0.0035
6446  0.0035
6447  0.0055
6448  0.0010
6449  0.0035
6450  0.0035
6451  0.0020
6452  0.0040
6453  0.0055
6454  0.0065
6455  0.0040
6456  0.0045
6457  0.0040
6458  0.0040
6459  0.0040
6460  0.0035
6461  0.0030
6462  0.0035
6463  0.0030
6464  0.0050
6465  0.0040
6466  0.0025
6467  0.0040
6468  0.0075
6469  0.0030
6470  0.0020
6471  0.0020
6472  0.0015
6473  0.0050
6474  0.0015
6475  0.0030
6476  0.0040
6477  0.0040
6478  0.0015
6479  0.0045
6480  0.0025
6481  0.0055
6482  0.0045
6483  0.0040
6484  0.0025
6485  0.0025
6486  0.0050
6487  0.0025
6488  0.0040
6489  0.0025
6490  0.0015
6491  0.0015
6492  0.0035
6493  0.0030
6494  0.0020
6495  0.0045
6496  0.0035
6497  0.0020
6498  0.0055
6499  0.0015
6500  0.0035
6501  0.0020
6502  0.0020
6503  0.0040
6504  0.0030
6505  0.0050
6506  0.0015
6507  0.0020
6508  0.0040
6509  0.0015
6510  0.0025
6511  0.0015
6512  0.0030
6513  0.0020
6514  0.0020
6515  0.0010
6516  0.0030
6517  0.0020
6518  0.0030
6519  0.0015
6520  0.0005
6521  0.0025
6522  0.0025
6523  0.0025
6524  0.0015
6526  0.0030
6527  0.0015
6528  0.0015
6529  0.0015
6530  0.0015
6531  0.0025
6532  0.0005
6533  0.0020
6534  0.0005
6535  0.0010
6536  0.0020
6537  0.0010
6538  0.0025
6539  0.0020
6540  0.0005
6541  0.0005
6542  0.0020
6543  0.0010
6544  0.0025
6545  0.0005
6546  0.0015
6547  0.0015
6548  0.0005
6549  0.0010
6550  0.0025
6552  0.0010
6554  0.0010
6555  0.0005
6556  0.0020
6558  0.0025
6559  0.0015
6560  0.0015
6562  0.0010
6565  0.0010
6567  0.0010
6568  0.0005
6569  0.0005
6570  0.0010
6571  0.0010
6572  0.0005
6573  0.0005
6574  0.0005
6575  0.0010
6576  0.0010
6578  0.0020
6580  0.0005
6581  0.0020
6582  0.0010
6584  0.0015
6585  0.0010
6586  0.0005
6587  0.0005
6588  0.0005
6589  0.0005
6590  0.0010
6592  0.0005
6593  0.0010
6594  0.0005
6597  0.0005
6598  0.0010
6599  0.0005
6605  0.0005
6609  0.0020
6612  0.0005
6620  0.0005
6625  0.0005
6627  0.0005
6629  0.0005
6630  0.0005
6635  0.0005
6636  0.0005
6677  0.0005
6713  0.0005
6720  0.0005
