1  11.8620
2  1.6460
3  0.8620
4  0.5200
5  0.2560
6  0.1930
7  0.1460
8  0.0880
9  0.0740
10  0.0550
11  0.0520
12  0.0490
13  0.0410
14  0.0310
15  0.0230
16  0.0160
17  0.0160
18  0.0120
19  0.0110
20  0.0130
21  0.0150
22  0.0080
23  0.0040
24  0.0080
25  0.0060
26  0.0050
27  0.0070
28  0.0020
29  0.0030
30  0.0030
31  0.0030
32  0.0030
33  0.0010
34  0.0010
35  0.0020
36  0.0020
37  0.0010
38  0.0020
39  0.0010
42  0.0010
43  0.0020
44  0.0020
47  0.0010
48  0.0010
51  0.0010
55  0.0010
62  0.0010
63  0.0010
64  0.0010
65  0.0020
67  0.0010
69  0.0010
89  0.0010
118  0.0010
125  0.0010
1617  0.0010
1634  0.0010
1649  0.0010
1665  0.0010
1666  0.0010
1671  0.0010
1674  0.0010
1681  0.0010
1684  0.0010
1702  0.0010
1704  0.0020
1708  0.0010
1711  0.0010
1713  0.0010
1714  0.0020
1715  0.0020
1716  0.0010
1720  0.0040
1721  0.0020
1725  0.0010
1727  0.0020
1728  0.0020
1729  0.0010
1730  0.0030
1731  0.0030
1732  0.0010
1733  0.0010
1734  0.0020
1735  0.0030
1736  0.0010
1737  0.0020
1738  0.0020
1739  0.0020
1740  0.0020
1742  0.0030
1743  0.0030
1744  0.0040
1745  0.0020
1746  0.0030
1747  0.0010
1748  0.0050
1749  0.0030
1750  0.0040
1751  0.0070
1752  0.0030
1753  0.0050
1754  0.0050
1755  0.0020
1756  0.0030
1757  0.0050
1758  0.0040
1759  0.0100
1760  0.0080
1761  0.0050
1762  0.0070
1763  0.0040
1764  0.0090
1765  0.0070
1766  0.0070
1767  0.0080
1768  0.0070
1769  0.0160
1770  0.0080
1771  0.0070
1772  0.0140
1773  0.0140
1774  0.0120
1775  0.0090
1776  0.0110
1777  0.0100
1778  0.0140
1779  0.0110
1780  0.0080
1781  0.0080
1782  0.0090
1783  0.0130
1784  0.0080
1785  0.0090
1786  0.0170
1787  0.0070
1788  0.0080
1789  0.0160
1790  0.0070
1791  0.0190
1792  0.0080
1793  0.0130
1794  0.0210
1795  0.0140
1796  0.0100
1797  0.0160
1798  0.0130
1799  0.0110
1800  0.0080
1801  0.0100
1802  0.0180
1803  0.0120
1804  0.0190
1805  0.0150
1806  0.0140
1807  0.0130
1808  0.0110
1809  0.0210
1810  0.0120
1811  0.0150
1812  0.0080
1813  0.0110
1814  0.0140
1815  0.0130
1816  0.0050
1817  0.0030
1818  0.0070
1819  0.0070
1820  0.0100
1821  0.0100
1822  0.0120
1823  0.0100
1824  0.0120
1825  0.0130
1826  0.0050
1827  0.0080
1828  0.0110
1829  0.0060
1830  0.0130
1831  0.0040
1832  0.0040
1833  0.0040
1834  0.0080
1835  0.0040
1836  0.0050
1837  0.0040
1838  0.0050
1839  0.0040
1840  0.0050
1841  0.0040
1842  0.0020
1843  0.0010
1844  0.0030
1845  0.0060
1846  0.0030
1847  0.0030
1848  0.0020
1849  0.0020
1850  0.0040
1851  0.0030
1852  0.0020
1854  0.0010
1855  0.0040
1856  0.0020
1857  0.0020
1859  0.0040
1863  0.0020
1865  0.0020
1866  0.0010
1870  0.0020
1873  0.0010
1874  0.0010
1880  0.0010
