1  748.5085
2  219.2605
3  121.5990
4  72.1600
5  44.9720
6  29.3755
7  19.8375
8  13.6175
9  9.5635
10  6.7385
11  4.8410
12  3.5785
13  2.6015
14  1.8630
15  1.3820
16  1.0615
17  0.8010
18  0.5855
19  0.4360
20  0.3335
21  0.2515
22  0.1960
23  0.1395
24  0.1065
25  0.0860
26  0.0620
27  0.0495
28  0.0450
29  0.0350
30  0.0205
31  0.0200
32  0.0140
33  0.0110
34  0.0065
35  0.0070
36  0.0030
37  0.0055
38  0.0020
39  0.0015
40  0.0015
41  0.0020
42  0.0020
43  0.0005
44  0.0010
46  0.0010
47  0.0010
57  0.0005
62  0.0005
