1  4.1930
2  0.2460
3  0.0850
4  0.0380
5  0.0150
6  0.0110
7  0.0010
8  0.0020
10  0.0020
11  0.0020
13  0.0010
8492  0.0010
8495  0.0010
8498  0.0010
8501  0.0010
8505  0.0010
8508  0.0020
8511  0.0010
8512  0.0010
8513  0.0010
8514  0.0010
8515  0.0010
8517  0.0020
8518  0.0010
8519  0.0010
8521  0.0020
8522  0.0020
8523  0.0030
8524  0.0010
8525  0.0030
8526  0.0010
8527  0.0040
8529  0.0030
8530  0.0010
8531  0.0010
8532  0.0010
8534  0.0010
8535  0.0020
8536  0.0030
8537  0.0030
8538  0.0050
8539  0.0020
8540  0.0030
8541  0.0020
8543  0.0020
8544  0.0070
8545  0.0040
8546  0.0040
8547  0.0050
8548  0.0060
8549  0.0040
8550  0.0040
8551  0.0020
8552  0.0070
8553  0.0060
8554  0.0040
8555  0.0070
8556  0.0060
8557  0.0060
8558  0.0060
8559  0.0030
8560  0.0040
8561  0.0040
8562  0.0090
8563  0.0120
8564  0.0070
8565  0.0060
8566  0.0080
8567  0.0060
8568  0.0080
8569  0.0070
8570  0.0070
8571  0.0070
8572  0.0060
8573  0.0050
8574  0.0080
8575  0.0110
8576  0.0180
8577  0.0130
8578  0.0130
8579  0.0100
8580  0.0090
8581  0.0110
8582  0.0100
8583  0.0130
8584  0.0120
8585  0.0090
8586  0.0090
8587  0.0120
8588  0.0170
8589  0.0110
8590  0.0190
8591  0.0170
8592  0.0170
8593  0.0080
8594  0.0150
8595  0.0110
8596  0.0100
8597  0.0070
8598  0.0090
8599  0.0160
8600  0.0120
8601  0.0170
8602  0.0090
8603  0.0110
8604  0.0110
8605  0.0080
8606  0.0110
8607  0.0140
8608  0.0160
8609  0.0060
8610  0.0130
8611  0.0120
8612  0.0110
8613  0.0130
8614  0.0060
8615  0.0100
8616  0.0050
8617  0.0120
8618  0.0090
8619  0.0050
8620  0.0130
8621  0.0110
8622  0.0070
8623  0.0050
8624  0.0080
8625  0.0060
8626  0.0100
8627  0.0070
8628  0.0060
8629  0.0080
8630  0.0080
8631  0.0060
8632  0.0040
8633  0.0100
8634  0.0030
8635  0.0060
8636  0.0050
8637  0.0050
8638  0.0040
8639  0.0040
8640  0.0070
8641  0.0050
8642  0.0050
8643  0.0030
8644  0.0020
8645  0.0090
8646  0.0020
8647  0.0040
8648  0.0070
8649  0.0030
8650  0.0020
8651  0.0050
8652  0.0040
8653  0.0010
8654  0.0040
8655  0.0030
8656  0.0030
8657  0.0030
8658  0.0020
8660  0.0030
8661  0.0010
8662  0.0010
8663  0.0020
8665  0.0010
8666  0.0010
8668  0.0010
8669  0.0020
8671  0.0020
8672  0.0030
8674  0.0020
8678  0.0010
8679  0.0010
8680  0.0010
8681  0.0020
8685  0.0010
8710  0.0010
