1  24.7135
2  2.4725
3  1.0995
4  0.5530
5  0.2840
6  0.1760
7  0.1275
8  0.0785
9  0.0540
10  0.0470
11  0.0310
12  0.0250
13  0.0155
14  0.0180
15  0.0095
16  0.0110
17  0.0070
18  0.0070
19  0.0040
20  0.0070
21  0.0020
22  0.0055
23  0.0030
24  0.0020
25  0.0015
27  0.0005
28  0.0020
29  0.0005
31  0.0010
32  0.0015
34  0.0005
37  0.0005
39  0.0005
44  0.0005
45  0.0005
50  0.0005
54  0.0005
68  0.0005
7494  0.0005
7507  0.0005
7510  0.0005
7511  0.0005
7518  0.0005
7524  0.0005
7526  0.0005
7537  0.0005
7539  0.0015
7540  0.0005
7541  0.0005
7542  0.0005
7543  0.0010
7544  0.0010
7546  0.0005
7550  0.0005
7551  0.0010
7554  0.0020
7555  0.0025
7556  0.0020
7557  0.0010
7558  0.0020
7559  0.0015
7560  0.0010
7561  0.0010
7563  0.0010
7564  0.0005
7565  0.0010
7566  0.0020
7567  0.0005
7568  0.0030
7569  0.0025
7570  0.0025
7571  0.0015
7572  0.0010
7573  0.0015
7574  0.0005
7575  0.0010
7576  0.0025
7577  0.0010
7578  0.0015
7579  0.0025
7580  0.0020
7581  0.0030
7582  0.0025
7583  0.0030
7584  0.0020
7585  0.0025
7586  0.0020
7587  0.0035
7588  0.0025
7589  0.0025
7590  0.0025
7591  0.0050
7592  0.0035
7593  0.0030
7594  0.0035
7595  0.0010
7596  0.0040
7597  0.0025
7598  0.0035
7599  0.0020
7600  0.0050
7601  0.0040
7602  0.0065
7603  0.0040
7604  0.0070
7605  0.0060
7606  0.0055
7607  0.0070
7608  0.0035
7609  0.0070
7610  0.0060
7611  0.0045
7612  0.0060
7613  0.0040
7614  0.0065
7615  0.0050
7616  0.0060
7617  0.0045
7618  0.0060
7619  0.0075
7620  0.0070
7621  0.0055
7622  0.0055
7623  0.0060
7624  0.0080
7625  0.0045
7626  0.0095
7627  0.0060
7628  0.0060
7629  0.0070
7630  0.0060
7631  0.0095
7632  0.0065
7633  0.0070
7634  0.0050
7635  0.0065
7636  0.0070
7637  0.0090
7638  0.0090
7639  0.0080
7640  0.0080
7641  0.0055
7642  0.0125
7643  0.0100
7644  0.0045
7645  0.0105
7646  0.0075
7647  0.0070
7648  0.0075
7649  0.0090
7650  0.0075
7651  0.0075
7652  0.0095
7653  0.0095
7654  0.0055
7655  0.0095
7656  0.0105
7657  0.0115
7658  0.0065
7659  0.0050
7660  0.0085
7661  0.0100
7662  0.0075
7663  0.0095
7664  0.0090
7665  0.0130
7666  0.0065
7667  0.0090
7668  0.0100
7669  0.0100
7670  0.0090
7671  0.0055
7672  0.0070
7673  0.0075
7674  0.0055
7675  0.0080
7676  0.0055
7677  0.0065
7678  0.0050
7679  0.0100
7680  0.0125
7681  0.0055
7682  0.0100
7683  0.0070
7684  0.0100
7685  0.0060
7686  0.0090
7687  0.0060
7688  0.0060
7689  0.0075
7690  0.0030
7691  0.0050
7692  0.0060
7693  0.0055
7694  0.0065
7695  0.0080
7696  0.0080
7697  0.0040
7698  0.0035
7699  0.0050
7700  0.0040
7701  0.0060
7702  0.0080
7703  0.0080
7704  0.0060
7705  0.0070
7706  0.0045
7707  0.0040
7708  0.0040
7709  0.0040
7710  0.0055
7711  0.0035
7712  0.0040
7713  0.0040
7714  0.0045
7715  0.0045
7716  0.0060
7717  0.0025
7718  0.0040
7719  0.0040
7720  0.0030
7721  0.0015
7722  0.0055
7723  0.0040
7724  0.0015
7725  0.0015
7726  0.0040
7727  0.0025
7728  0.0035
7729  0.0045
7730  0.0030
7731  0.0020
7732  0.0010
7733  0.0030
7734  0.0015
7735  0.0015
7736  0.0010
7737  0.0020
7738  0.0030
7739  0.0020
7740  0.0005
7741  0.0020
7742  0.0010
7743  0.0010
7744  0.0030
7745  0.0005
7746  0.0010
7747  0.0005
7748  0.0010
7750  0.0005
7751  0.0020
7752  0.0010
7753  0.0005
7755  0.0010
7756  0.0015
7757  0.0015
7758  0.0005
7760  0.0005
7761  0.0015
7762  0.0010
7764  0.0005
7766  0.0020
7767  0.0005
7768  0.0010
7770  0.0010
7771  0.0010
7772  0.0010
7774  0.0005
7782  0.0005
7784  0.0005
7786  0.0005
7794  0.0005
7798  0.0010
7810  0.0005
7841  0.0005
