1  104.6980
2  18.1900
3  9.9690
4  5.9590
5  4.0870
6  2.8740
7  2.1450
8  1.4750
9  1.2230
10  0.9270
11  0.7860
12  0.6730
13  0.5540
14  0.4670
15  0.4370
16  0.3780
17  0.3160
18  0.3040
19  0.2450
20  0.2090
21  0.2250
22  0.1920
23  0.1730
24  0.1430
25  0.1430
26  0.1300
27  0.1270
28  0.1150
29  0.1000
30  0.0800
31  0.0550
32  0.0650
33  0.0700
34  0.0550
35  0.0590
36  0.0580
37  0.0520
38  0.0540
39  0.0530
40  0.0490
41  0.0420
42  0.0440
43  0.0460
44  0.0280
45  0.0380
46  0.0370
47  0.0380
48  0.0210
49  0.0280
50  0.0220
51  0.0250
52  0.0240
53  0.0370
54  0.0280
55  0.0170
56  0.0250
57  0.0260
58  0.0210
59  0.0230
60  0.0140
61  0.0220
62  0.0160
63  0.0150
64  0.0100
65  0.0140
66  0.0130
67  0.0120
68  0.0070
69  0.0170
70  0.0150
71  0.0170
72  0.0150
73  0.0150
74  0.0140
75  0.0200
76  0.0140
77  0.0110
78  0.0030
79  0.0100
80  0.0110
81  0.0020
82  0.0080
83  0.0070
84  0.0020
85  0.0040
86  0.0080
87  0.0050
88  0.0090
89  0.0040
90  0.0110
91  0.0090
92  0.0050
93  0.0060
94  0.0070
95  0.0080
96  0.0080
97  0.0040
98  0.0080
99  0.0060
100  0.0070
101  0.0020
102  0.0050
103  0.0070
104  0.0060
105  0.0010
106  0.0040
107  0.0080
108  0.0080
109  0.0070
110  0.0020
111  0.0080
112  0.0010
113  0.0020
114  0.0060
115  0.0040
116  0.0030
117  0.0050
118  0.0070
119  0.0020
120  0.0040
121  0.0030
122  0.0050
123  0.0010
124  0.0010
125  0.0030
126  0.0030
127  0.0030
128  0.0010
129  0.0050
130  0.0040
131  0.0030
132  0.0020
133  0.0010
134  0.0010
135  0.0020
136  0.0050
137  0.0030
138  0.0030
139  0.0010
140  0.0030
141  0.0040
142  0.0010
143  0.0020
144  0.0010
145  0.0010
146  0.0020
147  0.0030
148  0.0020
149  0.0020
150  0.0030
151  0.0020
152  0.0010
153  0.0010
154  0.0030
155  0.0030
156  0.0010
157  0.0010
158  0.0030
159  0.0010
160  0.0010
161  0.0020
162  0.0020
163  0.0010
164  0.0020
165  0.0010
166  0.0020
167  0.0010
168  0.0030
170  0.0020
171  0.0030
172  0.0020
175  0.0040
176  0.0020
179  0.0010
180  0.0030
181  0.0020
182  0.0020
183  0.0020
184  0.0010
186  0.0010
187  0.0010
189  0.0010
190  0.0010
191  0.0020
192  0.0020
194  0.0020
195  0.0010
198  0.0030
199  0.0010
201  0.0020
202  0.0010
204  0.0010
205  0.0010
206  0.0040
208  0.0020
213  0.0020
215  0.0010
216  0.0010
217  0.0010
218  0.0010
220  0.0010
221  0.0020
222  0.0030
225  0.0010
227  0.0020
228  0.0010
229  0.0010
232  0.0030
234  0.0010
235  0.0020
236  0.0010
237  0.0020
240  0.0020
244  0.0010
245  0.0010
247  0.0010
251  0.0010
254  0.0030
255  0.0010
261  0.0010
262  0.0010
268  0.0020
269  0.0020
273  0.0020
274  0.0010
284  0.0020
294  0.0010
299  0.0030
305  0.0010
308  0.0010
309  0.0010
317  0.0010
320  0.0010
321  0.0010
325  0.0020
327  0.0020
328  0.0010
329  0.0010
333  0.0010
336  0.0010
338  0.0010
339  0.0010
351  0.0010
359  0.0010
368  0.0010
373  0.0010
385  0.0010
386  0.0010
395  0.0010
400  0.0010
413  0.0010
421  0.0010
428  0.0010
465  0.0010
486  0.0010
494  0.0010
506  0.0010
537  0.0010
538  0.0010
561  0.0010
588  0.0010
640  0.0010
641  0.0010
658  0.0010
752  0.0010
841  0.0010
894  0.0010
904  0.0010
978  0.0010
1165  0.0010
1374  0.0010
1687  0.0010
3617  0.0010
4491  0.0010
4793  0.0010
4817  0.0010
4974  0.0010
5067  0.0010
5120  0.0010
5152  0.0010
5160  0.0010
5161  0.0010
5190  0.0010
5222  0.0010
5289  0.0010
5321  0.0010
5351  0.0010
5361  0.0010
5398  0.0010
5437  0.0010
5438  0.0010
5441  0.0010
5445  0.0010
5446  0.0010
5459  0.0010
5460  0.0010
5464  0.0020
5473  0.0010
5486  0.0010
5489  0.0010
5504  0.0010
5520  0.0010
5521  0.0010
5526  0.0010
5544  0.0010
5556  0.0010
5565  0.0010
5577  0.0010
5587  0.0010
5592  0.0010
5594  0.0010
5598  0.0010
5600  0.0010
5604  0.0010
5608  0.0010
5609  0.0010
5612  0.0010
5622  0.0010
5623  0.0010
5624  0.0020
5625  0.0010
5629  0.0020
5634  0.0010
5640  0.0010
5641  0.0010
5643  0.0010
5646  0.0020
5647  0.0010
5650  0.0010
5653  0.0010
5654  0.0010
5662  0.0020
5664  0.0010
5667  0.0010
5669  0.0010
5676  0.0020
5678  0.0030
5682  0.0010
5686  0.0010
5688  0.0010
5690  0.0010
5693  0.0010
5703  0.0020
5705  0.0020
5706  0.0010
5707  0.0010
5710  0.0030
5713  0.0020
5714  0.0010
5715  0.0010
5717  0.0020
5718  0.0010
5720  0.0030
5721  0.0010
5723  0.0010
5724  0.0020
5725  0.0030
5726  0.0010
5728  0.0010
5729  0.0010
5732  0.0020
5735  0.0010
5737  0.0010
5739  0.0010
5740  0.0010
5742  0.0010
5744  0.0010
5745  0.0020
5747  0.0010
5748  0.0010
5749  0.0020
5752  0.0010
5760  0.0010
5762  0.0010
5763  0.0010
5765  0.0010
5767  0.0010
5768  0.0010
5772  0.0030
5773  0.0010
5774  0.0010
5775  0.0010
5780  0.0030
5781  0.0010
5782  0.0010
5784  0.0020
5785  0.0010
5786  0.0020
5788  0.0020
5792  0.0020
5794  0.0010
5802  0.0030
5804  0.0010
5805  0.0010
5806  0.0010
5808  0.0010
5810  0.0020
5811  0.0010
5812  0.0010
5813  0.0010
5814  0.0020
5815  0.0010
5816  0.0010
5819  0.0010
5821  0.0010
5822  0.0020
5823  0.0020
5824  0.0020
5825  0.0040
5826  0.0020
5827  0.0010
5828  0.0030
5830  0.0030
5831  0.0010
5832  0.0010
5833  0.0010
5835  0.0010
5836  0.0020
5839  0.0010
5840  0.0010
5841  0.0010
5842  0.0020
5843  0.0010
5844  0.0010
5845  0.0010
5846  0.0020
5848  0.0030
5849  0.0040
5850  0.0030
5851  0.0020
5852  0.0010
5853  0.0030
5854  0.0020
5855  0.0010
5857  0.0030
5858  0.0020
5859  0.0010
5860  0.0020
5861  0.0010
5862  0.0010
5863  0.0010
5865  0.0010
5866  0.0030
5868  0.0020
5869  0.0020
5870  0.0010
5873  0.0010
5874  0.0020
5875  0.0020
5877  0.0050
5878  0.0010
5879  0.0010
5880  0.0020
5881  0.0040
5882  0.0030
5883  0.0030
5884  0.0030
5885  0.0030
5886  0.0010
5888  0.0010
5889  0.0010
5891  0.0010
5894  0.0020
5895  0.0010
5897  0.0030
5898  0.0020
5899  0.0010
5901  0.0010
5902  0.0020
5903  0.0030
5904  0.0010
5905  0.0020
5909  0.0020
5910  0.0040
5911  0.0040
5912  0.0040
5913  0.0020
5914  0.0010
5915  0.0020
5916  0.0010
5917  0.0030
5918  0.0020
5919  0.0010
5920  0.0040
5921  0.0010
5922  0.0020
5923  0.0010
5925  0.0030
5926  0.0010
5927  0.0020
5928  0.0040
5929  0.0010
5930  0.0010
5933  0.0010
5935  0.0010
5936  0.0010
5937  0.0030
5938  0.0020
5939  0.0010
5940  0.0030
5941  0.0030
5942  0.0020
5944  0.0010
5945  0.0010
5947  0.0010
5948  0.0020
5949  0.0020
5950  0.0030
5952  0.0020
5953  0.0010
5954  0.0010
5955  0.0020
5956  0.0020
5957  0.0020
5958  0.0020
5959  0.0050
5960  0.0040
5961  0.0030
5962  0.0010
5963  0.0030
5965  0.0010
5966  0.0020
5967  0.0020
5968  0.0020
5969  0.0040
5970  0.0050
5971  0.0010
5972  0.0030
5973  0.0030
5974  0.0020
5975  0.0030
5976  0.0030
5977  0.0020
5979  0.0010
5980  0.0030
5981  0.0030
5982  0.0040
5983  0.0020
5984  0.0020
5985  0.0030
5986  0.0010
5987  0.0030
5988  0.0010
5989  0.0030
5990  0.0010
5991  0.0010
5992  0.0010
5993  0.0010
5994  0.0050
5995  0.0020
5996  0.0010
5997  0.0020
5998  0.0040
5999  0.0020
6001  0.0020
6002  0.0010
6003  0.0040
6004  0.0040
6005  0.0030
6007  0.0020
6008  0.0010
6010  0.0030
6011  0.0030
6012  0.0020
6013  0.0040
6015  0.0020
6016  0.0010
6017  0.0020
6018  0.0030
6019  0.0010
6020  0.0010
6021  0.0050
6022  0.0030
6023  0.0010
6024  0.0030
6025  0.0050
6026  0.0010
6027  0.0060
6028  0.0010
6029  0.0030
6030  0.0030
6031  0.0030
6032  0.0020
6033  0.0020
6034  0.0030
6035  0.0010
6036  0.0060
6037  0.0010
6038  0.0040
6039  0.0020
6040  0.0040
6041  0.0020
6042  0.0020
6043  0.0030
6044  0.0040
6046  0.0040
6048  0.0010
6049  0.0010
6050  0.0010
6051  0.0020
6052  0.0030
6053  0.0010
6054  0.0030
6055  0.0020
6056  0.0050
6058  0.0030
6059  0.0040
6060  0.0060
6061  0.0050
6063  0.0050
6064  0.0020
6065  0.0030
6066  0.0030
6067  0.0020
6068  0.0030
6069  0.0010
6070  0.0010
6071  0.0020
6072  0.0060
6073  0.0050
6074  0.0030
6075  0.0020
6076  0.0030
6077  0.0060
6078  0.0050
6079  0.0010
6080  0.0020
6084  0.0040
6085  0.0040
6086  0.0040
6087  0.0040
6088  0.0010
6089  0.0010
6090  0.0030
6091  0.0030
6092  0.0010
6093  0.0030
6095  0.0010
6096  0.0040
6097  0.0030
6098  0.0060
6099  0.0010
6100  0.0030
6102  0.0020
6103  0.0010
6104  0.0030
6105  0.0040
6106  0.0030
6108  0.0010
6109  0.0050
6111  0.0020
6112  0.0030
6113  0.0020
6114  0.0020
6115  0.0020
6116  0.0020
6117  0.0020
6118  0.0010
6119  0.0030
6120  0.0010
6121  0.0040
6122  0.0010
6123  0.0010
6124  0.0030
6126  0.0060
6127  0.0010
6128  0.0030
6129  0.0020
6130  0.0010
6131  0.0020
6132  0.0030
6134  0.0030
6135  0.0020
6136  0.0010
6137  0.0030
6139  0.0040
6140  0.0030
6141  0.0040
6142  0.0020
6143  0.0070
6145  0.0020
6146  0.0030
6147  0.0040
6148  0.0020
6149  0.0010
6150  0.0020
6151  0.0030
6152  0.0030
6153  0.0040
6154  0.0040
6155  0.0010
6156  0.0020
6157  0.0020
6158  0.0030
6159  0.0030
6160  0.0020
6161  0.0020
6162  0.0030
6164  0.0010
6165  0.0020
6166  0.0040
6167  0.0040
6168  0.0020
6169  0.0010
6170  0.0020
6171  0.0010
6174  0.0010
6175  0.0040
6176  0.0020
6178  0.0010
6179  0.0010
6180  0.0020
6181  0.0040
6185  0.0030
6186  0.0010
6187  0.0010
6188  0.0010
6189  0.0020
6191  0.0030
6192  0.0020
6193  0.0020
6194  0.0020
6196  0.0020
6198  0.0020
6199  0.0020
6200  0.0040
6202  0.0020
6205  0.0010
6207  0.0010
6208  0.0010
6209  0.0010
6210  0.0030
6211  0.0020
6212  0.0010
6213  0.0020
6214  0.0030
6215  0.0010
6216  0.0050
6219  0.0010
6220  0.0020
6222  0.0020
6227  0.0010
6228  0.0020
6229  0.0010
6231  0.0020
6232  0.0010
6233  0.0010
6235  0.0010
6238  0.0010
6240  0.0020
6242  0.0020
6243  0.0010
6247  0.0020
6248  0.0010
6249  0.0010
6251  0.0010
6252  0.0010
6254  0.0010
6258  0.0020
6261  0.0010
6265  0.0010
6266  0.0010
6271  0.0010
6272  0.0010
6273  0.0010
6277  0.0010
6281  0.0010
6283  0.0020
6284  0.0010
6285  0.0020
6287  0.0010
6300  0.0020
6303  0.0010
6304  0.0010
6314  0.0010
6319  0.0010
6322  0.0020
6330  0.0010
6343  0.0010
