1  270.7250
2  66.0630
3  40.5460
4  27.3440
5  19.6670
6  14.9880
7  11.5970
8  9.6410
9  7.7890
10  6.7350
11  5.6950
12  4.9460
13  4.4350
14  3.9380
15  3.5340
16  3.1200
17  2.8880
18  2.5620
19  2.3990
20  2.2290
21  1.9910
22  1.9080
23  1.7790
24  1.7100
25  1.5790
26  1.4300
27  1.3080
28  1.2430
29  1.1620
30  1.1200
31  1.0870
32  1.0690
33  0.9980
34  0.9230
35  0.8840
36  0.8350
37  0.7550
38  0.7520
39  0.7050
40  0.7370
41  0.7110
42  0.6520
43  0.5500
44  0.5730
45  0.5780
46  0.5760
47  0.5760
48  0.5290
49  0.4950
50  0.5010
51  0.4710
52  0.4510
53  0.4550
54  0.4120
55  0.4020
56  0.4010
57  0.3430
58  0.3920
59  0.3680
60  0.3290
61  0.3450
62  0.3230
63  0.3280
64  0.2930
65  0.2280
66  0.2930
67  0.3020
68  0.2470
69  0.2420
70  0.2640
71  0.2320
72  0.2680
73  0.2190
74  0.2330
75  0.2020
76  0.2120
77  0.2060
78  0.2120
79  0.2210
80  0.2130
81  0.1760
82  0.2090
83  0.2090
84  0.1750
85  0.1700
86  0.1440
87  0.1640
88  0.1810
89  0.1530
90  0.1810
91  0.1560
92  0.1540
93  0.1420
94  0.1470
95  0.1410
96  0.1330
97  0.1350
98  0.1410
99  0.1430
100  0.1460
101  0.1290
102  0.1200
103  0.1200
104  0.1210
105  0.1320
106  0.1200
107  0.1030
108  0.1120
109  0.1050
110  0.1160
111  0.1050
112  0.1160
113  0.1070
114  0.1000
115  0.0930
116  0.0800
117  0.1150
118  0.0990
119  0.0890
120  0.0870
121  0.0770
122  0.1010
123  0.0750
124  0.0840
125  0.0810
126  0.0700
127  0.0740
128  0.0880
129  0.0840
130  0.0850
131  0.0580
132  0.0730
133  0.0760
134  0.0780
135  0.0860
136  0.0620
137  0.0840
138  0.0720
139  0.0670
140  0.0700
141  0.0700
142  0.0570
143  0.0710
144  0.0500
145  0.0630
146  0.0470
147  0.0660
148  0.0680
149  0.0540
150  0.0530
151  0.0470
152  0.0540
153  0.0430
154  0.0570
155  0.0490
156  0.0460
157  0.0530
158  0.0590
159  0.0410
160  0.0700
161  0.0570
162  0.0360
163  0.0450
164  0.0380
165  0.0280
166  0.0530
167  0.0490
168  0.0420
169  0.0490
170  0.0460
171  0.0350
172  0.0380
173  0.0460
174  0.0470
175  0.0480
176  0.0380
177  0.0340
178  0.0460
179  0.0320
180  0.0380
181  0.0380
182  0.0470
183  0.0350
184  0.0350
185  0.0280
186  0.0330
187  0.0310
188  0.0370
189  0.0280
190  0.0300
191  0.0290
192  0.0310
193  0.0260
194  0.0300
195  0.0380
196  0.0380
197  0.0310
198  0.0340
199  0.0250
200  0.0320
201  0.0280
202  0.0370
203  0.0270
204  0.0330
205  0.0320
206  0.0250
207  0.0280
208  0.0300
209  0.0220
210  0.0280
211  0.0270
212  0.0270
213  0.0140
214  0.0320
215  0.0180
216  0.0220
217  0.0290
218  0.0180
219  0.0290
220  0.0260
221  0.0200
222  0.0260
223  0.0310
224  0.0170
225  0.0180
226  0.0330
227  0.0370
228  0.0180
229  0.0130
230  0.0240
231  0.0240
232  0.0170
233  0.0220
234  0.0180
235  0.0170
236  0.0220
237  0.0220
238  0.0190
239  0.0230
240  0.0190
241  0.0170
242  0.0250
243  0.0180
244  0.0170
245  0.0300
246  0.0230
247  0.0120
248  0.0240
249  0.0120
250  0.0180
251  0.0180
252  0.0140
253  0.0120
254  0.0150
255  0.0190
256  0.0120
257  0.0140
258  0.0140
259  0.0090
260  0.0170
261  0.0150
262  0.0250
263  0.0190
264  0.0110
265  0.0150
266  0.0130
267  0.0150
268  0.0150
269  0.0180
270  0.0170
271  0.0130
272  0.0140
273  0.0130
274  0.0130
275  0.0130
276  0.0160
277  0.0130
278  0.0070
279  0.0180
280  0.0150
281  0.0130
282  0.0110
283  0.0090
284  0.0110
285  0.0120
286  0.0180
287  0.0120
288  0.0140
289  0.0120
290  0.0100
291  0.0130
292  0.0090
293  0.0090
294  0.0130
295  0.0090
296  0.0190
297  0.0090
298  0.0100
299  0.0100
300  0.0110
301  0.0090
302  0.0080
303  0.0120
304  0.0060
305  0.0090
306  0.0120
307  0.0070
308  0.0060
309  0.0120
310  0.0090
311  0.0080
312  0.0110
313  0.0130
314  0.0100
315  0.0120
316  0.0090
317  0.0100
318  0.0070
319  0.0070
320  0.0090
321  0.0110
322  0.0040
323  0.0100
324  0.0030
325  0.0090
326  0.0070
327  0.0060
328  0.0110
329  0.0030
330  0.0080
331  0.0080
332  0.0080
333  0.0080
334  0.0070
335  0.0090
336  0.0080
337  0.0100
338  0.0070
339  0.0060
340  0.0040
341  0.0050
342  0.0050
343  0.0080
344  0.0090
345  0.0060
346  0.0110
347  0.0080
348  0.0040
349  0.0080
350  0.0100
351  0.0060
352  0.0040
353  0.0070
354  0.0040
355  0.0040
356  0.0060
357  0.0020
358  0.0040
359  0.0060
360  0.0040
361  0.0050
362  0.0090
363  0.0050
364  0.0060
365  0.0030
366  0.0030
367  0.0030
368  0.0060
369  0.0050
370  0.0070
371  0.0060
372  0.0060
373  0.0040
374  0.0060
375  0.0050
376  0.0040
377  0.0050
378  0.0070
379  0.0040
380  0.0060
381  0.0070
382  0.0040
383  0.0050
384  0.0040
385  0.0050
386  0.0060
388  0.0070
389  0.0010
390  0.0030
391  0.0050
392  0.0060
393  0.0060
395  0.0050
396  0.0040
397  0.0050
398  0.0030
399  0.0040
400  0.0030
401  0.0040
402  0.0030
403  0.0040
404  0.0050
405  0.0070
406  0.0040
407  0.0040
408  0.0050
409  0.0070
410  0.0040
411  0.0040
412  0.0030
413  0.0020
414  0.0050
415  0.0010
416  0.0040
417  0.0050
418  0.0030
419  0.0060
420  0.0040
421  0.0050
422  0.0070
423  0.0060
424  0.0010
425  0.0050
426  0.0050
427  0.0030
428  0.0040
429  0.0060
430  0.0010
431  0.0060
432  0.0080
433  0.0020
434  0.0030
435  0.0020
436  0.0020
437  0.0010
438  0.0040
439  0.0030
440  0.0020
441  0.0030
442  0.0040
443  0.0020
444  0.0060
445  0.0030
446  0.0030
447  0.0020
449  0.0020
450  0.0050
451  0.0030
452  0.0010
453  0.0050
454  0.0030
455  0.0010
456  0.0020
457  0.0020
458  0.0020
459  0.0020
460  0.0020
462  0.0010
463  0.0030
464  0.0040
465  0.0030
466  0.0020
467  0.0050
468  0.0070
470  0.0020
471  0.0020
472  0.0010
474  0.0030
476  0.0020
477  0.0020
478  0.0050
479  0.0010
480  0.0040
482  0.0020
483  0.0050
484  0.0020
485  0.0010
486  0.0010
487  0.0030
488  0.0010
489  0.0020
490  0.0020
492  0.0020
494  0.0020
495  0.0050
496  0.0050
497  0.0030
498  0.0010
499  0.0020
500  0.0010
501  0.0010
502  0.0020
503  0.0060
504  0.0010
505  0.0020
506  0.0020
507  0.0010
508  0.0040
509  0.0020
510  0.0030
511  0.0040
512  0.0010
513  0.0030
514  0.0010
516  0.0010
517  0.0020
518  0.0040
519  0.0020
520  0.0010
521  0.0010
522  0.0060
523  0.0020
524  0.0010
525  0.0010
526  0.0020
529  0.0030
530  0.0010
531  0.0030
532  0.0010
533  0.0030
536  0.0020
538  0.0020
539  0.0030
540  0.0030
541  0.0020
542  0.0020
546  0.0020
547  0.0010
548  0.0020
550  0.0010
552  0.0030
554  0.0020
555  0.0010
557  0.0020
558  0.0020
561  0.0010
562  0.0030
563  0.0010
564  0.0020
567  0.0030
568  0.0010
569  0.0030
570  0.0020
571  0.0010
572  0.0020
573  0.0010
577  0.0020
580  0.0020
581  0.0020
583  0.0010
585  0.0010
586  0.0030
587  0.0010
588  0.0010
589  0.0020
592  0.0020
593  0.0010
596  0.0010
597  0.0010
599  0.0010
600  0.0010
601  0.0010
602  0.0020
603  0.0010
604  0.0020
606  0.0010
609  0.0020
611  0.0020
613  0.0010
615  0.0020
619  0.0010
620  0.0030
623  0.0020
625  0.0010
626  0.0010
630  0.0010
632  0.0010
633  0.0010
634  0.0010
635  0.0020
636  0.0010
637  0.0010
639  0.0020
644  0.0010
645  0.0010
646  0.0010
649  0.0020
651  0.0010
652  0.0030
657  0.0020
663  0.0010
664  0.0010
666  0.0010
668  0.0010
669  0.0010
670  0.0010
672  0.0010
674  0.0010
679  0.0020
681  0.0010
683  0.0010
685  0.0010
689  0.0010
694  0.0010
698  0.0010
700  0.0010
702  0.0010
704  0.0010
705  0.0020
714  0.0010
715  0.0010
717  0.0010
720  0.0010
726  0.0010
732  0.0010
733  0.0020
734  0.0010
737  0.0010
747  0.0010
748  0.0010
750  0.0010
751  0.0010
756  0.0010
757  0.0010
759  0.0010
761  0.0020
762  0.0010
764  0.0010
767  0.0010
768  0.0010
770  0.0010
772  0.0010
779  0.0010
785  0.0010
789  0.0010
793  0.0010
795  0.0010
796  0.0010
798  0.0010
799  0.0010
810  0.0010
822  0.0010
823  0.0010
825  0.0020
829  0.0010
831  0.0010
839  0.0010
844  0.0010
845  0.0010
853  0.0010
855  0.0010
861  0.0010
869  0.0010
878  0.0020
879  0.0010
886  0.0010
892  0.0010
904  0.0010
905  0.0010
917  0.0010
938  0.0010
945  0.0020
983  0.0010
993  0.0010
995  0.0010
1000  0.0010
1012  0.0010
1055  0.0010
1110  0.0010
1167  0.0010
1172  0.0010
1237  0.0010
