1  84.8170
2  22.2890
3  13.8330
4  9.5820
5  6.9870
6  5.2720
7  4.1380
8  3.4400
9  2.8630
10  2.4050
11  2.1630
12  1.7940
13  1.5760
14  1.3720
15  1.2900
16  1.1070
17  1.0130
18  0.8940
19  0.8590
20  0.7560
21  0.6600
22  0.6510
23  0.5850
24  0.5880
25  0.5330
26  0.4600
27  0.4490
28  0.4260
29  0.3700
30  0.3720
31  0.3390
32  0.3300
33  0.3020
34  0.3050
35  0.2640
36  0.2750
37  0.2620
38  0.2340
39  0.2410
40  0.2060
41  0.1900
42  0.1900
43  0.1790
44  0.1920
45  0.1880
46  0.1850
47  0.1560
48  0.1520
49  0.1540
50  0.1310
51  0.1310
52  0.1380
53  0.1270
54  0.1140
55  0.1060
56  0.1080
57  0.0990
58  0.1070
59  0.0990
60  0.1050
61  0.0820
62  0.0810
63  0.0830
64  0.0970
65  0.0790
66  0.0880
67  0.0800
68  0.0730
69  0.0820
70  0.0680
71  0.0770
72  0.0570
73  0.0420
74  0.0580
75  0.0710
76  0.0490
77  0.0550
78  0.0510
79  0.0590
80  0.0290
81  0.0380
82  0.0500
83  0.0390
84  0.0330
85  0.0530
86  0.0530
87  0.0330
88  0.0490
89  0.0370
90  0.0400
91  0.0320
92  0.0280
93  0.0320
94  0.0280
95  0.0320
96  0.0240
97  0.0280
98  0.0330
99  0.0250
100  0.0260
101  0.0310
102  0.0300
103  0.0350
104  0.0260
105  0.0200
106  0.0250
107  0.0200
108  0.0190
109  0.0230
110  0.0260
111  0.0150
112  0.0140
113  0.0240
114  0.0150
115  0.0250
116  0.0200
117  0.0190
118  0.0160
119  0.0110
120  0.0120
121  0.0140
122  0.0170
123  0.0150
124  0.0150
125  0.0090
126  0.0190
127  0.0120
128  0.0100
129  0.0080
130  0.0070
131  0.0170
132  0.0100
133  0.0070
134  0.0120
135  0.0110
136  0.0060
137  0.0120
138  0.0100
139  0.0080
140  0.0120
141  0.0110
142  0.0110
143  0.0060
144  0.0110
145  0.0070
146  0.0040
147  0.0070
148  0.0040
149  0.0030
150  0.0100
151  0.0050
152  0.0060
153  0.0120
154  0.0070
155  0.0080
156  0.0070
157  0.0090
158  0.0090
159  0.0080
160  0.0080
161  0.0060
162  0.0090
163  0.0100
164  0.0060
165  0.0060
166  0.0050
167  0.0060
168  0.0080
169  0.0060
170  0.0050
171  0.0040
172  0.0050
173  0.0110
174  0.0020
175  0.0030
176  0.0040
177  0.0040
178  0.0020
179  0.0030
180  0.0050
181  0.0050
182  0.0040
183  0.0060
184  0.0070
185  0.0020
186  0.0010
187  0.0010
188  0.0040
189  0.0040
190  0.0050
191  0.0050
192  0.0030
193  0.0020
194  0.0030
195  0.0010
196  0.0020
197  0.0020
198  0.0010
199  0.0040
200  0.0030
201  0.0010
202  0.0040
203  0.0030
205  0.0030
206  0.0050
207  0.0010
208  0.0020
209  0.0010
210  0.0020
211  0.0050
212  0.0010
213  0.0030
214  0.0010
215  0.0030
216  0.0030
217  0.0050
218  0.0010
219  0.0010
220  0.0040
222  0.0020
223  0.0010
224  0.0020
227  0.0010
228  0.0010
229  0.0030
230  0.0020
231  0.0020
232  0.0010
233  0.0010
234  0.0010
235  0.0010
236  0.0020
237  0.0010
239  0.0030
240  0.0030
241  0.0020
244  0.0010
245  0.0020
246  0.0010
247  0.0020
252  0.0020
253  0.0020
254  0.0010
255  0.0020
256  0.0020
262  0.0010
265  0.0010
270  0.0010
271  0.0010
272  0.0010
273  0.0010
276  0.0020
277  0.0010
278  0.0010
279  0.0010
280  0.0010
281  0.0020
282  0.0010
288  0.0010
293  0.0010
298  0.0010
301  0.0010
307  0.0010
308  0.0010
311  0.0010
314  0.0010
326  0.0010
330  0.0010
370  0.0010
389  0.0010
430  0.0010
