1  2.4850
2  0.2520
3  0.0820
4  0.0370
5  0.0230
6  0.0120
7  0.0060
8  0.0010
9  0.0040
10  0.0020
11  0.0010
12  0.0010
14  0.0020
15  0.0010
16  0.0010
17  0.0010
18  0.0030
19  0.0010
1984  0.0010
2002  0.0010
2009  0.0010
2013  0.0010
2015  0.0010
2016  0.0010
2023  0.0010
2026  0.0040
2028  0.0010
2029  0.0020
2030  0.0010
2031  0.0010
2032  0.0030
2033  0.0030
2035  0.0100
2036  0.0050
2037  0.0040
2039  0.0050
2040  0.0040
2041  0.0100
2042  0.0060
2043  0.0080
2044  0.0080
2045  0.0100
2046  0.0070
2047  0.0080
2048  0.0130
2049  0.0070
2050  0.0130
2051  0.0100
2052  0.0090
2053  0.0110
2054  0.0160
2055  0.0060
2056  0.0180
2057  0.0120
2058  0.0100
2059  0.0200
2060  0.0170
2061  0.0240
2062  0.0200
2063  0.0180
2064  0.0160
2065  0.0160
2066  0.0130
2067  0.0200
2068  0.0300
2069  0.0230
2070  0.0210
2071  0.0260
2072  0.0270
2073  0.0190
2074  0.0270
2075  0.0290
2076  0.0120
2077  0.0160
2078  0.0280
2079  0.0210
2080  0.0170
2081  0.0160
2082  0.0170
2083  0.0140
2084  0.0170
2085  0.0180
2086  0.0080
2087  0.0140
2088  0.0100
2089  0.0120
2090  0.0120
2091  0.0110
2092  0.0160
2093  0.0110
2094  0.0090
2095  0.0130
2096  0.0090
2097  0.0100
2098  0.0080
2099  0.0100
2100  0.0100
2101  0.0050
2102  0.0060
2103  0.0060
2104  0.0030
2105  0.0020
2106  0.0040
2107  0.0070
2108  0.0040
2109  0.0020
2110  0.0030
2111  0.0020
2112  0.0030
2113  0.0010
2114  0.0020
2115  0.0030
2116  0.0040
2118  0.0010
2122  0.0020
2123  0.0010
2126  0.0010
2143  0.0010
