1  288.4240
2  71.7590
3  44.3380
4  29.8010
5  21.6290
6  16.5770
7  12.8280
8  10.4120
9  8.8440
10  7.4470
11  6.3040
12  5.6230
13  4.9610
14  4.3190
15  3.9230
16  3.5020
17  3.2410
18  2.9370
19  2.7200
20  2.3920
21  2.2570
22  2.1040
23  1.9810
24  1.8560
25  1.6890
26  1.6050
27  1.4550
28  1.3370
29  1.2990
30  1.2340
31  1.1720
32  1.1300
33  1.0190
34  0.9760
35  0.8840
36  0.9690
37  0.8940
38  0.8170
39  0.8020
40  0.7670
41  0.7420
42  0.6830
43  0.6710
44  0.6190
45  0.6400
46  0.5680
47  0.6220
48  0.5600
49  0.5300
50  0.4600
51  0.4730
52  0.4340
53  0.4160
54  0.4510
55  0.4430
56  0.4380
57  0.4110
58  0.3730
59  0.3820
60  0.3820
61  0.3720
62  0.3550
63  0.3640
64  0.3490
65  0.3340
66  0.2740
67  0.3050
68  0.3050
69  0.2800
70  0.2940
71  0.2830
72  0.2590
73  0.2450
74  0.2610
75  0.2160
76  0.1910
77  0.2280
78  0.2120
79  0.2350
80  0.2010
81  0.1790
82  0.2310
83  0.1930
84  0.1930
85  0.1890
86  0.1500
87  0.2010
88  0.1740
89  0.1810
90  0.1530
91  0.1630
92  0.1410
93  0.1500
94  0.1430
95  0.1610
96  0.1410
97  0.1280
98  0.1230
99  0.1150
100  0.1270
101  0.1400
102  0.1380
103  0.1030
104  0.1090
105  0.1070
106  0.1330
107  0.1020
108  0.1270
109  0.1250
110  0.1190
111  0.1180
112  0.1060
113  0.1020
114  0.1060
115  0.0970
116  0.1130
117  0.1020
118  0.1020
119  0.0920
120  0.1170
121  0.0870
122  0.0750
123  0.0840
124  0.1060
125  0.0750
126  0.0840
127  0.0710
128  0.0860
129  0.0720
130  0.0800
131  0.0580
132  0.0700
133  0.0780
134  0.0790
135  0.0820
136  0.0690
137  0.0570
138  0.0710
139  0.0650
140  0.0660
141  0.0570
142  0.0510
143  0.0450
144  0.0520
145  0.0560
146  0.0430
147  0.0520
148  0.0500
149  0.0510
150  0.0450
151  0.0510
152  0.0480
153  0.0570
154  0.0480
155  0.0520
156  0.0430
157  0.0510
158  0.0430
159  0.0450
160  0.0580
161  0.0490
162  0.0480
163  0.0390
164  0.0470
165  0.0360
166  0.0390
167  0.0460
168  0.0290
169  0.0470
170  0.0450
171  0.0370
172  0.0400
173  0.0400
174  0.0390
175  0.0370
176  0.0350
177  0.0470
178  0.0350
179  0.0290
180  0.0360
181  0.0390
182  0.0320
183  0.0390
184  0.0340
185  0.0290
186  0.0370
187  0.0320
188  0.0210
189  0.0330
190  0.0270
191  0.0330
192  0.0340
193  0.0190
194  0.0140
195  0.0370
196  0.0310
197  0.0190
198  0.0180
199  0.0270
200  0.0230
201  0.0330
202  0.0240
203  0.0200
204  0.0240
205  0.0320
206  0.0170
207  0.0220
208  0.0240
209  0.0190
210  0.0280
211  0.0280
212  0.0280
213  0.0190
214  0.0230
215  0.0260
216  0.0210
217  0.0220
218  0.0120
219  0.0120
220  0.0180
221  0.0240
222  0.0140
223  0.0220
224  0.0130
225  0.0180
226  0.0190
227  0.0210
228  0.0110
229  0.0280
230  0.0160
231  0.0130
232  0.0150
233  0.0200
234  0.0160
235  0.0140
236  0.0220
237  0.0170
238  0.0090
239  0.0140
240  0.0130
241  0.0170
242  0.0150
243  0.0090
244  0.0070
245  0.0140
246  0.0150
247  0.0180
248  0.0150
249  0.0170
250  0.0140
251  0.0110
252  0.0150
253  0.0190
254  0.0100
255  0.0100
256  0.0180
257  0.0110
258  0.0130
259  0.0080
260  0.0080
261  0.0100
262  0.0140
263  0.0140
264  0.0090
265  0.0070
266  0.0060
267  0.0140
268  0.0100
269  0.0140
270  0.0100
271  0.0090
272  0.0130
273  0.0050
274  0.0040
275  0.0090
276  0.0140
277  0.0110
278  0.0140
279  0.0110
280  0.0120
281  0.0070
282  0.0090
283  0.0110
284  0.0100
285  0.0070
286  0.0080
287  0.0080
288  0.0130
289  0.0070
290  0.0080
291  0.0140
292  0.0080
293  0.0100
294  0.0040
295  0.0090
296  0.0100
297  0.0070
298  0.0090
299  0.0050
300  0.0060
301  0.0020
302  0.0090
303  0.0040
304  0.0120
305  0.0030
306  0.0160
307  0.0130
308  0.0080
309  0.0110
310  0.0060
311  0.0120
312  0.0080
313  0.0040
314  0.0080
315  0.0040
316  0.0090
317  0.0060
318  0.0030
319  0.0030
320  0.0050
321  0.0040
322  0.0090
323  0.0060
324  0.0060
325  0.0050
326  0.0040
327  0.0090
328  0.0080
329  0.0060
330  0.0050
331  0.0040
332  0.0040
333  0.0080
334  0.0020
335  0.0030
336  0.0070
337  0.0070
338  0.0050
339  0.0020
340  0.0110
341  0.0030
342  0.0020
343  0.0070
344  0.0030
345  0.0040
346  0.0060
347  0.0040
348  0.0070
349  0.0020
350  0.0030
351  0.0040
352  0.0010
353  0.0040
354  0.0060
355  0.0060
356  0.0030
357  0.0020
359  0.0020
360  0.0040
361  0.0040
362  0.0020
363  0.0050
364  0.0040
365  0.0030
366  0.0030
367  0.0040
368  0.0030
369  0.0020
370  0.0070
371  0.0070
372  0.0020
373  0.0030
374  0.0010
375  0.0010
376  0.0050
377  0.0020
378  0.0050
380  0.0030
382  0.0050
383  0.0020
385  0.0030
386  0.0020
387  0.0030
388  0.0050
389  0.0020
390  0.0020
391  0.0020
393  0.0020
394  0.0020
395  0.0030
396  0.0050
397  0.0020
399  0.0050
400  0.0020
401  0.0020
402  0.0030
403  0.0030
404  0.0020
406  0.0010
407  0.0020
408  0.0020
409  0.0020
410  0.0030
411  0.0040
412  0.0020
413  0.0050
415  0.0010
416  0.0020
417  0.0040
418  0.0030
419  0.0020
420  0.0050
421  0.0010
422  0.0010
423  0.0010
425  0.0030
426  0.0020
427  0.0020
428  0.0010
430  0.0020
431  0.0020
432  0.0020
433  0.0020
434  0.0020
435  0.0040
436  0.0030
437  0.0010
438  0.0010
439  0.0030
440  0.0020
441  0.0020
442  0.0020
443  0.0030
446  0.0020
447  0.0030
449  0.0030
450  0.0010
451  0.0010
452  0.0020
453  0.0010
456  0.0010
457  0.0010
460  0.0010
461  0.0010
462  0.0010
463  0.0010
465  0.0040
469  0.0010
470  0.0010
471  0.0020
472  0.0010
474  0.0010
475  0.0020
476  0.0010
477  0.0020
479  0.0040
480  0.0010
482  0.0020
484  0.0010
487  0.0020
488  0.0020
491  0.0010
492  0.0010
494  0.0010
495  0.0020
496  0.0030
497  0.0020
498  0.0020
500  0.0010
501  0.0010
502  0.0010
507  0.0010
509  0.0020
511  0.0010
512  0.0010
513  0.0020
514  0.0020
516  0.0020
517  0.0010
518  0.0020
521  0.0010
522  0.0010
523  0.0010
525  0.0020
528  0.0030
531  0.0020
532  0.0010
534  0.0030
538  0.0010
542  0.0010
544  0.0010
545  0.0020
546  0.0010
548  0.0010
551  0.0010
552  0.0010
553  0.0010
555  0.0010
557  0.0010
558  0.0020
559  0.0010
560  0.0020
563  0.0010
564  0.0010
570  0.0010
573  0.0010
574  0.0020
579  0.0010
583  0.0010
585  0.0020
587  0.0010
588  0.0010
591  0.0010
594  0.0010
596  0.0010
600  0.0010
602  0.0010
604  0.0010
605  0.0010
607  0.0010
609  0.0010
611  0.0010
618  0.0010
619  0.0020
622  0.0020
630  0.0010
636  0.0010
640  0.0010
641  0.0010
644  0.0010
645  0.0020
654  0.0010
656  0.0010
661  0.0010
664  0.0010
665  0.0010
668  0.0010
671  0.0010
673  0.0010
674  0.0010
690  0.0010
709  0.0010
723  0.0010
732  0.0010
733  0.0010
742  0.0010
743  0.0010
759  0.0010
763  0.0010
806  0.0010
969  0.0010
1066  0.0010
