1  25.6290
2  4.7450
3  2.5660
4  1.5940
5  1.0320
6  0.6890
7  0.5640
8  0.4250
9  0.3380
10  0.2660
11  0.2500
12  0.1940
13  0.1670
14  0.1390
15  0.1200
16  0.1070
17  0.0920
18  0.0880
19  0.0860
20  0.0660
21  0.0620
22  0.0430
23  0.0570
24  0.0420
25  0.0470
26  0.0410
27  0.0280
28  0.0320
29  0.0320
30  0.0270
31  0.0260
32  0.0210
33  0.0260
34  0.0200
35  0.0180
36  0.0220
37  0.0140
38  0.0100
39  0.0160
40  0.0200
41  0.0110
42  0.0150
43  0.0170
44  0.0080
45  0.0050
46  0.0120
47  0.0100
48  0.0060
49  0.0080
50  0.0090
51  0.0100
52  0.0070
53  0.0200
54  0.0060
55  0.0100
56  0.0070
57  0.0080
58  0.0060
59  0.0080
60  0.0040
61  0.0070
62  0.0020
63  0.0060
64  0.0040
65  0.0080
66  0.0080
67  0.0070
68  0.0020
69  0.0040
70  0.0030
71  0.0050
72  0.0040
73  0.0030
74  0.0030
75  0.0040
76  0.0030
77  0.0070
78  0.0010
79  0.0030
80  0.0020
81  0.0020
82  0.0060
83  0.0030
84  0.0020
85  0.0030
86  0.0030
87  0.0030
88  0.0050
89  0.0020
90  0.0020
91  0.0040
92  0.0010
93  0.0020
95  0.0010
96  0.0010
97  0.0020
98  0.0020
99  0.0010
100  0.0040
103  0.0010
104  0.0010
105  0.0020
106  0.0020
107  0.0010
109  0.0030
110  0.0020
116  0.0020
117  0.0010
118  0.0020
119  0.0010
120  0.0030
121  0.0020
122  0.0010
123  0.0020
125  0.0010
126  0.0020
127  0.0010
129  0.0020
131  0.0010
132  0.0010
133  0.0020
135  0.0010
137  0.0010
139  0.0020
141  0.0010
142  0.0010
144  0.0010
145  0.0040
147  0.0010
151  0.0010
152  0.0020
155  0.0020
156  0.0030
161  0.0010
162  0.0020
163  0.0020
167  0.0030
170  0.0010
172  0.0010
173  0.0020
176  0.0010
178  0.0010
180  0.0010
181  0.0020
182  0.0010
188  0.0010
189  0.0010
194  0.0020
197  0.0010
198  0.0010
200  0.0010
205  0.0010
208  0.0010
210  0.0020
213  0.0010
214  0.0010
217  0.0010
218  0.0010
225  0.0010
229  0.0010
233  0.0020
241  0.0010
247  0.0010
251  0.0010
254  0.0010
269  0.0010
270  0.0010
276  0.0010
280  0.0010
297  0.0010
299  0.0010
305  0.0010
318  0.0010
324  0.0010
331  0.0010
357  0.0010
408  0.0010
429  0.0010
437  0.0010
439  0.0010
459  0.0010
464  0.0010
474  0.0010
487  0.0010
502  0.0010
554  0.0010
629  0.0010
741  0.0010
831  0.0010
839  0.0010
865  0.0010
876  0.0010
901  0.0010
940  0.0010
949  0.0010
950  0.0010
953  0.0010
970  0.0010
992  0.0010
1014  0.0010
1021  0.0010
1034  0.0010
1046  0.0010
1051  0.0010
1065  0.0020
1097  0.0010
1109  0.0010
1122  0.0010
1130  0.0010
1148  0.0010
1162  0.0010
1163  0.0020
1180  0.0010
1193  0.0020
1197  0.0010
1198  0.0010
1203  0.0010
1206  0.0010
1209  0.0010
1212  0.0010
1233  0.0010
1234  0.0020
1237  0.0010
1238  0.0030
1240  0.0010
1251  0.0010
1254  0.0010
1255  0.0010
1262  0.0010
1264  0.0010
1265  0.0010
1268  0.0010
1269  0.0010
1278  0.0010
1281  0.0010
1283  0.0020
1284  0.0010
1293  0.0010
1298  0.0010
1302  0.0020
1303  0.0010
1310  0.0020
1312  0.0020
1315  0.0010
1317  0.0010
1319  0.0010
1321  0.0020
1322  0.0010
1330  0.0010
1331  0.0010
1335  0.0010
1340  0.0010
1341  0.0020
1343  0.0010
1344  0.0010
1346  0.0010
1349  0.0010
1351  0.0010
1352  0.0020
1353  0.0010
1354  0.0010
1358  0.0010
1359  0.0020
1360  0.0020
1361  0.0010
1362  0.0010
1364  0.0010
1366  0.0010
1367  0.0010
1368  0.0010
1370  0.0020
1371  0.0010
1373  0.0010
1374  0.0020
1376  0.0030
1377  0.0020
1378  0.0010
1379  0.0010
1381  0.0010
1385  0.0030
1388  0.0010
1389  0.0020
1390  0.0010
1391  0.0020
1392  0.0030
1393  0.0010
1394  0.0020
1395  0.0020
1398  0.0010
1399  0.0020
1400  0.0010
1401  0.0020
1402  0.0020
1403  0.0020
1404  0.0020
1405  0.0010
1406  0.0010
1408  0.0020
1409  0.0010
1410  0.0020
1411  0.0010
1412  0.0010
1413  0.0020
1414  0.0020
1415  0.0020
1416  0.0010
1417  0.0020
1419  0.0030
1421  0.0010
1423  0.0010
1424  0.0010
1426  0.0020
1427  0.0010
1428  0.0010
1431  0.0020
1432  0.0020
1433  0.0010
1434  0.0010
1435  0.0020
1436  0.0050
1437  0.0020
1438  0.0020
1440  0.0060
1442  0.0010
1443  0.0020
1444  0.0050
1445  0.0010
1446  0.0010
1447  0.0030
1448  0.0010
1449  0.0050
1450  0.0010
1451  0.0020
1452  0.0020
1453  0.0010
1454  0.0060
1456  0.0060
1457  0.0020
1458  0.0010
1459  0.0020
1461  0.0010
1462  0.0030
1463  0.0070
1464  0.0030
1465  0.0020
1466  0.0040
1467  0.0050
1468  0.0030
1469  0.0040
1470  0.0020
1471  0.0010
1472  0.0030
1474  0.0020
1475  0.0020
1476  0.0020
1477  0.0020
1478  0.0010
1479  0.0030
1480  0.0040
1481  0.0030
1482  0.0050
1483  0.0040
1484  0.0050
1485  0.0010
1486  0.0030
1487  0.0010
1488  0.0030
1489  0.0030
1490  0.0050
1491  0.0030
1492  0.0050
1493  0.0050
1494  0.0030
1495  0.0050
1496  0.0060
1497  0.0050
1498  0.0050
1499  0.0050
1500  0.0050
1501  0.0070
1502  0.0050
1503  0.0020
1504  0.0050
1505  0.0070
1506  0.0040
1507  0.0020
1508  0.0060
1509  0.0070
1510  0.0030
1511  0.0090
1512  0.0020
1513  0.0060
1514  0.0070
1515  0.0020
1516  0.0020
1517  0.0070
1518  0.0060
1519  0.0060
1520  0.0050
1521  0.0080
1522  0.0080
1523  0.0020
1524  0.0060
1525  0.0100
1526  0.0030
1527  0.0050
1528  0.0030
1529  0.0040
1530  0.0090
1531  0.0030
1532  0.0040
1533  0.0050
1534  0.0050
1535  0.0050
1536  0.0080
1537  0.0020
1538  0.0070
1539  0.0030
1540  0.0090
1541  0.0050
1542  0.0070
1543  0.0060
1544  0.0080
1545  0.0060
1546  0.0070
1547  0.0050
1548  0.0060
1549  0.0040
1550  0.0030
1551  0.0050
1552  0.0050
1553  0.0040
1554  0.0050
1555  0.0070
1556  0.0090
1557  0.0110
1558  0.0120
1559  0.0060
1560  0.0050
1561  0.0050
1562  0.0020
1563  0.0030
1564  0.0050
1565  0.0060
1566  0.0070
1567  0.0110
1568  0.0070
1569  0.0080
1570  0.0050
1571  0.0060
1572  0.0030
1573  0.0080
1574  0.0030
1575  0.0030
1576  0.0040
1577  0.0050
1578  0.0020
1579  0.0040
1580  0.0020
1581  0.0050
1582  0.0100
1583  0.0040
1584  0.0050
1585  0.0080
1586  0.0050
1587  0.0050
1588  0.0070
1589  0.0040
1590  0.0020
1591  0.0010
1592  0.0020
1593  0.0050
1594  0.0060
1595  0.0050
1596  0.0040
1597  0.0060
1598  0.0040
1599  0.0040
1600  0.0040
1601  0.0050
1602  0.0030
1603  0.0010
1604  0.0030
1605  0.0030
1606  0.0040
1607  0.0030
1608  0.0020
1609  0.0040
1611  0.0030
1612  0.0010
1613  0.0020
1614  0.0010
1615  0.0030
1616  0.0010
1617  0.0030
1618  0.0020
1619  0.0020
1620  0.0040
1621  0.0020
1622  0.0030
1623  0.0010
1625  0.0020
1626  0.0020
1627  0.0020
1628  0.0030
1629  0.0010
1631  0.0030
1632  0.0010
1633  0.0030
1634  0.0010
1635  0.0020
1636  0.0020
1637  0.0010
1638  0.0010
1639  0.0030
1640  0.0030
1641  0.0010
1644  0.0010
1645  0.0010
1647  0.0010
1649  0.0010
1651  0.0010
1654  0.0030
1658  0.0010
1659  0.0010
1660  0.0010
1661  0.0010
1666  0.0010
1670  0.0010
1672  0.0010
1673  0.0010
