1  6.7850
2  0.4750
3  0.1850
4  0.0650
5  0.0410
6  0.0170
7  0.0110
8  0.0070
9  0.0050
10  0.0030
11  0.0030
12  0.0030
13  0.0030
15  0.0010
16  0.0020
8282  0.0010
8285  0.0010
8291  0.0010
8300  0.0020
8301  0.0030
8304  0.0010
8305  0.0010
8306  0.0010
8307  0.0010
8309  0.0020
8310  0.0010
8311  0.0010
8313  0.0020
8315  0.0020
8316  0.0020
8317  0.0010
8320  0.0010
8321  0.0030
8322  0.0010
8323  0.0010
8324  0.0010
8325  0.0030
8326  0.0030
8327  0.0040
8328  0.0060
8329  0.0030
8331  0.0060
8333  0.0040
8334  0.0030
8335  0.0040
8336  0.0050
8337  0.0060
8338  0.0050
8339  0.0090
8340  0.0040
8341  0.0030
8342  0.0070
8343  0.0040
8344  0.0040
8345  0.0040
8346  0.0060
8347  0.0060
8348  0.0120
8349  0.0070
8350  0.0040
8351  0.0030
8352  0.0060
8353  0.0050
8354  0.0050
8355  0.0080
8356  0.0060
8357  0.0060
8358  0.0070
8359  0.0100
8360  0.0060
8361  0.0030
8362  0.0070
8363  0.0060
8364  0.0060
8365  0.0060
8366  0.0120
8367  0.0060
8368  0.0110
8369  0.0040
8370  0.0050
8371  0.0080
8372  0.0090
8373  0.0150
8374  0.0110
8375  0.0170
8376  0.0070
8377  0.0090
8378  0.0040
8379  0.0080
8380  0.0090
8381  0.0180
8382  0.0120
8383  0.0120
8384  0.0100
8385  0.0120
8386  0.0060
8387  0.0130
8388  0.0130
8389  0.0140
8390  0.0090
8391  0.0090
8392  0.0070
8393  0.0060
8394  0.0110
8395  0.0120
8396  0.0110
8397  0.0150
8398  0.0130
8399  0.0120
8400  0.0140
8401  0.0120
8402  0.0130
8403  0.0130
8404  0.0090
8405  0.0080
8406  0.0050
8407  0.0110
8408  0.0120
8409  0.0060
8410  0.0140
8411  0.0130
8412  0.0090
8413  0.0130
8414  0.0090
8415  0.0080
8416  0.0080
8417  0.0060
8418  0.0030
8419  0.0070
8420  0.0090
8421  0.0050
8422  0.0070
8423  0.0030
8424  0.0070
8425  0.0070
8426  0.0050
8427  0.0090
8428  0.0090
8429  0.0140
8430  0.0060
8431  0.0060
8432  0.0010
8433  0.0060
8434  0.0020
8435  0.0040
8436  0.0040
8437  0.0040
8438  0.0110
8439  0.0020
8440  0.0020
8441  0.0030
8442  0.0050
8443  0.0060
8444  0.0050
8445  0.0020
8446  0.0010
8447  0.0060
8448  0.0060
8449  0.0040
8450  0.0020
8451  0.0010
8452  0.0050
8453  0.0040
8454  0.0030
8455  0.0030
8457  0.0050
8459  0.0030
8460  0.0010
8461  0.0010
8462  0.0010
8463  0.0020
8464  0.0010
8466  0.0010
8467  0.0030
8468  0.0010
8470  0.0010
8471  0.0030
8472  0.0030
8473  0.0010
8474  0.0010
8475  0.0010
8482  0.0010
8485  0.0020
8488  0.0010
8490  0.0020
8511  0.0010
