1  532.2350
2  155.1860
3  96.5590
4  64.7230
5  45.7150
6  34.2040
7  26.1950
8  20.5570
9  16.5230
10  13.6330
11  11.0680
12  9.4720
13  7.8590
14  6.7080
15  5.6260
16  4.9920
17  4.3740
18  3.6430
19  3.1700
20  2.8380
21  2.4100
22  2.2790
23  1.9060
24  1.6880
25  1.4340
26  1.3010
27  1.1250
28  1.0360
29  0.9640
30  0.7990
31  0.7070
32  0.6870
33  0.6050
34  0.5490
35  0.5140
36  0.4840
37  0.3900
38  0.3640
39  0.2990
40  0.2960
41  0.2840
42  0.2250
43  0.2140
44  0.1930
45  0.1690
46  0.1800
47  0.1200
48  0.1170
49  0.1280
50  0.1130
51  0.1140
52  0.0910
53  0.0850
54  0.0640
55  0.0690
56  0.0610
57  0.0640
58  0.0540
59  0.0550
60  0.0360
61  0.0380
62  0.0400
63  0.0390
64  0.0410
65  0.0360
66  0.0210
67  0.0150
68  0.0160
69  0.0240
70  0.0190
71  0.0230
72  0.0150
73  0.0230
74  0.0110
75  0.0040
76  0.0060
77  0.0110
78  0.0090
79  0.0050
80  0.0150
81  0.0040
82  0.0090
83  0.0050
84  0.0030
85  0.0050
86  0.0060
87  0.0030
88  0.0030
89  0.0030
90  0.0040
91  0.0070
92  0.0020
93  0.0050
94  0.0050
95  0.0010
96  0.0020
97  0.0030
98  0.0030
100  0.0020
101  0.0050
102  0.0010
103  0.0010
105  0.0020
106  0.0020
107  0.0010
108  0.0010
109  0.0010
110  0.0010
120  0.0010
127  0.0010
128  0.0020
139  0.0010
140  0.0010
161  0.0010
