1  0.2370
2  0.0140
3  0.0060
4  0.0010
7  0.0010
17  0.0010
2247  0.0010
2257  0.0010
2261  0.0010
2263  0.0010
2264  0.0010
2265  0.0050
2266  0.0010
2267  0.0010
2268  0.0030
2270  0.0010
2271  0.0040
2272  0.0040
2273  0.0070
2274  0.0060
2275  0.0060
2276  0.0050
2277  0.0050
2278  0.0070
2279  0.0120
2280  0.0120
2281  0.0090
2282  0.0070
2283  0.0090
2284  0.0110
2285  0.0110
2286  0.0170
2287  0.0170
2288  0.0220
2289  0.0210
2290  0.0230
2291  0.0270
2292  0.0390
2293  0.0250
2294  0.0230
2295  0.0330
2296  0.0270
2297  0.0380
2298  0.0190
2299  0.0300
2300  0.0260
2301  0.0210
2302  0.0260
2303  0.0350
2304  0.0320
2305  0.0420
2306  0.0210
2307  0.0280
2308  0.0300
2309  0.0310
2310  0.0210
2311  0.0170
2312  0.0210
2313  0.0150
2314  0.0130
2315  0.0130
2316  0.0100
2317  0.0160
2318  0.0100
2319  0.0090
2320  0.0070
2321  0.0110
2322  0.0100
2323  0.0040
2324  0.0030
2325  0.0060
2326  0.0050
2327  0.0040
2328  0.0060
2329  0.0040
2330  0.0010
2332  0.0020
2333  0.0030
2334  0.0020
2335  0.0010
2336  0.0010
2341  0.0010
