1  0.5750
2  0.0220
3  0.0035
4  0.0025
5  0.0005
6  0.0010
9117  0.0005
9118  0.0005
9119  0.0005
9121  0.0010
9122  0.0005
9123  0.0015
9124  0.0020
9127  0.0005
9128  0.0005
9129  0.0010
9130  0.0005
9131  0.0015
9132  0.0030
9134  0.0010
9135  0.0010
9136  0.0005
9137  0.0005
9138  0.0010
9139  0.0015
9141  0.0015
9143  0.0010
9144  0.0020
9145  0.0020
9146  0.0015
9147  0.0015
9148  0.0040
9149  0.0020
9150  0.0025
9151  0.0015
9152  0.0030
9153  0.0045
9154  0.0020
9155  0.0035
9156  0.0045
9157  0.0040
9158  0.0045
9159  0.0065
9160  0.0065
9161  0.0050
9162  0.0055
9163  0.0075
9164  0.0055
9165  0.0070
9166  0.0070
9167  0.0110
9168  0.0075
9169  0.0055
9170  0.0105
9171  0.0080
9172  0.0075
9173  0.0115
9174  0.0100
9175  0.0075
9176  0.0090
9177  0.0090
9178  0.0110
9179  0.0105
9180  0.0080
9181  0.0125
9182  0.0140
9183  0.0105
9184  0.0175
9185  0.0140
9186  0.0135
9187  0.0095
9188  0.0130
9189  0.0120
9190  0.0150
9191  0.0135
9192  0.0120
9193  0.0130
9194  0.0155
9195  0.0195
9196  0.0130
9197  0.0155
9198  0.0160
9199  0.0100
9200  0.0085
9201  0.0130
9202  0.0165
9203  0.0185
9204  0.0110
9205  0.0145
9206  0.0130
9207  0.0185
9208  0.0100
9209  0.0185
9210  0.0190
9211  0.0185
9212  0.0135
9213  0.0115
9214  0.0100
9215  0.0120
9216  0.0130
9217  0.0115
9218  0.0155
9219  0.0085
9220  0.0110
9221  0.0110
9222  0.0090
9223  0.0075
9224  0.0100
9225  0.0090
9226  0.0085
9227  0.0065
9228  0.0085
9229  0.0095
9230  0.0135
9231  0.0080
9232  0.0055
9233  0.0100
9234  0.0040
9235  0.0060
9236  0.0040
9237  0.0040
9238  0.0040
9239  0.0045
9240  0.0050
9241  0.0035
9242  0.0040
9243  0.0025
9244  0.0045
9245  0.0020
9246  0.0025
9247  0.0030
9248  0.0050
9249  0.0030
9250  0.0040
9251  0.0030
9252  0.0030
9253  0.0015
9254  0.0015
9255  0.0015
9256  0.0005
9257  0.0025
9258  0.0010
9259  0.0015
9260  0.0025
9261  0.0015
9262  0.0020
9263  0.0010
9264  0.0020
9265  0.0005
9269  0.0010
9270  0.0015
9271  0.0010
9273  0.0005
9276  0.0005
9277  0.0005
9279  0.0005
