1  62.1960
2  14.8560
3  9.1360
4  6.2590
5  4.4310
6  3.2990
7  2.5790
8  2.0670
9  1.7250
10  1.4900
11  1.2850
12  1.0330
13  0.9720
14  0.8440
15  0.7540
16  0.7320
17  0.6800
18  0.5680
19  0.5220
20  0.5140
21  0.4730
22  0.3960
23  0.3690
24  0.3700
25  0.3760
26  0.3240
27  0.2560
28  0.2750
29  0.2390
30  0.2670
31  0.2600
32  0.2380
33  0.1880
34  0.1930
35  0.1890
36  0.1800
37  0.1920
38  0.1880
39  0.1950
40  0.1460
41  0.1410
42  0.1470
43  0.1520
44  0.1320
45  0.1280
46  0.1050
47  0.1140
48  0.1160
49  0.1180
50  0.1030
51  0.1060
52  0.1040
53  0.0960
54  0.1010
55  0.0960
56  0.0920
57  0.0970
58  0.0750
59  0.0870
60  0.0760
61  0.0790
62  0.0670
63  0.0730
64  0.0620
65  0.0700
66  0.0610
67  0.0600
68  0.0740
69  0.0470
70  0.0650
71  0.0630
72  0.0600
73  0.0580
74  0.0690
75  0.0640
76  0.0580
77  0.0450
78  0.0490
79  0.0470
80  0.0460
81  0.0530
82  0.0330
83  0.0430
84  0.0510
85  0.0390
86  0.0540
87  0.0400
88  0.0480
89  0.0430
90  0.0500
91  0.0310
92  0.0350
93  0.0410
94  0.0390
95  0.0440
96  0.0350
97  0.0400
98  0.0360
99  0.0320
100  0.0280
101  0.0250
102  0.0370
103  0.0250
104  0.0270
105  0.0310
106  0.0220
107  0.0310
108  0.0240
109  0.0240
110  0.0270
111  0.0220
112  0.0230
113  0.0300
114  0.0230
115  0.0310
116  0.0270
117  0.0160
118  0.0250
119  0.0200
120  0.0280
121  0.0240
122  0.0210
123  0.0180
124  0.0130
125  0.0250
126  0.0210
127  0.0270
128  0.0230
129  0.0210
130  0.0210
131  0.0160
132  0.0130
133  0.0190
134  0.0280
135  0.0180
136  0.0190
137  0.0140
138  0.0120
139  0.0170
140  0.0200
141  0.0130
142  0.0150
143  0.0200
144  0.0170
145  0.0170
146  0.0120
147  0.0130
148  0.0110
149  0.0230
150  0.0100
151  0.0120
152  0.0130
153  0.0070
154  0.0130
155  0.0120
156  0.0220
157  0.0120
158  0.0120
159  0.0160
160  0.0120
161  0.0060
162  0.0160
163  0.0130
164  0.0170
165  0.0160
166  0.0090
167  0.0110
168  0.0130
169  0.0110
170  0.0110
171  0.0130
172  0.0080
173  0.0090
174  0.0080
175  0.0090
176  0.0130
177  0.0090
178  0.0110
179  0.0080
180  0.0120
181  0.0090
182  0.0140
183  0.0070
184  0.0130
185  0.0090
186  0.0060
187  0.0090
188  0.0040
189  0.0080
190  0.0080
191  0.0100
192  0.0100
193  0.0110
194  0.0120
195  0.0090
196  0.0120
197  0.0100
198  0.0140
199  0.0070
200  0.0080
201  0.0040
202  0.0070
203  0.0040
204  0.0040
205  0.0090
206  0.0070
207  0.0080
208  0.0150
209  0.0170
210  0.0110
211  0.0060
212  0.0050
213  0.0110
214  0.0050
215  0.0070
216  0.0050
217  0.0040
218  0.0060
219  0.0070
220  0.0050
221  0.0080
222  0.0090
223  0.0100
224  0.0100
225  0.0040
226  0.0040
227  0.0050
228  0.0030
229  0.0080
230  0.0100
231  0.0080
232  0.0050
233  0.0070
234  0.0040
235  0.0090
236  0.0060
237  0.0050
238  0.0020
239  0.0070
240  0.0030
241  0.0050
242  0.0040
243  0.0080
244  0.0090
245  0.0070
246  0.0040
247  0.0020
248  0.0090
249  0.0050
250  0.0040
251  0.0050
252  0.0040
253  0.0060
254  0.0050
255  0.0020
256  0.0080
257  0.0080
258  0.0060
259  0.0050
260  0.0050
261  0.0130
262  0.0070
263  0.0090
264  0.0080
265  0.0040
266  0.0020
267  0.0020
268  0.0010
269  0.0070
270  0.0050
271  0.0030
272  0.0030
273  0.0050
274  0.0030
275  0.0040
276  0.0040
277  0.0010
278  0.0050
279  0.0010
280  0.0010
281  0.0050
282  0.0020
283  0.0010
284  0.0030
285  0.0060
286  0.0050
287  0.0050
288  0.0020
289  0.0010
290  0.0020
292  0.0040
293  0.0070
294  0.0030
295  0.0080
296  0.0060
297  0.0040
298  0.0010
299  0.0050
300  0.0040
301  0.0070
302  0.0030
304  0.0060
306  0.0010
307  0.0020
309  0.0040
310  0.0040
311  0.0030
312  0.0040
313  0.0060
315  0.0050
316  0.0020
317  0.0050
318  0.0030
319  0.0050
320  0.0010
321  0.0010
322  0.0030
323  0.0040
324  0.0030
325  0.0070
326  0.0050
327  0.0030
328  0.0010
329  0.0030
330  0.0020
331  0.0040
332  0.0030
333  0.0020
334  0.0010
335  0.0020
336  0.0030
337  0.0010
338  0.0030
339  0.0040
340  0.0050
341  0.0060
342  0.0030
343  0.0030
346  0.0020
347  0.0030
348  0.0020
349  0.0020
350  0.0080
352  0.0040
353  0.0040
354  0.0010
356  0.0030
357  0.0030
358  0.0010
359  0.0020
360  0.0040
361  0.0010
362  0.0030
363  0.0010
364  0.0040
365  0.0040
366  0.0010
367  0.0020
368  0.0020
369  0.0010
370  0.0020
371  0.0040
372  0.0020
373  0.0030
374  0.0030
375  0.0020
376  0.0030
380  0.0020
381  0.0020
383  0.0020
384  0.0020
385  0.0020
387  0.0010
388  0.0010
390  0.0010
391  0.0020
392  0.0020
394  0.0020
395  0.0030
396  0.0040
397  0.0020
398  0.0010
399  0.0030
400  0.0010
401  0.0010
402  0.0010
403  0.0020
404  0.0030
406  0.0020
407  0.0020
408  0.0010
409  0.0010
411  0.0030
412  0.0050
413  0.0020
414  0.0020
416  0.0020
417  0.0020
419  0.0040
420  0.0020
421  0.0030
422  0.0010
425  0.0030
426  0.0010
427  0.0010
428  0.0030
429  0.0040
431  0.0020
432  0.0020
433  0.0020
434  0.0010
435  0.0010
436  0.0010
438  0.0010
439  0.0020
440  0.0010
441  0.0020
442  0.0010
443  0.0020
444  0.0010
445  0.0030
446  0.0010
447  0.0010
448  0.0010
449  0.0010
450  0.0010
451  0.0010
452  0.0020
453  0.0020
455  0.0020
456  0.0010
458  0.0020
459  0.0010
462  0.0010
463  0.0020
464  0.0010
467  0.0010
468  0.0010
470  0.0020
471  0.0010
472  0.0010
474  0.0020
476  0.0010
478  0.0010
480  0.0010
481  0.0030
482  0.0010
484  0.0020
485  0.0010
486  0.0010
487  0.0010
488  0.0020
489  0.0010
491  0.0010
492  0.0010
496  0.0020
498  0.0010
504  0.0010
506  0.0020
507  0.0010
508  0.0010
509  0.0010
510  0.0030
511  0.0020
512  0.0020
513  0.0010
515  0.0030
516  0.0010
518  0.0020
519  0.0010
522  0.0010
523  0.0010
524  0.0010
528  0.0020
530  0.0010
532  0.0010
533  0.0010
534  0.0010
538  0.0010
540  0.0010
541  0.0010
542  0.0020
543  0.0010
545  0.0050
546  0.0010
549  0.0020
550  0.0010
551  0.0020
552  0.0010
556  0.0010
559  0.0020
561  0.0020
563  0.0010
564  0.0010
565  0.0020
566  0.0010
567  0.0020
568  0.0010
569  0.0020
572  0.0020
574  0.0010
579  0.0010
580  0.0020
586  0.0010
587  0.0010
598  0.0010
600  0.0010
604  0.0030
606  0.0010
608  0.0010
615  0.0010
617  0.0010
621  0.0010
622  0.0010
625  0.0010
626  0.0010
627  0.0020
628  0.0010
629  0.0020
631  0.0010
634  0.0020
636  0.0010
637  0.0010
638  0.0010
639  0.0010
640  0.0010
641  0.0010
644  0.0010
645  0.0010
649  0.0010
652  0.0010
654  0.0010
662  0.0010
663  0.0020
664  0.0020
667  0.0010
670  0.0020
671  0.0010
673  0.0030
674  0.0010
675  0.0010
681  0.0010
684  0.0010
694  0.0010
698  0.0020
707  0.0010
715  0.0010
716  0.0010
720  0.0020
723  0.0010
728  0.0010
730  0.0010
733  0.0010
738  0.0010
739  0.0010
745  0.0010
748  0.0010
753  0.0010
755  0.0010
757  0.0010
759  0.0010
772  0.0010
780  0.0010
783  0.0010
784  0.0010
785  0.0010
789  0.0010
797  0.0010
818  0.0010
826  0.0010
836  0.0010
840  0.0010
852  0.0010
874  0.0010
930  0.0010
968  0.0010
