1  49.5790
2  11.1360
3  6.9150
4  4.5320
5  3.2740
6  2.3060
7  1.8120
8  1.4320
9  1.1530
10  1.1060
11  0.8770
12  0.7150
13  0.6810
14  0.5960
15  0.4920
16  0.4510
17  0.4010
18  0.3660
19  0.3340
20  0.3220
21  0.2750
22  0.2800
23  0.2430
24  0.2270
25  0.2240
26  0.1960
27  0.1850
28  0.1860
29  0.1680
30  0.1460
31  0.1380
32  0.1500
33  0.1390
34  0.1170
35  0.1480
36  0.1270
37  0.1150
38  0.1020
39  0.1090
40  0.0840
41  0.0930
42  0.1060
43  0.0820
44  0.0940
45  0.0800
46  0.0710
47  0.0710
48  0.0780
49  0.0830
50  0.0860
51  0.0600
52  0.0760
53  0.0610
54  0.0580
55  0.0460
56  0.0620
57  0.0530
58  0.0540
59  0.0530
60  0.0550
61  0.0440
62  0.0460
63  0.0480
64  0.0480
65  0.0480
66  0.0390
67  0.0500
68  0.0350
69  0.0410
70  0.0360
71  0.0350
72  0.0430
73  0.0410
74  0.0300
75  0.0300
76  0.0300
77  0.0330
78  0.0360
79  0.0310
80  0.0350
81  0.0340
82  0.0350
83  0.0320
84  0.0330
85  0.0280
86  0.0300
87  0.0270
88  0.0220
89  0.0310
90  0.0240
91  0.0360
92  0.0280
93  0.0300
94  0.0170
95  0.0230
96  0.0170
97  0.0310
98  0.0250
99  0.0190
100  0.0240
101  0.0250
102  0.0140
103  0.0180
104  0.0260
105  0.0260
106  0.0300
107  0.0160
108  0.0120
109  0.0210
110  0.0270
111  0.0150
112  0.0140
113  0.0200
114  0.0170
115  0.0160
116  0.0190
117  0.0120
118  0.0090
119  0.0250
120  0.0250
121  0.0180
122  0.0110
123  0.0200
124  0.0120
125  0.0220
126  0.0150
127  0.0140
128  0.0150
129  0.0120
130  0.0090
131  0.0180
132  0.0140
133  0.0120
134  0.0130
135  0.0100
136  0.0070
137  0.0110
138  0.0110
139  0.0180
140  0.0140
141  0.0140
142  0.0140
143  0.0150
144  0.0060
145  0.0080
146  0.0150
147  0.0130
148  0.0150
149  0.0150
150  0.0100
151  0.0160
152  0.0160
153  0.0140
154  0.0070
155  0.0070
156  0.0120
157  0.0060
158  0.0100
159  0.0080
160  0.0050
161  0.0110
162  0.0110
163  0.0090
164  0.0100
165  0.0120
166  0.0100
167  0.0100
168  0.0100
169  0.0040
170  0.0130
171  0.0120
172  0.0090
173  0.0080
174  0.0120
175  0.0140
176  0.0070
177  0.0080
178  0.0090
179  0.0120
180  0.0060
181  0.0060
182  0.0060
183  0.0090
184  0.0120
185  0.0100
186  0.0140
187  0.0090
188  0.0090
189  0.0140
190  0.0070
191  0.0060
192  0.0060
193  0.0110
194  0.0070
195  0.0060
196  0.0080
197  0.0040
198  0.0050
199  0.0050
200  0.0080
201  0.0080
202  0.0080
203  0.0060
204  0.0090
205  0.0080
206  0.0050
207  0.0140
208  0.0060
209  0.0070
210  0.0050
211  0.0020
212  0.0050
213  0.0020
214  0.0040
215  0.0030
216  0.0070
217  0.0040
218  0.0050
219  0.0050
220  0.0050
221  0.0030
222  0.0020
223  0.0050
224  0.0070
225  0.0100
226  0.0040
227  0.0010
228  0.0050
229  0.0030
230  0.0070
231  0.0080
232  0.0060
233  0.0080
234  0.0100
235  0.0070
236  0.0080
237  0.0050
238  0.0100
239  0.0060
240  0.0040
241  0.0060
242  0.0080
243  0.0060
244  0.0050
245  0.0080
246  0.0010
247  0.0080
248  0.0040
249  0.0050
250  0.0060
251  0.0050
252  0.0060
253  0.0020
254  0.0040
255  0.0020
256  0.0070
257  0.0030
258  0.0060
259  0.0070
260  0.0040
261  0.0030
262  0.0060
263  0.0030
264  0.0040
265  0.0060
266  0.0060
267  0.0070
268  0.0020
269  0.0050
270  0.0080
271  0.0040
272  0.0030
273  0.0060
274  0.0080
275  0.0040
276  0.0040
277  0.0040
278  0.0030
279  0.0030
280  0.0040
281  0.0020
282  0.0020
283  0.0080
284  0.0010
285  0.0020
286  0.0030
287  0.0050
288  0.0030
289  0.0060
290  0.0010
291  0.0020
292  0.0030
293  0.0080
294  0.0060
295  0.0060
296  0.0040
297  0.0010
298  0.0040
299  0.0020
300  0.0020
301  0.0010
302  0.0010
303  0.0080
304  0.0080
305  0.0020
306  0.0010
307  0.0040
308  0.0010
309  0.0030
310  0.0080
311  0.0020
312  0.0040
313  0.0030
314  0.0050
315  0.0040
316  0.0080
317  0.0020
318  0.0070
319  0.0030
320  0.0030
321  0.0010
322  0.0050
323  0.0010
324  0.0020
325  0.0030
326  0.0020
327  0.0070
328  0.0030
329  0.0050
330  0.0030
331  0.0020
332  0.0040
333  0.0010
334  0.0040
335  0.0020
336  0.0020
337  0.0020
338  0.0020
339  0.0010
340  0.0020
341  0.0020
343  0.0020
344  0.0020
345  0.0060
346  0.0030
347  0.0020
348  0.0030
349  0.0010
350  0.0020
351  0.0040
352  0.0060
354  0.0030
355  0.0020
356  0.0020
357  0.0030
358  0.0030
359  0.0060
360  0.0020
361  0.0040
362  0.0020
364  0.0030
365  0.0030
366  0.0030
367  0.0020
368  0.0050
369  0.0010
370  0.0030
371  0.0060
372  0.0030
373  0.0050
374  0.0010
375  0.0010
376  0.0020
377  0.0020
378  0.0050
379  0.0030
380  0.0030
381  0.0010
383  0.0010
384  0.0010
385  0.0040
386  0.0030
387  0.0020
388  0.0020
389  0.0030
390  0.0010
391  0.0010
392  0.0030
393  0.0020
394  0.0050
395  0.0030
396  0.0040
397  0.0030
398  0.0030
399  0.0080
400  0.0020
401  0.0010
402  0.0020
404  0.0050
405  0.0010
406  0.0020
407  0.0010
408  0.0010
409  0.0020
410  0.0030
411  0.0020
412  0.0030
413  0.0010
414  0.0020
415  0.0020
416  0.0020
417  0.0020
418  0.0010
419  0.0020
420  0.0020
421  0.0030
424  0.0010
425  0.0030
426  0.0010
427  0.0020
428  0.0040
429  0.0030
430  0.0030
431  0.0040
433  0.0050
434  0.0040
435  0.0010
436  0.0020
437  0.0010
438  0.0030
439  0.0010
440  0.0040
441  0.0020
443  0.0020
444  0.0020
445  0.0010
446  0.0040
447  0.0030
448  0.0020
449  0.0010
450  0.0040
451  0.0020
452  0.0010
453  0.0010
454  0.0030
455  0.0010
456  0.0020
457  0.0020
458  0.0040
459  0.0050
460  0.0060
462  0.0020
463  0.0050
465  0.0030
466  0.0020
468  0.0020
469  0.0010
470  0.0030
471  0.0040
473  0.0030
474  0.0030
475  0.0010
476  0.0020
477  0.0020
478  0.0010
479  0.0020
482  0.0020
483  0.0010
484  0.0010
485  0.0010
486  0.0010
487  0.0020
488  0.0030
489  0.0010
490  0.0020
491  0.0020
493  0.0020
494  0.0040
495  0.0010
496  0.0020
497  0.0020
498  0.0030
499  0.0020
500  0.0030
501  0.0020
503  0.0010
505  0.0010
506  0.0010
509  0.0020
510  0.0020
511  0.0030
513  0.0010
514  0.0030
515  0.0010
517  0.0010
518  0.0030
519  0.0010
520  0.0030
521  0.0010
522  0.0010
523  0.0020
524  0.0010
526  0.0010
527  0.0010
528  0.0020
529  0.0020
530  0.0020
531  0.0010
532  0.0010
533  0.0010
534  0.0010
535  0.0010
536  0.0030
537  0.0020
538  0.0010
539  0.0030
540  0.0020
542  0.0020
543  0.0030
544  0.0010
545  0.0010
546  0.0020
547  0.0040
549  0.0010
550  0.0040
551  0.0020
554  0.0020
555  0.0010
557  0.0010
558  0.0010
559  0.0020
561  0.0010
563  0.0010
564  0.0020
566  0.0010
567  0.0010
568  0.0010
569  0.0030
570  0.0020
571  0.0020
573  0.0020
574  0.0020
575  0.0010
577  0.0010
578  0.0010
579  0.0020
580  0.0010
581  0.0010
582  0.0020
583  0.0020
584  0.0020
585  0.0010
586  0.0030
587  0.0060
589  0.0020
590  0.0020
592  0.0020
593  0.0020
594  0.0020
595  0.0010
596  0.0050
597  0.0010
599  0.0020
600  0.0010
601  0.0010
602  0.0010
603  0.0020
604  0.0010
605  0.0010
607  0.0020
609  0.0020
611  0.0010
612  0.0010
613  0.0020
614  0.0010
616  0.0010
619  0.0010
620  0.0010
621  0.0020
622  0.0020
623  0.0030
625  0.0010
626  0.0010
627  0.0010
629  0.0010
631  0.0030
632  0.0020
633  0.0030
634  0.0020
635  0.0010
636  0.0010
637  0.0020
638  0.0010
639  0.0010
640  0.0010
641  0.0010
642  0.0020
643  0.0040
644  0.0040
646  0.0010
647  0.0010
648  0.0020
649  0.0010
650  0.0020
651  0.0020
652  0.0010
655  0.0020
656  0.0020
657  0.0010
658  0.0020
660  0.0030
661  0.0020
662  0.0020
663  0.0020
664  0.0010
666  0.0010
668  0.0020
670  0.0010
671  0.0010
672  0.0010
673  0.0010
675  0.0020
676  0.0020
677  0.0020
678  0.0010
679  0.0010
681  0.0020
682  0.0010
684  0.0030
685  0.0010
687  0.0010
689  0.0010
692  0.0040
693  0.0020
694  0.0020
695  0.0010
696  0.0020
699  0.0010
701  0.0010
702  0.0020
703  0.0020
707  0.0020
709  0.0010
712  0.0020
713  0.0040
714  0.0010
718  0.0020
719  0.0010
720  0.0020
721  0.0010
722  0.0020
723  0.0010
725  0.0010
726  0.0010
727  0.0010
730  0.0010
731  0.0010
733  0.0020
734  0.0020
736  0.0020
738  0.0010
739  0.0020
740  0.0020
741  0.0010
742  0.0020
743  0.0010
744  0.0010
745  0.0030
747  0.0010
748  0.0010
750  0.0010
753  0.0020
754  0.0020
757  0.0020
758  0.0010
759  0.0010
761  0.0020
762  0.0020
764  0.0030
765  0.0010
766  0.0010
767  0.0010
768  0.0030
772  0.0010
773  0.0010
775  0.0010
777  0.0010
778  0.0010
779  0.0020
780  0.0020
781  0.0010
782  0.0020
783  0.0020
787  0.0040
789  0.0010
790  0.0010
794  0.0010
796  0.0010
797  0.0010
798  0.0020
804  0.0010
805  0.0010
807  0.0010
808  0.0010
810  0.0010
812  0.0020
813  0.0020
816  0.0010
817  0.0020
818  0.0020
819  0.0020
820  0.0010
821  0.0010
822  0.0020
823  0.0010
824  0.0010
825  0.0010
826  0.0020
827  0.0010
828  0.0010
829  0.0020
830  0.0010
832  0.0010
834  0.0010
835  0.0010
836  0.0010
838  0.0010
839  0.0020
840  0.0020
842  0.0020
843  0.0010
845  0.0020
846  0.0010
847  0.0010
850  0.0010
854  0.0030
855  0.0010
857  0.0020
858  0.0020
859  0.0010
860  0.0020
861  0.0040
863  0.0010
864  0.0020
865  0.0010
870  0.0010
872  0.0010
873  0.0010
876  0.0020
878  0.0010
881  0.0010
884  0.0010
885  0.0010
886  0.0010
887  0.0020
890  0.0010
891  0.0020
893  0.0010
895  0.0010
896  0.0010
899  0.0020
901  0.0030
902  0.0010
906  0.0030
911  0.0010
912  0.0020
917  0.0010
920  0.0010
925  0.0030
927  0.0010
930  0.0010
931  0.0010
932  0.0010
934  0.0010
938  0.0020
942  0.0010
943  0.0020
944  0.0010
948  0.0020
950  0.0010
951  0.0010
952  0.0020
953  0.0030
961  0.0020
962  0.0010
963  0.0010
964  0.0010
965  0.0010
969  0.0030
970  0.0010
975  0.0010
977  0.0010
979  0.0010
980  0.0020
981  0.0020
986  0.0010
993  0.0010
994  0.0010
995  0.0010
996  0.0010
997  0.0010
1007  0.0010
1015  0.0010
1018  0.0020
1020  0.0020
1021  0.0010
1028  0.0010
1029  0.0020
1031  0.0010
1032  0.0010
1035  0.0010
1037  0.0010
1038  0.0010
1041  0.0010
1042  0.0010
1043  0.0010
1047  0.0010
1048  0.0010
1055  0.0010
1057  0.0010
1059  0.0010
1062  0.0010
1064  0.0020
1065  0.0010
1071  0.0010
1076  0.0010
1080  0.0010
1085  0.0010
1095  0.0010
1096  0.0010
1099  0.0010
1103  0.0010
1105  0.0010
1115  0.0010
1116  0.0010
1121  0.0010
1124  0.0010
1132  0.0010
1134  0.0010
1140  0.0010
1141  0.0010
1143  0.0010
1147  0.0010
1152  0.0010
1157  0.0010
1161  0.0010
1168  0.0010
1179  0.0010
1187  0.0010
1190  0.0010
1205  0.0010
1211  0.0010
1212  0.0010
1216  0.0010
1228  0.0010
1238  0.0010
1244  0.0010
1289  0.0010
1354  0.0010
