1  69.2760
2  10.2960
3  5.2950
4  3.0700
5  2.0230
6  1.2790
7  0.9080
8  0.6600
9  0.5040
10  0.3940
11  0.3180
12  0.2630
13  0.2000
14  0.1850
15  0.1380
16  0.1400
17  0.1030
18  0.0990
19  0.0960
20  0.0780
21  0.0530
22  0.0490
23  0.0520
24  0.0570
25  0.0440
26  0.0300
27  0.0330
28  0.0310
29  0.0210
30  0.0240
31  0.0250
32  0.0210
33  0.0220
34  0.0170
35  0.0200
36  0.0250
37  0.0120
38  0.0180
39  0.0150
40  0.0090
41  0.0090
42  0.0090
43  0.0070
44  0.0100
45  0.0050
46  0.0090
47  0.0110
48  0.0080
49  0.0100
50  0.0060
51  0.0050
52  0.0030
53  0.0040
54  0.0040
55  0.0030
56  0.0010
57  0.0040
58  0.0020
59  0.0010
60  0.0010
61  0.0030
62  0.0020
63  0.0020
64  0.0020
65  0.0030
66  0.0050
67  0.0010
68  0.0030
69  0.0010
71  0.0010
72  0.0030
73  0.0010
74  0.0010
75  0.0020
76  0.0020
77  0.0010
78  0.0030
79  0.0010
81  0.0020
83  0.0020
84  0.0020
85  0.0040
86  0.0020
87  0.0010
88  0.0020
91  0.0030
92  0.0030
94  0.0010
97  0.0010
100  0.0020
102  0.0010
104  0.0010
105  0.0010
112  0.0020
113  0.0010
115  0.0010
118  0.0010
119  0.0010
125  0.0010
130  0.0010
150  0.0010
179  0.0010
205  0.0010
207  0.0010
219  0.0010
238  0.0010
286  0.0010
288  0.0010
370  0.0010
408  0.0010
6195  0.0010
6282  0.0010
6304  0.0010
6318  0.0010
6326  0.0010
6346  0.0010
6354  0.0010
6361  0.0010
6376  0.0010
6402  0.0010
6406  0.0010
6423  0.0010
6446  0.0010
6456  0.0010
6468  0.0010
6475  0.0010
6477  0.0010
6480  0.0010
6481  0.0010
6483  0.0010
6485  0.0010
6486  0.0010
6493  0.0010
6496  0.0020
6501  0.0010
6507  0.0010
6508  0.0010
6511  0.0020
6513  0.0010
6515  0.0010
6518  0.0010
6519  0.0010
6520  0.0010
6521  0.0010
6522  0.0010
6524  0.0010
6532  0.0010
6533  0.0010
6535  0.0010
6536  0.0010
6537  0.0020
6538  0.0010
6539  0.0030
6542  0.0020
6545  0.0020
6546  0.0010
6547  0.0020
6548  0.0010
6549  0.0020
6551  0.0010
6552  0.0020
6553  0.0020
6554  0.0020
6556  0.0010
6557  0.0010
6559  0.0030
6560  0.0010
6561  0.0040
6562  0.0010
6563  0.0010
6564  0.0010
6565  0.0030
6566  0.0010
6567  0.0010
6568  0.0020
6570  0.0020
6571  0.0020
6573  0.0020
6574  0.0020
6576  0.0030
6577  0.0010
6578  0.0010
6579  0.0050
6580  0.0010
6581  0.0020
6582  0.0030
6583  0.0040
6584  0.0020
6585  0.0010
6586  0.0010
6587  0.0030
6588  0.0020
6589  0.0010
6590  0.0010
6591  0.0020
6592  0.0030
6594  0.0010
6595  0.0020
6596  0.0010
6597  0.0020
6598  0.0020
6599  0.0030
6600  0.0020
6601  0.0020
6602  0.0040
6603  0.0030
6604  0.0010
6605  0.0030
6606  0.0010
6608  0.0010
6609  0.0030
6610  0.0010
6611  0.0030
6612  0.0020
6613  0.0030
6614  0.0040
6615  0.0030
6616  0.0010
6617  0.0020
6618  0.0010
6620  0.0010
6621  0.0040
6622  0.0010
6623  0.0020
6625  0.0020
6626  0.0040
6627  0.0020
6628  0.0010
6629  0.0040
6630  0.0050
6631  0.0050
6632  0.0030
6633  0.0030
6634  0.0040
6635  0.0010
6636  0.0040
6637  0.0040
6638  0.0050
6639  0.0010
6640  0.0050
6641  0.0010
6642  0.0050
6643  0.0010
6644  0.0080
6645  0.0030
6646  0.0030
6647  0.0040
6648  0.0030
6649  0.0030
6650  0.0030
6651  0.0040
6652  0.0050
6653  0.0010
6654  0.0040
6655  0.0040
6656  0.0070
6657  0.0070
6658  0.0020
6659  0.0070
6660  0.0060
6661  0.0050
6662  0.0030
6663  0.0080
6664  0.0020
6665  0.0030
6666  0.0070
6667  0.0030
6668  0.0050
6669  0.0020
6670  0.0060
6671  0.0060
6672  0.0050
6673  0.0020
6674  0.0030
6675  0.0030
6676  0.0060
6677  0.0040
6678  0.0040
6679  0.0030
6680  0.0030
6681  0.0070
6682  0.0050
6683  0.0070
6684  0.0090
6685  0.0020
6686  0.0090
6687  0.0040
6688  0.0060
6689  0.0060
6690  0.0040
6691  0.0040
6692  0.0040
6693  0.0020
6694  0.0060
6695  0.0110
6696  0.0050
6697  0.0070
6698  0.0050
6699  0.0050
6700  0.0020
6701  0.0100
6702  0.0020
6703  0.0050
6704  0.0060
6705  0.0050
6706  0.0050
6707  0.0060
6708  0.0030
6709  0.0090
6710  0.0040
6711  0.0040
6712  0.0050
6713  0.0050
6714  0.0060
6715  0.0030
6716  0.0010
6717  0.0020
6718  0.0020
6719  0.0050
6720  0.0040
6721  0.0030
6722  0.0020
6723  0.0080
6724  0.0060
6725  0.0020
6726  0.0060
6727  0.0050
6728  0.0030
6729  0.0070
6730  0.0030
6731  0.0020
6732  0.0030
6733  0.0060
6734  0.0010
6735  0.0060
6736  0.0020
6737  0.0070
6738  0.0050
6739  0.0040
6740  0.0040
6741  0.0040
6742  0.0080
6743  0.0020
6744  0.0040
6745  0.0020
6746  0.0050
6748  0.0070
6749  0.0090
6750  0.0010
6751  0.0060
6752  0.0030
6753  0.0050
6754  0.0040
6755  0.0040
6756  0.0010
6757  0.0100
6758  0.0020
6759  0.0020
6760  0.0050
6761  0.0010
6762  0.0060
6763  0.0020
6764  0.0050
6765  0.0040
6766  0.0020
6767  0.0060
6768  0.0040
6769  0.0070
6770  0.0060
6771  0.0060
6772  0.0040
6773  0.0030
6774  0.0030
6775  0.0020
6776  0.0040
6777  0.0050
6778  0.0040
6779  0.0010
6780  0.0060
6781  0.0020
6782  0.0010
6783  0.0020
6784  0.0030
6785  0.0030
6786  0.0030
6787  0.0050
6788  0.0030
6789  0.0030
6790  0.0030
6791  0.0020
6792  0.0030
6793  0.0050
6794  0.0010
6795  0.0030
6796  0.0010
6797  0.0040
6798  0.0050
6799  0.0050
6800  0.0050
6801  0.0010
6803  0.0010
6804  0.0020
6805  0.0060
6806  0.0080
6807  0.0010
6808  0.0020
6809  0.0020
6810  0.0010
6811  0.0020
6812  0.0030
6813  0.0050
6814  0.0010
6815  0.0010
6816  0.0020
6817  0.0010
6818  0.0010
6819  0.0010
6820  0.0010
6821  0.0020
6822  0.0020
6823  0.0030
6824  0.0030
6827  0.0010
6830  0.0010
6833  0.0020
6834  0.0010
6836  0.0010
6843  0.0020
6845  0.0010
6847  0.0020
6852  0.0010
6855  0.0010
6857  0.0010
6861  0.0020
6867  0.0010
6868  0.0010
6869  0.0010
6874  0.0010
6879  0.0010
6881  0.0010
6883  0.0020
6885  0.0010
6894  0.0010
6896  0.0010
6898  0.0010
6901  0.0010
