1  17.7450
2  1.6585
3  0.7040
4  0.3395
5  0.1545
6  0.0875
7  0.0595
8  0.0380
9  0.0255
10  0.0245
11  0.0105
12  0.0110
13  0.0065
14  0.0070
15  0.0045
16  0.0020
17  0.0050
18  0.0025
19  0.0020
20  0.0020
21  0.0015
22  0.0025
23  0.0025
25  0.0010
27  0.0005
28  0.0005
29  0.0010
32  0.0010
37  0.0005
38  0.0005
39  0.0005
7719  0.0005
7726  0.0005
7746  0.0005
7753  0.0010
7756  0.0010
7758  0.0005
7760  0.0005
7763  0.0005
7764  0.0005
7765  0.0005
7766  0.0015
7767  0.0015
7768  0.0015
7769  0.0005
7775  0.0005
7776  0.0010
7777  0.0015
7779  0.0020
7780  0.0005
7782  0.0005
7783  0.0005
7785  0.0020
7786  0.0035
7787  0.0005
7788  0.0020
7789  0.0010
7790  0.0005
7791  0.0020
7792  0.0015
7793  0.0005
7794  0.0040
7795  0.0020
7796  0.0005
7797  0.0025
7798  0.0020
7799  0.0030
7800  0.0025
7801  0.0025
7802  0.0015
7803  0.0025
7804  0.0045
7805  0.0040
7806  0.0045
7807  0.0030
7808  0.0025
7809  0.0025
7810  0.0050
7811  0.0025
7812  0.0040
7813  0.0020
7814  0.0040
7815  0.0055
7816  0.0025
7817  0.0045
7818  0.0030
7819  0.0055
7820  0.0060
7821  0.0055
7822  0.0045
7823  0.0035
7824  0.0075
7825  0.0055
7826  0.0060
7827  0.0050
7828  0.0055
7829  0.0045
7830  0.0045
7831  0.0055
7832  0.0060
7833  0.0035
7834  0.0050
7835  0.0065
7836  0.0055
7837  0.0080
7838  0.0065
7839  0.0085
7840  0.0045
7841  0.0080
7842  0.0060
7843  0.0100
7844  0.0055
7845  0.0115
7846  0.0070
7847  0.0095
7848  0.0055
7849  0.0080
7850  0.0090
7851  0.0065
7852  0.0055
7853  0.0090
7854  0.0100
7855  0.0080
7856  0.0090
7857  0.0105
7858  0.0080
7859  0.0100
7860  0.0075
7861  0.0090
7862  0.0080
7863  0.0100
7864  0.0135
7865  0.0130
7866  0.0080
7867  0.0065
7868  0.0070
7869  0.0060
7870  0.0060
7871  0.0085
7872  0.0080
7873  0.0105
7874  0.0075
7875  0.0115
7876  0.0085
7877  0.0100
7878  0.0105
7879  0.0075
7880  0.0085
7881  0.0050
7882  0.0085
7883  0.0125
7884  0.0090
7885  0.0100
7886  0.0085
7887  0.0120
7888  0.0065
7889  0.0090
7890  0.0085
7891  0.0075
7892  0.0070
7893  0.0075
7894  0.0110
7895  0.0090
7896  0.0040
7897  0.0070
7898  0.0065
7899  0.0080
7900  0.0075
7901  0.0080
7902  0.0080
7903  0.0100
7904  0.0055
7905  0.0065
7906  0.0065
7907  0.0075
7908  0.0060
7909  0.0060
7910  0.0045
7911  0.0035
7912  0.0050
7913  0.0075
7914  0.0070
7915  0.0035
7916  0.0035
7917  0.0060
7918  0.0060
7919  0.0065
7920  0.0055
7921  0.0030
7922  0.0045
7923  0.0050
7924  0.0050
7925  0.0065
7926  0.0025
7927  0.0050
7928  0.0055
7929  0.0040
7930  0.0055
7931  0.0075
7932  0.0030
7933  0.0020
7934  0.0040
7935  0.0045
7936  0.0030
7937  0.0010
7938  0.0030
7939  0.0060
7940  0.0035
7941  0.0055
7942  0.0035
7943  0.0005
7944  0.0025
7945  0.0035
7946  0.0015
7947  0.0010
7948  0.0015
7949  0.0010
7950  0.0005
7951  0.0020
7952  0.0015
7953  0.0010
7954  0.0005
7955  0.0030
7956  0.0015
7957  0.0015
7958  0.0030
7960  0.0015
7962  0.0005
7964  0.0010
7965  0.0005
7966  0.0030
7967  0.0005
7968  0.0005
7970  0.0010
7972  0.0010
7973  0.0015
7974  0.0005
7975  0.0010
7976  0.0010
7977  0.0010
7978  0.0005
7979  0.0005
7981  0.0005
7984  0.0015
7985  0.0005
7986  0.0005
7990  0.0005
7994  0.0005
8005  0.0005
8008  0.0005
8016  0.0005
