1  19.2120
2  3.1330
3  1.7060
4  1.0070
5  0.6210
6  0.4240
7  0.3190
8  0.2390
9  0.1660
10  0.1430
11  0.1100
12  0.0990
13  0.0800
14  0.0650
15  0.0550
16  0.0560
17  0.0520
18  0.0330
19  0.0390
20  0.0300
21  0.0160
22  0.0320
23  0.0250
24  0.0150
25  0.0090
26  0.0220
27  0.0090
28  0.0230
29  0.0110
30  0.0120
31  0.0120
32  0.0050
33  0.0100
34  0.0100
35  0.0090
36  0.0050
37  0.0070
38  0.0110
39  0.0030
40  0.0040
41  0.0060
42  0.0090
43  0.0050
44  0.0070
45  0.0050
46  0.0030
47  0.0050
48  0.0010
49  0.0020
50  0.0050
51  0.0040
52  0.0050
53  0.0010
55  0.0030
56  0.0020
57  0.0040
58  0.0020
59  0.0030
60  0.0060
61  0.0030
62  0.0040
63  0.0020
64  0.0010
65  0.0010
67  0.0010
68  0.0010
69  0.0010
70  0.0020
71  0.0010
73  0.0010
74  0.0030
75  0.0010
77  0.0020
79  0.0010
80  0.0020
81  0.0010
82  0.0030
85  0.0010
88  0.0010
89  0.0010
90  0.0010
92  0.0010
94  0.0010
99  0.0010
104  0.0010
106  0.0020
109  0.0020
110  0.0010
113  0.0010
117  0.0010
124  0.0010
125  0.0010
126  0.0010
128  0.0010
136  0.0010
141  0.0010
147  0.0010
148  0.0020
158  0.0010
166  0.0010
168  0.0010
186  0.0010
225  0.0010
326  0.0010
464  0.0010
1188  0.0010
1299  0.0010
1384  0.0010
1399  0.0010
1409  0.0010
1418  0.0010
1423  0.0010
1445  0.0010
1447  0.0020
1448  0.0010
1480  0.0010
1488  0.0010
1493  0.0010
1494  0.0010
1495  0.0010
1497  0.0010
1499  0.0010
1500  0.0010
1502  0.0010
1509  0.0010
1512  0.0010
1513  0.0010
1522  0.0020
1523  0.0010
1526  0.0010
1529  0.0010
1531  0.0010
1532  0.0010
1534  0.0010
1539  0.0010
1540  0.0020
1541  0.0010
1544  0.0020
1547  0.0020
1549  0.0030
1550  0.0010
1551  0.0010
1552  0.0030
1553  0.0020
1554  0.0010
1557  0.0010
1561  0.0010
1562  0.0020
1563  0.0020
1564  0.0010
1566  0.0020
1568  0.0030
1569  0.0010
1570  0.0010
1572  0.0040
1573  0.0020
1574  0.0010
1575  0.0010
1576  0.0020
1577  0.0020
1578  0.0010
1579  0.0010
1580  0.0040
1581  0.0010
1582  0.0020
1584  0.0020
1585  0.0010
1586  0.0060
1588  0.0020
1589  0.0020
1590  0.0020
1591  0.0040
1592  0.0030
1593  0.0040
1594  0.0040
1595  0.0060
1596  0.0050
1597  0.0030
1598  0.0010
1599  0.0030
1600  0.0050
1601  0.0030
1602  0.0040
1603  0.0060
1604  0.0020
1605  0.0060
1606  0.0020
1607  0.0050
1608  0.0050
1609  0.0020
1610  0.0030
1611  0.0070
1612  0.0040
1613  0.0070
1614  0.0040
1616  0.0040
1617  0.0070
1618  0.0080
1619  0.0050
1620  0.0020
1621  0.0040
1622  0.0040
1623  0.0020
1624  0.0060
1625  0.0010
1626  0.0060
1627  0.0040
1628  0.0010
1629  0.0070
1630  0.0060
1631  0.0060
1632  0.0070
1633  0.0050
1634  0.0090
1635  0.0050
1636  0.0070
1637  0.0050
1638  0.0040
1639  0.0090
1640  0.0100
1641  0.0080
1642  0.0070
1643  0.0050
1644  0.0060
1645  0.0060
1646  0.0100
1647  0.0100
1648  0.0080
1649  0.0090
1650  0.0130
1651  0.0070
1652  0.0090
1653  0.0130
1654  0.0060
1655  0.0110
1656  0.0110
1657  0.0090
1658  0.0030
1659  0.0070
1660  0.0080
1661  0.0090
1662  0.0080
1663  0.0090
1664  0.0110
1665  0.0070
1666  0.0050
1667  0.0090
1668  0.0090
1669  0.0050
1670  0.0110
1671  0.0120
1672  0.0070
1673  0.0170
1674  0.0120
1675  0.0110
1676  0.0080
1677  0.0090
1678  0.0080
1679  0.0080
1680  0.0060
1681  0.0120
1682  0.0070
1683  0.0050
1684  0.0110
1685  0.0080
1686  0.0140
1687  0.0030
1688  0.0120
1689  0.0090
1690  0.0170
1691  0.0080
1692  0.0070
1693  0.0040
1694  0.0070
1695  0.0090
1696  0.0060
1697  0.0080
1698  0.0080
1699  0.0050
1700  0.0060
1701  0.0040
1702  0.0090
1703  0.0050
1704  0.0080
1705  0.0030
1706  0.0040
1707  0.0140
1708  0.0050
1709  0.0040
1710  0.0020
1711  0.0030
1712  0.0070
1713  0.0040
1714  0.0050
1715  0.0020
1716  0.0010
1717  0.0020
1718  0.0040
1719  0.0060
1720  0.0070
1721  0.0020
1722  0.0060
1723  0.0060
1724  0.0020
1725  0.0010
1726  0.0030
1727  0.0020
1728  0.0060
1729  0.0020
1730  0.0020
1731  0.0040
1732  0.0020
1733  0.0010
1736  0.0020
1737  0.0010
1738  0.0010
1739  0.0020
1740  0.0020
1741  0.0010
1742  0.0020
1743  0.0010
1745  0.0010
1747  0.0010
1749  0.0010
1759  0.0010
1760  0.0010
