1  57.8490
2  13.6440
3  8.4080
4  5.6450
5  4.0780
6  3.0310
7  2.3290
8  1.9240
9  1.6510
10  1.2840
11  1.1780
12  1.0220
13  0.8610
14  0.7790
15  0.7260
16  0.6140
17  0.5710
18  0.5400
19  0.4670
20  0.4250
21  0.3860
22  0.3820
23  0.3600
24  0.3020
25  0.3080
26  0.2830
27  0.2730
28  0.2590
29  0.2390
30  0.2150
31  0.2120
32  0.2000
33  0.1940
34  0.1650
35  0.1590
36  0.1530
37  0.1460
38  0.1590
39  0.1390
40  0.1520
41  0.1590
42  0.1230
43  0.1230
44  0.1290
45  0.1230
46  0.1120
47  0.1050
48  0.1070
49  0.0880
50  0.0930
51  0.0940
52  0.1070
53  0.0750
54  0.0790
55  0.0850
56  0.0900
57  0.0720
58  0.0590
59  0.0750
60  0.0710
61  0.0660
62  0.0660
63  0.0580
64  0.0680
65  0.0440
66  0.0640
67  0.0630
68  0.0650
69  0.0550
70  0.0510
71  0.0350
72  0.0580
73  0.0460
74  0.0670
75  0.0460
76  0.0490
77  0.0500
78  0.0410
79  0.0410
80  0.0440
81  0.0430
82  0.0510
83  0.0410
84  0.0490
85  0.0430
86  0.0380
87  0.0340
88  0.0250
89  0.0280
90  0.0360
91  0.0410
92  0.0380
93  0.0410
94  0.0390
95  0.0340
96  0.0360
97  0.0310
98  0.0330
99  0.0280
100  0.0280
101  0.0290
102  0.0210
103  0.0320
104  0.0220
105  0.0330
106  0.0240
107  0.0340
108  0.0200
109  0.0250
110  0.0200
111  0.0310
112  0.0170
113  0.0250
114  0.0330
115  0.0340
116  0.0190
117  0.0160
118  0.0320
119  0.0250
120  0.0280
121  0.0180
122  0.0210
123  0.0200
124  0.0140
125  0.0200
126  0.0160
127  0.0170
128  0.0170
129  0.0230
130  0.0190
131  0.0150
132  0.0160
133  0.0220
134  0.0220
135  0.0140
136  0.0100
137  0.0230
138  0.0160
139  0.0170
140  0.0170
141  0.0140
142  0.0210
143  0.0160
144  0.0180
145  0.0070
146  0.0150
147  0.0090
148  0.0140
149  0.0140
150  0.0140
151  0.0140
152  0.0130
153  0.0170
154  0.0160
155  0.0120
156  0.0150
157  0.0100
158  0.0130
159  0.0170
160  0.0120
161  0.0090
162  0.0100
163  0.0110
164  0.0110
165  0.0120
166  0.0150
167  0.0080
168  0.0110
169  0.0090
170  0.0170
171  0.0130
172  0.0120
173  0.0090
174  0.0080
175  0.0160
176  0.0140
177  0.0060
178  0.0130
179  0.0100
180  0.0090
181  0.0070
182  0.0110
183  0.0140
184  0.0100
185  0.0090
186  0.0140
187  0.0090
188  0.0110
189  0.0060
190  0.0100
191  0.0070
192  0.0070
193  0.0040
194  0.0100
195  0.0080
196  0.0090
197  0.0060
198  0.0070
199  0.0070
200  0.0080
201  0.0030
202  0.0060
203  0.0110
204  0.0110
205  0.0070
206  0.0080
207  0.0060
208  0.0080
209  0.0050
210  0.0100
211  0.0090
212  0.0100
213  0.0140
214  0.0070
215  0.0120
216  0.0060
217  0.0070
218  0.0090
219  0.0040
220  0.0040
221  0.0030
222  0.0070
223  0.0120
224  0.0080
225  0.0040
226  0.0100
227  0.0070
228  0.0090
229  0.0090
230  0.0070
231  0.0040
232  0.0060
233  0.0060
234  0.0070
235  0.0020
236  0.0050
237  0.0020
238  0.0040
239  0.0100
240  0.0050
241  0.0090
242  0.0040
243  0.0020
244  0.0050
245  0.0050
246  0.0060
247  0.0060
248  0.0030
249  0.0080
250  0.0070
251  0.0060
252  0.0080
253  0.0050
254  0.0060
255  0.0050
256  0.0030
257  0.0050
258  0.0060
259  0.0030
261  0.0090
262  0.0050
263  0.0040
264  0.0050
265  0.0040
266  0.0030
267  0.0100
268  0.0070
269  0.0050
270  0.0030
271  0.0110
272  0.0020
273  0.0070
274  0.0040
275  0.0040
276  0.0060
277  0.0020
278  0.0070
279  0.0030
280  0.0010
281  0.0010
282  0.0050
283  0.0010
284  0.0010
286  0.0060
287  0.0050
288  0.0070
289  0.0050
290  0.0020
291  0.0040
292  0.0040
293  0.0040
294  0.0060
295  0.0060
296  0.0030
297  0.0070
298  0.0080
299  0.0050
300  0.0020
301  0.0020
302  0.0030
303  0.0020
304  0.0060
305  0.0030
306  0.0020
307  0.0030
308  0.0040
309  0.0010
310  0.0020
311  0.0040
312  0.0040
313  0.0040
314  0.0020
315  0.0050
316  0.0050
317  0.0020
318  0.0030
319  0.0060
320  0.0020
321  0.0030
322  0.0030
323  0.0060
324  0.0020
325  0.0040
326  0.0060
327  0.0040
328  0.0040
329  0.0050
330  0.0040
331  0.0010
332  0.0010
334  0.0040
335  0.0040
336  0.0050
337  0.0030
338  0.0020
339  0.0060
340  0.0040
341  0.0040
342  0.0040
343  0.0020
344  0.0050
345  0.0020
346  0.0010
347  0.0050
348  0.0050
349  0.0010
350  0.0040
351  0.0040
352  0.0050
353  0.0020
354  0.0020
355  0.0020
357  0.0040
358  0.0040
359  0.0020
360  0.0050
361  0.0030
362  0.0010
363  0.0030
364  0.0020
365  0.0050
366  0.0020
367  0.0040
368  0.0050
369  0.0010
370  0.0030
371  0.0020
372  0.0010
373  0.0020
374  0.0050
375  0.0010
376  0.0070
378  0.0040
379  0.0050
380  0.0020
381  0.0030
382  0.0020
383  0.0010
385  0.0010
386  0.0010
387  0.0020
388  0.0010
389  0.0010
390  0.0010
391  0.0040
392  0.0020
393  0.0040
394  0.0050
395  0.0060
396  0.0010
397  0.0010
398  0.0030
399  0.0030
400  0.0020
401  0.0010
402  0.0010
404  0.0040
405  0.0040
406  0.0030
407  0.0020
408  0.0040
409  0.0020
410  0.0010
411  0.0010
412  0.0050
413  0.0020
414  0.0030
415  0.0010
416  0.0030
417  0.0030
420  0.0010
421  0.0030
423  0.0020
426  0.0030
427  0.0020
428  0.0040
429  0.0040
430  0.0010
431  0.0030
433  0.0030
434  0.0020
435  0.0050
436  0.0020
437  0.0010
439  0.0010
440  0.0010
441  0.0020
442  0.0010
445  0.0020
446  0.0010
447  0.0020
448  0.0010
449  0.0010
450  0.0020
451  0.0040
452  0.0030
454  0.0020
455  0.0010
456  0.0010
457  0.0020
458  0.0030
459  0.0040
460  0.0010
461  0.0020
462  0.0030
463  0.0010
464  0.0010
465  0.0020
466  0.0010
467  0.0020
468  0.0010
470  0.0010
471  0.0010
473  0.0020
474  0.0020
475  0.0010
476  0.0020
478  0.0010
479  0.0010
480  0.0020
481  0.0020
482  0.0010
483  0.0040
484  0.0010
486  0.0020
488  0.0020
491  0.0010
492  0.0020
493  0.0040
494  0.0010
497  0.0030
498  0.0020
499  0.0010
500  0.0020
501  0.0010
503  0.0040
505  0.0020
506  0.0020
508  0.0010
509  0.0010
512  0.0040
513  0.0020
515  0.0010
517  0.0010
518  0.0020
519  0.0010
521  0.0010
524  0.0010
525  0.0010
527  0.0010
529  0.0020
530  0.0020
531  0.0010
537  0.0010
538  0.0030
540  0.0010
542  0.0010
545  0.0010
546  0.0050
548  0.0030
549  0.0020
550  0.0020
552  0.0020
554  0.0010
555  0.0020
556  0.0020
558  0.0040
559  0.0020
560  0.0020
561  0.0010
562  0.0010
563  0.0010
564  0.0020
566  0.0020
567  0.0020
569  0.0020
570  0.0010
573  0.0010
574  0.0020
577  0.0010
580  0.0010
581  0.0010
582  0.0010
584  0.0010
588  0.0020
589  0.0010
590  0.0020
592  0.0020
593  0.0010
595  0.0020
596  0.0010
598  0.0010
599  0.0010
600  0.0010
601  0.0020
602  0.0010
603  0.0020
606  0.0020
607  0.0010
608  0.0010
609  0.0010
611  0.0020
613  0.0010
614  0.0010
617  0.0010
618  0.0010
620  0.0010
624  0.0010
625  0.0010
626  0.0010
627  0.0010
628  0.0040
629  0.0010
630  0.0010
631  0.0020
632  0.0010
633  0.0010
636  0.0010
637  0.0020
638  0.0020
639  0.0020
640  0.0010
641  0.0010
642  0.0020
646  0.0020
647  0.0010
649  0.0050
651  0.0030
652  0.0010
653  0.0020
661  0.0020
662  0.0010
663  0.0010
665  0.0010
666  0.0010
667  0.0010
668  0.0010
672  0.0020
674  0.0010
675  0.0010
678  0.0010
680  0.0010
684  0.0010
685  0.0010
686  0.0010
688  0.0010
690  0.0010
691  0.0010
698  0.0010
701  0.0010
705  0.0010
722  0.0020
724  0.0010
725  0.0010
726  0.0010
727  0.0010
733  0.0020
738  0.0010
740  0.0010
744  0.0010
747  0.0010
748  0.0010
753  0.0010
755  0.0020
757  0.0010
758  0.0010
760  0.0010
772  0.0010
774  0.0010
782  0.0010
783  0.0010
784  0.0010
787  0.0020
797  0.0010
807  0.0010
808  0.0010
816  0.0020
818  0.0010
826  0.0010
828  0.0010
834  0.0010
840  0.0020
842  0.0010
844  0.0010
845  0.0010
855  0.0010
859  0.0010
867  0.0010
869  0.0020
871  0.0010
876  0.0010
880  0.0020
887  0.0010
902  0.0010
907  0.0010
913  0.0010
917  0.0010
931  0.0010
949  0.0010
975  0.0010
1005  0.0010
1010  0.0010
1065  0.0010
1085  0.0010
1097  0.0010
