1  85.3400
2  13.8320
3  7.2780
4  4.5000
5  2.8790
6  1.8550
7  1.4220
8  1.0710
9  0.7740
10  0.6730
11  0.5350
12  0.4410
13  0.4010
14  0.3030
15  0.2440
16  0.1830
17  0.1850
18  0.1260
19  0.1410
20  0.1330
21  0.1260
22  0.0890
23  0.0990
24  0.0760
25  0.0640
26  0.0610
27  0.0760
28  0.0540
29  0.0440
30  0.0380
31  0.0460
32  0.0390
33  0.0390
34  0.0450
35  0.0350
36  0.0250
37  0.0290
38  0.0290
39  0.0270
40  0.0180
41  0.0240
42  0.0250
43  0.0120
44  0.0180
45  0.0160
46  0.0170
47  0.0120
48  0.0100
49  0.0150
50  0.0140
51  0.0090
52  0.0120
53  0.0140
54  0.0150
55  0.0080
56  0.0100
57  0.0120
58  0.0150
59  0.0090
60  0.0140
61  0.0100
62  0.0090
63  0.0040
64  0.0020
65  0.0030
66  0.0050
67  0.0070
68  0.0070
69  0.0030
70  0.0010
71  0.0060
72  0.0030
73  0.0040
74  0.0040
75  0.0050
76  0.0050
77  0.0020
78  0.0090
79  0.0050
80  0.0040
81  0.0060
82  0.0040
83  0.0040
84  0.0030
85  0.0040
86  0.0040
87  0.0020
88  0.0040
89  0.0060
90  0.0030
91  0.0030
92  0.0030
93  0.0010
94  0.0030
95  0.0050
96  0.0020
97  0.0030
98  0.0010
99  0.0040
100  0.0040
101  0.0010
103  0.0020
105  0.0060
106  0.0020
107  0.0010
108  0.0040
109  0.0010
111  0.0010
112  0.0010
113  0.0020
115  0.0020
116  0.0010
117  0.0020
120  0.0020
122  0.0030
124  0.0020
125  0.0020
128  0.0010
129  0.0030
130  0.0010
131  0.0020
132  0.0010
134  0.0010
135  0.0030
136  0.0010
137  0.0010
138  0.0020
139  0.0030
142  0.0010
143  0.0020
145  0.0010
147  0.0010
149  0.0010
153  0.0030
161  0.0020
163  0.0020
164  0.0010
165  0.0010
167  0.0010
171  0.0010
172  0.0010
173  0.0010
177  0.0010
178  0.0020
179  0.0010
180  0.0010
182  0.0010
183  0.0010
187  0.0010
190  0.0010
201  0.0010
203  0.0010
206  0.0010
208  0.0010
209  0.0010
215  0.0010
222  0.0010
223  0.0020
239  0.0010
253  0.0010
254  0.0010
281  0.0010
284  0.0020
333  0.0010
406  0.0010
455  0.0010
560  0.0010
5731  0.0010
5836  0.0010
5904  0.0010
5961  0.0010
5966  0.0010
5992  0.0010
5996  0.0010
6011  0.0010
6016  0.0010
6022  0.0010
6025  0.0010
6027  0.0010
6039  0.0010
6054  0.0010
6059  0.0010
6064  0.0010
6065  0.0010
6070  0.0010
6079  0.0020
6082  0.0010
6084  0.0010
6085  0.0010
6087  0.0010
6089  0.0010
6090  0.0010
6091  0.0010
6093  0.0010
6102  0.0020
6107  0.0010
6110  0.0010
6113  0.0010
6114  0.0010
6118  0.0010
6125  0.0010
6127  0.0010
6135  0.0010
6136  0.0010
6138  0.0010
6146  0.0010
6147  0.0010
6152  0.0010
6154  0.0030
6155  0.0010
6156  0.0010
6157  0.0010
6159  0.0020
6162  0.0010
6164  0.0010
6170  0.0010
6174  0.0010
6178  0.0020
6180  0.0010
6181  0.0010
6183  0.0020
6187  0.0010
6189  0.0010
6190  0.0020
6192  0.0010
6195  0.0030
6196  0.0010
6197  0.0010
6201  0.0010
6203  0.0020
6204  0.0030
6205  0.0010
6206  0.0030
6208  0.0010
6212  0.0010
6214  0.0020
6215  0.0010
6216  0.0010
6218  0.0010
6219  0.0010
6222  0.0030
6223  0.0020
6225  0.0030
6226  0.0040
6227  0.0020
6228  0.0010
6229  0.0010
6231  0.0010
6232  0.0030
6234  0.0010
6235  0.0020
6236  0.0010
6239  0.0010
6241  0.0040
6242  0.0020
6243  0.0010
6244  0.0020
6245  0.0010
6247  0.0010
6248  0.0020
6249  0.0010
6252  0.0010
6253  0.0010
6255  0.0020
6256  0.0020
6258  0.0010
6259  0.0050
6260  0.0010
6261  0.0010
6264  0.0020
6265  0.0020
6266  0.0030
6268  0.0030
6270  0.0010
6271  0.0020
6272  0.0030
6275  0.0010
6276  0.0010
6277  0.0020
6278  0.0020
6279  0.0040
6280  0.0030
6282  0.0020
6283  0.0020
6284  0.0030
6285  0.0030
6286  0.0020
6287  0.0020
6288  0.0030
6289  0.0010
6290  0.0030
6291  0.0030
6292  0.0010
6293  0.0030
6294  0.0010
6296  0.0010
6297  0.0010
6299  0.0010
6300  0.0010
6301  0.0020
6303  0.0040
6304  0.0040
6305  0.0020
6306  0.0020
6308  0.0010
6309  0.0040
6310  0.0050
6311  0.0020
6312  0.0060
6313  0.0030
6314  0.0020
6315  0.0010
6316  0.0040
6317  0.0070
6318  0.0040
6319  0.0040
6320  0.0030
6321  0.0030
6322  0.0060
6323  0.0030
6324  0.0030
6325  0.0040
6326  0.0020
6327  0.0030
6328  0.0030
6329  0.0030
6330  0.0010
6331  0.0010
6332  0.0030
6333  0.0010
6334  0.0010
6335  0.0030
6336  0.0030
6337  0.0020
6338  0.0050
6339  0.0070
6340  0.0040
6341  0.0020
6342  0.0010
6343  0.0020
6344  0.0020
6345  0.0010
6346  0.0020
6347  0.0040
6348  0.0040
6349  0.0070
6350  0.0020
6351  0.0030
6352  0.0020
6353  0.0050
6354  0.0010
6355  0.0040
6356  0.0050
6357  0.0030
6358  0.0020
6359  0.0030
6360  0.0050
6362  0.0020
6363  0.0040
6364  0.0040
6365  0.0020
6366  0.0030
6367  0.0020
6368  0.0020
6370  0.0040
6371  0.0050
6372  0.0040
6373  0.0040
6374  0.0040
6375  0.0030
6376  0.0050
6377  0.0040
6378  0.0030
6379  0.0050
6380  0.0040
6381  0.0030
6382  0.0040
6383  0.0030
6384  0.0060
6385  0.0010
6386  0.0050
6387  0.0050
6388  0.0040
6389  0.0030
6390  0.0060
6391  0.0060
6392  0.0040
6393  0.0040
6394  0.0030
6395  0.0020
6396  0.0030
6397  0.0040
6398  0.0010
6399  0.0040
6400  0.0060
6401  0.0030
6402  0.0020
6403  0.0030
6404  0.0050
6405  0.0040
6406  0.0050
6407  0.0060
6408  0.0040
6409  0.0080
6410  0.0040
6411  0.0030
6412  0.0040
6413  0.0050
6414  0.0030
6415  0.0040
6416  0.0050
6417  0.0010
6418  0.0040
6419  0.0010
6420  0.0030
6421  0.0060
6422  0.0020
6423  0.0040
6424  0.0060
6425  0.0060
6426  0.0050
6427  0.0030
6428  0.0040
6429  0.0040
6430  0.0080
6431  0.0050
6432  0.0030
6433  0.0010
6434  0.0070
6435  0.0010
6436  0.0050
6437  0.0060
6438  0.0050
6439  0.0050
6440  0.0020
6441  0.0010
6442  0.0020
6443  0.0040
6444  0.0040
6445  0.0020
6446  0.0060
6447  0.0020
6448  0.0060
6449  0.0050
6450  0.0030
6451  0.0030
6452  0.0010
6453  0.0010
6454  0.0070
6455  0.0020
6456  0.0010
6457  0.0080
6458  0.0050
6459  0.0010
6460  0.0030
6461  0.0020
6462  0.0050
6463  0.0050
6464  0.0020
6465  0.0040
6466  0.0040
6467  0.0040
6468  0.0020
6469  0.0050
6470  0.0030
6471  0.0040
6472  0.0050
6473  0.0010
6475  0.0040
6476  0.0030
6477  0.0030
6478  0.0010
6479  0.0040
6480  0.0020
6481  0.0040
6483  0.0010
6484  0.0060
6485  0.0010
6486  0.0050
6487  0.0020
6488  0.0010
6489  0.0020
6490  0.0020
6491  0.0030
6492  0.0030
6493  0.0050
6494  0.0020
6495  0.0030
6496  0.0010
6498  0.0010
6499  0.0040
6500  0.0040
6501  0.0020
6503  0.0050
6505  0.0010
6506  0.0030
6507  0.0030
6508  0.0030
6509  0.0030
6510  0.0030
6511  0.0020
6512  0.0010
6513  0.0010
6514  0.0020
6515  0.0020
6516  0.0010
6517  0.0020
6518  0.0010
6519  0.0050
6520  0.0020
6523  0.0010
6524  0.0020
6525  0.0020
6526  0.0010
6528  0.0020
6529  0.0010
6530  0.0040
6531  0.0010
6532  0.0030
6533  0.0010
6534  0.0020
6535  0.0050
6537  0.0010
6538  0.0010
6540  0.0030
6541  0.0030
6543  0.0030
6544  0.0020
6545  0.0010
6546  0.0010
6547  0.0020
6554  0.0010
6556  0.0030
6557  0.0010
6558  0.0020
6559  0.0010
6560  0.0010
6561  0.0010
6562  0.0010
6566  0.0010
6568  0.0010
6570  0.0020
6571  0.0020
6572  0.0020
6573  0.0020
6575  0.0010
6576  0.0010
6577  0.0010
6579  0.0010
6580  0.0020
6586  0.0040
6587  0.0010
6588  0.0010
6591  0.0010
6595  0.0010
6598  0.0010
6602  0.0010
6604  0.0010
6606  0.0010
6608  0.0010
6613  0.0010
6632  0.0010
6633  0.0010
6649  0.0010
6702  0.0010
