1  446.2400
2  125.1040
3  79.1640
4  53.6370
5  38.7710
6  28.9740
7  23.1140
8  18.6840
9  14.9680
10  12.7300
11  10.7080
12  9.4200
13  7.9470
14  7.0630
15  6.1910
16  5.4550
17  4.8770
18  4.2580
19  3.8200
20  3.4440
21  2.9550
22  2.8510
23  2.4600
24  2.4010
25  2.0760
26  1.9030
27  1.8260
28  1.6270
29  1.4970
30  1.3290
31  1.2540
32  1.1730
33  1.0580
34  1.0220
35  0.9150
36  0.8420
37  0.8230
38  0.7700
39  0.6900
40  0.6370
41  0.5970
42  0.5640
43  0.5200
44  0.4420
45  0.4480
46  0.4210
47  0.4290
48  0.3800
49  0.3590
50  0.3350
51  0.2960
52  0.2440
53  0.2480
54  0.2550
55  0.2400
56  0.2270
57  0.2140
58  0.1770
59  0.2020
60  0.1880
61  0.1520
62  0.1410
63  0.1480
64  0.1230
65  0.0990
66  0.1250
67  0.0940
68  0.1210
69  0.0860
70  0.1000
71  0.0840
72  0.0870
73  0.0750
74  0.0690
75  0.0650
76  0.0690
77  0.0660
78  0.0640
79  0.0630
80  0.0510
81  0.0590
82  0.0480
83  0.0420
84  0.0370
85  0.0390
86  0.0460
87  0.0430
88  0.0360
89  0.0340
90  0.0380
91  0.0330
92  0.0350
93  0.0220
94  0.0250
95  0.0170
96  0.0250
97  0.0210
98  0.0140
99  0.0200
100  0.0120
101  0.0160
102  0.0220
103  0.0190
104  0.0160
105  0.0110
106  0.0140
107  0.0140
108  0.0110
109  0.0120
110  0.0110
111  0.0100
112  0.0090
113  0.0100
114  0.0070
115  0.0090
116  0.0050
117  0.0070
118  0.0100
119  0.0090
120  0.0070
121  0.0060
122  0.0070
123  0.0080
124  0.0060
125  0.0040
126  0.0040
127  0.0020
128  0.0030
129  0.0010
130  0.0030
131  0.0080
132  0.0030
133  0.0050
134  0.0050
135  0.0020
136  0.0020
138  0.0010
139  0.0020
140  0.0010
141  0.0030
143  0.0010
144  0.0010
146  0.0020
147  0.0030
150  0.0030
151  0.0020
155  0.0030
156  0.0030
158  0.0020
159  0.0040
160  0.0040
161  0.0010
162  0.0020
163  0.0010
165  0.0020
166  0.0010
168  0.0010
169  0.0010
171  0.0010
173  0.0010
175  0.0010
178  0.0010
180  0.0010
182  0.0010
194  0.0010
208  0.0010
