1  0.3070
2  0.0150
3  0.0070
6  0.0010
16  0.0010
2219  0.0010
2228  0.0010
2231  0.0010
2232  0.0010
2233  0.0010
2238  0.0010
2239  0.0020
2241  0.0040
2242  0.0010
2243  0.0020
2244  0.0060
2245  0.0030
2246  0.0030
2247  0.0060
2248  0.0060
2249  0.0010
2250  0.0040
2251  0.0070
2252  0.0090
2253  0.0070
2254  0.0060
2255  0.0090
2256  0.0110
2257  0.0090
2258  0.0180
2259  0.0150
2260  0.0150
2261  0.0200
2262  0.0160
2263  0.0210
2264  0.0180
2265  0.0280
2266  0.0230
2267  0.0230
2268  0.0200
2269  0.0310
2270  0.0220
2271  0.0260
2272  0.0240
2273  0.0300
2274  0.0230
2275  0.0360
2276  0.0260
2277  0.0360
2278  0.0240
2279  0.0280
2280  0.0280
2281  0.0180
2282  0.0230
2283  0.0210
2284  0.0280
2285  0.0190
2286  0.0190
2287  0.0210
2288  0.0110
2289  0.0140
2290  0.0110
2291  0.0240
2292  0.0220
2293  0.0090
2294  0.0160
2295  0.0120
2296  0.0060
2297  0.0120
2298  0.0080
2299  0.0090
2300  0.0050
2301  0.0010
2302  0.0050
2303  0.0050
2304  0.0030
2305  0.0080
2306  0.0020
2307  0.0020
2308  0.0020
2309  0.0040
2311  0.0030
2312  0.0010
2313  0.0010
2318  0.0010
2321  0.0010
