1  20.9100
2  2.0580
3  0.8950
4  0.4280
5  0.2160
6  0.1440
7  0.0770
8  0.0560
9  0.0320
10  0.0260
11  0.0170
12  0.0200
13  0.0060
14  0.0060
15  0.0080
16  0.0060
17  0.0060
18  0.0040
19  0.0030
23  0.0020
25  0.0010
26  0.0020
29  0.0010
30  0.0030
31  0.0010
44  0.0010
48  0.0010
7592  0.0010
7628  0.0010
7641  0.0020
7646  0.0010
7651  0.0020
7653  0.0010
7663  0.0010
7667  0.0010
7668  0.0010
7669  0.0010
7670  0.0020
7671  0.0010
7674  0.0020
7675  0.0020
7676  0.0020
7677  0.0020
7678  0.0020
7679  0.0010
7680  0.0010
7681  0.0020
7682  0.0010
7683  0.0010
7684  0.0020
7686  0.0020
7687  0.0020
7688  0.0020
7689  0.0020
7690  0.0030
7691  0.0040
7692  0.0040
7693  0.0050
7694  0.0010
7696  0.0010
7697  0.0010
7698  0.0070
7699  0.0030
7700  0.0020
7701  0.0020
7702  0.0020
7703  0.0010
7704  0.0080
7705  0.0030
7706  0.0010
7707  0.0040
7708  0.0050
7709  0.0050
7710  0.0020
7711  0.0010
7712  0.0040
7713  0.0020
7714  0.0040
7715  0.0030
7716  0.0080
7717  0.0030
7718  0.0040
7719  0.0060
7720  0.0030
7721  0.0050
7722  0.0070
7723  0.0020
7724  0.0040
7725  0.0060
7726  0.0070
7727  0.0080
7728  0.0080
7729  0.0060
7730  0.0090
7731  0.0100
7732  0.0050
7733  0.0070
7734  0.0070
7735  0.0050
7736  0.0050
7737  0.0090
7738  0.0080
7739  0.0050
7740  0.0110
7741  0.0060
7742  0.0050
7743  0.0100
7744  0.0060
7745  0.0080
7746  0.0110
7747  0.0060
7748  0.0060
7749  0.0150
7750  0.0090
7751  0.0090
7752  0.0090
7753  0.0120
7754  0.0010
7755  0.0140
7756  0.0090
7757  0.0090
7758  0.0120
7759  0.0080
7760  0.0090
7761  0.0040
7762  0.0090
7763  0.0080
7764  0.0060
7765  0.0090
7766  0.0040
7767  0.0170
7768  0.0100
7769  0.0110
7770  0.0070
7771  0.0070
7772  0.0080
7773  0.0070
7774  0.0090
7775  0.0080
7776  0.0110
7777  0.0100
7778  0.0090
7779  0.0080
7780  0.0090
7781  0.0100
7782  0.0090
7783  0.0070
7784  0.0030
7785  0.0060
7786  0.0030
7787  0.0060
7788  0.0070
7789  0.0070
7790  0.0120
7791  0.0080
7792  0.0080
7793  0.0090
7794  0.0090
7795  0.0060
7796  0.0070
7797  0.0040
7798  0.0040
7799  0.0040
7800  0.0070
7801  0.0060
7802  0.0100
7803  0.0100
7804  0.0080
7805  0.0070
7806  0.0070
7807  0.0030
7808  0.0040
7809  0.0040
7810  0.0040
7811  0.0040
7812  0.0060
7813  0.0100
7814  0.0050
7815  0.0020
7816  0.0030
7817  0.0050
7818  0.0120
7819  0.0060
7820  0.0040
7821  0.0050
7822  0.0050
7823  0.0060
7824  0.0050
7825  0.0030
7826  0.0040
7827  0.0060
7828  0.0020
7829  0.0010
7830  0.0040
7831  0.0020
7832  0.0020
7833  0.0020
7834  0.0030
7835  0.0030
7836  0.0020
7837  0.0040
7838  0.0010
7839  0.0040
7841  0.0010
7842  0.0030
7843  0.0020
7845  0.0080
7846  0.0020
7847  0.0020
7848  0.0020
7849  0.0010
7850  0.0020
7851  0.0010
7852  0.0010
7853  0.0040
7854  0.0030
7855  0.0040
7857  0.0020
7859  0.0010
7861  0.0010
7862  0.0010
7863  0.0020
7865  0.0010
7868  0.0010
7869  0.0010
7870  0.0030
7872  0.0010
7873  0.0010
7875  0.0010
7877  0.0010
7888  0.0010
7889  0.0010
7891  0.0010
7892  0.0010
7931  0.0010
