1  467.4920
2  132.7380
3  83.6450
4  56.5625
5  40.7725
6  30.7695
7  24.1495
8  19.1560
9  15.7815
10  13.0060
11  11.0570
12  9.4075
13  8.2405
14  7.0745
15  6.2190
16  5.3720
17  4.7320
18  4.1670
19  3.7640
20  3.3640
21  3.0705
22  2.6665
23  2.4310
24  2.1895
25  1.9550
26  1.7995
27  1.6330
28  1.5430
29  1.3810
30  1.2890
31  1.1805
32  0.9980
33  0.9385
34  0.8810
35  0.8120
36  0.7440
37  0.6970
38  0.6250
39  0.6030
40  0.5235
41  0.4995
42  0.4805
43  0.4615
44  0.4085
45  0.3845
46  0.3180
47  0.3520
48  0.3050
49  0.2890
50  0.2555
51  0.2495
52  0.2115
53  0.2150
54  0.1930
55  0.1985
56  0.1665
57  0.1575
58  0.1515
59  0.1220
60  0.1245
61  0.1205
62  0.1170
63  0.1120
64  0.0910
65  0.0950
66  0.0795
67  0.0890
68  0.0715
69  0.0785
70  0.0640
71  0.0565
72  0.0650
73  0.0520
74  0.0460
75  0.0655
76  0.0420
77  0.0430
78  0.0450
79  0.0360
80  0.0375
81  0.0400
82  0.0300
83  0.0255
84  0.0300
85  0.0215
86  0.0225
87  0.0275
88  0.0215
89  0.0185
90  0.0210
91  0.0190
92  0.0145
93  0.0190
94  0.0135
95  0.0140
96  0.0135
97  0.0095
98  0.0135
99  0.0125
100  0.0100
101  0.0130
102  0.0090
103  0.0120
104  0.0100
105  0.0070
106  0.0065
107  0.0060
108  0.0060
109  0.0080
110  0.0045
111  0.0065
112  0.0035
113  0.0045
114  0.0050
115  0.0065
116  0.0070
117  0.0035
118  0.0035
119  0.0030
120  0.0010
121  0.0025
122  0.0025
123  0.0015
124  0.0015
125  0.0050
126  0.0015
127  0.0040
128  0.0010
129  0.0020
130  0.0010
131  0.0005
132  0.0030
133  0.0010
134  0.0025
135  0.0015
136  0.0005
137  0.0030
138  0.0020
139  0.0005
140  0.0015
141  0.0005
142  0.0005
144  0.0015
145  0.0020
146  0.0010
147  0.0010
150  0.0010
151  0.0005
152  0.0010
153  0.0005
155  0.0005
156  0.0005
157  0.0010
159  0.0005
161  0.0005
163  0.0005
164  0.0005
167  0.0005
173  0.0005
175  0.0005
178  0.0005
180  0.0005
181  0.0005
183  0.0005
193  0.0005
200  0.0010
201  0.0005
