1  236.1620
2  54.7610
3  33.9520
4  22.2030
5  16.1900
6  12.0100
7  9.5740
8  7.4820
9  6.2150
10  5.2790
11  4.4200
12  3.9360
13  3.4340
14  3.0480
15  2.7140
16  2.4540
17  2.2260
18  2.0340
19  1.9160
20  1.7240
21  1.6110
22  1.4210
23  1.2710
24  1.3350
25  1.2570
26  1.1410
27  1.0250
28  1.0270
29  0.9870
30  0.8670
31  0.8210
32  0.8220
33  0.7710
34  0.7050
35  0.6780
36  0.6040
37  0.6190
38  0.5980
39  0.5380
40  0.5400
41  0.5150
42  0.5010
43  0.4800
44  0.4810
45  0.4730
46  0.4160
47  0.4150
48  0.3840
49  0.3510
50  0.3620
51  0.3500
52  0.3890
53  0.3500
54  0.3420
55  0.3290
56  0.2900
57  0.2900
58  0.2800
59  0.2750
60  0.2600
61  0.2550
62  0.2780
63  0.2390
64  0.2330
65  0.2570
66  0.2190
67  0.2400
68  0.2190
69  0.1970
70  0.2400
71  0.1940
72  0.2000
73  0.1830
74  0.1870
75  0.1730
76  0.1720
77  0.1800
78  0.1590
79  0.1780
80  0.1630
81  0.1610
82  0.1800
83  0.1480
84  0.1490
85  0.1410
86  0.1590
87  0.1370
88  0.1480
89  0.1200
90  0.1270
91  0.1190
92  0.1460
93  0.1310
94  0.1270
95  0.1280
96  0.1300
97  0.1220
98  0.1270
99  0.1030
100  0.1240
101  0.1240
102  0.1170
103  0.0940
104  0.1000
105  0.1030
106  0.0970
107  0.0760
108  0.0980
109  0.1240
110  0.1040
111  0.1070
112  0.1020
113  0.0940
114  0.0870
115  0.0790
116  0.0570
117  0.0950
118  0.0910
119  0.0780
120  0.0750
121  0.0780
122  0.0780
123  0.0720
124  0.0760
125  0.0800
126  0.0740
127  0.0840
128  0.0720
129  0.0750
130  0.0790
131  0.0700
132  0.0610
133  0.0700
134  0.0660
135  0.0540
136  0.0670
137  0.0550
138  0.0730
139  0.0740
140  0.0690
141  0.0640
142  0.0760
143  0.0510
144  0.0530
145  0.0640
146  0.0570
147  0.0620
148  0.0620
149  0.0580
150  0.0640
151  0.0610
152  0.0490
153  0.0470
154  0.0520
155  0.0620
156  0.0430
157  0.0540
158  0.0530
159  0.0520
160  0.0470
161  0.0550
162  0.0320
163  0.0450
164  0.0550
165  0.0420
166  0.0500
167  0.0500
168  0.0420
169  0.0420
170  0.0540
171  0.0390
172  0.0450
173  0.0440
174  0.0390
175  0.0420
176  0.0260
177  0.0330
178  0.0450
179  0.0370
180  0.0500
181  0.0410
182  0.0270
183  0.0350
184  0.0350
185  0.0340
186  0.0290
187  0.0310
188  0.0470
189  0.0360
190  0.0280
191  0.0310
192  0.0380
193  0.0370
194  0.0450
195  0.0290
196  0.0360
197  0.0350
198  0.0290
199  0.0330
200  0.0360
201  0.0370
202  0.0380
203  0.0310
204  0.0260
205  0.0300
206  0.0310
207  0.0330
208  0.0350
209  0.0270
210  0.0250
211  0.0240
212  0.0220
213  0.0260
214  0.0240
215  0.0260
216  0.0260
217  0.0240
218  0.0280
219  0.0280
220  0.0290
221  0.0290
222  0.0240
223  0.0150
224  0.0280
225  0.0300
226  0.0280
227  0.0300
228  0.0350
229  0.0200
230  0.0260
231  0.0230
232  0.0190
233  0.0220
234  0.0280
235  0.0320
236  0.0230
237  0.0280
238  0.0230
239  0.0240
240  0.0230
241  0.0250
242  0.0280
243  0.0280
244  0.0170
245  0.0280
246  0.0220
247  0.0210
248  0.0220
249  0.0180
250  0.0160
251  0.0150
252  0.0210
253  0.0230
254  0.0240
255  0.0170
256  0.0210
257  0.0190
258  0.0170
259  0.0160
260  0.0220
261  0.0120
262  0.0100
263  0.0150
264  0.0090
265  0.0180
266  0.0180
267  0.0100
268  0.0160
269  0.0150
270  0.0140
271  0.0160
272  0.0160
273  0.0150
274  0.0230
275  0.0170
276  0.0170
277  0.0160
278  0.0110
279  0.0170
280  0.0140
281  0.0190
282  0.0100
283  0.0190
284  0.0120
285  0.0130
286  0.0230
287  0.0130
288  0.0180
289  0.0150
290  0.0170
291  0.0110
292  0.0170
293  0.0090
294  0.0110
295  0.0160
296  0.0160
297  0.0100
298  0.0150
299  0.0160
300  0.0140
301  0.0150
302  0.0150
303  0.0120
304  0.0190
305  0.0190
306  0.0050
307  0.0170
308  0.0120
309  0.0120
310  0.0110
311  0.0170
312  0.0060
313  0.0140
314  0.0210
315  0.0080
316  0.0120
317  0.0110
318  0.0180
319  0.0140
320  0.0090
321  0.0120
322  0.0140
323  0.0110
324  0.0150
325  0.0090
326  0.0120
327  0.0120
328  0.0120
329  0.0120
330  0.0140
331  0.0120
332  0.0130
333  0.0130
334  0.0150
335  0.0120
336  0.0100
337  0.0130
338  0.0050
339  0.0090
340  0.0100
341  0.0170
342  0.0130
343  0.0150
344  0.0080
345  0.0100
346  0.0070
347  0.0130
348  0.0070
349  0.0070
350  0.0040
351  0.0070
352  0.0120
353  0.0150
354  0.0140
355  0.0110
356  0.0040
357  0.0140
358  0.0130
359  0.0110
360  0.0120
361  0.0120
362  0.0120
363  0.0080
364  0.0100
365  0.0050
366  0.0110
367  0.0070
368  0.0050
369  0.0080
370  0.0090
371  0.0080
372  0.0110
373  0.0090
374  0.0090
375  0.0070
376  0.0090
377  0.0070
378  0.0100
379  0.0060
380  0.0060
381  0.0090
382  0.0110
383  0.0120
384  0.0090
385  0.0070
386  0.0100
387  0.0060
388  0.0120
389  0.0100
390  0.0040
391  0.0070
392  0.0090
393  0.0100
394  0.0130
395  0.0120
396  0.0060
397  0.0090
398  0.0050
399  0.0050
400  0.0070
401  0.0100
402  0.0060
403  0.0070
404  0.0050
405  0.0120
406  0.0050
407  0.0100
408  0.0040
409  0.0090
410  0.0080
411  0.0090
412  0.0110
413  0.0050
414  0.0060
415  0.0070
416  0.0120
417  0.0050
418  0.0040
419  0.0060
420  0.0080
421  0.0110
422  0.0040
423  0.0080
424  0.0070
425  0.0070
426  0.0060
427  0.0030
428  0.0050
429  0.0050
430  0.0060
431  0.0060
432  0.0020
433  0.0090
434  0.0050
435  0.0050
436  0.0060
437  0.0030
438  0.0090
439  0.0050
440  0.0050
441  0.0080
442  0.0050
443  0.0070
444  0.0050
445  0.0030
446  0.0060
447  0.0130
448  0.0040
449  0.0080
450  0.0060
451  0.0060
452  0.0030
453  0.0090
454  0.0050
455  0.0030
456  0.0090
457  0.0050
458  0.0050
459  0.0080
460  0.0090
461  0.0030
462  0.0090
463  0.0070
464  0.0050
465  0.0050
466  0.0070
467  0.0060
468  0.0030
469  0.0050
470  0.0010
471  0.0080
472  0.0040
473  0.0030
474  0.0050
475  0.0060
476  0.0040
477  0.0030
478  0.0070
479  0.0030
480  0.0020
481  0.0080
482  0.0060
483  0.0100
484  0.0020
485  0.0060
486  0.0020
487  0.0050
488  0.0030
489  0.0020
490  0.0050
491  0.0040
492  0.0070
493  0.0080
494  0.0070
495  0.0030
496  0.0020
497  0.0080
498  0.0080
499  0.0040
500  0.0070
501  0.0050
502  0.0040
503  0.0070
504  0.0050
505  0.0070
506  0.0040
507  0.0020
508  0.0020
509  0.0030
510  0.0030
511  0.0010
512  0.0040
513  0.0080
514  0.0030
515  0.0050
516  0.0070
517  0.0010
518  0.0030
519  0.0050
520  0.0030
521  0.0090
522  0.0050
523  0.0010
524  0.0070
525  0.0050
526  0.0040
527  0.0030
528  0.0040
529  0.0030
530  0.0060
531  0.0020
532  0.0010
533  0.0060
534  0.0040
535  0.0040
536  0.0010
537  0.0050
538  0.0030
539  0.0050
540  0.0030
541  0.0020
542  0.0030
543  0.0010
544  0.0030
545  0.0040
546  0.0040
547  0.0010
548  0.0030
549  0.0020
550  0.0030
551  0.0030
552  0.0060
553  0.0020
554  0.0060
555  0.0010
556  0.0040
557  0.0040
558  0.0050
559  0.0030
560  0.0040
561  0.0020
562  0.0040
563  0.0020
564  0.0010
565  0.0030
566  0.0010
567  0.0050
568  0.0060
569  0.0030
570  0.0020
571  0.0050
572  0.0040
573  0.0030
574  0.0030
575  0.0010
576  0.0030
577  0.0050
578  0.0020
579  0.0080
580  0.0030
581  0.0030
582  0.0020
583  0.0030
584  0.0030
585  0.0030
586  0.0010
587  0.0020
588  0.0060
589  0.0020
590  0.0010
591  0.0050
592  0.0050
593  0.0020
594  0.0020
595  0.0050
596  0.0020
597  0.0020
598  0.0030
599  0.0020
600  0.0010
601  0.0010
602  0.0010
603  0.0020
604  0.0050
605  0.0010
606  0.0030
607  0.0020
608  0.0040
609  0.0030
610  0.0010
612  0.0020
613  0.0030
614  0.0020
615  0.0030
616  0.0030
617  0.0020
618  0.0010
619  0.0040
620  0.0060
621  0.0020
622  0.0040
623  0.0030
625  0.0010
626  0.0010
627  0.0010
628  0.0020
629  0.0040
630  0.0010
633  0.0010
634  0.0020
635  0.0040
637  0.0020
638  0.0010
641  0.0030
642  0.0030
643  0.0010
644  0.0040
645  0.0010
646  0.0020
647  0.0020
648  0.0060
649  0.0020
650  0.0020
651  0.0030
652  0.0050
653  0.0010
654  0.0020
655  0.0020
656  0.0010
657  0.0030
658  0.0030
659  0.0030
660  0.0010
661  0.0020
662  0.0030
663  0.0020
665  0.0020
666  0.0010
667  0.0010
668  0.0010
670  0.0050
671  0.0020
672  0.0020
674  0.0020
675  0.0040
677  0.0040
678  0.0020
679  0.0040
680  0.0020
681  0.0020
683  0.0030
684  0.0020
685  0.0040
686  0.0040
687  0.0040
688  0.0010
689  0.0010
690  0.0010
691  0.0010
692  0.0030
693  0.0030
694  0.0030
695  0.0020
696  0.0030
697  0.0030
698  0.0020
699  0.0010
700  0.0030
701  0.0010
702  0.0010
703  0.0050
704  0.0010
705  0.0030
706  0.0010
707  0.0030
708  0.0030
709  0.0020
710  0.0010
711  0.0010
712  0.0010
715  0.0010
716  0.0030
717  0.0010
718  0.0020
719  0.0020
720  0.0010
722  0.0010
723  0.0010
726  0.0030
727  0.0010
728  0.0020
730  0.0010
731  0.0010
732  0.0020
733  0.0010
734  0.0020
735  0.0020
736  0.0010
737  0.0010
738  0.0050
740  0.0030
741  0.0010
742  0.0030
746  0.0020
747  0.0030
749  0.0040
752  0.0010
753  0.0040
754  0.0010
756  0.0010
757  0.0010
758  0.0020
760  0.0010
764  0.0020
765  0.0020
766  0.0010
767  0.0020
768  0.0020
769  0.0020
770  0.0010
771  0.0030
772  0.0020
773  0.0010
774  0.0020
775  0.0020
776  0.0010
780  0.0020
781  0.0010
782  0.0010
783  0.0010
784  0.0010
785  0.0010
786  0.0010
787  0.0010
788  0.0010
790  0.0020
791  0.0030
792  0.0010
793  0.0030
794  0.0010
796  0.0020
799  0.0020
801  0.0010
802  0.0020
803  0.0010
805  0.0010
806  0.0010
807  0.0020
808  0.0010
810  0.0010
811  0.0020
812  0.0020
815  0.0020
816  0.0010
817  0.0010
818  0.0010
819  0.0010
820  0.0010
821  0.0010
823  0.0040
826  0.0010
828  0.0020
830  0.0030
831  0.0010
833  0.0010
835  0.0010
841  0.0010
844  0.0010
845  0.0010
846  0.0030
848  0.0010
850  0.0010
851  0.0010
854  0.0020
855  0.0010
856  0.0010
857  0.0030
858  0.0010
860  0.0010
861  0.0010
862  0.0020
863  0.0030
864  0.0030
868  0.0010
869  0.0010
870  0.0010
871  0.0010
873  0.0020
874  0.0010
876  0.0020
879  0.0010
880  0.0010
884  0.0010
889  0.0020
891  0.0030
892  0.0010
896  0.0010
900  0.0030
901  0.0010
902  0.0010
906  0.0010
907  0.0030
911  0.0010
912  0.0010
913  0.0010
915  0.0020
918  0.0010
919  0.0010
921  0.0010
922  0.0010
926  0.0010
930  0.0020
931  0.0010
932  0.0010
933  0.0030
935  0.0010
937  0.0010
939  0.0020
941  0.0010
942  0.0030
943  0.0010
944  0.0030
945  0.0020
948  0.0020
949  0.0030
951  0.0030
953  0.0010
956  0.0010
957  0.0010
961  0.0010
962  0.0010
963  0.0010
964  0.0020
965  0.0010
966  0.0030
967  0.0020
971  0.0010
973  0.0020
974  0.0020
975  0.0010
977  0.0010
979  0.0010
982  0.0010
983  0.0010
984  0.0010
985  0.0020
986  0.0010
987  0.0020
988  0.0010
990  0.0010
991  0.0010
992  0.0020
993  0.0010
995  0.0010
996  0.0010
999  0.0010
1001  0.0010
1004  0.0020
1006  0.0010
1007  0.0010
1008  0.0010
1009  0.0010
1010  0.0020
1012  0.0020
1013  0.0020
1017  0.0010
1018  0.0010
1021  0.0010
1022  0.0010
1025  0.0010
1027  0.0010
1028  0.0010
1033  0.0010
1034  0.0010
1036  0.0010
1039  0.0020
1043  0.0010
1046  0.0010
1047  0.0010
1049  0.0010
1057  0.0010
1062  0.0010
1064  0.0020
1065  0.0010
1068  0.0010
1072  0.0020
1074  0.0010
1078  0.0010
1079  0.0010
1081  0.0020
1082  0.0010
1087  0.0010
1094  0.0010
1099  0.0010
1106  0.0010
1109  0.0010
1111  0.0010
1113  0.0010
1128  0.0020
1132  0.0010
1137  0.0010
1142  0.0010
1144  0.0010
1145  0.0010
1151  0.0010
1152  0.0020
1160  0.0010
1170  0.0020
1173  0.0010
1174  0.0010
1181  0.0010
1183  0.0010
1190  0.0010
1192  0.0010
1196  0.0010
1199  0.0010
1201  0.0010
1206  0.0010
1214  0.0010
1215  0.0020
1217  0.0010
1222  0.0010
1223  0.0010
1234  0.0010
1236  0.0010
1245  0.0010
1261  0.0010
1266  0.0010
1269  0.0010
1278  0.0010
1280  0.0010
1284  0.0010
1293  0.0010
1304  0.0020
1309  0.0010
1311  0.0010
1316  0.0020
1345  0.0010
1364  0.0010
1383  0.0010
1384  0.0010
1402  0.0010
1438  0.0010
1439  0.0010
1441  0.0010
1455  0.0010
1456  0.0010
1480  0.0010
1481  0.0010
1491  0.0010
1524  0.0010
1531  0.0010
1543  0.0010
1553  0.0010
1560  0.0010
1587  0.0010
1604  0.0010
1606  0.0010
1623  0.0010
1627  0.0010
1632  0.0010
1676  0.0010
1691  0.0010
1698  0.0010
1715  0.0010
1724  0.0010
1828  0.0010
1883  0.0010
1891  0.0010
1956  0.0010
1982  0.0010
2015  0.0010
2547  0.0010
