1  5.9330
2  0.6470
3  0.2950
4  0.1690
5  0.1050
6  0.0410
7  0.0410
8  0.0320
9  0.0220
10  0.0180
11  0.0130
12  0.0080
13  0.0030
14  0.0010
15  0.0030
16  0.0050
17  0.0030
18  0.0020
19  0.0010
20  0.0010
23  0.0010
24  0.0010
26  0.0010
27  0.0010
29  0.0020
35  0.0010
36  0.0010
38  0.0010
43  0.0010
1825  0.0010
1853  0.0010
1867  0.0010
1871  0.0010
1873  0.0010
1877  0.0010
1878  0.0010
1881  0.0010
1882  0.0010
1884  0.0020
1885  0.0010
1886  0.0040
1887  0.0010
1888  0.0020
1889  0.0010
1890  0.0020
1891  0.0030
1892  0.0060
1893  0.0010
1894  0.0020
1895  0.0060
1897  0.0040
1898  0.0030
1899  0.0060
1900  0.0030
1901  0.0020
1902  0.0050
1903  0.0040
1904  0.0070
1905  0.0060
1906  0.0050
1907  0.0100
1908  0.0030
1909  0.0120
1910  0.0020
1911  0.0110
1912  0.0130
1913  0.0110
1914  0.0150
1915  0.0070
1916  0.0100
1917  0.0160
1918  0.0160
1919  0.0100
1920  0.0110
1921  0.0080
1922  0.0100
1923  0.0160
1924  0.0090
1925  0.0140
1926  0.0140
1927  0.0210
1928  0.0130
1929  0.0180
1930  0.0180
1931  0.0090
1932  0.0130
1933  0.0140
1934  0.0110
1935  0.0170
1936  0.0190
1937  0.0240
1938  0.0170
1939  0.0230
1940  0.0230
1941  0.0150
1942  0.0110
1943  0.0160
1944  0.0140
1945  0.0130
1946  0.0130
1947  0.0190
1948  0.0130
1949  0.0180
1950  0.0130
1951  0.0140
1952  0.0200
1953  0.0190
1954  0.0120
1955  0.0150
1956  0.0100
1957  0.0170
1958  0.0110
1959  0.0100
1960  0.0110
1961  0.0110
1962  0.0060
1963  0.0070
1964  0.0140
1965  0.0050
1966  0.0030
1967  0.0110
1968  0.0120
1969  0.0090
1970  0.0070
1971  0.0070
1972  0.0090
1973  0.0070
1974  0.0060
1975  0.0050
1976  0.0070
1977  0.0080
1978  0.0100
1979  0.0020
1980  0.0030
1981  0.0010
1982  0.0020
1983  0.0010
1984  0.0020
1985  0.0010
1986  0.0020
1987  0.0040
1988  0.0010
1990  0.0010
1991  0.0010
1994  0.0010
1995  0.0010
1996  0.0010
2000  0.0010
2005  0.0010
2013  0.0010
2020  0.0010
2022  0.0010
