1  32.9135
2  3.8115
3  1.6890
4  0.8925
5  0.4645
6  0.3125
7  0.2225
8  0.1525
9  0.0975
10  0.0755
11  0.0575
12  0.0410
13  0.0365
14  0.0305
15  0.0205
16  0.0180
17  0.0145
18  0.0135
19  0.0095
20  0.0090
21  0.0080
22  0.0020
23  0.0070
24  0.0050
25  0.0035
26  0.0045
27  0.0040
28  0.0030
29  0.0020
30  0.0025
31  0.0020
32  0.0020
33  0.0020
34  0.0005
35  0.0010
36  0.0015
37  0.0005
38  0.0025
39  0.0005
40  0.0015
41  0.0010
42  0.0005
43  0.0005
44  0.0020
45  0.0015
49  0.0005
51  0.0005
59  0.0005
63  0.0005
65  0.0010
69  0.0005
73  0.0005
79  0.0005
82  0.0005
102  0.0005
7236  0.0005
7258  0.0005
7261  0.0005
7265  0.0010
7266  0.0005
7271  0.0005
7273  0.0005
7277  0.0005
7280  0.0005
7286  0.0005
7295  0.0005
7297  0.0010
7298  0.0005
7300  0.0010
7306  0.0005
7307  0.0010
7309  0.0010
7310  0.0005
7312  0.0005
7315  0.0005
7316  0.0010
7318  0.0020
7320  0.0005
7321  0.0005
7322  0.0005
7323  0.0010
7324  0.0015
7325  0.0010
7327  0.0005
7328  0.0005
7330  0.0015
7331  0.0005
7332  0.0005
7333  0.0005
7334  0.0010
7335  0.0010
7336  0.0010
7337  0.0020
7338  0.0035
7339  0.0010
7340  0.0010
7341  0.0015
7342  0.0025
7343  0.0005
7344  0.0035
7346  0.0005
7347  0.0020
7348  0.0010
7349  0.0020
7350  0.0005
7351  0.0025
7352  0.0020
7353  0.0010
7354  0.0035
7355  0.0015
7356  0.0015
7357  0.0010
7358  0.0020
7359  0.0020
7360  0.0020
7361  0.0030
7362  0.0015
7363  0.0050
7364  0.0015
7365  0.0015
7366  0.0030
7367  0.0015
7368  0.0015
7369  0.0060
7370  0.0015
7371  0.0035
7372  0.0035
7373  0.0015
7374  0.0030
7375  0.0020
7376  0.0040
7377  0.0030
7378  0.0030
7379  0.0050
7380  0.0030
7381  0.0015
7382  0.0085
7383  0.0055
7384  0.0050
7385  0.0070
7386  0.0050
7387  0.0045
7388  0.0050
7389  0.0055
7390  0.0035
7391  0.0070
7392  0.0080
7393  0.0040
7394  0.0070
7395  0.0055
7396  0.0045
7397  0.0065
7398  0.0050
7399  0.0070
7400  0.0045
7401  0.0020
7402  0.0080
7403  0.0045
7404  0.0050
7405  0.0065
7406  0.0050
7407  0.0100
7408  0.0080
7409  0.0075
7410  0.0065
7411  0.0065
7412  0.0040
7413  0.0055
7414  0.0070
7415  0.0065
7416  0.0065
7417  0.0105
7418  0.0060
7419  0.0050
7420  0.0070
7421  0.0065
7422  0.0090
7423  0.0090
7424  0.0085
7425  0.0045
7426  0.0075
7427  0.0070
7428  0.0065
7429  0.0065
7430  0.0105
7431  0.0090
7432  0.0070
7433  0.0085
7434  0.0055
7435  0.0100
7436  0.0075
7437  0.0050
7438  0.0120
7439  0.0085
7440  0.0095
7441  0.0060
7442  0.0050
7443  0.0065
7444  0.0060
7445  0.0050
7446  0.0070
7447  0.0115
7448  0.0080
7449  0.0095
7450  0.0070
7451  0.0085
7452  0.0085
7453  0.0070
7454  0.0060
7455  0.0070
7456  0.0055
7457  0.0065
7458  0.0090
7459  0.0040
7460  0.0080
7461  0.0075
7462  0.0045
7463  0.0105
7464  0.0045
7465  0.0065
7466  0.0070
7467  0.0075
7468  0.0070
7469  0.0060
7470  0.0030
7471  0.0075
7472  0.0075
7473  0.0080
7474  0.0095
7475  0.0065
7476  0.0060
7477  0.0070
7478  0.0050
7479  0.0080
7480  0.0075
7481  0.0080
7482  0.0080
7483  0.0045
7484  0.0055
7485  0.0040
7486  0.0055
7487  0.0070
7488  0.0045
7489  0.0035
7490  0.0050
7491  0.0055
7492  0.0055
7493  0.0030
7494  0.0020
7495  0.0040
7496  0.0040
7497  0.0045
7498  0.0060
7499  0.0060
7500  0.0035
7501  0.0035
7502  0.0040
7503  0.0040
7504  0.0035
7505  0.0030
7506  0.0030
7507  0.0015
7508  0.0025
7509  0.0040
7510  0.0020
7511  0.0010
7512  0.0010
7513  0.0025
7514  0.0015
7515  0.0035
7516  0.0050
7517  0.0020
7518  0.0015
7519  0.0045
7520  0.0030
7521  0.0025
7522  0.0010
7523  0.0005
7524  0.0025
7525  0.0030
7526  0.0010
7527  0.0005
7528  0.0005
7529  0.0005
7530  0.0020
7531  0.0020
7532  0.0015
7533  0.0010
7534  0.0025
7535  0.0010
7537  0.0005
7538  0.0010
7539  0.0010
7540  0.0015
7541  0.0025
7542  0.0005
7543  0.0010
7545  0.0005
7547  0.0010
7548  0.0010
7549  0.0005
7552  0.0005
7553  0.0005
7554  0.0010
7555  0.0010
7557  0.0005
7558  0.0005
7559  0.0005
7560  0.0005
7561  0.0010
7564  0.0005
7566  0.0010
7567  0.0010
7569  0.0005
7574  0.0005
7576  0.0005
7580  0.0010
7583  0.0005
7611  0.0005
