1  10.5920
2  1.4620
3  0.6970
4  0.3720
5  0.2350
6  0.1420
7  0.1000
8  0.0690
9  0.0490
10  0.0420
11  0.0240
12  0.0240
13  0.0210
14  0.0140
15  0.0220
16  0.0130
17  0.0170
18  0.0080
19  0.0150
20  0.0110
21  0.0060
22  0.0020
23  0.0040
24  0.0070
25  0.0020
26  0.0010
27  0.0030
29  0.0030
30  0.0010
31  0.0010
32  0.0020
35  0.0010
36  0.0040
38  0.0020
40  0.0020
41  0.0010
42  0.0010
44  0.0030
48  0.0010
55  0.0010
59  0.0010
74  0.0010
90  0.0010
139  0.0010
1644  0.0010
1682  0.0010
1690  0.0020
1718  0.0010
1721  0.0010
1743  0.0020
1749  0.0030
1751  0.0020
1753  0.0020
1756  0.0010
1758  0.0020
1759  0.0020
1760  0.0010
1761  0.0020
1762  0.0010
1763  0.0010
1766  0.0030
1767  0.0010
1768  0.0010
1769  0.0010
1770  0.0010
1771  0.0050
1772  0.0030
1773  0.0010
1774  0.0040
1775  0.0010
1776  0.0050
1777  0.0040
1778  0.0030
1779  0.0020
1781  0.0080
1782  0.0040
1783  0.0030
1784  0.0030
1785  0.0030
1786  0.0030
1787  0.0090
1788  0.0020
1789  0.0050
1790  0.0040
1791  0.0070
1792  0.0070
1793  0.0080
1794  0.0120
1795  0.0070
1796  0.0080
1797  0.0030
1798  0.0110
1799  0.0130
1800  0.0080
1801  0.0100
1802  0.0090
1803  0.0090
1804  0.0070
1805  0.0080
1806  0.0100
1807  0.0160
1808  0.0150
1809  0.0080
1810  0.0110
1811  0.0130
1812  0.0090
1813  0.0140
1814  0.0120
1815  0.0080
1816  0.0120
1817  0.0150
1818  0.0150
1819  0.0090
1820  0.0130
1821  0.0190
1822  0.0120
1823  0.0120
1824  0.0130
1825  0.0180
1826  0.0090
1827  0.0160
1828  0.0160
1829  0.0190
1830  0.0150
1831  0.0100
1832  0.0100
1833  0.0150
1834  0.0190
1835  0.0150
1836  0.0150
1837  0.0160
1838  0.0130
1839  0.0170
1840  0.0110
1841  0.0150
1842  0.0110
1843  0.0130
1844  0.0110
1845  0.0120
1846  0.0120
1847  0.0070
1848  0.0140
1849  0.0090
1850  0.0080
1851  0.0060
1852  0.0090
1853  0.0120
1854  0.0170
1855  0.0050
1856  0.0140
1857  0.0070
1858  0.0090
1859  0.0060
1860  0.0070
1861  0.0010
1862  0.0040
1863  0.0060
1864  0.0060
1865  0.0100
1866  0.0020
1867  0.0060
1868  0.0050
1869  0.0060
1870  0.0030
1871  0.0060
1872  0.0020
1873  0.0040
1874  0.0040
1875  0.0030
1876  0.0040
1877  0.0010
1878  0.0020
1880  0.0060
1882  0.0010
1883  0.0010
1885  0.0010
1886  0.0030
1887  0.0020
1891  0.0010
1892  0.0010
1894  0.0010
1896  0.0010
1897  0.0010
1899  0.0010
