1  305.6945
2  77.4310
3  48.6720
4  32.8000
5  23.7320
6  18.0500
7  14.3815
8  11.5870
9  9.6355
10  8.1730
11  7.1310
12  6.1385
13  5.4595
14  4.8570
15  4.2615
16  3.9555
17  3.5705
18  3.2235
19  2.9245
20  2.6735
21  2.4875
22  2.2430
23  2.0870
24  1.9480
25  1.8725
26  1.7665
27  1.6210
28  1.5235
29  1.4335
30  1.3295
31  1.2570
32  1.2410
33  1.1555
34  1.0535
35  1.0285
36  1.0125
37  0.9465
38  0.8915
39  0.8465
40  0.7875
41  0.8010
42  0.7360
43  0.7020
44  0.7125
45  0.6550
46  0.6375
47  0.6130
48  0.5660
49  0.5620
50  0.5405
51  0.5105
52  0.4735
53  0.5020
54  0.4650
55  0.4470
56  0.4515
57  0.4140
58  0.4175
59  0.3965
60  0.3655
61  0.3760
62  0.3660
63  0.3615
64  0.3580
65  0.3145
66  0.3225
67  0.3080
68  0.2910
69  0.2790
70  0.2700
71  0.2535
72  0.2760
73  0.2350
74  0.2465
75  0.2160
76  0.2420
77  0.2325
78  0.2255
79  0.2130
80  0.2085
81  0.1965
82  0.2000
83  0.1865
84  0.1975
85  0.1960
86  0.1885
87  0.1610
88  0.1655
89  0.1725
90  0.1505
91  0.1575
92  0.1600
93  0.1640
94  0.1590
95  0.1345
96  0.1370
97  0.1570
98  0.1480
99  0.1275
100  0.1230
101  0.1330
102  0.1165
103  0.1135
104  0.1180
105  0.1250
106  0.1210
107  0.1240
108  0.1025
109  0.1025
110  0.0975
111  0.0990
112  0.0930
113  0.0895
114  0.0900
115  0.0830
116  0.0920
117  0.0965
118  0.0775
119  0.0785
120  0.0805
121  0.0765
122  0.0820
123  0.0775
124  0.0795
125  0.0795
126  0.0680
127  0.0650
128  0.0650
129  0.0655
130  0.0780
131  0.0660
132  0.0680
133  0.0570
134  0.0640
135  0.0665
136  0.0705
137  0.0580
138  0.0650
139  0.0580
140  0.0600
141  0.0595
142  0.0625
143  0.0565
144  0.0440
145  0.0590
146  0.0490
147  0.0560
148  0.0480
149  0.0440
150  0.0430
151  0.0420
152  0.0490
153  0.0440
154  0.0500
155  0.0425
156  0.0395
157  0.0360
158  0.0380
159  0.0395
160  0.0445
161  0.0305
162  0.0400
163  0.0275
164  0.0360
165  0.0385
166  0.0335
167  0.0355
168  0.0365
169  0.0315
170  0.0345
171  0.0355
172  0.0310
173  0.0335
174  0.0300
175  0.0290
176  0.0305
177  0.0310
178  0.0330
179  0.0315
180  0.0235
181  0.0220
182  0.0260
183  0.0280
184  0.0260
185  0.0265
186  0.0245
187  0.0265
188  0.0205
189  0.0265
190  0.0245
191  0.0250
192  0.0195
193  0.0170
194  0.0205
195  0.0165
196  0.0200
197  0.0205
198  0.0220
199  0.0190
200  0.0155
201  0.0175
202  0.0205
203  0.0210
204  0.0165
205  0.0175
206  0.0205
207  0.0185
208  0.0120
209  0.0105
210  0.0130
211  0.0185
212  0.0130
213  0.0175
214  0.0135
215  0.0180
216  0.0135
217  0.0135
218  0.0125
219  0.0165
220  0.0095
221  0.0120
222  0.0150
223  0.0115
224  0.0125
225  0.0105
226  0.0165
227  0.0125
228  0.0100
229  0.0135
230  0.0125
231  0.0115
232  0.0105
233  0.0110
234  0.0115
235  0.0065
236  0.0075
237  0.0110
238  0.0100
239  0.0115
240  0.0120
241  0.0120
242  0.0105
243  0.0085
244  0.0075
245  0.0100
246  0.0100
247  0.0115
248  0.0105
249  0.0070
250  0.0100
251  0.0135
252  0.0100
253  0.0060
254  0.0080
255  0.0095
256  0.0065
257  0.0040
258  0.0045
259  0.0080
260  0.0070
261  0.0045
262  0.0055
263  0.0045
264  0.0095
265  0.0070
266  0.0055
267  0.0060
268  0.0060
269  0.0080
270  0.0090
271  0.0050
272  0.0085
273  0.0085
274  0.0065
275  0.0075
276  0.0050
277  0.0065
278  0.0055
279  0.0065
280  0.0065
281  0.0040
282  0.0045
283  0.0030
284  0.0040
285  0.0040
286  0.0050
287  0.0060
288  0.0055
289  0.0045
290  0.0070
291  0.0030
292  0.0075
293  0.0030
294  0.0030
295  0.0040
296  0.0045
297  0.0075
298  0.0050
299  0.0055
300  0.0055
301  0.0060
302  0.0055
303  0.0035
304  0.0035
305  0.0040
306  0.0050
307  0.0070
308  0.0010
309  0.0050
310  0.0020
311  0.0060
312  0.0040
313  0.0010
314  0.0050
315  0.0055
316  0.0055
317  0.0020
318  0.0055
319  0.0015
320  0.0045
321  0.0040
322  0.0035
323  0.0035
324  0.0045
325  0.0040
326  0.0060
327  0.0040
328  0.0035
329  0.0040
330  0.0025
331  0.0035
332  0.0020
333  0.0035
334  0.0025
335  0.0025
336  0.0010
337  0.0035
338  0.0010
340  0.0030
341  0.0030
342  0.0025
343  0.0020
344  0.0035
345  0.0015
346  0.0020
347  0.0025
348  0.0025
349  0.0025
350  0.0015
351  0.0020
352  0.0015
353  0.0010
354  0.0035
355  0.0010
356  0.0020
357  0.0015
358  0.0015
359  0.0005
360  0.0015
361  0.0010
362  0.0010
363  0.0020
364  0.0025
365  0.0020
366  0.0025
367  0.0005
368  0.0025
369  0.0020
370  0.0015
371  0.0010
372  0.0005
373  0.0025
374  0.0030
375  0.0005
376  0.0030
377  0.0010
378  0.0030
379  0.0015
380  0.0015
381  0.0010
382  0.0030
383  0.0015
384  0.0010
385  0.0005
386  0.0005
387  0.0010
388  0.0015
389  0.0010
390  0.0015
391  0.0010
392  0.0030
393  0.0005
394  0.0015
396  0.0015
397  0.0010
398  0.0030
399  0.0010
401  0.0025
402  0.0010
404  0.0005
405  0.0020
406  0.0015
407  0.0005
408  0.0005
409  0.0005
411  0.0010
414  0.0015
415  0.0010
416  0.0005
417  0.0005
419  0.0010
420  0.0015
421  0.0010
422  0.0005
423  0.0005
424  0.0005
425  0.0010
426  0.0010
427  0.0010
428  0.0005
429  0.0010
430  0.0005
431  0.0005
433  0.0010
435  0.0020
436  0.0025
437  0.0010
438  0.0010
439  0.0010
441  0.0010
442  0.0005
443  0.0005
444  0.0005
445  0.0005
446  0.0005
447  0.0005
448  0.0010
449  0.0015
450  0.0005
451  0.0005
452  0.0010
453  0.0005
454  0.0010
455  0.0010
457  0.0005
458  0.0005
460  0.0005
462  0.0005
463  0.0005
464  0.0005
467  0.0005
469  0.0010
475  0.0005
478  0.0005
479  0.0005
481  0.0005
482  0.0005
483  0.0010
484  0.0005
485  0.0005
486  0.0005
487  0.0005
489  0.0005
491  0.0005
494  0.0010
495  0.0010
496  0.0005
498  0.0005
501  0.0005
504  0.0005
507  0.0010
508  0.0005
509  0.0005
511  0.0005
512  0.0005
516  0.0005
519  0.0010
521  0.0005
529  0.0005
530  0.0005
533  0.0010
535  0.0005
538  0.0005
539  0.0005
541  0.0005
543  0.0015
544  0.0005
547  0.0005
548  0.0005
550  0.0005
551  0.0005
554  0.0005
557  0.0005
562  0.0005
573  0.0005
576  0.0005
583  0.0005
585  0.0005
589  0.0005
595  0.0005
599  0.0005
600  0.0005
603  0.0005
608  0.0005
611  0.0010
612  0.0005
616  0.0005
619  0.0010
639  0.0005
653  0.0005
655  0.0005
661  0.0005
664  0.0010
672  0.0005
699  0.0005
730  0.0005
838  0.0005
997  0.0005
