1  2.0040
2  0.1700
3  0.0700
4  0.0330
5  0.0230
6  0.0130
7  0.0030
8  0.0010
9  0.0040
10  0.0020
11  0.0010
12  0.0030
13  0.0010
15  0.0010
20  0.0010
2036  0.0010
2045  0.0010
2047  0.0020
2048  0.0030
2049  0.0030
2050  0.0010
2051  0.0010
2053  0.0010
2054  0.0020
2055  0.0020
2056  0.0010
2057  0.0040
2058  0.0020
2059  0.0030
2060  0.0070
2061  0.0030
2062  0.0090
2063  0.0020
2064  0.0030
2065  0.0060
2066  0.0060
2067  0.0070
2068  0.0080
2069  0.0090
2070  0.0040
2071  0.0110
2072  0.0070
2073  0.0100
2074  0.0130
2075  0.0110
2076  0.0100
2077  0.0100
2078  0.0100
2079  0.0130
2080  0.0090
2081  0.0160
2082  0.0150
2083  0.0160
2084  0.0160
2085  0.0270
2086  0.0140
2087  0.0110
2088  0.0150
2089  0.0120
2090  0.0220
2091  0.0230
2092  0.0220
2093  0.0270
2094  0.0220
2095  0.0240
2096  0.0190
2097  0.0230
2098  0.0200
2099  0.0190
2100  0.0140
2101  0.0170
2102  0.0120
2103  0.0180
2104  0.0230
2105  0.0190
2106  0.0200
2107  0.0300
2108  0.0180
2109  0.0170
2110  0.0110
2111  0.0180
2112  0.0240
2113  0.0140
2114  0.0110
2115  0.0120
2116  0.0150
2117  0.0090
2118  0.0130
2119  0.0100
2120  0.0070
2121  0.0050
2122  0.0090
2123  0.0070
2124  0.0100
2125  0.0050
2126  0.0080
2127  0.0100
2128  0.0080
2129  0.0010
2130  0.0040
2131  0.0030
2132  0.0030
2133  0.0040
2134  0.0070
2135  0.0020
2136  0.0030
2137  0.0050
2138  0.0010
2139  0.0020
2141  0.0020
2142  0.0040
2144  0.0010
2145  0.0010
2146  0.0010
2151  0.0010
2152  0.0010
2154  0.0010
2161  0.0010
