1  95.5070
2  16.1310
3  8.8580
4  5.1710
5  3.4200
6  2.4270
7  1.6290
8  1.3080
9  0.9460
10  0.7870
11  0.6870
12  0.5340
13  0.4300
14  0.3950
15  0.3560
16  0.2960
17  0.2580
18  0.2390
19  0.1840
20  0.1850
21  0.1560
22  0.1490
23  0.1270
24  0.1110
25  0.0990
26  0.0790
27  0.0790
28  0.0760
29  0.0750
30  0.0550
31  0.0710
32  0.0530
33  0.0380
34  0.0490
35  0.0450
36  0.0440
37  0.0450
38  0.0440
39  0.0380
40  0.0290
41  0.0320
42  0.0260
43  0.0220
44  0.0350
45  0.0220
46  0.0380
47  0.0200
48  0.0220
49  0.0150
50  0.0230
51  0.0170
52  0.0220
53  0.0160
54  0.0120
55  0.0200
56  0.0100
57  0.0140
58  0.0140
59  0.0090
60  0.0140
61  0.0110
62  0.0070
63  0.0130
64  0.0150
65  0.0100
66  0.0040
67  0.0110
68  0.0110
69  0.0090
70  0.0080
71  0.0110
72  0.0090
73  0.0070
74  0.0040
75  0.0050
76  0.0050
77  0.0070
78  0.0080
79  0.0090
80  0.0080
81  0.0110
82  0.0030
83  0.0070
84  0.0040
85  0.0070
86  0.0040
87  0.0110
88  0.0060
89  0.0070
90  0.0070
92  0.0030
93  0.0080
94  0.0040
95  0.0030
96  0.0020
97  0.0040
99  0.0040
100  0.0020
101  0.0050
102  0.0010
103  0.0020
104  0.0030
105  0.0010
106  0.0040
107  0.0020
108  0.0020
109  0.0050
110  0.0030
111  0.0030
112  0.0030
113  0.0020
114  0.0010
115  0.0010
116  0.0040
117  0.0010
118  0.0030
119  0.0020
120  0.0010
121  0.0010
122  0.0010
123  0.0020
124  0.0030
125  0.0020
126  0.0020
127  0.0020
128  0.0020
129  0.0020
130  0.0010
131  0.0010
133  0.0020
135  0.0010
136  0.0010
138  0.0030
139  0.0010
140  0.0020
143  0.0010
144  0.0020
147  0.0010
151  0.0020
153  0.0020
154  0.0020
155  0.0010
161  0.0010
166  0.0010
167  0.0010
168  0.0020
169  0.0010
170  0.0020
171  0.0010
172  0.0010
176  0.0010
178  0.0010
183  0.0010
191  0.0020
193  0.0010
194  0.0010
196  0.0010
197  0.0030
203  0.0010
208  0.0020
209  0.0010
211  0.0040
215  0.0020
227  0.0010
231  0.0010
234  0.0010
237  0.0010
239  0.0010
247  0.0010
251  0.0010
267  0.0010
269  0.0010
272  0.0020
275  0.0010
282  0.0010
285  0.0010
291  0.0010
295  0.0010
301  0.0010
330  0.0010
332  0.0010
341  0.0010
371  0.0010
376  0.0010
377  0.0010
389  0.0010
418  0.0010
425  0.0010
439  0.0010
447  0.0010
469  0.0010
502  0.0010
520  0.0010
637  0.0010
716  0.0010
5314  0.0010
5394  0.0010
5397  0.0010
5416  0.0010
5485  0.0010
5516  0.0010
5568  0.0010
5609  0.0010
5622  0.0010
5631  0.0010
5637  0.0010
5648  0.0010
5668  0.0010
5691  0.0010
5716  0.0020
5720  0.0010
5725  0.0010
5731  0.0010
5741  0.0010
5759  0.0010
5761  0.0010
5782  0.0010
5801  0.0010
5806  0.0010
5811  0.0010
5815  0.0010
5820  0.0010
5828  0.0010
5839  0.0010
5841  0.0010
5844  0.0010
5847  0.0020
5855  0.0010
5861  0.0010
5869  0.0010
5877  0.0010
5879  0.0010
5889  0.0020
5893  0.0010
5894  0.0010
5902  0.0010
5904  0.0010
5906  0.0010
5907  0.0010
5911  0.0010
5912  0.0010
5923  0.0020
5924  0.0010
5926  0.0010
5929  0.0010
5934  0.0010
5936  0.0010
5937  0.0010
5940  0.0010
5943  0.0010
5947  0.0010
5950  0.0010
5958  0.0010
5959  0.0020
5960  0.0020
5961  0.0010
5962  0.0010
5963  0.0010
5964  0.0010
5965  0.0010
5968  0.0010
5972  0.0010
5974  0.0010
5975  0.0010
5981  0.0010
5982  0.0010
5985  0.0010
5987  0.0010
5988  0.0010
5991  0.0020
5992  0.0010
5993  0.0010
5995  0.0010
5996  0.0010
5998  0.0030
6002  0.0010
6003  0.0010
6004  0.0010
6006  0.0020
6008  0.0020
6010  0.0020
6011  0.0010
6012  0.0030
6013  0.0020
6014  0.0010
6015  0.0020
6020  0.0010
6021  0.0010
6022  0.0010
6024  0.0020
6027  0.0020
6028  0.0010
6031  0.0010
6033  0.0020
6034  0.0020
6035  0.0010
6036  0.0020
6038  0.0010
6039  0.0020
6042  0.0020
6043  0.0020
6044  0.0020
6047  0.0020
6050  0.0010
6053  0.0020
6054  0.0010
6055  0.0010
6058  0.0010
6060  0.0020
6061  0.0040
6062  0.0030
6065  0.0010
6067  0.0010
6068  0.0020
6070  0.0020
6071  0.0010
6072  0.0010
6073  0.0020
6074  0.0020
6075  0.0030
6076  0.0040
6077  0.0010
6079  0.0010
6080  0.0010
6081  0.0020
6082  0.0030
6083  0.0020
6084  0.0020
6086  0.0010
6087  0.0010
6088  0.0020
6089  0.0010
6090  0.0010
6093  0.0020
6094  0.0020
6095  0.0050
6096  0.0010
6097  0.0030
6098  0.0030
6099  0.0010
6100  0.0030
6102  0.0040
6104  0.0010
6106  0.0010
6107  0.0010
6108  0.0010
6109  0.0030
6110  0.0020
6111  0.0020
6112  0.0020
6114  0.0040
6115  0.0030
6116  0.0020
6117  0.0030
6118  0.0010
6119  0.0010
6120  0.0020
6121  0.0030
6122  0.0020
6123  0.0010
6124  0.0060
6125  0.0020
6126  0.0060
6127  0.0020
6128  0.0020
6129  0.0030
6130  0.0050
6132  0.0020
6133  0.0010
6134  0.0030
6135  0.0040
6137  0.0020
6138  0.0040
6139  0.0030
6140  0.0030
6142  0.0050
6143  0.0020
6144  0.0020
6146  0.0010
6147  0.0020
6148  0.0030
6149  0.0050
6150  0.0010
6152  0.0060
6153  0.0030
6154  0.0020
6155  0.0030
6157  0.0050
6158  0.0010
6159  0.0010
6160  0.0020
6161  0.0030
6162  0.0040
6163  0.0040
6164  0.0040
6165  0.0010
6166  0.0040
6167  0.0070
6168  0.0030
6169  0.0030
6171  0.0020
6172  0.0030
6173  0.0040
6174  0.0020
6175  0.0010
6176  0.0050
6177  0.0020
6178  0.0070
6179  0.0040
6180  0.0040
6181  0.0020
6182  0.0030
6183  0.0010
6184  0.0050
6185  0.0030
6186  0.0050
6187  0.0060
6188  0.0040
6189  0.0070
6190  0.0040
6191  0.0030
6192  0.0010
6193  0.0030
6195  0.0050
6196  0.0010
6197  0.0050
6198  0.0020
6199  0.0020
6200  0.0010
6201  0.0040
6202  0.0040
6203  0.0040
6204  0.0020
6205  0.0030
6206  0.0010
6207  0.0010
6208  0.0030
6209  0.0020
6210  0.0040
6212  0.0010
6213  0.0020
6214  0.0010
6215  0.0040
6216  0.0040
6217  0.0070
6218  0.0020
6219  0.0070
6220  0.0030
6221  0.0050
6222  0.0010
6224  0.0020
6225  0.0030
6226  0.0040
6227  0.0010
6228  0.0040
6229  0.0070
6230  0.0050
6231  0.0020
6232  0.0010
6233  0.0040
6234  0.0040
6235  0.0030
6236  0.0030
6237  0.0020
6238  0.0020
6239  0.0020
6240  0.0070
6241  0.0050
6243  0.0030
6244  0.0020
6245  0.0040
6246  0.0030
6247  0.0020
6248  0.0040
6249  0.0010
6250  0.0030
6251  0.0050
6252  0.0050
6253  0.0040
6254  0.0010
6255  0.0040
6256  0.0010
6257  0.0080
6258  0.0020
6259  0.0070
6260  0.0020
6261  0.0020
6262  0.0010
6263  0.0010
6264  0.0020
6265  0.0020
6266  0.0070
6267  0.0010
6268  0.0050
6269  0.0040
6270  0.0040
6271  0.0020
6272  0.0020
6273  0.0070
6274  0.0010
6275  0.0020
6276  0.0020
6277  0.0070
6278  0.0040
6279  0.0030
6280  0.0010
6281  0.0030
6282  0.0030
6283  0.0010
6284  0.0020
6285  0.0030
6286  0.0040
6287  0.0030
6289  0.0020
6290  0.0030
6291  0.0040
6292  0.0040
6293  0.0020
6294  0.0030
6295  0.0030
6296  0.0020
6297  0.0010
6298  0.0010
6299  0.0020
6300  0.0020
6301  0.0030
6302  0.0020
6303  0.0010
6304  0.0030
6305  0.0030
6306  0.0020
6307  0.0020
6308  0.0010
6309  0.0030
6310  0.0040
6311  0.0030
6312  0.0050
6313  0.0040
6314  0.0030
6315  0.0030
6316  0.0040
6317  0.0010
6318  0.0020
6320  0.0010
6321  0.0030
6322  0.0060
6323  0.0020
6324  0.0050
6326  0.0020
6327  0.0020
6328  0.0020
6329  0.0020
6330  0.0010
6331  0.0010
6332  0.0020
6333  0.0030
6334  0.0030
6335  0.0020
6337  0.0030
6338  0.0010
6340  0.0030
6341  0.0050
6342  0.0020
6343  0.0030
6344  0.0010
6345  0.0020
6346  0.0010
6347  0.0010
6349  0.0020
6350  0.0040
6351  0.0030
6352  0.0010
6354  0.0030
6355  0.0010
6356  0.0030
6357  0.0010
6358  0.0030
6359  0.0040
6360  0.0010
6361  0.0020
6362  0.0020
6363  0.0040
6364  0.0020
6365  0.0030
6366  0.0010
6370  0.0030
6372  0.0010
6373  0.0030
6374  0.0010
6376  0.0030
6377  0.0020
6378  0.0010
6380  0.0020
6381  0.0020
6382  0.0010
6383  0.0030
6384  0.0010
6385  0.0010
6386  0.0040
6387  0.0020
6388  0.0010
6389  0.0020
6390  0.0020
6391  0.0020
6392  0.0020
6394  0.0010
6396  0.0030
6397  0.0020
6398  0.0020
6399  0.0020
6402  0.0010
6403  0.0010
6405  0.0010
6408  0.0010
6409  0.0010
6410  0.0010
6411  0.0010
6412  0.0020
6413  0.0010
6415  0.0010
6417  0.0010
6420  0.0010
6421  0.0010
6422  0.0020
6423  0.0010
6425  0.0020
6432  0.0020
6433  0.0020
6436  0.0010
6440  0.0010
6444  0.0010
6445  0.0010
6447  0.0010
6453  0.0010
6455  0.0010
6456  0.0010
6457  0.0010
6459  0.0010
6465  0.0010
6469  0.0010
6473  0.0010
6474  0.0010
6479  0.0010
6483  0.0010
6508  0.0010
6515  0.0010
