1  657.7235
2  196.1410
3  116.5030
4  73.9190
5  49.9730
6  35.1915
7  25.4700
8  18.8955
9  14.2010
10  10.9695
11  8.5595
12  6.7240
13  5.3500
14  4.2300
15  3.3955
16  2.6805
17  2.2185
18  1.7815
19  1.4740
20  1.2735
21  0.9910
22  0.8125
23  0.7010
24  0.5530
25  0.4720
26  0.4030
27  0.3095
28  0.2510
29  0.2270
30  0.1935
31  0.1570
32  0.1255
33  0.1065
34  0.0955
35  0.0775
36  0.0640
37  0.0545
38  0.0495
39  0.0515
40  0.0270
41  0.0265
42  0.0205
43  0.0190
44  0.0120
45  0.0185
46  0.0130
47  0.0100
48  0.0070
49  0.0060
50  0.0070
51  0.0055
52  0.0055
53  0.0055
54  0.0035
55  0.0040
56  0.0010
57  0.0025
58  0.0020
59  0.0020
60  0.0015
61  0.0005
62  0.0015
63  0.0005
64  0.0005
66  0.0015
67  0.0005
69  0.0005
75  0.0005
76  0.0005
82  0.0005
