1  446.8630
2  125.8425
3  79.2160
4  53.6735
5  38.8540
6  29.2265
7  22.9795
8  18.5385
9  15.1320
10  12.5955
11  10.8590
12  9.2390
13  8.1005
14  7.0235
15  6.1120
16  5.3875
17  4.7475
18  4.3265
19  3.9125
20  3.5400
21  3.0200
22  2.7905
23  2.5305
24  2.3000
25  2.0810
26  1.9390
27  1.7975
28  1.6305
29  1.4955
30  1.3905
31  1.2145
32  1.1615
33  1.0450
34  0.9850
35  0.9350
36  0.8190
37  0.7985
38  0.7520
39  0.7010
40  0.6620
41  0.5930
42  0.5480
43  0.5095
44  0.4735
45  0.4665
46  0.4245
47  0.4215
48  0.3495
49  0.3215
50  0.3085
51  0.3055
52  0.2605
53  0.2780
54  0.2460
55  0.2160
56  0.1925
57  0.1910
58  0.1940
59  0.1850
60  0.1640
61  0.1505
62  0.1610
63  0.1435
64  0.1340
65  0.1325
66  0.1250
67  0.1100
68  0.1020
69  0.0975
70  0.0870
71  0.0895
72  0.0920
73  0.0880
74  0.0770
75  0.0695
76  0.0700
77  0.0635
78  0.0585
79  0.0600
80  0.0495
81  0.0545
82  0.0475
83  0.0375
84  0.0425
85  0.0385
86  0.0365
87  0.0350
88  0.0395
89  0.0325
90  0.0300
91  0.0335
92  0.0245
93  0.0325
94  0.0295
95  0.0315
96  0.0190
97  0.0205
98  0.0245
99  0.0125
100  0.0220
101  0.0175
102  0.0175
103  0.0230
104  0.0145
105  0.0130
106  0.0185
107  0.0125
108  0.0160
109  0.0060
110  0.0100
111  0.0095
112  0.0115
113  0.0115
114  0.0090
115  0.0065
116  0.0065
117  0.0105
118  0.0040
119  0.0060
120  0.0080
121  0.0035
122  0.0045
123  0.0050
124  0.0025
125  0.0040
126  0.0045
127  0.0035
128  0.0040
129  0.0020
130  0.0045
131  0.0030
132  0.0040
133  0.0020
134  0.0065
135  0.0005
136  0.0035
137  0.0015
138  0.0040
139  0.0010
140  0.0035
141  0.0010
142  0.0015
143  0.0045
144  0.0020
145  0.0025
146  0.0015
147  0.0015
148  0.0010
149  0.0020
150  0.0020
151  0.0040
152  0.0035
153  0.0030
154  0.0005
155  0.0025
156  0.0020
157  0.0005
159  0.0020
161  0.0010
162  0.0020
163  0.0020
164  0.0005
165  0.0005
166  0.0005
169  0.0010
170  0.0010
171  0.0015
172  0.0015
173  0.0010
175  0.0010
179  0.0005
181  0.0005
183  0.0010
184  0.0010
185  0.0005
186  0.0005
188  0.0005
189  0.0005
191  0.0005
192  0.0005
196  0.0005
199  0.0005
213  0.0005
222  0.0005
226  0.0005
