1  13.5220
2  1.9910
3  1.0510
4  0.5860
5  0.3470
6  0.2510
7  0.2090
8  0.1050
9  0.0940
10  0.0770
11  0.0570
12  0.0410
13  0.0420
14  0.0360
15  0.0300
16  0.0130
17  0.0140
18  0.0180
19  0.0190
20  0.0160
21  0.0160
22  0.0130
23  0.0120
24  0.0090
25  0.0070
26  0.0040
27  0.0030
28  0.0040
29  0.0030
30  0.0060
31  0.0040
32  0.0100
33  0.0020
34  0.0030
35  0.0040
36  0.0010
37  0.0050
38  0.0020
39  0.0030
40  0.0020
41  0.0010
42  0.0010
43  0.0020
48  0.0010
49  0.0010
50  0.0010
51  0.0020
52  0.0010
53  0.0020
54  0.0010
55  0.0010
58  0.0010
59  0.0010
63  0.0010
64  0.0010
65  0.0020
72  0.0010
74  0.0010
80  0.0010
82  0.0020
97  0.0010
122  0.0010
152  0.0010
165  0.0010
224  0.0010
1503  0.0010
1508  0.0010
1565  0.0010
1590  0.0010
1591  0.0010
1620  0.0010
1621  0.0010
1629  0.0010
1642  0.0010
1649  0.0010
1652  0.0010
1659  0.0010
1663  0.0010
1664  0.0010
1666  0.0020
1667  0.0010
1668  0.0020
1672  0.0020
1677  0.0010
1678  0.0020
1679  0.0010
1681  0.0010
1682  0.0030
1683  0.0010
1684  0.0010
1685  0.0010
1687  0.0010
1688  0.0010
1689  0.0020
1690  0.0030
1692  0.0020
1693  0.0030
1694  0.0010
1695  0.0050
1696  0.0010
1697  0.0030
1698  0.0040
1699  0.0010
1700  0.0040
1702  0.0030
1703  0.0040
1704  0.0020
1705  0.0020
1706  0.0030
1707  0.0050
1708  0.0020
1709  0.0030
1710  0.0030
1711  0.0030
1712  0.0020
1714  0.0010
1715  0.0040
1716  0.0050
1717  0.0050
1718  0.0010
1719  0.0040
1720  0.0040
1721  0.0070
1722  0.0060
1723  0.0040
1724  0.0070
1725  0.0040
1726  0.0050
1727  0.0060
1728  0.0060
1729  0.0050
1730  0.0050
1731  0.0120
1732  0.0050
1733  0.0080
1734  0.0090
1735  0.0050
1736  0.0110
1737  0.0070
1738  0.0070
1739  0.0080
1740  0.0100
1741  0.0150
1742  0.0110
1743  0.0110
1744  0.0070
1745  0.0040
1746  0.0140
1747  0.0090
1748  0.0100
1749  0.0050
1750  0.0080
1751  0.0100
1752  0.0110
1753  0.0160
1754  0.0070
1755  0.0110
1756  0.0120
1757  0.0190
1758  0.0100
1759  0.0100
1760  0.0130
1761  0.0100
1762  0.0120
1763  0.0100
1764  0.0140
1765  0.0200
1766  0.0100
1767  0.0110
1768  0.0150
1769  0.0130
1770  0.0100
1771  0.0070
1772  0.0130
1773  0.0130
1774  0.0130
1775  0.0100
1776  0.0070
1777  0.0120
1778  0.0090
1779  0.0170
1780  0.0060
1781  0.0090
1782  0.0110
1783  0.0110
1784  0.0140
1785  0.0090
1786  0.0100
1787  0.0060
1788  0.0110
1789  0.0090
1790  0.0070
1791  0.0070
1792  0.0070
1793  0.0060
1794  0.0060
1795  0.0070
1796  0.0090
1797  0.0090
1798  0.0100
1799  0.0080
1800  0.0060
1801  0.0090
1802  0.0060
1803  0.0060
1804  0.0040
1805  0.0110
1806  0.0050
1807  0.0030
1808  0.0090
1809  0.0030
1810  0.0050
1811  0.0020
1812  0.0090
1813  0.0020
1814  0.0040
1815  0.0010
1816  0.0040
1817  0.0010
1818  0.0010
1819  0.0030
1820  0.0020
1821  0.0040
1822  0.0010
1823  0.0060
1825  0.0020
1828  0.0010
1829  0.0040
1830  0.0020
1831  0.0010
1832  0.0030
1834  0.0020
1835  0.0010
1836  0.0010
1837  0.0020
1839  0.0010
1842  0.0010
1843  0.0010
1845  0.0020
1854  0.0020
