1  639.1960
2  189.2625
3  114.4715
4  73.4750
5  50.3695
6  35.2265
7  25.9660
8  19.5960
9  15.1090
10  11.6765
11  9.2020
12  7.3535
13  5.8655
14  4.7035
15  3.8080
16  3.1230
17  2.5530
18  2.1630
19  1.7730
20  1.4515
21  1.2080
22  1.0300
23  0.8620
24  0.6740
25  0.5975
26  0.5115
27  0.4400
28  0.3570
29  0.3095
30  0.2370
31  0.2225
32  0.1930
33  0.1610
34  0.1370
35  0.1110
36  0.0970
37  0.0815
38  0.0735
39  0.0580
40  0.0495
41  0.0500
42  0.0470
43  0.0340
44  0.0215
45  0.0300
46  0.0170
47  0.0220
48  0.0150
49  0.0140
50  0.0140
51  0.0095
52  0.0085
53  0.0075
54  0.0065
55  0.0065
56  0.0035
57  0.0045
58  0.0010
59  0.0035
60  0.0035
61  0.0005
62  0.0030
63  0.0020
64  0.0030
65  0.0015
66  0.0015
68  0.0005
70  0.0010
71  0.0005
73  0.0020
