1  343.9940
2  90.1355
3  56.5035
4  38.6055
5  28.2885
6  21.2205
7  17.1000
8  13.8645
9  11.3485
10  9.5915
11  8.3090
12  7.1215
13  6.3300
14  5.6305
15  5.1650
16  4.5120
17  4.1400
18  3.7750
19  3.3580
20  3.0895
21  2.8890
22  2.6335
23  2.3760
24  2.2630
25  2.0550
26  1.9350
27  1.8300
28  1.7425
29  1.5965
30  1.5230
31  1.4305
32  1.3415
33  1.2870
34  1.1965
35  1.1125
36  1.0545
37  1.0175
38  0.9560
39  0.8750
40  0.8675
41  0.8200
42  0.7990
43  0.7370
44  0.7100
45  0.6940
46  0.6665
47  0.6175
48  0.6120
49  0.5595
50  0.5435
51  0.5265
52  0.4840
53  0.4975
54  0.4575
55  0.4565
56  0.4100
57  0.4110
58  0.4190
59  0.3975
60  0.3610
61  0.3470
62  0.3665
63  0.3195
64  0.3065
65  0.2805
66  0.2775
67  0.2680
68  0.2690
69  0.2405
70  0.2810
71  0.2555
72  0.2210
73  0.2205
74  0.2090
75  0.1935
76  0.2060
77  0.1945
78  0.1760
79  0.2005
80  0.1905
81  0.1765
82  0.1705
83  0.1610
84  0.1545
85  0.1570
86  0.1415
87  0.1445
88  0.1270
89  0.1230
90  0.1340
91  0.1230
92  0.1400
93  0.1190
94  0.1100
95  0.0955
96  0.1030
97  0.1125
98  0.1100
99  0.1100
100  0.1060
101  0.1000
102  0.0995
103  0.0885
104  0.0955
105  0.0730
106  0.0850
107  0.0870
108  0.0795
109  0.0685
110  0.0850
111  0.0820
112  0.0715
113  0.0640
114  0.0665
115  0.0810
116  0.0675
117  0.0665
118  0.0605
119  0.0700
120  0.0570
121  0.0555
122  0.0465
123  0.0490
124  0.0590
125  0.0510
126  0.0570
127  0.0480
128  0.0455
129  0.0425
130  0.0540
131  0.0345
132  0.0385
133  0.0380
134  0.0380
135  0.0370
136  0.0425
137  0.0340
138  0.0400
139  0.0315
140  0.0355
141  0.0365
142  0.0350
143  0.0275
144  0.0290
145  0.0360
146  0.0290
147  0.0310
148  0.0335
149  0.0210
150  0.0255
151  0.0205
152  0.0295
153  0.0285
154  0.0270
155  0.0270
156  0.0185
157  0.0215
158  0.0165
159  0.0255
160  0.0155
161  0.0295
162  0.0170
163  0.0205
164  0.0165
165  0.0235
166  0.0165
167  0.0220
168  0.0200
169  0.0200
170  0.0110
171  0.0160
172  0.0150
173  0.0120
174  0.0165
175  0.0150
176  0.0160
177  0.0130
178  0.0110
179  0.0095
180  0.0120
181  0.0135
182  0.0115
183  0.0120
184  0.0110
185  0.0100
186  0.0110
187  0.0135
188  0.0095
189  0.0150
190  0.0155
191  0.0150
192  0.0120
193  0.0060
194  0.0115
195  0.0100
196  0.0130
197  0.0070
198  0.0085
199  0.0080
200  0.0055
201  0.0085
202  0.0075
203  0.0110
204  0.0100
205  0.0085
206  0.0080
207  0.0090
208  0.0080
209  0.0075
210  0.0050
211  0.0090
212  0.0070
213  0.0055
214  0.0065
215  0.0070
216  0.0065
217  0.0070
218  0.0055
219  0.0085
220  0.0055
221  0.0040
222  0.0050
223  0.0045
224  0.0045
225  0.0050
226  0.0035
227  0.0040
228  0.0040
229  0.0050
230  0.0040
231  0.0025
232  0.0060
233  0.0045
234  0.0035
235  0.0035
236  0.0050
237  0.0035
238  0.0050
239  0.0035
240  0.0025
241  0.0030
242  0.0045
243  0.0040
244  0.0025
245  0.0035
246  0.0020
247  0.0045
248  0.0035
249  0.0020
250  0.0020
251  0.0015
252  0.0030
253  0.0025
254  0.0025
255  0.0035
256  0.0030
257  0.0030
258  0.0010
259  0.0015
260  0.0010
261  0.0035
262  0.0010
263  0.0030
264  0.0030
265  0.0035
266  0.0010
267  0.0010
269  0.0020
270  0.0020
271  0.0040
272  0.0010
273  0.0025
274  0.0035
275  0.0015
276  0.0010
277  0.0010
278  0.0015
279  0.0015
280  0.0020
281  0.0015
282  0.0035
283  0.0020
284  0.0015
285  0.0010
286  0.0035
288  0.0005
289  0.0005
290  0.0020
291  0.0005
292  0.0010
293  0.0015
294  0.0005
295  0.0010
296  0.0005
297  0.0010
298  0.0030
299  0.0015
300  0.0010
301  0.0005
302  0.0005
303  0.0015
304  0.0005
305  0.0015
306  0.0015
307  0.0005
308  0.0015
309  0.0005
311  0.0005
312  0.0005
314  0.0015
315  0.0010
316  0.0005
317  0.0010
318  0.0020
319  0.0005
321  0.0010
323  0.0005
325  0.0010
327  0.0005
328  0.0005
331  0.0005
332  0.0005
335  0.0010
336  0.0010
337  0.0005
338  0.0005
339  0.0010
340  0.0005
341  0.0010
344  0.0015
347  0.0005
348  0.0005
350  0.0015
352  0.0005
353  0.0005
355  0.0005
356  0.0005
358  0.0005
359  0.0005
360  0.0010
361  0.0005
362  0.0005
364  0.0005
367  0.0005
368  0.0005
369  0.0005
371  0.0005
372  0.0005
373  0.0005
378  0.0005
380  0.0005
381  0.0005
384  0.0005
387  0.0005
391  0.0005
392  0.0005
395  0.0005
399  0.0005
402  0.0005
408  0.0005
411  0.0005
413  0.0005
430  0.0005
435  0.0005
438  0.0005
442  0.0005
446  0.0005
449  0.0005
452  0.0005
458  0.0005
459  0.0005
469  0.0010
479  0.0005
505  0.0005
554  0.0005
