1  17.0540
2  2.7090
3  1.3790
4  0.8780
5  0.4940
6  0.3560
7  0.2390
8  0.1780
9  0.1420
10  0.1250
11  0.0910
12  0.0850
13  0.0680
14  0.0470
15  0.0470
16  0.0490
17  0.0260
18  0.0230
19  0.0260
20  0.0260
21  0.0110
22  0.0140
23  0.0120
24  0.0190
25  0.0060
26  0.0180
27  0.0150
28  0.0130
29  0.0090
30  0.0070
31  0.0090
32  0.0070
33  0.0020
34  0.0020
35  0.0070
36  0.0070
37  0.0090
38  0.0030
39  0.0050
40  0.0080
41  0.0040
42  0.0010
43  0.0040
44  0.0020
45  0.0040
46  0.0020
47  0.0010
49  0.0040
50  0.0050
52  0.0010
55  0.0020
56  0.0020
57  0.0020
58  0.0020
59  0.0020
60  0.0020
61  0.0010
62  0.0030
63  0.0010
64  0.0020
65  0.0020
66  0.0010
68  0.0010
69  0.0010
71  0.0020
72  0.0030
75  0.0010
76  0.0010
78  0.0010
80  0.0010
82  0.0010
85  0.0010
90  0.0010
91  0.0010
94  0.0010
100  0.0010
111  0.0010
116  0.0010
119  0.0010
143  0.0010
150  0.0010
152  0.0010
165  0.0010
182  0.0010
185  0.0010
228  0.0010
1451  0.0010
1475  0.0010
1500  0.0020
1502  0.0010
1524  0.0010
1525  0.0010
1529  0.0010
1532  0.0010
1546  0.0010
1547  0.0010
1551  0.0020
1555  0.0010
1557  0.0020
1569  0.0010
1576  0.0020
1578  0.0010
1579  0.0010
1580  0.0010
1584  0.0010
1586  0.0020
1588  0.0020
1589  0.0020
1590  0.0010
1592  0.0010
1594  0.0010
1597  0.0010
1598  0.0010
1599  0.0010
1603  0.0020
1604  0.0010
1605  0.0010
1607  0.0030
1608  0.0010
1609  0.0010
1610  0.0010
1611  0.0020
1612  0.0010
1614  0.0010
1615  0.0010
1616  0.0010
1617  0.0010
1619  0.0040
1620  0.0020
1621  0.0030
1622  0.0010
1623  0.0010
1624  0.0020
1625  0.0010
1626  0.0010
1627  0.0020
1628  0.0060
1631  0.0020
1632  0.0010
1633  0.0010
1634  0.0030
1635  0.0040
1636  0.0010
1637  0.0010
1638  0.0060
1639  0.0030
1640  0.0040
1641  0.0050
1642  0.0020
1643  0.0050
1644  0.0060
1645  0.0060
1646  0.0030
1647  0.0010
1648  0.0070
1649  0.0020
1650  0.0020
1651  0.0020
1652  0.0050
1653  0.0060
1654  0.0070
1655  0.0060
1656  0.0010
1657  0.0040
1658  0.0030
1659  0.0020
1660  0.0030
1661  0.0080
1662  0.0060
1663  0.0040
1664  0.0080
1665  0.0030
1666  0.0040
1667  0.0070
1668  0.0090
1669  0.0050
1670  0.0030
1671  0.0120
1672  0.0130
1673  0.0070
1674  0.0100
1675  0.0120
1676  0.0140
1677  0.0090
1678  0.0130
1679  0.0040
1680  0.0130
1681  0.0110
1682  0.0070
1683  0.0080
1684  0.0130
1685  0.0100
1686  0.0070
1687  0.0130
1688  0.0120
1689  0.0070
1690  0.0120
1691  0.0090
1692  0.0150
1693  0.0080
1694  0.0090
1695  0.0150
1696  0.0100
1697  0.0080
1698  0.0110
1699  0.0130
1700  0.0090
1701  0.0110
1702  0.0050
1703  0.0130
1704  0.0070
1705  0.0070
1706  0.0050
1707  0.0070
1708  0.0150
1709  0.0110
1710  0.0050
1711  0.0140
1712  0.0120
1713  0.0110
1714  0.0100
1715  0.0100
1716  0.0050
1717  0.0060
1718  0.0070
1719  0.0060
1720  0.0140
1721  0.0170
1722  0.0160
1723  0.0050
1724  0.0040
1725  0.0100
1726  0.0070
1727  0.0040
1728  0.0100
1729  0.0070
1730  0.0070
1731  0.0060
1732  0.0080
1733  0.0040
1734  0.0080
1735  0.0090
1736  0.0020
1737  0.0030
1738  0.0040
1739  0.0100
1740  0.0070
1741  0.0090
1742  0.0050
1743  0.0070
1744  0.0020
1745  0.0070
1746  0.0050
1747  0.0030
1748  0.0070
1749  0.0060
1750  0.0030
1751  0.0080
1752  0.0060
1753  0.0060
1754  0.0030
1755  0.0040
1756  0.0020
1757  0.0020
1758  0.0020
1760  0.0030
1761  0.0020
1762  0.0010
1763  0.0010
1764  0.0020
1765  0.0030
1766  0.0020
1767  0.0040
1771  0.0020
1772  0.0030
1773  0.0020
1774  0.0020
1777  0.0010
1781  0.0020
1782  0.0010
1783  0.0010
1784  0.0020
