1  4.1180
2  0.2305
3  0.0785
4  0.0440
5  0.0140
6  0.0075
7  0.0040
8  0.0040
9  0.0010
10  0.0005
11  0.0010
12  0.0005
13  0.0005
16  0.0005
8480  0.0005
8486  0.0005
8489  0.0005
8490  0.0005
8493  0.0005
8498  0.0005
8501  0.0005
8503  0.0015
8504  0.0005
8506  0.0010
8507  0.0005
8511  0.0015
8512  0.0005
8513  0.0015
8514  0.0015
8515  0.0005
8516  0.0015
8517  0.0010
8518  0.0020
8520  0.0005
8521  0.0005
8522  0.0035
8523  0.0015
8524  0.0010
8525  0.0015
8526  0.0010
8527  0.0015
8528  0.0010
8529  0.0010
8530  0.0015
8531  0.0020
8532  0.0025
8533  0.0030
8534  0.0040
8535  0.0030
8536  0.0010
8537  0.0040
8538  0.0015
8539  0.0020
8540  0.0015
8541  0.0040
8542  0.0030
8543  0.0075
8544  0.0030
8545  0.0055
8546  0.0040
8547  0.0055
8548  0.0045
8549  0.0055
8550  0.0060
8551  0.0040
8552  0.0080
8553  0.0055
8554  0.0045
8555  0.0035
8556  0.0070
8557  0.0070
8558  0.0065
8559  0.0100
8560  0.0070
8561  0.0095
8562  0.0110
8563  0.0090
8564  0.0120
8565  0.0075
8566  0.0085
8567  0.0075
8568  0.0070
8569  0.0095
8570  0.0110
8571  0.0095
8572  0.0090
8573  0.0075
8574  0.0090
8575  0.0115
8576  0.0105
8577  0.0115
8578  0.0080
8579  0.0115
8580  0.0105
8581  0.0095
8582  0.0080
8583  0.0120
8584  0.0065
8585  0.0095
8586  0.0070
8587  0.0100
8588  0.0125
8589  0.0140
8590  0.0100
8591  0.0110
8592  0.0140
8593  0.0090
8594  0.0090
8595  0.0105
8596  0.0120
8597  0.0130
8598  0.0120
8599  0.0075
8600  0.0080
8601  0.0090
8602  0.0100
8603  0.0115
8604  0.0110
8605  0.0120
8606  0.0110
8607  0.0070
8608  0.0095
8609  0.0105
8610  0.0080
8611  0.0125
8612  0.0075
8613  0.0100
8614  0.0105
8615  0.0085
8616  0.0075
8617  0.0060
8618  0.0115
8619  0.0115
8620  0.0115
8621  0.0085
8622  0.0095
8623  0.0085
8624  0.0110
8625  0.0080
8626  0.0065
8627  0.0075
8628  0.0065
8629  0.0120
8630  0.0040
8631  0.0070
8632  0.0070
8633  0.0085
8634  0.0065
8635  0.0070
8636  0.0060
8637  0.0080
8638  0.0025
8639  0.0070
8640  0.0040
8641  0.0070
8642  0.0040
8643  0.0045
8644  0.0030
8645  0.0040
8646  0.0040
8647  0.0050
8648  0.0035
8649  0.0020
8650  0.0030
8651  0.0015
8652  0.0015
8653  0.0060
8654  0.0015
8655  0.0015
8656  0.0030
8657  0.0040
8658  0.0030
8659  0.0010
8660  0.0005
8661  0.0020
8662  0.0015
8663  0.0020
8665  0.0025
8666  0.0010
8667  0.0015
8668  0.0010
8669  0.0015
8670  0.0005
8671  0.0010
8672  0.0015
8673  0.0015
8674  0.0005
8675  0.0005
8676  0.0015
8677  0.0010
8678  0.0015
8679  0.0020
8680  0.0010
8681  0.0005
8682  0.0010
8683  0.0005
8686  0.0005
8687  0.0005
8688  0.0005
8694  0.0005
8703  0.0005
8704  0.0005
8720  0.0005
